rep,id,L,m,e,alpha,k,goes_down,mab_virus,run_id
1,8|84|cc|1|1|162,271.015,1.27632,5.13972,25600.1,13.4335,False,69.0|162,84
1,8|84|cc|2|1|162,279.305,1.27632,3.01535,25600.1,13.4335,False,69.0|162,84
1,8|84|cc|3|1|162,275.292,1.27632,110.305,25600.1,13.4335,False,69.0|162,84
1,8|84|cc|4|1|162,273.445,1.27632,98.958,25600.1,13.4335,False,69.0|162,84
1,8|84|cc|5|1|162,274.314,1.27632,0.779565,25600.1,13.4335,False,69.0|162,84
1,8|84|cc|6|1|162,274.956,1.27632,23.1071,25600.1,13.4335,False,69.0|162,84
1,8|84|cc|7|1|162,272.53,1.27632,27.0442,25600.1,13.4335,False,69.0|162,84
1,8|84|cc|8|1|162,275.678,1.27632,0.273957,25600.1,13.4335,False,69.0|162,84
1,8|84|sample|10|162,272.297,1.27632,3.65895,25600.1,13.4335,True,32.0|162,84
1,8|84|sample|11|162,277.247,1.27632,2.78562,25600.1,13.4335,True,22.0|162,84
1,8|84|sample|12|162,273.566,1.27632,2.8646,25600.1,13.4335,True,22.0|162,84
1,8|84|sample|3|162,274.146,1.27632,0.718342,25600.1,13.4335,True,55.0|162,84
1,8|84|sample|4|162,271.598,1.27632,0.654476,25600.1,13.4335,True,55.0|162,84
1,8|84|sample|5|162,273.935,1.27632,0.338097,25600.1,13.4335,True,55.0|162,84
1,8|84|sample|6|162,271.807,1.27632,0.405366,25600.1,13.4335,True,55.0|162,84
1,8|84|sample|7|162,271.319,1.27632,2.84321,25600.1,13.4335,True,32.0|162,84
1,8|84|sample|8|162,275.87,1.27632,3.50196,25600.1,13.4335,True,32.0|162,84
1,8|84|sample|9|162,270.937,1.27632,2.92349,25600.1,13.4335,True,32.0|162,84
1,8|84|vc|1|2|162,277.913,1.27632,5.57786,25600.1,13.4335,False,69.0|162,84
1,8|84|vc|2|2|162,275.017,1.27632,6.66604,25600.1,13.4335,False,69.0|162,84
1,8|84|vc|3|2|162,273.251,1.27632,87.6427,25600.1,13.4335,False,69.0|162,84
1,8|84|vc|4|2|162,276.959,1.27632,267.838,25600.1,13.4335,False,69.0|162,84
1,8|84|vc|5|2|162,273.248,1.27632,124.276,25600.1,13.4335,False,69.0|162,84
1,8|84|vc|6|2|162,275.998,1.27632,5.89443,25600.1,13.4335,False,69.0|162,84
1,8|84|vc|7|2|162,273.639,1.27632,2.7026,25600.1,13.4335,False,69.0|162,84
1,8|84|vc|8|2|162,271.986,1.27632,73.0498,25600.1,13.4335,False,69.0|162,84
1,8|719|cc|1|1|274,271.013,1.27632,1.52532,25600.1,13.4337,False,69.0|274,719
1,8|719|cc|2|1|274,280.895,1.27632,0.319224,25600.1,13.4337,False,69.0|274,719
1,8|719|cc|3|1|274,273.223,1.27632,22.5445,25600.1,13.4337,False,69.0|274,719
1,8|719|cc|4|1|274,269.253,1.27632,120.118,25600.1,13.4337,False,69.0|274,719
1,8|719|cc|5|1|274,271.178,1.27632,0.861603,25600.1,13.4337,False,69.0|274,719
1,8|719|cc|6|1|274,270.92,1.27632,135.508,25600.1,13.4337,False,69.0|274,719
1,8|719|cc|7|1|274,281.728,1.27632,3.99106,25600.1,13.4337,False,69.0|274,719
1,8|719|cc|8|1|274,276.642,1.27632,88.4545,25600.1,13.4337,False,69.0|274,719
1,8|719|sample|10|274,273.825,1.27632,8.20369,25600.1,13.4337,True,32.0|274,719
1,8|719|sample|11|274,271.03,1.27632,9.92853,25600.1,13.4337,True,22.0|274,719
1,8|719|sample|12|274,277.049,1.27632,8.98969,25600.1,13.4337,True,22.0|274,719
1,8|719|sample|3|274,275.163,1.27632,0.831955,25600.1,13.4337,True,55.0|274,719
1,8|719|sample|4|274,275.667,1.27632,1.02725,25600.1,13.4337,True,55.0|274,719
1,8|719|sample|5|274,276.555,1.27632,1.06313,25600.1,13.4337,True,55.0|274,719
1,8|719|sample|6|274,270.752,1.27632,0.919944,25600.1,13.4337,True,55.0|274,719
1,8|719|sample|7|274,272.766,1.27632,9.51892,25600.1,13.4337,True,32.0|274,719
1,8|719|sample|8|274,274.597,1.27632,8.21787,25600.1,13.4337,True,32.0|274,719
1,8|719|sample|9|274,277.193,1.27632,9.26374,25600.1,13.4337,True,32.0|274,719
1,8|719|vc|1|2|274,275.066,1.27632,16.8155,25600.1,13.4337,False,69.0|274,719
1,8|719|vc|2|2|274,266.153,1.27632,104.921,25600.1,13.4337,False,69.0|274,719
1,8|719|vc|3|2|274,274.013,1.27632,11.715,25600.1,13.4337,False,69.0|274,719
1,8|719|vc|4|2|274,280.231,1.27632,0.758402,25600.1,13.4337,False,69.0|274,719
1,8|719|vc|5|2|274,273.323,1.27632,0.469694,25600.1,13.4337,False,69.0|274,719
1,8|719|vc|6|2|274,276.985,1.27632,26.9235,25600.1,13.4337,False,69.0|274,719
1,8|719|vc|7|2|274,271.862,1.27632,1.45691,25600.1,13.4337,False,69.0|274,719
1,8|719|vc|8|2|274,269.189,1.27632,1.44592,25600.1,13.4337,False,69.0|274,719
1,8|488|cc|1|1|322,275.365,1.27632,7.16078,25600.1,13.4338,False,69.0|322,488
1,8|488|cc|2|1|322,269.244,1.27632,71.6517,25600.1,13.4338,False,69.0|322,488
1,8|488|cc|3|1|322,277.082,1.27632,395.989,25600.1,13.4338,False,69.0|322,488
1,8|488|cc|4|1|322,274.212,1.27632,0.844579,25600.1,13.4338,False,69.0|322,488
1,8|488|cc|5|1|322,272.322,1.27632,3.06302,25600.1,13.4338,False,69.0|322,488
1,8|488|cc|6|1|322,270.747,1.27632,23.4177,25600.1,13.4338,False,69.0|322,488
1,8|488|cc|7|1|322,279.422,1.27632,1260.13,25600.1,13.4338,False,69.0|322,488
1,8|488|cc|8|1|322,268.557,1.27632,42.6384,25600.1,13.4338,False,69.0|322,488
1,8|488|sample|10|322,272.108,1.27632,0.36237,25600.1,13.4338,True,32.0|322,488
1,8|488|sample|11|322,276.566,1.27632,6.86568,25600.1,13.4338,True,22.0|322,488
1,8|488|sample|12|322,274.35,1.27632,6.99761,25600.1,13.4338,True,22.0|322,488
1,8|488|sample|3|322,275.096,1.27632,0.209802,25600.1,13.4338,True,55.0|322,488
1,8|488|sample|4|322,273.689,1.27632,0.207713,25600.1,13.4338,True,55.0|322,488
1,8|488|sample|5|322,275.689,1.27632,0.340962,25600.1,13.4338,True,55.0|322,488
1,8|488|sample|6|322,270.984,1.27632,0.248436,25600.1,13.4338,True,55.0|322,488
1,8|488|sample|7|322,269.061,1.27632,1.12334,25600.1,13.4338,True,32.0|322,488
1,8|488|sample|8|322,273.013,1.27632,0.982405,25600.1,13.4338,True,32.0|322,488
1,8|488|sample|9|322,271.442,1.27632,0.564085,25600.1,13.4338,True,32.0|322,488
1,8|488|vc|1|2|322,276.038,1.27632,0.748469,25600.1,13.4338,False,69.0|322,488
1,8|488|vc|2|2|322,268.311,1.27632,4.26634,25600.1,13.4338,False,69.0|322,488
1,8|488|vc|3|2|322,275.696,1.27632,169.27,25600.1,13.4338,False,69.0|322,488
1,8|488|vc|4|2|322,270.9,1.27632,0.157644,25600.1,13.4338,False,69.0|322,488
1,8|488|vc|5|2|322,276.949,1.27632,32.0415,25600.1,13.4338,False,69.0|322,488
1,8|488|vc|6|2|322,277.417,1.27632,110.855,25600.1,13.4338,False,69.0|322,488
1,8|488|vc|7|2|322,271.593,1.27632,3.27716,25600.1,13.4338,False,69.0|322,488
1,8|488|vc|8|2|322,275.399,1.27632,14.8422,25600.1,13.4338,False,69.0|322,488
1,8|847|cc|1|1|69,283.428,1.27632,4.21942,25600.1,13.4337,False,69.0|69,847
1,8|847|cc|2|1|69,270.363,1.27632,4.18144,25600.1,13.4337,False,69.0|69,847
1,8|847|cc|3|1|69,276.589,1.27632,7.74831,25600.1,13.4337,False,69.0|69,847
1,8|847|cc|4|1|69,278.474,1.27632,2.93776,25600.1,13.4337,False,69.0|69,847
1,8|847|cc|5|1|69,273.39,1.27632,14.8185,25600.1,13.4337,False,69.0|69,847
1,8|847|cc|6|1|69,273.139,1.27632,1.68176,25600.1,13.4337,False,69.0|69,847
1,8|847|cc|7|1|69,274.202,1.27632,34.0922,25600.1,13.4337,False,69.0|69,847
1,8|847|cc|8|1|69,269.373,1.27632,2.06055,25600.1,13.4337,False,69.0|69,847
1,8|847|sample|10|69,272.875,1.27632,21.454,25600.1,13.4337,True,32.0|69,847
1,8|847|sample|11|69,278.318,1.27632,3.91426,25600.1,13.4337,True,22.0|69,847
1,8|847|sample|12|69,282.183,1.27632,3.8393,25600.1,13.4337,True,22.0|69,847
1,8|847|sample|3|69,268.528,1.27632,0.838551,25600.1,13.4337,True,55.0|69,847
1,8|847|sample|4|69,280.185,1.27632,0.854153,25600.1,13.4337,True,55.0|69,847
1,8|847|sample|5|69,268.747,1.27632,0.230727,25600.1,13.4337,True,55.0|69,847
1,8|847|sample|6|69,270.678,1.27632,0.208707,25600.1,13.4337,True,55.0|69,847
1,8|847|sample|7|69,272.682,1.27632,20.8788,25600.1,13.4337,True,32.0|69,847
1,8|847|sample|8|69,273.012,1.27632,20.4012,25600.1,13.4337,True,32.0|69,847
1,8|847|sample|9|69,277.166,1.27632,21.7204,25600.1,13.4337,True,32.0|69,847
1,8|847|vc|1|2|69,271.818,1.27632,5.37442,25600.1,13.4337,False,69.0|69,847
1,8|847|vc|2|2|69,274.608,1.27632,50.9326,25600.1,13.4337,False,69.0|69,847
1,8|847|vc|3|2|69,271.544,1.27632,11.8132,25600.1,13.4337,False,69.0|69,847
1,8|847|vc|4|2|69,272.446,1.27632,5.88017,25600.1,13.4337,False,69.0|69,847
1,8|847|vc|5|2|69,276.615,1.27632,16.0685,25600.1,13.4337,False,69.0|69,847
1,8|847|vc|6|2|69,274.769,1.27632,17.9221,25600.1,13.4337,False,69.0|69,847
1,8|847|vc|7|2|69,275.008,1.27632,0.490271,25600.1,13.4337,False,69.0|69,847
1,8|847|vc|8|2|69,280.363,1.27632,12.4009,25600.1,13.4337,False,69.0|69,847
1,8|474|cc|1|1|276,273.54,1.27632,17.6597,25600.1,13.4341,False,69.0|276,474
1,8|474|cc|2|1|276,273.566,1.27632,56.202,25600.1,13.4341,False,69.0|276,474
1,8|474|cc|3|1|276,271.781,1.27632,1.6216,25600.1,13.4341,False,69.0|276,474
1,8|474|cc|4|1|276,273.295,1.27632,49.8459,25600.1,13.4341,False,69.0|276,474
1,8|474|cc|5|1|276,269.652,1.27632,1.98786,25600.1,13.4341,False,69.0|276,474
1,8|474|cc|6|1|276,281.778,1.27632,11.2583,25600.1,13.4341,False,69.0|276,474
1,8|474|cc|7|1|276,273.639,1.27632,0.0438342,25600.1,13.4341,False,69.0|276,474
1,8|474|cc|8|1|276,268.122,1.27632,0.183259,25600.1,13.4341,False,69.0|276,474
1,8|474|sample|10|276,274.522,1.27632,60.5346,25600.1,13.4341,True,32.0|276,474
1,8|474|sample|11|276,275.566,1.27632,10.7696,25600.1,13.4341,True,22.0|276,474
1,8|474|sample|12|276,273.217,1.27632,14.0725,25600.1,13.4341,True,22.0|276,474
1,8|474|sample|3|276,278.31,1.27632,2.08121,25600.1,13.4341,True,55.0|276,474
1,8|474|sample|4|276,275.509,1.27632,1.98024,25600.1,13.4341,True,55.0|276,474
1,8|474|sample|5|276,276.832,1.27632,2.14665,25600.1,13.4341,True,55.0|276,474
1,8|474|sample|6|276,274.655,1.27632,2.16307,25600.1,13.4341,True,55.0|276,474
1,8|474|sample|7|276,274.184,1.27632,53.7898,25600.1,13.4341,True,32.0|276,474
1,8|474|sample|8|276,275.407,1.27632,58.3923,25600.1,13.4341,True,32.0|276,474
1,8|474|sample|9|276,280.084,1.27632,70.8298,25600.1,13.4341,True,32.0|276,474
1,8|474|vc|1|2|276,277.998,1.27632,28.9816,25600.1,13.4341,False,69.0|276,474
1,8|474|vc|2|2|276,272.771,1.27632,0.28655,25600.1,13.4341,False,69.0|276,474
1,8|474|vc|3|2|276,278.351,1.27632,71.6951,25600.1,13.4341,False,69.0|276,474
1,8|474|vc|4|2|276,270.533,1.27632,32.9542,25600.1,13.4341,False,69.0|276,474
1,8|474|vc|5|2|276,270.624,1.27632,11.3789,25600.1,13.4341,False,69.0|276,474
1,8|474|vc|6|2|276,271.661,1.27632,17.3575,25600.1,13.4341,False,69.0|276,474
1,8|474|vc|7|2|276,269.056,1.27632,21.0134,25600.1,13.4341,False,69.0|276,474
1,8|474|vc|8|2|276,269.181,1.27632,0.836849,25600.1,13.4341,False,69.0|276,474
1,8|462|cc|1|1|292,271.841,1.27632,23.1278,25600.1,13.4337,False,69.0|292,462
1,8|462|cc|2|1|292,281.052,1.27632,1.96808,25600.1,13.4337,False,69.0|292,462
1,8|462|cc|3|1|292,276.071,1.27632,16.2965,25600.1,13.4337,False,69.0|292,462
1,8|462|cc|4|1|292,271.699,1.27632,3.44614,25600.1,13.4337,False,69.0|292,462
1,8|462|cc|5|1|292,278.444,1.27632,7.55578,25600.1,13.4337,False,69.0|292,462
1,8|462|cc|6|1|292,274.6,1.27632,12.1047,25600.1,13.4337,False,69.0|292,462
1,8|462|cc|7|1|292,271.715,1.27632,12.1486,25600.1,13.4337,False,69.0|292,462
1,8|462|cc|8|1|292,271.91,1.27632,232.287,25600.1,13.4337,False,69.0|292,462
1,8|462|sample|10|292,269.878,1.27632,61.199,25600.1,13.4337,True,32.0|292,462
1,8|462|sample|11|292,274.317,1.27632,5.28454,25600.1,13.4337,True,22.0|292,462
1,8|462|sample|12|292,277.132,1.27632,7.37815,25600.1,13.4337,True,22.0|292,462
1,8|462|sample|3|292,270.933,1.27632,0.516179,25600.1,13.4337,True,55.0|292,462
1,8|462|sample|4|292,272.663,1.27632,0.471606,25600.1,13.4337,True,55.0|292,462
1,8|462|sample|5|292,276.349,1.27632,0.136397,25600.1,13.4337,True,55.0|292,462
1,8|462|sample|6|292,271.177,1.27632,0.120832,25600.1,13.4337,True,55.0|292,462
1,8|462|sample|7|292,273.677,1.27632,49.4781,25600.1,13.4337,True,32.0|292,462
1,8|462|sample|8|292,276.329,1.27632,59.9393,25600.1,13.4337,True,32.0|292,462
1,8|462|sample|9|292,268.035,1.27632,61.6355,25600.1,13.4337,True,32.0|292,462
1,8|462|vc|1|2|292,270.157,1.27632,42.1203,25600.1,13.4337,False,69.0|292,462
1,8|462|vc|2|2|292,275.963,1.27632,0.195495,25600.1,13.4337,False,69.0|292,462
1,8|462|vc|3|2|292,275.638,1.27632,36.0215,25600.1,13.4337,False,69.0|292,462
1,8|462|vc|4|2|292,276.396,1.27632,2.90168,25600.1,13.4337,False,69.0|292,462
1,8|462|vc|5|2|292,273.923,1.27632,0.0416413,25600.1,13.4337,False,69.0|292,462
1,8|462|vc|6|2|292,270.18,1.27632,8.05295,25600.1,13.4337,False,69.0|292,462
1,8|462|vc|7|2|292,273.9,1.27632,337.723,25600.1,13.4337,False,69.0|292,462
1,8|462|vc|8|2|292,273.63,1.27632,0.360613,25600.1,13.4337,False,69.0|292,462
1,8|75|cc|1|1|65,279.969,1.27632,9.97021,25600.1,13.4333,False,69.0|65,75
1,8|75|cc|2|1|65,273.909,1.27632,12.2557,25600.1,13.4333,False,69.0|65,75
1,8|75|cc|3|1|65,274.523,1.27632,113.177,25600.1,13.4333,False,69.0|65,75
1,8|75|cc|4|1|65,274.354,1.27632,4.74425,25600.1,13.4333,False,69.0|65,75
1,8|75|cc|5|1|65,276.446,1.27632,1.80251,25600.1,13.4333,False,69.0|65,75
1,8|75|cc|6|1|65,273.112,1.27632,45.6237,25600.1,13.4333,False,69.0|65,75
1,8|75|cc|7|1|65,274.855,1.27632,2.31159,25600.1,13.4333,False,69.0|65,75
1,8|75|cc|8|1|65,274.801,1.27632,227.341,25600.1,13.4333,False,69.0|65,75
1,8|75|sample|10|65,266.811,1.27632,0.257279,25600.1,13.4333,True,32.0|65,75
1,8|75|sample|11|65,270.703,1.27632,23.1526,25600.1,13.4333,True,22.0|65,75
1,8|75|sample|12|65,275.346,1.27632,18.9953,25600.1,13.4333,True,22.0|65,75
1,8|75|sample|3|65,274.001,1.27632,29.1735,25600.1,13.4333,True,55.0|65,75
1,8|75|sample|4|65,271.379,1.27632,13.2489,25600.1,13.4333,True,55.0|65,75
1,8|75|sample|5|65,271.473,1.27632,14.1731,25600.1,13.4333,True,55.0|65,75
1,8|75|sample|6|65,271.332,1.27632,21.1729,25600.1,13.4333,True,55.0|65,75
1,8|75|sample|7|65,271.655,1.27632,0.374115,25600.1,13.4333,True,32.0|65,75
1,8|75|sample|8|65,272.218,1.27632,0.516831,25600.1,13.4333,True,32.0|65,75
1,8|75|sample|9|65,274.96,1.27632,0.309052,25600.1,13.4333,True,32.0|65,75
1,8|75|vc|1|2|65,271.876,1.27632,3.39973,25600.1,13.4333,False,69.0|65,75
1,8|75|vc|2|2|65,277.459,1.27632,0.689465,25600.1,13.4333,False,69.0|65,75
1,8|75|vc|3|2|65,276.951,1.27632,129.558,25600.1,13.4333,False,69.0|65,75
1,8|75|vc|4|2|65,277.059,1.27632,4.62447,25600.1,13.4333,False,69.0|65,75
1,8|75|vc|5|2|65,274.38,1.27632,9.41681,25600.1,13.4333,False,69.0|65,75
1,8|75|vc|6|2|65,275.81,1.27632,2.36499,25600.1,13.4333,False,69.0|65,75
1,8|75|vc|7|2|65,268.078,1.27632,21.778,25600.1,13.4333,False,69.0|65,75
1,8|75|vc|8|2|65,273.944,1.27632,1.60612,25600.1,13.4333,False,69.0|65,75
1,8|291|cc|1|1|103,275.235,1.27632,13.7283,25600.1,13.4337,False,69.0|103,291
1,8|291|cc|2|1|103,275.446,1.27632,12.1169,25600.1,13.4337,False,69.0|103,291
1,8|291|cc|3|1|103,274.42,1.27632,1.31839,25600.1,13.4337,False,69.0|103,291
1,8|291|cc|4|1|103,275.975,1.27632,3.69577,25600.1,13.4337,False,69.0|103,291
1,8|291|cc|5|1|103,270.308,1.27632,29.5397,25600.1,13.4337,False,69.0|103,291
1,8|291|cc|6|1|103,276.218,1.27632,2.76689,25600.1,13.4337,False,69.0|103,291
1,8|291|cc|7|1|103,275.082,1.27632,1.42967,25600.1,13.4337,False,69.0|103,291
1,8|291|cc|8|1|103,267.774,1.27632,0.721481,25600.1,13.4337,False,69.0|103,291
1,8|291|sample|10|103,273.754,1.27632,46.0552,25600.1,13.4337,True,32.0|103,291
1,8|291|sample|11|103,277.074,1.27632,91.7144,25600.1,13.4337,True,22.0|103,291
1,8|291|sample|12|103,272.824,1.27632,67.3753,25600.1,13.4337,True,22.0|103,291
1,8|291|sample|3|103,263.947,1.27632,1.9376,25600.1,13.4337,True,55.0|103,291
1,8|291|sample|4|103,274.152,1.27632,2.21368,25600.1,13.4337,True,55.0|103,291
1,8|291|sample|5|103,275.127,1.27632,2.38936,25600.1,13.4337,True,55.0|103,291
1,8|291|sample|6|103,266.894,1.27632,2.88332,25600.1,13.4337,True,55.0|103,291
1,8|291|sample|7|103,274.183,1.27632,58.7644,25600.1,13.4337,True,32.0|103,291
1,8|291|sample|8|103,276.007,1.27632,48.2144,25600.1,13.4337,True,32.0|103,291
1,8|291|sample|9|103,274.116,1.27632,59.048,25600.1,13.4337,True,32.0|103,291
1,8|291|vc|1|2|103,278.76,1.27632,21.311,25600.1,13.4337,False,69.0|103,291
1,8|291|vc|2|2|103,274.516,1.27632,2.36827,25600.1,13.4337,False,69.0|103,291
1,8|291|vc|3|2|103,274.097,1.27632,5.97867,25600.1,13.4337,False,69.0|103,291
1,8|291|vc|4|2|103,276.408,1.27632,1.29977,25600.1,13.4337,False,69.0|103,291
1,8|291|vc|5|2|103,277.203,1.27632,0.563553,25600.1,13.4337,False,69.0|103,291
1,8|291|vc|6|2|103,273.459,1.27632,41.5418,25600.1,13.4337,False,69.0|103,291
1,8|291|vc|7|2|103,276.23,1.27632,55.0528,25600.1,13.4337,False,69.0|103,291
1,8|291|vc|8|2|103,273.484,1.27632,259.187,25600.1,13.4337,False,69.0|103,291
1,8|77|cc|1|1|218,274.061,1.27632,8.2466,25600.1,13.4338,False,69.0|218,77
1,8|77|cc|2|1|218,277.676,1.27632,0.606655,25600.1,13.4338,False,69.0|218,77
1,8|77|cc|3|1|218,273.483,1.27632,153.512,25600.1,13.4338,False,69.0|218,77
1,8|77|cc|4|1|218,275.47,1.27632,103.151,25600.1,13.4338,False,69.0|218,77
1,8|77|cc|5|1|218,269.938,1.27632,2.2675,25600.1,13.4338,False,69.0|218,77
1,8|77|cc|6|1|218,272.937,1.27632,2.50859,25600.1,13.4338,False,69.0|218,77
1,8|77|cc|7|1|218,276.154,1.27632,0.0397036,25600.1,13.4338,False,69.0|218,77
1,8|77|cc|8|1|218,277.492,1.27632,103.575,25600.1,13.4338,False,69.0|218,77
1,8|77|sample|10|218,274.826,1.27632,27.749,25600.1,13.4338,True,32.0|218,77
1,8|77|sample|11|218,275.807,1.27632,29.1276,25600.1,13.4338,True,22.0|218,77
1,8|77|sample|12|218,273.388,1.27632,25.3784,25600.1,13.4338,True,22.0|218,77
1,8|77|sample|3|218,277.26,1.27632,267.181,25600.1,13.4338,True,55.0|218,77
1,8|77|sample|4|218,277.814,1.27632,244.563,25600.1,13.4338,True,55.0|218,77
1,8|77|sample|5|218,269.602,1.27632,326.36,25600.1,13.4338,True,55.0|218,77
1,8|77|sample|6|218,274.865,1.27632,450.068,25600.1,13.4338,True,55.0|218,77
1,8|77|sample|7|218,275.953,1.27632,16.4204,25600.1,13.4338,True,32.0|218,77
1,8|77|sample|8|218,277.812,1.27632,20.4172,25600.1,13.4338,True,32.0|218,77
1,8|77|sample|9|218,276.024,1.27632,26.6346,25600.1,13.4338,True,32.0|218,77
1,8|77|vc|1|2|218,269.669,1.27632,12.3395,25600.1,13.4338,False,69.0|218,77
1,8|77|vc|2|2|218,269.564,1.27632,81.6578,25600.1,13.4338,False,69.0|218,77
1,8|77|vc|3|2|218,277.236,1.27632,15.9281,25600.1,13.4338,False,69.0|218,77
1,8|77|vc|4|2|218,281.273,1.27632,14.4185,25600.1,13.4338,False,69.0|218,77
1,8|77|vc|5|2|218,275.346,1.27632,33.7303,25600.1,13.4338,False,69.0|218,77
1,8|77|vc|6|2|218,275.437,1.27632,2.11219,25600.1,13.4338,False,69.0|218,77
1,8|77|vc|7|2|218,270.193,1.27632,19.5979,25600.1,13.4338,False,69.0|218,77
1,8|77|vc|8|2|218,275.347,1.27632,35.3935,25600.1,13.4338,False,69.0|218,77
1,8|322|cc|1|1|174,273.406,1.27632,11.3083,25600.1,13.4337,False,69.0|174,322
1,8|322|cc|2|1|174,274.339,1.27632,4.57785,25600.1,13.4337,False,69.0|174,322
1,8|322|cc|3|1|174,274.1,1.27632,10.3276,25600.1,13.4337,False,69.0|174,322
1,8|322|cc|4|1|174,274.229,1.27632,68.1956,25600.1,13.4337,False,69.0|174,322
1,8|322|cc|5|1|174,271.559,1.27632,0.152819,25600.1,13.4337,False,69.0|174,322
1,8|322|cc|6|1|174,278.768,1.27632,142.873,25600.1,13.4337,False,69.0|174,322
1,8|322|cc|7|1|174,273.552,1.27632,48.2545,25600.1,13.4337,False,69.0|174,322
1,8|322|cc|8|1|174,273.802,1.27632,0.0912585,25600.1,13.4337,False,69.0|174,322
1,8|322|sample|10|174,277.518,1.27632,144.247,25600.1,13.4337,True,32.0|174,322
1,8|322|sample|11|174,274.927,1.27632,67.0512,25600.1,13.4337,True,22.0|174,322
1,8|322|sample|12|174,273.789,1.27632,76.4689,25600.1,13.4337,True,22.0|174,322
1,8|322|sample|3|174,280.649,1.27632,156.163,25600.1,13.4337,True,55.0|174,322
1,8|322|sample|4|174,274.359,1.27632,78.1809,25600.1,13.4337,True,55.0|174,322
1,8|322|sample|5|174,278.843,1.27632,126.426,25600.1,13.4337,True,55.0|174,322
1,8|322|sample|6|174,278.639,1.27632,119.259,25600.1,13.4337,True,55.0|174,322
1,8|322|sample|7|174,273.0,1.27632,93.6397,25600.1,13.4337,True,32.0|174,322
1,8|322|sample|8|174,276.421,1.27632,59.6814,25600.1,13.4337,True,32.0|174,322
1,8|322|sample|9|174,278.48,1.27632,86.5606,25600.1,13.4337,True,32.0|174,322
1,8|322|vc|1|2|174,272.787,1.27632,4.76239,25600.1,13.4337,False,69.0|174,322
1,8|322|vc|2|2|174,277.685,1.27632,88.5771,25600.1,13.4337,False,69.0|174,322
1,8|322|vc|3|2|174,268.472,1.27632,239.94,25600.1,13.4337,False,69.0|174,322
1,8|322|vc|4|2|174,274.389,1.27632,5.98159,25600.1,13.4337,False,69.0|174,322
1,8|322|vc|5|2|174,269.555,1.27632,78.1532,25600.1,13.4337,False,69.0|174,322
1,8|322|vc|6|2|174,274.57,1.27632,9.24864,25600.1,13.4337,False,69.0|174,322
1,8|322|vc|7|2|174,276.393,1.27632,39.0855,25600.1,13.4337,False,69.0|174,322
1,8|322|vc|8|2|174,270.61,1.27632,2.90479,25600.1,13.4337,False,69.0|174,322
1,8|963|cc|1|1|319,274.157,1.27632,8.19776,25600.1,13.4337,False,69.0|319,963
1,8|963|cc|2|1|319,274.215,1.27632,77.8188,25600.1,13.4337,False,69.0|319,963
1,8|963|cc|3|1|319,270.438,1.27632,5.02189,25600.1,13.4337,False,69.0|319,963
1,8|963|cc|4|1|319,278.133,1.27632,492.684,25600.1,13.4337,False,69.0|319,963
1,8|963|cc|5|1|319,269.116,1.27632,4.9952,25600.1,13.4337,False,69.0|319,963
1,8|963|cc|6|1|319,271.457,1.27632,0.179833,25600.1,13.4337,False,69.0|319,963
1,8|963|cc|7|1|319,275.921,1.27632,38.763,25600.1,13.4337,False,69.0|319,963
1,8|963|cc|8|1|319,274.422,1.27632,3.76754,25600.1,13.4337,False,69.0|319,963
1,8|963|sample|10|319,278.995,1.27632,85.2491,25600.1,13.4337,True,32.0|319,963
1,8|963|sample|11|319,272.904,1.27632,17.4463,25600.1,13.4337,True,22.0|319,963
1,8|963|sample|12|319,274.395,1.27632,23.334,25600.1,13.4337,True,22.0|319,963
1,8|963|sample|3|319,274.615,1.27632,624.882,25600.1,13.4337,True,55.0|319,963
1,8|963|sample|4|319,273.806,1.27632,716.872,25600.1,13.4337,True,55.0|319,963
1,8|963|sample|5|319,275.962,1.27632,884.733,25600.1,13.4337,True,55.0|319,963
1,8|963|sample|6|319,275.705,1.27632,946.48,25600.1,13.4337,True,55.0|319,963
1,8|963|sample|7|319,276.682,1.27632,101.754,25600.1,13.4337,True,32.0|319,963
1,8|963|sample|8|319,281.04,1.27632,81.8199,25600.1,13.4337,True,32.0|319,963
1,8|963|sample|9|319,274.911,1.27632,106.422,25600.1,13.4337,True,32.0|319,963
1,8|963|vc|1|2|319,276.957,1.27632,24.5543,25600.1,13.4337,False,69.0|319,963
1,8|963|vc|2|2|319,269.653,1.27632,13.9484,25600.1,13.4337,False,69.0|319,963
1,8|963|vc|3|2|319,273.018,1.27632,12.9187,25600.1,13.4337,False,69.0|319,963
1,8|963|vc|4|2|319,266.6,1.27632,0.605263,25600.1,13.4337,False,69.0|319,963
1,8|963|vc|5|2|319,280.858,1.27632,1.51101,25600.1,13.4337,False,69.0|319,963
1,8|963|vc|6|2|319,275.024,1.27632,4.38939,25600.1,13.4337,False,69.0|319,963
1,8|963|vc|7|2|319,272.126,1.27632,7.04965,25600.1,13.4337,False,69.0|319,963
1,8|963|vc|8|2|319,278.366,1.27632,0.250161,25600.1,13.4337,False,69.0|319,963
1,8|1241|cc|1|1|69,273.057,1.27632,0.458226,25600.1,13.4337,False,69.0|69,1241
1,8|1241|cc|2|1|69,274.415,1.27632,1.4296,25600.1,13.4337,False,69.0|69,1241
1,8|1241|cc|3|1|69,276.538,1.27632,1458.33,25600.1,13.4337,False,69.0|69,1241
1,8|1241|cc|4|1|69,279.778,1.27632,3.08201,25600.1,13.4337,False,69.0|69,1241
1,8|1241|cc|5|1|69,267.548,1.27632,5.25413,25600.1,13.4337,False,69.0|69,1241
1,8|1241|cc|6|1|69,276.485,1.27632,1029.28,25600.1,13.4337,False,69.0|69,1241
1,8|1241|cc|7|1|69,277.271,1.27632,21.0354,25600.1,13.4337,False,69.0|69,1241
1,8|1241|cc|8|1|69,275.393,1.27632,8.74859,25600.1,13.4337,False,69.0|69,1241
1,8|1241|sample|3|69,276.351,1.27632,2.51682,25600.1,13.4337,True,22.0|69,1241
1,8|1241|sample|4|69,269.911,1.27632,2.91077,25600.1,13.4337,True,22.0|69,1241
1,8|1241|sample|8|69,274.516,1.27632,5.95816,25600.1,13.4337,True,22.0|69,1241
1,8|1241|vc|1|2|69,272.179,1.27632,8.33181,25600.1,13.4337,False,69.0|69,1241
1,8|1241|vc|2|2|69,273.891,1.27632,56.1319,25600.1,13.4337,False,69.0|69,1241
1,8|1241|vc|3|2|69,280.727,1.27632,6.49524,25600.1,13.4337,False,69.0|69,1241
1,8|1241|vc|4|2|69,271.239,1.27632,19.2189,25600.1,13.4337,False,69.0|69,1241
1,8|1241|vc|5|2|69,274.885,1.27632,16.2127,25600.1,13.4337,False,69.0|69,1241
1,8|1241|vc|6|2|69,268.925,1.27632,0.749889,25600.1,13.4337,False,69.0|69,1241
1,8|1241|vc|7|2|69,274.724,1.27632,57.7865,25600.1,13.4337,False,69.0|69,1241
1,8|1241|vc|8|2|69,274.59,1.27632,22.105,25600.1,13.4337,False,69.0|69,1241
1,8|1056|cc|1|1|276,274.937,1.27632,11.8472,25600.1,13.4339,False,69.0|276,1056
1,8|1056|cc|2|1|276,275.635,1.27632,1.99632,25600.1,13.4339,False,69.0|276,1056
1,8|1056|cc|3|1|276,272.268,1.27632,1.17493,25600.1,13.4339,False,69.0|276,1056
1,8|1056|cc|4|1|276,273.261,1.27632,291.952,25600.1,13.4339,False,69.0|276,1056
1,8|1056|cc|5|1|276,272.879,1.27632,5.05404,25600.1,13.4339,False,69.0|276,1056
1,8|1056|cc|6|1|276,273.48,1.27632,6.22641,25600.1,13.4339,False,69.0|276,1056
1,8|1056|cc|7|1|276,268.756,1.27632,387.081,25600.1,13.4339,False,69.0|276,1056
1,8|1056|cc|8|1|276,276.095,1.27632,5.11213,25600.1,13.4339,False,69.0|276,1056
1,8|1056|sample|3|276,273.362,1.27632,11.9078,25600.1,13.4339,True,22.0|276,1056
1,8|1056|sample|4|276,272.506,1.27632,9.20895,25600.1,13.4339,True,22.0|276,1056
1,8|1056|vc|1|2|276,271.868,1.27632,77.0081,25600.1,13.4339,False,69.0|276,1056
1,8|1056|vc|2|2|276,277.617,1.27632,1.06438,25600.1,13.4339,False,69.0|276,1056
1,8|1056|vc|3|2|276,274.1,1.27632,84.6687,25600.1,13.4339,False,69.0|276,1056
1,8|1056|vc|4|2|276,269.882,1.27632,1.44959,25600.1,13.4339,False,69.0|276,1056
1,8|1056|vc|5|2|276,268.626,1.27632,11.7678,25600.1,13.4339,False,69.0|276,1056
1,8|1056|vc|6|2|276,274.554,1.27632,3.74648,25600.1,13.4339,False,69.0|276,1056
1,8|1056|vc|7|2|276,271.737,1.27632,20.8219,25600.1,13.4339,False,69.0|276,1056
1,8|1056|vc|8|2|276,272.818,1.27632,1.00641,25600.1,13.4339,False,69.0|276,1056
1,8|1159|cc|1|1|292,275.134,1.27632,26.3567,25600.1,13.4336,False,69.0|292,1159
1,8|1159|cc|2|1|292,276.813,1.27632,19.1004,25600.1,13.4336,False,69.0|292,1159
1,8|1159|cc|3|1|292,280.106,1.27632,47.8879,25600.1,13.4336,False,69.0|292,1159
1,8|1159|cc|4|1|292,269.192,1.27632,7.99113,25600.1,13.4336,False,69.0|292,1159
1,8|1159|cc|5|1|292,278.171,1.27632,2.31764,25600.1,13.4336,False,69.0|292,1159
1,8|1159|cc|6|1|292,271.662,1.27632,1.44838,25600.1,13.4336,False,69.0|292,1159
1,8|1159|cc|7|1|292,280.31,1.27632,34.095,25600.1,13.4336,False,69.0|292,1159
1,8|1159|cc|8|1|292,270.998,1.27632,5.53208,25600.1,13.4336,False,69.0|292,1159
1,8|1159|sample|3|292,276.826,1.27632,4.07294,25600.1,13.4336,True,22.0|292,1159
1,8|1159|sample|4|292,271.557,1.27632,3.57663,25600.1,13.4336,True,22.0|292,1159
1,8|1159|vc|1|2|292,274.46,1.27632,6.88208,25600.1,13.4336,False,69.0|292,1159
1,8|1159|vc|2|2|292,276.201,1.27632,25.1972,25600.1,13.4336,False,69.0|292,1159
1,8|1159|vc|3|2|292,278.243,1.27632,1.80225,25600.1,13.4336,False,69.0|292,1159
1,8|1159|vc|4|2|292,271.117,1.27632,20.517,25600.1,13.4336,False,69.0|292,1159
1,8|1159|vc|5|2|292,276.956,1.27632,42.2217,25600.1,13.4336,False,69.0|292,1159
1,8|1159|vc|6|2|292,273.297,1.27632,8.30867,25600.1,13.4336,False,69.0|292,1159
1,8|1159|vc|7|2|292,274.751,1.27632,16.5457,25600.1,13.4336,False,69.0|292,1159
1,8|1159|vc|8|2|292,275.345,1.27632,1.8278,25600.1,13.4336,False,69.0|292,1159
1,8|1017|cc|1|1|65,271.019,1.27632,19.2745,25600.1,13.4337,False,69.0|65,1017
1,8|1017|cc|2|1|65,273.728,1.27632,0.737666,25600.1,13.4337,False,69.0|65,1017
1,8|1017|cc|3|1|65,275.25,1.27632,13.6882,25600.1,13.4337,False,69.0|65,1017
1,8|1017|cc|4|1|65,274.311,1.27632,473.975,25600.1,13.4337,False,69.0|65,1017
1,8|1017|cc|5|1|65,272.596,1.27632,21.4107,25600.1,13.4337,False,69.0|65,1017
1,8|1017|cc|6|1|65,274.274,1.27632,32.1069,25600.1,13.4337,False,69.0|65,1017
1,8|1017|cc|7|1|65,266.879,1.27632,1.55951,25600.1,13.4337,False,69.0|65,1017
1,8|1017|cc|8|1|65,273.334,1.27632,1.98623,25600.1,13.4337,False,69.0|65,1017
1,8|1017|sample|3|65,278.939,1.27632,23.0494,25600.1,13.4337,True,22.0|65,1017
1,8|1017|sample|4|65,273.541,1.27632,14.9375,25600.1,13.4337,True,22.0|65,1017
1,8|1017|sample|8|65,275.365,1.27632,24.3029,25600.1,13.4337,True,22.0|65,1017
1,8|1017|vc|1|2|65,275.386,1.27632,28.0176,25600.1,13.4337,False,69.0|65,1017
1,8|1017|vc|2|2|65,276.069,1.27632,1.06293,25600.1,13.4337,False,69.0|65,1017
1,8|1017|vc|3|2|65,268.612,1.27632,1.71283,25600.1,13.4337,False,69.0|65,1017
1,8|1017|vc|4|2|65,280.336,1.27632,28.8154,25600.1,13.4337,False,69.0|65,1017
1,8|1017|vc|5|2|65,270.69,1.27632,6.13743,25600.1,13.4337,False,69.0|65,1017
1,8|1017|vc|6|2|65,277.654,1.27632,2.21501,25600.1,13.4337,False,69.0|65,1017
1,8|1017|vc|7|2|65,271.36,1.27632,12.8691,25600.1,13.4337,False,69.0|65,1017
1,8|1017|vc|8|2|65,279.068,1.27632,48.6053,25600.1,13.4337,False,69.0|65,1017
1,8|1197|cc|1|1|103,277.441,1.27632,14.2713,25600.1,13.4337,False,69.0|103,1197
1,8|1197|cc|2|1|103,271.574,1.27632,17.1114,25600.1,13.4337,False,69.0|103,1197
1,8|1197|cc|3|1|103,266.756,1.27632,23.3046,25600.1,13.4337,False,69.0|103,1197
1,8|1197|cc|4|1|103,274.947,1.27632,19.4398,25600.1,13.4337,False,69.0|103,1197
1,8|1197|cc|5|1|103,276.866,1.27632,13.6551,25600.1,13.4337,False,69.0|103,1197
1,8|1197|cc|6|1|103,272.019,1.27632,10.5583,25600.1,13.4337,False,69.0|103,1197
1,8|1197|cc|7|1|103,268.452,1.27632,0.716043,25600.1,13.4337,False,69.0|103,1197
1,8|1197|cc|8|1|103,278.463,1.27632,46.9887,25600.1,13.4337,False,69.0|103,1197
1,8|1197|sample|3|103,274.015,1.27632,34.5354,25600.1,13.4337,True,22.0|103,1197
1,8|1197|sample|4|103,274.389,1.27632,42.4006,25600.1,13.4337,True,22.0|103,1197
1,8|1197|vc|1|2|103,280.21,1.27632,6.12777,25600.1,13.4337,False,69.0|103,1197
1,8|1197|vc|2|2|103,275.699,1.27632,2.79464,25600.1,13.4337,False,69.0|103,1197
1,8|1197|vc|3|2|103,283.471,1.27632,3.40864,25600.1,13.4337,False,69.0|103,1197
1,8|1197|vc|4|2|103,273.356,1.27632,4.50239,25600.1,13.4337,False,69.0|103,1197
1,8|1197|vc|5|2|103,274.946,1.27632,8.34936,25600.1,13.4337,False,69.0|103,1197
1,8|1197|vc|6|2|103,274.701,1.27632,1.27651,25600.1,13.4337,False,69.0|103,1197
1,8|1197|vc|7|2|103,272.158,1.27632,34.4462,25600.1,13.4337,False,69.0|103,1197
1,8|1197|vc|8|2|103,274.29,1.27632,9.29661,25600.1,13.4337,False,69.0|103,1197
1,8|745|cc|1|1|218,274.522,1.27632,5.39063,25600.1,13.4335,False,69.0|218,745
1,8|745|cc|2|1|218,273.428,1.27632,206.305,25600.1,13.4335,False,69.0|218,745
1,8|745|cc|3|1|218,278.848,1.27632,7.10054,25600.1,13.4335,False,69.0|218,745
1,8|745|cc|4|1|218,274.208,1.27632,15.6907,25600.1,13.4335,False,69.0|218,745
1,8|745|cc|5|1|218,275.997,1.27632,5.71217,25600.1,13.4335,False,69.0|218,745
1,8|745|cc|6|1|218,276.117,1.27632,3.82174,25600.1,13.4335,False,69.0|218,745
1,8|745|cc|7|1|218,268.554,1.27632,0.154458,25600.1,13.4335,False,69.0|218,745
1,8|745|cc|8|1|218,280.122,1.27632,2.80568,25600.1,13.4335,False,69.0|218,745
1,8|745|sample|3|218,276.7,1.27632,29.2102,25600.1,13.4335,True,22.0|218,745
1,8|745|sample|4|218,273.038,1.27632,17.0685,25600.1,13.4335,True,22.0|218,745
1,8|745|sample|5|218,272.45,1.27632,47.3727,25600.1,13.4335,True,22.0|218,745
1,8|745|vc|1|2|218,273.555,1.27632,3.10942,25600.1,13.4335,False,69.0|218,745
1,8|745|vc|2|2|218,275.41,1.27632,1.79229,25600.1,13.4335,False,69.0|218,745
1,8|745|vc|3|2|218,276.881,1.27632,2.45993,25600.1,13.4335,False,69.0|218,745
1,8|745|vc|4|2|218,274.207,1.27632,262.984,25600.1,13.4335,False,69.0|218,745
1,8|745|vc|5|2|218,273.72,1.27632,31.1238,25600.1,13.4335,False,69.0|218,745
1,8|745|vc|6|2|218,276.232,1.27632,21.9712,25600.1,13.4335,False,69.0|218,745
1,8|745|vc|7|2|218,275.879,1.27632,1.08009,25600.1,13.4335,False,69.0|218,745
1,8|745|vc|8|2|218,272.558,1.27632,1.41954,25600.1,13.4335,False,69.0|218,745
1,8|1043|cc|1|1|174,272.545,1.27632,9.28545,25600.1,13.4335,False,69.0|174,1043
1,8|1043|cc|2|1|174,278.358,1.27632,1.48482,25600.1,13.4335,False,69.0|174,1043
1,8|1043|cc|3|1|174,277.02,1.27632,8.57495,25600.1,13.4335,False,69.0|174,1043
1,8|1043|cc|4|1|174,274.624,1.27632,262.436,25600.1,13.4335,False,69.0|174,1043
1,8|1043|cc|5|1|174,274.911,1.27632,1.39928,25600.1,13.4335,False,69.0|174,1043
1,8|1043|cc|6|1|174,271.28,1.27632,20.3077,25600.1,13.4335,False,69.0|174,1043
1,8|1043|cc|7|1|174,276.078,1.27632,110.551,25600.1,13.4335,False,69.0|174,1043
1,8|1043|cc|8|1|174,275.393,1.27632,1.00191,25600.1,13.4335,False,69.0|174,1043
1,8|1043|sample|3|174,273.251,1.27632,44.7795,25600.1,13.4335,True,22.0|174,1043
1,8|1043|sample|4|174,277.831,1.27632,34.7625,25600.1,13.4335,True,22.0|174,1043
1,8|1043|vc|1|2|174,280.85,1.27632,27.3403,25600.1,13.4335,False,69.0|174,1043
1,8|1043|vc|2|2|174,278.798,1.27632,1.83876,25600.1,13.4335,False,69.0|174,1043
1,8|1043|vc|3|2|174,269.163,1.27632,166.228,25600.1,13.4335,False,69.0|174,1043
1,8|1043|vc|4|2|174,274.437,1.27632,13.0958,25600.1,13.4335,False,69.0|174,1043
1,8|1043|vc|5|2|174,274.19,1.27632,54.9096,25600.1,13.4335,False,69.0|174,1043
1,8|1043|vc|6|2|174,269.416,1.27632,1395.32,25600.1,13.4335,False,69.0|174,1043
1,8|1043|vc|7|2|174,276.172,1.27632,23.3589,25600.1,13.4335,False,69.0|174,1043
1,8|1043|vc|8|2|174,276.626,1.27632,5.76257,25600.1,13.4335,False,69.0|174,1043
1,8|1260|cc|1|1|319,275.911,1.27632,0.689268,25600.1,13.4337,False,69.0|319,1260
1,8|1260|cc|2|1|319,271.296,1.27632,12.8465,25600.1,13.4337,False,69.0|319,1260
1,8|1260|cc|3|1|319,273.11,1.27632,5.67082,25600.1,13.4337,False,69.0|319,1260
1,8|1260|cc|4|1|319,271.866,1.27632,1.67559,25600.1,13.4337,False,69.0|319,1260
1,8|1260|cc|5|1|319,280.186,1.27632,3.99582,25600.1,13.4337,False,69.0|319,1260
1,8|1260|cc|6|1|319,276.095,1.27632,2.29267,25600.1,13.4337,False,69.0|319,1260
1,8|1260|cc|7|1|319,272.905,1.27632,19.4547,25600.1,13.4337,False,69.0|319,1260
1,8|1260|cc|8|1|319,278.445,1.27632,1.08824,25600.1,13.4337,False,69.0|319,1260
1,8|1260|sample|3|319,268.638,1.27632,15.9772,25600.1,13.4337,True,22.0|319,1260
1,8|1260|sample|4|319,275.645,1.27632,14.0606,25600.1,13.4337,True,22.0|319,1260
1,8|1260|vc|1|2|319,274.766,1.27632,1.05253,25600.1,13.4337,False,69.0|319,1260
1,8|1260|vc|2|2|319,277.672,1.27632,6.12141,25600.1,13.4337,False,69.0|319,1260
1,8|1260|vc|3|2|319,280.365,1.27632,4.12207,25600.1,13.4337,False,69.0|319,1260
1,8|1260|vc|4|2|319,280.525,1.27632,0.240255,25600.1,13.4337,False,69.0|319,1260
1,8|1260|vc|5|2|319,274.621,1.27632,2.34074,25600.1,13.4337,False,69.0|319,1260
1,8|1260|vc|6|2|319,269.21,1.27632,40.0953,25600.1,13.4337,False,69.0|319,1260
1,8|1260|vc|7|2|319,276.238,1.27632,1.00012,25600.1,13.4337,False,69.0|319,1260
1,8|1260|vc|8|2|319,272.385,1.27632,70.9561,25600.1,13.4337,False,69.0|319,1260
1,8|1042|cc|1|1|162,277.003,1.27632,34.1125,25600.1,13.4337,False,69.0|162,1042
1,8|1042|cc|2|1|162,275.047,1.27632,10.2996,25600.1,13.4337,False,69.0|162,1042
1,8|1042|cc|3|1|162,278.353,1.27632,6.0541,25600.1,13.4337,False,69.0|162,1042
1,8|1042|cc|4|1|162,272.066,1.27632,103.093,25600.1,13.4337,False,69.0|162,1042
1,8|1042|cc|5|1|162,273.452,1.27632,2.19627,25600.1,13.4337,False,69.0|162,1042
1,8|1042|cc|6|1|162,277.224,1.27632,9.68275,25600.1,13.4337,False,69.0|162,1042
1,8|1042|cc|7|1|162,272.395,1.27632,6.69284,25600.1,13.4337,False,69.0|162,1042
1,8|1042|cc|8|1|162,272.706,1.27632,15.8587,25600.1,13.4337,False,69.0|162,1042
1,8|1042|sample|3|162,274.838,1.27632,1.61617,25600.1,13.4337,True,22.0|162,1042
1,8|1042|sample|4|162,274.8,1.27632,1.98079,25600.1,13.4337,True,22.0|162,1042
1,8|1042|vc|1|2|162,276.11,1.27632,82.716,25600.1,13.4337,False,69.0|162,1042
1,8|1042|vc|2|2|162,273.774,1.27632,1053.42,25600.1,13.4337,False,69.0|162,1042
1,8|1042|vc|3|2|162,273.045,1.27632,33.7335,25600.1,13.4337,False,69.0|162,1042
1,8|1042|vc|4|2|162,277.293,1.27632,16.8732,25600.1,13.4337,False,69.0|162,1042
1,8|1042|vc|5|2|162,269.482,1.27632,17.0083,25600.1,13.4337,False,69.0|162,1042
1,8|1042|vc|6|2|162,274.331,1.27632,18.5856,25600.1,13.4337,False,69.0|162,1042
1,8|1042|vc|7|2|162,275.12,1.27632,3.79135,25600.1,13.4337,False,69.0|162,1042
1,8|1042|vc|8|2|162,278.638,1.27632,12.3286,25600.1,13.4337,False,69.0|162,1042
1,8|863|cc|1|1|274,282.132,1.27632,20.9948,25600.1,13.4337,False,69.0|274,863
1,8|863|cc|2|1|274,272.684,1.27632,50.6632,25600.1,13.4337,False,69.0|274,863
1,8|863|cc|3|1|274,272.83,1.27632,33.4281,25600.1,13.4337,False,69.0|274,863
1,8|863|cc|4|1|274,271.287,1.27632,27.3602,25600.1,13.4337,False,69.0|274,863
1,8|863|cc|5|1|274,270.707,1.27632,25.8508,25600.1,13.4337,False,69.0|274,863
1,8|863|cc|6|1|274,265.888,1.27632,0.837749,25600.1,13.4337,False,69.0|274,863
1,8|863|cc|7|1|274,277.674,1.27632,1.82296,25600.1,13.4337,False,69.0|274,863
1,8|863|cc|8|1|274,275.007,1.27632,17.4368,25600.1,13.4337,False,69.0|274,863
1,8|863|sample|3|274,273.157,1.27632,9.20622,25600.1,13.4337,True,22.0|274,863
1,8|863|sample|4|274,274.582,1.27632,9.375,25600.1,13.4337,True,22.0|274,863
1,8|863|vc|1|2|274,275.162,1.27632,3.3996,25600.1,13.4337,False,69.0|274,863
1,8|863|vc|2|2|274,276.026,1.27632,9.2165,25600.1,13.4337,False,69.0|274,863
1,8|863|vc|3|2|274,276.902,1.27632,4.73247,25600.1,13.4337,False,69.0|274,863
1,8|863|vc|4|2|274,276.031,1.27632,5.23075,25600.1,13.4337,False,69.0|274,863
1,8|863|vc|5|2|274,268.736,1.27632,0.706334,25600.1,13.4337,False,69.0|274,863
1,8|863|vc|6|2|274,276.864,1.27632,4.18178,25600.1,13.4337,False,69.0|274,863
1,8|863|vc|7|2|274,277.921,1.27632,19.8132,25600.1,13.4337,False,69.0|274,863
1,8|863|vc|8|2|274,271.096,1.27632,1.29422,25600.1,13.4337,False,69.0|274,863
1,8|152|cc|1|1|322,273.052,1.27632,0.872294,25600.1,13.4337,False,69.0|322,152
1,8|152|cc|2|1|322,273.646,1.27632,6.04864,25600.1,13.4337,False,69.0|322,152
1,8|152|cc|3|1|322,277.055,1.27632,21.1555,25600.1,13.4337,False,69.0|322,152
1,8|152|cc|4|1|322,274.234,1.27632,3.64611,25600.1,13.4337,False,69.0|322,152
1,8|152|cc|5|1|322,272.598,1.27632,1.25778,25600.1,13.4337,False,69.0|322,152
1,8|152|cc|6|1|322,272.93,1.27632,3.00067,25600.1,13.4337,False,69.0|322,152
1,8|152|cc|7|1|322,272.959,1.27632,0.281296,25600.1,13.4337,False,69.0|322,152
1,8|152|cc|8|1|322,279.04,1.27632,32.4831,25600.1,13.4337,False,69.0|322,152
1,8|152|sample|3|322,273.833,1.27632,5.7509,25600.1,13.4337,True,22.0|322,152
1,8|152|sample|4|322,271.903,1.27632,3.89365,25600.1,13.4337,True,22.0|322,152
1,8|152|vc|1|2|322,268.859,1.27632,24.0778,25600.1,13.4337,False,69.0|322,152
1,8|152|vc|2|2|322,273.38,1.27632,20.9513,25600.1,13.4337,False,69.0|322,152
1,8|152|vc|3|2|322,276.575,1.27632,11.425,25600.1,13.4337,False,69.0|322,152
1,8|152|vc|4|2|322,278.858,1.27632,0.426863,25600.1,13.4337,False,69.0|322,152
1,8|152|vc|5|2|322,276.283,1.27632,240.208,25600.1,13.4337,False,69.0|322,152
1,8|152|vc|6|2|322,277.869,1.27632,0.701929,25600.1,13.4337,False,69.0|322,152
1,8|152|vc|7|2|322,275.272,1.27632,6.18583,25600.1,13.4337,False,69.0|322,152
1,8|152|vc|8|2|322,277.587,1.27632,264.413,25600.1,13.4337,False,69.0|322,152
1,9|411|cc|1|1|274,273.101,1.27632,1.61353,25600.1,13.4337,False,69.0|274,411
1,9|411|cc|2|1|274,272.305,1.27632,2.79919,25600.1,13.4337,False,69.0|274,411
1,9|411|cc|3|1|274,274.586,1.27632,142.882,25600.1,13.4337,False,69.0|274,411
1,9|411|cc|4|1|274,272.491,1.27632,1.06851,25600.1,13.4337,False,69.0|274,411
1,9|411|cc|5|1|274,271.399,1.27632,17.6714,25600.1,13.4337,False,69.0|274,411
1,9|411|cc|6|1|274,275.221,1.27632,14.1884,25600.1,13.4337,False,69.0|274,411
1,9|411|cc|7|1|274,274.574,1.27632,189.189,25600.1,13.4337,False,69.0|274,411
1,9|411|cc|8|1|274,270.735,1.27632,10.9714,25600.1,13.4337,False,69.0|274,411
1,9|411|sample|10|274,279.548,1.27632,2.06658,25600.1,13.4337,True,70.0|274,411
1,9|411|sample|11|274,269.755,1.27632,2.41309,25600.1,13.4337,True,70.0|274,411
1,9|411|sample|12|274,277.905,1.27632,2.64647,25600.1,13.4337,True,70.0|274,411
1,9|411|sample|3|274,277.867,1.27632,3.43376,25600.1,13.4337,True,70.0|274,411
1,9|411|sample|4|274,268.884,1.27632,1.87515,25600.1,13.4337,True,70.0|274,411
1,9|411|sample|5|274,272.188,1.27632,2.05953,25600.1,13.4337,True,70.0|274,411
1,9|411|sample|6|274,270.657,1.27632,2.27664,25600.1,13.4337,True,70.0|274,411
1,9|411|sample|7|274,267.763,1.27632,3.54751,25600.1,13.4337,True,70.0|274,411
1,9|411|sample|8|274,275.354,1.27632,2.52016,25600.1,13.4337,True,70.0|274,411
1,9|411|sample|9|274,276.348,1.27632,2.07226,25600.1,13.4337,True,70.0|274,411
1,9|411|vc|1|2|274,273.147,1.27632,72.2702,25600.1,13.4337,False,69.0|274,411
1,9|411|vc|2|2|274,270.885,1.27632,152.117,25600.1,13.4337,False,69.0|274,411
1,9|411|vc|3|2|274,279.268,1.27632,22.8586,25600.1,13.4337,False,69.0|274,411
1,9|411|vc|4|2|274,279.64,1.27632,0.847213,25600.1,13.4337,False,69.0|274,411
1,9|411|vc|5|2|274,273.584,1.27632,441.467,25600.1,13.4337,False,69.0|274,411
1,9|411|vc|6|2|274,276.832,1.27632,0.332373,25600.1,13.4337,False,69.0|274,411
1,9|411|vc|7|2|274,271.219,1.27632,1.41151,25600.1,13.4337,False,69.0|274,411
1,9|411|vc|8|2|274,272.775,1.27632,1.89065,25600.1,13.4337,False,69.0|274,411
