id,f_SAEM,h_SAEM,L_gap_SAEM,eta_alpha_SAEM,f_mode,h_mode,L_gap_mode,eta_alpha_mode,goes_down,mab_virus,run_id
411|4,0.476047,1.39089,0.0129368,-5.78865e-05,0.470052,1.38982,0.0127746,-5.80684e-05,True,70.0|274,411
411|3,0.274065,1.39089,0.0129368,-5.78865e-05,0.269336,1.38982,0.0127746,-5.80684e-05,True,70.0|274,411
411|5,0.556465,1.39089,0.0129368,-5.78865e-05,0.532422,1.38982,0.0127746,-5.80684e-05,True,70.0|274,411
411|6,0.582444,1.39089,0.0129368,-5.78865e-05,0.557842,1.38982,0.0127746,-5.80684e-05,True,70.0|274,411
411|8,0.375876,1.39089,0.0129368,-5.78865e-05,0.363037,1.38982,0.0127746,-5.80684e-05,True,70.0|274,411
411|7,0.344385,1.39089,0.0129368,-5.78865e-05,0.339897,1.38982,0.0127746,-5.80684e-05,True,70.0|274,411
411|9,0.49468,1.39089,0.0129368,-5.78865e-05,0.480221,1.38982,0.0127746,-5.80684e-05,True,70.0|274,411
411|10,0.592099,1.39089,0.0129368,-5.78865e-05,0.565354,1.38982,0.0127746,-5.80684e-05,True,70.0|274,411
411|12,0.324326,1.39089,0.0129368,-5.78865e-05,0.319964,1.38982,0.0127746,-5.80684e-05,True,70.0|274,411
411|11,0.383201,1.39089,0.0129368,-5.78865e-05,0.370271,1.38982,0.0127746,-5.80684e-05,True,70.0|274,411
411|1,2.51587e-08,1.39081,0.0129212,-5.78865e-05,1.47665e-08,1.38974,0.0127591,-5.80684e-05,False,69.0|274,411
411|2,2.1849e-08,1.39081,0.0129212,-5.78865e-05,1.47665e-08,1.38974,0.0127591,-5.80684e-05,False,69.0|274,411
783|3,21.4854,1.23211,0.0129368,-4.48683e-05,21.0477,1.23313,0.0127746,-4.50591e-05,True,6.0|71,783
783|4,21.9855,1.23211,0.0129368,-4.48683e-05,21.4498,1.23313,0.0127746,-4.50591e-05,True,6.0|71,783
783|5,12.12,1.23211,0.0129368,-4.48683e-05,11.6883,1.23313,0.0127746,-4.50591e-05,True,6.0|71,783
783|6,12.7225,1.23211,0.0129368,-4.48683e-05,11.6266,1.23313,0.0127746,-4.50591e-05,True,6.0|71,783
783|7,0.0471126,1.23211,0.0129368,-4.48683e-05,0.0453798,1.23313,0.0127746,-4.50591e-05,True,6.0|71,783
783|8,0.0516961,1.23211,0.0129368,-4.48683e-05,0.052267,1.23313,0.0127746,-4.50591e-05,True,6.0|71,783
783|10,21.5959,1.23211,0.0129368,-4.48683e-05,20.9603,1.23313,0.0127746,-4.50591e-05,True,6.0|71,783
783|9,23.3635,1.23211,0.0129368,-4.48683e-05,21.7002,1.23313,0.0127746,-4.50591e-05,True,6.0|71,783
783|12,0.0159866,1.23211,0.0129368,-4.48683e-05,0.0149087,1.23313,0.0127746,-4.50591e-05,True,6.0|71,783
783|11,0.016015,1.23211,0.0129368,-4.48683e-05,0.0150651,1.23313,0.0127746,-4.50591e-05,True,6.0|71,783
783|1,1.66144e+10,1.39081,0.0129212,-4.48683e-05,9.41311e+09,1.38974,0.0127591,-4.50591e-05,False,69.0|71,783
783|2,1.57782e+10,1.39081,0.0129212,-4.48683e-05,9.41311e+09,1.38974,0.0127591,-4.50591e-05,False,69.0|71,783
491|10,0.00556812,1.3908,0.0129368,5.71758e-05,0.00531756,1.38973,0.0127746,5.26971e-05,True,6.0|99,491
491|9,0.00563049,1.3908,0.0129368,5.71758e-05,0.00548756,1.38973,0.0127746,5.26971e-05,True,6.0|99,491
491|12,0.0402879,1.3908,0.0129368,5.71758e-05,0.0385498,1.38973,0.0127746,5.26971e-05,True,6.0|99,491
491|11,0.0508712,1.3908,0.0129368,5.71758e-05,0.0477084,1.38973,0.0127746,5.26971e-05,True,6.0|99,491
491|4,0.0692275,1.39078,0.0129368,5.71758e-05,0.0670271,1.38971,0.0127746,5.26971e-05,True,44.0|99,491
491|3,0.0778506,1.39078,0.0129368,5.71758e-05,0.0749304,1.38971,0.0127746,5.26971e-05,True,44.0|99,491
491|6,0.19687,1.39078,0.0129368,5.71758e-05,0.191127,1.38971,0.0127746,5.26971e-05,True,44.0|99,491
491|5,0.189916,1.39078,0.0129368,5.71758e-05,0.180803,1.38971,0.0127746,5.26971e-05,True,44.0|99,491
491|7,0.00228908,1.39076,0.0129368,5.71758e-05,0.00221072,1.38969,0.0127746,5.26971e-05,True,63.0|99,491
491|8,0.00236971,1.39076,0.0129368,5.71758e-05,0.00230153,1.38969,0.0127746,5.26971e-05,True,63.0|99,491
491|1,9.41523e-05,1.39082,0.0129212,5.71758e-05,5.00701e-05,1.38975,0.0127591,5.26971e-05,False,69.0|99,491
491|2,8.12141e-05,1.39082,0.0129212,5.71758e-05,5.00702e-05,1.38975,0.0127591,5.26971e-05,False,69.0|99,491
433|4,0.0338697,1.3908,0.0129368,-1.64807e-05,0.0316964,1.38973,0.0127746,-1.63589e-05,True,6.0|99,433
433|3,0.0239683,1.3908,0.0129368,-1.64807e-05,0.0238664,1.38973,0.0127746,-1.63589e-05,True,6.0|99,433
433|6,0.884718,1.3908,0.0129368,-1.64807e-05,0.847958,1.38973,0.0127746,-1.63589e-05,True,6.0|99,433
433|5,0.869443,1.3908,0.0129368,-1.64807e-05,0.83426,1.38973,0.0127746,-1.63589e-05,True,6.0|99,433
433|8,0.00775415,1.3908,0.0129368,-1.64807e-05,0.00756314,1.38973,0.0127746,-1.63589e-05,True,6.0|99,433
433|7,0.0072728,1.3908,0.0129368,-1.64807e-05,0.00716422,1.38973,0.0127746,-1.63589e-05,True,6.0|99,433
433|10,0.0846482,1.3908,0.0129368,-1.64807e-05,0.0826146,1.38973,0.0127746,-1.63589e-05,True,6.0|99,433
433|9,0.082028,1.3908,0.0129368,-1.64807e-05,0.0796907,1.38973,0.0127746,-1.63589e-05,True,6.0|99,433
433|11,0.512768,1.3908,0.0129368,-1.64807e-05,0.49276,1.38973,0.0127746,-1.63589e-05,True,6.0|99,433
433|12,0.616256,1.3908,0.0129368,-1.64807e-05,0.572795,1.38973,0.0127746,-1.63589e-05,True,6.0|99,433
433|1,0.000470393,1.39082,0.0129212,-1.64807e-05,0.000311311,1.38975,0.0127591,-1.63589e-05,False,69.0|99,433
433|2,0.000526454,1.39082,0.0129212,-1.64807e-05,0.000311311,1.38975,0.0127591,-1.63589e-05,False,69.0|99,433
297|3,0.465121,1.23211,0.0129368,-2.56469e-05,0.438252,1.23313,0.0127746,-2.56568e-05,True,6.0|71,297
297|4,0.492892,1.23211,0.0129368,-2.56469e-05,0.47578,1.23313,0.0127746,-2.56568e-05,True,6.0|71,297
297|5,0.0137716,1.23211,0.0129368,-2.56469e-05,0.0135936,1.23313,0.0127746,-2.56568e-05,True,6.0|71,297
297|6,0.0154227,1.23211,0.0129368,-2.56469e-05,0.0144396,1.23313,0.0127746,-2.56568e-05,True,6.0|71,297
297|8,0.038261,1.23211,0.0129368,-2.56469e-05,0.0383852,1.23313,0.0127746,-2.56568e-05,True,6.0|71,297
297|7,0.0363833,1.23211,0.0129368,-2.56469e-05,0.0342444,1.23313,0.0127746,-2.56568e-05,True,6.0|71,297
297|9,0.0199564,1.23211,0.0129368,-2.56469e-05,0.0198776,1.23313,0.0127746,-2.56568e-05,True,6.0|71,297
297|10,0.0191083,1.23211,0.0129368,-2.56469e-05,0.0181682,1.23313,0.0127746,-2.56568e-05,True,6.0|71,297
297|12,2.82067,1.23211,0.0129368,-2.56469e-05,2.63415,1.23313,0.0127746,-2.56568e-05,True,6.0|71,297
297|11,2.00106,1.23211,0.0129368,-2.56469e-05,1.92289,1.23313,0.0127746,-2.56568e-05,True,6.0|71,297
297|1,1.17885e+09,1.39081,0.0129212,-2.56469e-05,6.85983e+08,1.38974,0.0127591,-2.56568e-05,False,69.0|71,297
297|2,1.01632e+09,1.39081,0.0129212,-2.56469e-05,6.85984e+08,1.38974,0.0127591,-2.56568e-05,False,69.0|71,297
183|4,0.230826,1.39029,0.0129368,-4.19061e-05,0.217219,1.38921,0.0127746,-4.19525e-05,True,6.0|233,183
183|3,0.227514,1.39029,0.0129368,-4.19061e-05,0.220012,1.38921,0.0127746,-4.19525e-05,True,6.0|233,183
183|6,0.117123,1.39029,0.0129368,-4.19061e-05,0.106629,1.38921,0.0127746,-4.19525e-05,True,6.0|233,183
183|5,0.112176,1.39029,0.0129368,-4.19061e-05,0.107522,1.38921,0.0127746,-4.19525e-05,True,6.0|233,183
183|7,0.295081,1.39029,0.0129368,-4.19061e-05,0.274431,1.38921,0.0127746,-4.19525e-05,True,6.0|233,183
183|8,0.301406,1.39029,0.0129368,-4.19061e-05,0.287709,1.38921,0.0127746,-4.19525e-05,True,6.0|233,183
183|10,0.0867817,1.39029,0.0129368,-4.19061e-05,0.08015,1.38921,0.0127746,-4.19525e-05,True,6.0|233,183
183|9,0.0977716,1.39029,0.0129368,-4.19061e-05,0.098671,1.38921,0.0127746,-4.19525e-05,True,6.0|233,183
183|12,0.65314,1.39029,0.0129368,-4.19061e-05,0.65096,1.38921,0.0127746,-4.19525e-05,True,6.0|233,183
183|11,0.936726,1.39029,0.0129368,-4.19061e-05,0.908779,1.38921,0.0127746,-4.19525e-05,True,6.0|233,183
183|1,3436.24,1.3908,0.0129212,-4.19061e-05,2080.01,1.38973,0.0127591,-4.19525e-05,False,69.0|233,183
183|2,3083.8,1.3908,0.0129212,-4.19061e-05,2080.01,1.38973,0.0127591,-4.19525e-05,False,69.0|233,183
705|3,255.807,1.39032,0.0129212,-0.000278569,84.273,1.38924,0.0127591,-0.000278535,False,6.0|233,705
705|4,228.163,1.39032,0.0129212,-0.000278569,111.98,1.38924,0.0127591,-0.000278535,False,6.0|233,705
705|5,268.559,1.39032,0.0129212,-0.000278569,101.667,1.38924,0.0127591,-0.000278535,False,6.0|233,705
705|6,254.114,1.39032,0.0129212,-0.000278569,102.952,1.38924,0.0127591,-0.000278535,False,6.0|233,705
705|7,160.78,1.39032,0.0129212,-0.000278569,60.215,1.38924,0.0127591,-0.000278535,False,6.0|233,705
705|8,246.157,1.39032,0.0129212,-0.000278569,99.8042,1.38924,0.0127591,-0.000278535,False,6.0|233,705
705|10,0.133539,1.39029,0.0129368,-0.000278569,0.124844,1.38921,0.0127746,-0.000278535,True,6.0|233,705
705|9,0.161735,1.39029,0.0129368,-0.000278569,0.152373,1.38921,0.0127746,-0.000278535,True,6.0|233,705
705|12,0.16808,1.39029,0.0129368,-0.000278569,0.157931,1.38921,0.0127746,-0.000278535,True,6.0|233,705
705|11,0.199865,1.39029,0.0129368,-0.000278569,0.188883,1.38921,0.0127746,-0.000278535,True,6.0|233,705
705|1,2883,1.3908,0.0129212,-0.000278569,1597.23,1.38973,0.0127591,-0.000278535,False,69.0|233,705
705|2,2944.9,1.3908,0.0129212,-0.000278569,1597.22,1.38973,0.0127591,-0.000278535,False,69.0|233,705
555|4,5.10883,1.39029,0.0129368,-2.98145e-05,4.65861,1.38921,0.0127746,-2.98401e-05,True,6.0|233,555
555|3,5.88795,1.39029,0.0129368,-2.98145e-05,5.44523,1.38921,0.0127746,-2.98401e-05,True,6.0|233,555
555|5,5.8739,1.39029,0.0129368,-2.98145e-05,5.76975,1.38921,0.0127746,-2.98401e-05,True,6.0|233,555
555|6,6.79915,1.39029,0.0129368,-2.98145e-05,6.1553,1.38921,0.0127746,-2.98401e-05,True,6.0|233,555
555|7,0.182226,1.39029,0.0129368,-2.98145e-05,0.179658,1.38921,0.0127746,-2.98401e-05,True,6.0|233,555
555|8,0.20016,1.39029,0.0129368,-2.98145e-05,0.186943,1.38921,0.0127746,-2.98401e-05,True,6.0|233,555
555|9,5.31125,1.39029,0.0129368,-2.98145e-05,5.22784,1.38921,0.0127746,-2.98401e-05,True,6.0|233,555
555|10,5.8133,1.39029,0.0129368,-2.98145e-05,5.51285,1.38921,0.0127746,-2.98401e-05,True,6.0|233,555
555|12,0.0847126,1.39029,0.0129368,-2.98145e-05,0.0806476,1.38921,0.0127746,-2.98401e-05,True,6.0|233,555
555|11,0.0820234,1.39029,0.0129368,-2.98145e-05,0.076563,1.38921,0.0127746,-2.98401e-05,True,6.0|233,555
555|1,20759.4,1.3908,0.0129212,-2.98145e-05,11773.7,1.38973,0.0127591,-2.98401e-05,False,69.0|233,555
555|2,16041.4,1.3908,0.0129212,-2.98145e-05,11773.6,1.38973,0.0127591,-2.98401e-05,False,69.0|233,555
394|5,0.578673,0.430964,0.0129368,0.000128495,0.507829,0.428384,0.0127746,0.000127393,True,6.0|42,394
394|6,0.52247,0.430964,0.0129368,0.000128495,0.448108,0.428384,0.0127746,0.000127393,True,6.0|42,394
394|7,9.38283,0.430964,0.0129368,0.000128495,8.18876,0.428384,0.0127746,0.000127393,True,6.0|42,394
394|8,9.7709,0.430964,0.0129368,0.000128495,9.57508,0.428384,0.0127746,0.000127393,True,6.0|42,394
394|10,0.0534736,0.430964,0.0129368,0.000128495,0.0443651,0.428384,0.0127746,0.000127393,True,6.0|42,394
394|9,0.0578417,0.430964,0.0129368,0.000128495,0.0509447,0.428384,0.0127746,0.000127393,True,6.0|42,394
394|12,0.790125,0.430964,0.0129368,0.000128495,0.705097,0.428384,0.0127746,0.000127393,True,6.0|42,394
394|11,0.909233,0.430964,0.0129368,0.000128495,0.821939,0.428384,0.0127746,0.000127393,True,6.0|42,394
394|3,1.76178,1.39079,0.0129368,0.000128495,1.64537,1.38972,0.0127746,0.000127393,True,63.0|42,394
394|4,1.78627,1.39079,0.0129368,0.000128495,1.76762,1.38972,0.0127746,0.000127393,True,63.0|42,394
394|1,1.11806e-06,1.39082,0.0129212,0.000128495,6.92524e-07,1.38975,0.0127591,0.000127393,False,69.0|42,394
394|2,1.0243e-06,1.39082,0.0129212,0.000128495,6.92524e-07,1.38975,0.0127591,0.000127393,False,69.0|42,394
1099|3,0.336115,0.397245,0.0129368,-9.30778e-05,0.30354,0.398757,0.0127746,-9.24563e-05,True,6.0|73,1099
1099|4,0.311116,0.397245,0.0129368,-9.30778e-05,0.29918,0.398757,0.0127746,-9.24563e-05,True,6.0|73,1099
1099|5,0.694738,0.397245,0.0129368,-9.30778e-05,0.575649,0.398757,0.0127746,-9.24563e-05,True,6.0|73,1099
1099|6,0.911683,0.397245,0.0129368,-9.30778e-05,0.837014,0.398757,0.0127746,-9.24563e-05,True,6.0|73,1099
1099|8,10.1105,0.397245,0.0129368,-9.30778e-05,9.6537,0.398757,0.0127746,-9.24563e-05,True,6.0|73,1099
1099|7,6.78027,0.397245,0.0129368,-9.30778e-05,5.57618,0.398757,0.0127746,-9.24563e-05,True,6.0|73,1099
1099|9,0.386165,0.397245,0.0129368,-9.30778e-05,0.310049,0.398757,0.0127746,-9.24563e-05,True,6.0|73,1099
1099|10,0.456101,0.397245,0.0129368,-9.30778e-05,0.356233,0.398757,0.0127746,-9.24563e-05,True,6.0|73,1099
1099|11,10.0649,0.397245,0.0129368,-9.30778e-05,9.3999,0.398757,0.0127746,-9.24563e-05,True,6.0|73,1099
1099|12,11.7385,0.397245,0.0129368,-9.30778e-05,10.0225,0.398757,0.0127746,-9.24563e-05,True,6.0|73,1099
1099|1,4.03788e-06,1.39079,0.0129212,-9.30778e-05,2.9201e-06,1.38972,0.0127591,-9.24563e-05,False,69.0|73,1099
1099|2,4.67394e-06,1.39079,0.0129212,-9.30778e-05,2.9201e-06,1.38972,0.0127591,-9.24563e-05,False,69.0|73,1099
611|4,182.942,0.397245,0.0129368,-4.47264e-05,142.842,0.398757,0.0127746,-4.47711e-05,True,6.0|73,611
611|3,231.82,0.397245,0.0129368,-4.47264e-05,149.261,0.398757,0.0127746,-4.47711e-05,True,6.0|73,611
611|5,43.4541,0.397245,0.0129368,-4.47264e-05,28.0937,0.398757,0.0127746,-4.47711e-05,True,6.0|73,611
611|6,53.1914,0.397245,0.0129368,-4.47264e-05,42.7884,0.398757,0.0127746,-4.47711e-05,True,6.0|73,611
611|7,147.623,0.397245,0.0129368,-4.47264e-05,105.926,0.398757,0.0127746,-4.47711e-05,True,6.0|73,611
611|8,329.082,0.397245,0.0129368,-4.47264e-05,250.394,0.398757,0.0127746,-4.47711e-05,True,6.0|73,611
611|9,2.18172,0.397245,0.0129368,-4.47264e-05,1.55514,0.398757,0.0127746,-4.47711e-05,True,6.0|73,611
611|10,4.16695,0.397245,0.0129368,-4.47264e-05,2.48918,0.398757,0.0127746,-4.47711e-05,True,6.0|73,611
611|12,350.483,0.397245,0.0129368,-4.47264e-05,254.267,0.398757,0.0127746,-4.47711e-05,True,6.0|73,611
611|11,264.803,0.397245,0.0129368,-4.47264e-05,192.107,0.398757,0.0127746,-4.47711e-05,True,6.0|73,611
611|1,0.000194196,1.39079,0.0129212,-4.47264e-05,0.00011673,1.38972,0.0127591,-4.47711e-05,False,69.0|73,611
611|2,0.000159331,1.39079,0.0129212,-4.47264e-05,0.00011673,1.38972,0.0127591,-4.47711e-05,False,69.0|73,611
84|5,4.89973,1.39078,0.0129368,-3.21071e-05,4.8529,1.38971,0.0127746,-3.21462e-05,True,55.0|162,84
84|6,4.44192,1.39078,0.0129368,-3.21071e-05,4.16899,1.38971,0.0127746,-3.21462e-05,True,55.0|162,84
84|4,1.53964,1.39078,0.0129368,-3.21071e-05,1.3962,1.38971,0.0127746,-3.21462e-05,True,55.0|162,84
84|3,1.66994,1.39078,0.0129368,-3.21071e-05,1.52919,1.38971,0.0127746,-3.21462e-05,True,55.0|162,84
84|9,0.282594,1.39096,0.0129368,-3.21071e-05,0.274409,1.38989,0.0127746,-3.21462e-05,True,32.0|162,84
84|10,0.283895,1.39096,0.0129368,-3.21071e-05,0.281061,1.38989,0.0127746,-3.21462e-05,True,32.0|162,84
84|7,0.36277,1.39096,0.0129368,-3.21071e-05,0.346922,1.38989,0.0127746,-3.21462e-05,True,32.0|162,84
84|8,0.345072,1.39096,0.0129368,-3.21071e-05,0.325392,1.38989,0.0127746,-3.21462e-05,True,32.0|162,84
84|12,0.362229,1.39078,0.0129368,-3.21071e-05,0.357011,1.38971,0.0127746,-3.21462e-05,True,22.0|162,84
84|11,0.426519,1.39078,0.0129368,-3.21071e-05,0.410847,1.38971,0.0127746,-3.21462e-05,True,22.0|162,84
84|1,1.0563e-06,1.39088,0.0129212,-3.21071e-05,6.69442e-07,1.3898,0.0127591,-3.21462e-05,False,69.0|162,84
84|2,1.07629e-06,1.39088,0.0129212,-3.21071e-05,6.69442e-07,1.3898,0.0127591,-3.21462e-05,False,69.0|162,84
1042|8,0.422448,1.39082,0.0129368,-0.000315428,0.40304,1.38974,0.0127746,-0.000312737,True,65.0|162,1042
1042|7,0.401435,1.39082,0.0129368,-0.000315428,0.39185,1.38974,0.0127746,-0.000312737,True,65.0|162,1042
1042|6,0.467701,1.39082,0.0129368,-0.000315428,0.446303,1.38974,0.0127746,-0.000312737,True,65.0|162,1042
1042|5,0.443978,1.39082,0.0129368,-0.000315428,0.42368,1.38974,0.0127746,-0.000312737,True,65.0|162,1042
1042|12,0.257181,1.39056,0.0129368,-0.000315428,0.247853,1.38948,0.0127746,-0.000312737,True,28.0|162,1042
1042|11,0.297214,1.39056,0.0129368,-0.000315428,0.294385,1.38948,0.0127746,-0.000312737,True,28.0|162,1042
1042|9,0.394736,1.39056,0.0129368,-0.000315428,0.368895,1.38948,0.0127746,-0.000312737,True,28.0|162,1042
1042|10,0.352641,1.39056,0.0129368,-0.000315428,0.337155,1.38948,0.0127746,-0.000312737,True,28.0|162,1042
1042|4,0.469826,1.39078,0.0129368,-0.000315428,0.451221,1.38971,0.0127746,-0.000312737,True,22.0|162,1042
1042|3,0.430519,1.39078,0.0129368,-0.000315428,0.429495,1.38971,0.0127746,-0.000312737,True,22.0|162,1042
1042|1,1.06193e-06,1.39088,0.0129212,-0.000315428,6.8968e-07,1.3898,0.0127591,-0.000312737,False,69.0|162,1042
1042|2,9.85082e-07,1.39088,0.0129212,-0.000315428,6.8968e-07,1.3898,0.0127591,-0.000312737,False,69.0|162,1042
719|5,1.13144,1.39083,0.0129368,-7.84588e-05,1.0664,1.38976,0.0127746,-7.85731e-05,True,55.0|274,719
719|6,0.97746,1.39083,0.0129368,-7.84588e-05,0.933869,1.38976,0.0127746,-7.85731e-05,True,55.0|274,719
719|3,1.16667,1.39083,0.0129368,-7.84588e-05,1.09312,1.38976,0.0127746,-7.85731e-05,True,55.0|274,719
719|4,1.22225,1.39083,0.0129368,-7.84588e-05,1.12672,1.38976,0.0127746,-7.85731e-05,True,55.0|274,719
719|10,0.127977,1.39082,0.0129368,-7.84588e-05,0.125199,1.38975,0.0127746,-7.85731e-05,True,32.0|274,719
719|9,0.127412,1.39082,0.0129368,-7.84588e-05,0.123331,1.38975,0.0127746,-7.85731e-05,True,32.0|274,719
719|8,0.13117,1.39082,0.0129368,-7.84588e-05,0.125159,1.38975,0.0127746,-7.85731e-05,True,32.0|274,719
719|7,0.130942,1.39082,0.0129368,-7.84588e-05,0.127061,1.38975,0.0127746,-7.85731e-05,True,32.0|274,719
719|12,0.0895676,1.3908,0.0129368,-7.84588e-05,0.0870756,1.38973,0.0127746,-7.85731e-05,True,22.0|274,719
719|11,0.0997699,1.3908,0.0129368,-7.84588e-05,0.0956734,1.38973,0.0127746,-7.85731e-05,True,22.0|274,719
719|1,0.000504185,1.39081,0.0129212,-7.84588e-05,0.000337671,1.38974,0.0127591,-7.85731e-05,False,69.0|274,719
719|2,0.000489022,1.39081,0.0129212,-7.84588e-05,0.000337671,1.38974,0.0127591,-7.85731e-05,False,69.0|274,719
863|7,0.138475,1.39083,0.0129368,-3.18306e-05,0.132387,1.38976,0.0127746,-3.18647e-05,True,65.0|274,863
863|8,0.131195,1.39083,0.0129368,-3.18306e-05,0.128419,1.38976,0.0127746,-3.18647e-05,True,65.0|274,863
863|6,0.121598,1.39083,0.0129368,-3.18306e-05,0.114517,1.38976,0.0127746,-3.18647e-05,True,65.0|274,863
863|5,0.120978,1.39083,0.0129368,-3.18306e-05,0.115158,1.38976,0.0127746,-3.18647e-05,True,65.0|274,863
863|11,0.0897471,1.3908,0.0129368,-3.18306e-05,0.0883706,1.38973,0.0127746,-3.18647e-05,True,28.0|274,863
863|12,0.0945214,1.3908,0.0129368,-3.18306e-05,0.0926492,1.38973,0.0127746,-3.18647e-05,True,28.0|274,863
863|9,0.101563,1.3908,0.0129368,-3.18306e-05,0.100175,1.38973,0.0127746,-3.18647e-05,True,28.0|274,863
863|10,0.101242,1.3908,0.0129368,-3.18306e-05,0.101405,1.38973,0.0127746,-3.18647e-05,True,28.0|274,863
863|3,0.0929168,1.3908,0.0129368,-3.18306e-05,0.0891233,1.38973,0.0127746,-3.18647e-05,True,22.0|274,863
863|4,0.108637,1.3908,0.0129368,-3.18306e-05,0.103296,1.38973,0.0127746,-3.18647e-05,True,22.0|274,863
863|1,0.000706786,1.39081,0.0129212,-3.18306e-05,0.000416447,1.38974,0.0127591,-3.18647e-05,False,69.0|274,863
863|2,0.000753932,1.39081,0.0129212,-3.18306e-05,0.000416447,1.38974,0.0127591,-3.18647e-05,False,69.0|274,863
488|6,5.02647,1.39073,0.0129368,-5.52815e-05,4.74512,1.38966,0.0127746,-5.55598e-05,True,55.0|322,488
488|5,4.77239,1.39073,0.0129368,-5.52815e-05,4.51011,1.38966,0.0127746,-5.55598e-05,True,55.0|322,488
488|4,4.29674,1.39073,0.0129368,-5.52815e-05,3.44312,1.38966,0.0127746,-5.55598e-05,True,55.0|322,488
488|3,3.99946,1.39073,0.0129368,-5.52815e-05,3.15617,1.38966,0.0127746,-5.55598e-05,True,55.0|322,488
488|10,2.85768,1.39078,0.0129368,-5.52815e-05,2.73682,1.38971,0.0127746,-5.55598e-05,True,32.0|322,488
488|9,3.02511,1.39078,0.0129368,-5.52815e-05,2.87885,1.38971,0.0127746,-5.55598e-05,True,32.0|322,488
488|8,1.13155,1.39078,0.0129368,-5.52815e-05,1.08805,1.38971,0.0127746,-5.55598e-05,True,32.0|322,488
488|7,1.12793,1.39078,0.0129368,-5.52815e-05,1.08232,1.38971,0.0127746,-5.55598e-05,True,32.0|322,488
488|11,0.20212,1.39076,0.0129368,-5.52815e-05,0.194383,1.38968,0.0127746,-5.55598e-05,True,22.0|322,488
488|12,0.157435,1.39076,0.0129368,-5.52815e-05,0.148893,1.38968,0.0127746,-5.55598e-05,True,22.0|322,488
488|1,0.000773181,1.39062,0.0129212,-5.52815e-05,0.000514896,1.38955,0.0127591,-5.55598e-05,False,69.0|322,488
488|2,0.000762614,1.39062,0.0129212,-5.52815e-05,0.000514896,1.38955,0.0127591,-5.55598e-05,False,69.0|322,488
152|8,0.27658,1.39079,0.0129368,-0.000107635,0.264161,1.38972,0.0127746,-0.000108514,True,65.0|322,152
152|7,0.302421,1.39079,0.0129368,-0.000107635,0.295054,1.38972,0.0127746,-0.000108514,True,65.0|322,152
152|6,0.324335,1.39079,0.0129368,-0.000107635,0.31041,1.38972,0.0127746,-0.000108514,True,65.0|322,152
152|5,0.282996,1.39079,0.0129368,-0.000107635,0.270029,1.38972,0.0127746,-0.000108514,True,65.0|322,152
152|12,0.0957932,1.39091,0.0129368,-0.000107635,0.0926931,1.38984,0.0127746,-0.000108514,True,28.0|322,152
152|11,0.109023,1.39091,0.0129368,-0.000107635,0.103908,1.38984,0.0127746,-0.000108514,True,28.0|322,152
152|10,0.102861,1.39091,0.0129368,-0.000107635,0.0990709,1.38984,0.0127746,-0.000108514,True,28.0|322,152
152|9,0.125293,1.39091,0.0129368,-0.000107635,0.123974,1.38984,0.0127746,-0.000108514,True,28.0|322,152
152|3,0.228681,1.39076,0.0129368,-0.000107635,0.215832,1.38968,0.0127746,-0.000108514,True,22.0|322,152
152|4,0.245078,1.39076,0.0129368,-0.000107635,0.241201,1.38968,0.0127746,-0.000108514,True,22.0|322,152
152|1,0.00127656,1.39062,0.0129212,-0.000107635,0.000772911,1.38955,0.0127591,-0.000108514,False,69.0|322,152
152|2,0.00137242,1.39062,0.0129212,-0.000107635,0.00077291,1.38955,0.0127591,-0.000108514,False,69.0|322,152
847|6,6.01702,1.39059,0.0129368,1.59329e-08,5.81151,1.38952,0.0127746,4.35163e-07,True,55.0|69,847
847|3,1.32002,1.39059,0.0129368,1.59329e-08,1.22438,1.38952,0.0127746,4.35163e-07,True,55.0|69,847
847|4,1.32859,1.39059,0.0129368,1.59329e-08,1.21924,1.38952,0.0127746,4.35163e-07,True,55.0|69,847
847|10,0.0367842,1.39083,0.0129368,1.59329e-08,0.0353037,1.38976,0.0127746,4.35163e-07,True,32.0|69,847
847|9,0.0394702,1.39083,0.0129368,1.59329e-08,0.0382247,1.38976,0.0127746,4.35163e-07,True,32.0|69,847
847|7,0.0489847,1.39083,0.0129368,1.59329e-08,0.0473516,1.38976,0.0127746,4.35163e-07,True,32.0|69,847
847|8,0.0453264,1.39083,0.0129368,1.59329e-08,0.0445074,1.38976,0.0127746,4.35163e-07,True,32.0|69,847
847|12,0.257005,1.39085,0.0129368,1.59329e-08,0.249222,1.38978,0.0127746,4.35163e-07,True,22.0|69,847
847|11,0.232156,1.39085,0.0129368,1.59329e-08,0.225803,1.38978,0.0127746,4.35163e-07,True,22.0|69,847
847|5,6.17401,1.39059,0.0129368,1.59329e-08,5.85782,1.38952,0.0127746,4.35163e-07,True,55.0|69,847
847|1,0.020332,1.39082,0.0129212,1.59329e-08,0.0116427,1.38975,0.0127591,4.35163e-07,False,69.0|69,847
847|2,0.016638,1.39082,0.0129212,1.59329e-08,0.0116427,1.38975,0.0127591,4.35163e-07,False,69.0|69,847
1241|8,0.167823,1.39089,0.0129368,-0.000176999,0.164852,1.38982,0.0127746,-0.000177843,True,65.0|69,1241
1241|7,0.173116,1.39089,0.0129368,-0.000176999,0.169206,1.38982,0.0127746,-0.000177843,True,65.0|69,1241
1241|5,0.225681,1.39089,0.0129368,-0.000176999,0.21392,1.38982,0.0127746,-0.000177843,True,65.0|69,1241
1241|6,0.217414,1.39089,0.0129368,-0.000176999,0.209775,1.38982,0.0127746,-0.000177843,True,65.0|69,1241
1241|11,0.0799992,1.39084,0.0129368,-0.000176999,0.0759525,1.38977,0.0127746,-0.000177843,True,28.0|69,1241
1241|12,0.0841323,1.39084,0.0129368,-0.000176999,0.0797881,1.38977,0.0127746,-0.000177843,True,28.0|69,1241
1241|9,0.130317,1.39084,0.0129368,-0.000176999,0.125934,1.38977,0.0127746,-0.000177843,True,28.0|69,1241
1241|10,0.110512,1.39084,0.0129368,-0.000176999,0.106522,1.38977,0.0127746,-0.000177843,True,28.0|69,1241
1241|3,0.322958,1.39085,0.0129368,-0.000176999,0.313298,1.38978,0.0127746,-0.000177843,True,22.0|69,1241
1241|4,0.321272,1.39085,0.0129368,-0.000176999,0.30308,1.38978,0.0127746,-0.000177843,True,22.0|69,1241
1241|1,0.0224341,1.39082,0.0129212,-0.000176999,0.0144894,1.38975,0.0127591,-0.000177843,False,69.0|69,1241
1241|2,0.0212949,1.39082,0.0129212,-0.000176999,0.0144894,1.38975,0.0127591,-0.000177843,False,69.0|69,1241
474|5,0.408382,1.14408,0.0129368,-0.000205083,0.396567,1.1474,0.0127746,-0.000204447,True,55.0|276,474
474|6,0.421692,1.14408,0.0129368,-0.000205083,0.406342,1.1474,0.0127746,-0.000204447,True,55.0|276,474
474|3,0.444761,1.14408,0.0129368,-0.000205083,0.432158,1.1474,0.0127746,-0.000204447,True,55.0|276,474
474|4,0.416222,1.14408,0.0129368,-0.000205083,0.400106,1.1474,0.0127746,-0.000204447,True,55.0|276,474
474|9,0.0200232,1.94375,0.0129368,-0.000205083,0.0193206,1.93074,0.0127746,-0.000204447,True,32.0|276,474
474|10,0.020412,1.94375,0.0129368,-0.000205083,0.0199456,1.93074,0.0127746,-0.000204447,True,32.0|276,474
474|8,0.0243476,1.94375,0.0129368,-0.000205083,0.023534,1.93074,0.0127746,-0.000204447,True,32.0|276,474
474|7,0.0228583,1.94375,0.0129368,-0.000205083,0.022409,1.93074,0.0127746,-0.000204447,True,32.0|276,474
474|12,0.0789798,1.39082,0.0129368,-0.000205083,0.0729454,1.38975,0.0127746,-0.000204447,True,22.0|276,474
474|11,0.0776041,1.39082,0.0129368,-0.000205083,0.0766023,1.38975,0.0127746,-0.000204447,True,22.0|276,474
474|1,1.07075,1.39082,0.0129212,-0.000205083,0.628931,1.38975,0.0127591,-0.000204447,False,69.0|276,474
474|2,0.99378,1.39082,0.0129212,-0.000205083,0.628931,1.38975,0.0127591,-0.000204447,False,69.0|276,474
1056|8,0.148834,1.87778,0.0129368,-2.57343e-05,0.14281,1.89326,0.0127746,-2.57441e-05,True,65.0|276,1056
1056|7,0.141912,1.87778,0.0129368,-2.57343e-05,0.139133,1.89326,0.0127746,-2.57441e-05,True,65.0|276,1056
1056|6,0.143926,1.87778,0.0129368,-2.57343e-05,0.140944,1.89326,0.0127746,-2.57441e-05,True,65.0|276,1056
1056|5,0.134393,1.87778,0.0129368,-2.57343e-05,0.133523,1.89326,0.0127746,-2.57441e-05,True,65.0|276,1056
1056|12,0.0350934,1.76297,0.0129368,-2.57343e-05,0.0334657,1.75847,0.0127746,-2.57441e-05,True,28.0|276,1056
1056|11,0.0410752,1.76297,0.0129368,-2.57343e-05,0.0390955,1.75847,0.0127746,-2.57441e-05,True,28.0|276,1056
1056|10,0.0605563,1.76297,0.0129368,-2.57343e-05,0.0581904,1.75847,0.0127746,-2.57441e-05,True,28.0|276,1056
1056|9,0.0646491,1.76297,0.0129368,-2.57343e-05,0.0627828,1.75847,0.0127746,-2.57441e-05,True,28.0|276,1056
1056|4,0.0849141,1.39082,0.0129368,-2.57343e-05,0.0797258,1.38975,0.0127746,-2.57441e-05,True,22.0|276,1056
1056|3,0.0781038,1.39082,0.0129368,-2.57343e-05,0.0746123,1.38975,0.0127746,-2.57441e-05,True,22.0|276,1056
1056|1,1.05541,1.39082,0.0129212,-2.57343e-05,0.619668,1.38975,0.0127591,-2.57441e-05,False,69.0|276,1056
1056|2,0.985707,1.39082,0.0129212,-2.57343e-05,0.619668,1.38975,0.0127591,-2.57441e-05,False,69.0|276,1056
462|6,9.10776,1.39079,0.0129368,-0.000188385,8.97491,1.38972,0.0127746,-0.000190088,True,55.0|292,462
462|5,10.3071,1.39079,0.0129368,-0.000188385,9.73162,1.38972,0.0127746,-0.000190088,True,55.0|292,462
462|4,2.59445,1.39079,0.0129368,-0.000188385,2.09035,1.38972,0.0127746,-0.000190088,True,55.0|292,462
462|3,2.43351,1.39079,0.0129368,-0.000188385,2.17494,1.38972,0.0127746,-0.000190088,True,55.0|292,462
462|9,0.0126567,1.39082,0.0129368,-0.000188385,0.0124227,1.38975,0.0127746,-0.000190088,True,32.0|292,462
462|10,0.0131608,1.39082,0.0129368,-0.000188385,0.0126054,1.38975,0.0127746,-0.000190088,True,32.0|292,462
462|7,0.015163,1.39082,0.0129368,-0.000188385,0.0145889,1.38975,0.0127746,-0.000190088,True,32.0|292,462
462|8,0.0151883,1.39082,0.0129368,-0.000188385,0.0150131,1.38975,0.0127746,-0.000190088,True,32.0|292,462
462|11,0.182659,1.39084,0.0129368,-0.000188385,0.172404,1.38976,0.0127746,-0.000190088,True,22.0|292,462
462|12,0.1747,1.39084,0.0129368,-0.000188385,0.169734,1.38976,0.0127746,-0.000190088,True,22.0|292,462
462|1,1.23762e+06,1.3908,0.0129212,-0.000188385,798780,1.38973,0.0127591,-0.000190088,False,69.0|292,462
462|2,1.20288e+06,1.3908,0.0129212,-0.000188385,798780,1.38973,0.0127591,-0.000190088,False,69.0|292,462
1159|8,0.171821,1.39079,0.0129368,-2.95234e-05,0.164874,1.38972,0.0127746,-2.95707e-05,True,65.0|292,1159
1159|7,0.190801,1.39079,0.0129368,-2.95234e-05,0.182342,1.38972,0.0127746,-2.95707e-05,True,65.0|292,1159
1159|5,0.171545,1.39079,0.0129368,-2.95234e-05,0.170482,1.38972,0.0127746,-2.95707e-05,True,65.0|292,1159
1159|6,0.178981,1.39079,0.0129368,-2.95234e-05,0.171401,1.38972,0.0127746,-2.95707e-05,True,65.0|292,1159
1159|11,0.0351078,1.39083,0.0129368,-2.95234e-05,0.0344598,1.38976,0.0127746,-2.95707e-05,True,28.0|292,1159
1159|12,0.0287416,1.39083,0.0129368,-2.95234e-05,0.0286141,1.38976,0.0127746,-2.95707e-05,True,28.0|292,1159
1159|9,0.0631382,1.39083,0.0129368,-2.95234e-05,0.0601523,1.38976,0.0127746,-2.95707e-05,True,28.0|292,1159
1159|10,0.0591788,1.39083,0.0129368,-2.95234e-05,0.0561449,1.38976,0.0127746,-2.95707e-05,True,28.0|292,1159
1159|4,0.236652,1.39084,0.0129368,-2.95234e-05,0.230843,1.38976,0.0127746,-2.95707e-05,True,22.0|292,1159
1159|3,0.220501,1.39084,0.0129368,-2.95234e-05,0.219885,1.38976,0.0127746,-2.95707e-05,True,22.0|292,1159
1159|1,1.49314e+06,1.3908,0.0129212,-2.95234e-05,922593,1.38973,0.0127591,-2.95707e-05,False,69.0|292,1159
1159|2,1.3969e+06,1.3908,0.0129212,-2.95234e-05,922594,1.38973,0.0127591,-2.95707e-05,False,69.0|292,1159
75|6,0.0703979,1.39079,0.0129368,-2.48613e-05,0.0632138,1.38972,0.0127746,-2.48723e-05,True,55.0|65,75
75|5,0.0623734,1.39079,0.0129368,-2.48613e-05,0.0554001,1.38972,0.0127746,-2.48723e-05,True,55.0|65,75
75|3,0.0392617,1.39079,0.0129368,-2.48613e-05,0.0356269,1.38972,0.0127746,-2.48723e-05,True,55.0|65,75
75|4,0.048042,1.39079,0.0129368,-2.48613e-05,0.0442082,1.38972,0.0127746,-2.48723e-05,True,55.0|65,75
75|9,4.51892,1.39078,0.0129368,-2.48613e-05,4.26729,1.38971,0.0127746,-2.48723e-05,True,32.0|65,75
75|10,4.14915,1.39078,0.0129368,-2.48613e-05,3.85416,1.38971,0.0127746,-2.48723e-05,True,32.0|65,75
75|7,1.9592,1.39078,0.0129368,-2.48613e-05,1.85819,1.38971,0.0127746,-2.48723e-05,True,32.0|65,75
75|8,1.69849,1.39078,0.0129368,-2.48613e-05,1.60068,1.38971,0.0127746,-2.48723e-05,True,32.0|65,75
75|12,0.042334,1.39079,0.0129368,-2.48613e-05,0.0394201,1.38972,0.0127746,-2.48723e-05,True,22.0|65,75
75|11,0.0651997,1.39079,0.0129368,-2.48613e-05,0.0606082,1.38972,0.0127746,-2.48723e-05,True,22.0|65,75
75|1,0.0537064,1.39082,0.0129212,-2.48613e-05,0.0250199,1.38975,0.0127591,-2.48723e-05,False,69.0|65,75
75|2,0.0504835,1.39082,0.0129212,-2.48613e-05,0.0250199,1.38975,0.0127591,-2.48723e-05,False,69.0|65,75
1017|7,0.0254676,1.3908,0.0129368,-2.51437e-05,0.0251872,1.38973,0.0127746,-2.51521e-05,True,65.0|65,1017
1017|8,0.0302033,1.3908,0.0129368,-2.51437e-05,0.0288433,1.38973,0.0127746,-2.51521e-05,True,65.0|65,1017
1017|5,0.0384373,1.3908,0.0129368,-2.51437e-05,0.0361776,1.38973,0.0127746,-2.51521e-05,True,65.0|65,1017
1017|6,0.0351408,1.3908,0.0129368,-2.51437e-05,0.0318597,1.38973,0.0127746,-2.51521e-05,True,65.0|65,1017
1017|12,0.0502799,1.39079,0.0129368,-2.51437e-05,0.0470115,1.38972,0.0127746,-2.51521e-05,True,28.0|65,1017
1017|11,0.0648973,1.39079,0.0129368,-2.51437e-05,0.0624889,1.38972,0.0127746,-2.51521e-05,True,28.0|65,1017
1017|10,0.0726664,1.39079,0.0129368,-2.51437e-05,0.0685536,1.38972,0.0127746,-2.51521e-05,True,28.0|65,1017
1017|9,0.0714072,1.39079,0.0129368,-2.51437e-05,0.0681159,1.38972,0.0127746,-2.51521e-05,True,28.0|65,1017
1017|4,0.0532642,1.39079,0.0129368,-2.51437e-05,0.0497449,1.38972,0.0127746,-2.51521e-05,True,22.0|65,1017
1017|3,0.0417907,1.39079,0.0129368,-2.51437e-05,0.0395309,1.38972,0.0127746,-2.51521e-05,True,22.0|65,1017
1017|1,0.0528378,1.39082,0.0129212,-2.51437e-05,0.0217858,1.38975,0.0127591,-2.51521e-05,False,69.0|65,1017
1017|2,0.0428323,1.39082,0.0129212,-2.51437e-05,0.0217858,1.38975,0.0127591,-2.51521e-05,False,69.0|65,1017
291|6,0.316296,1.39114,0.0129368,1.91826e-05,0.297395,1.39007,0.0127746,1.94269e-05,True,55.0|103,291
291|5,0.305855,1.39114,0.0129368,1.91826e-05,0.294899,1.39007,0.0127746,1.94269e-05,True,55.0|103,291
291|4,0.379694,1.39114,0.0129368,1.91826e-05,0.36211,1.39007,0.0127746,1.94269e-05,True,55.0|103,291
291|3,0.377391,1.39114,0.0129368,1.91826e-05,0.361576,1.39007,0.0127746,1.94269e-05,True,55.0|103,291
291|9,0.0252926,1.92811,0.0129368,1.91826e-05,0.0243914,1.90804,0.0127746,1.94269e-05,True,32.0|103,291
291|10,0.0248388,1.92811,0.0129368,1.91826e-05,0.0237145,1.90804,0.0127746,1.94269e-05,True,32.0|103,291
291|8,0.0290614,1.92811,0.0129368,1.91826e-05,0.0273646,1.90804,0.0127746,1.94269e-05,True,32.0|103,291
291|7,0.0249057,1.92811,0.0129368,1.91826e-05,0.0237053,1.90804,0.0127746,1.94269e-05,True,32.0|103,291
291|11,0.0121937,1.39079,0.0129368,1.91826e-05,0.0120107,1.38972,0.0127746,1.94269e-05,True,22.0|103,291
291|12,0.0168386,1.39079,0.0129368,1.91826e-05,0.0167808,1.38972,0.0127746,1.94269e-05,True,22.0|103,291
291|1,0.0284555,1.3908,0.0129212,1.91826e-05,0.0169694,1.38973,0.0127591,1.94269e-05,False,69.0|103,291
291|2,0.0263313,1.3908,0.0129212,1.91826e-05,0.0169694,1.38973,0.0127591,1.94269e-05,False,69.0|103,291
1197|7,0.0231695,1.39083,0.0129368,-3.45312e-05,0.0218148,1.38976,0.0127746,-3.45833e-05,True,65.0|103,1197
1197|8,0.0224056,1.39083,0.0129368,-3.45312e-05,0.0216651,1.38976,0.0127746,-3.45833e-05,True,65.0|103,1197
1197|6,0.0212706,1.39083,0.0129368,-3.45312e-05,0.0208981,1.38976,0.0127746,-3.45833e-05,True,65.0|103,1197
1197|5,0.0245419,1.39083,0.0129368,-3.45312e-05,0.0231016,1.38976,0.0127746,-3.45833e-05,True,65.0|103,1197
1197|12,0.0132183,1.3908,0.0129368,-3.45312e-05,0.0125876,1.38973,0.0127746,-3.45833e-05,True,28.0|103,1197
1197|10,0.0174436,1.3908,0.0129368,-3.45312e-05,0.0167596,1.38973,0.0127746,-3.45833e-05,True,28.0|103,1197
1197|9,0.0187363,1.3908,0.0129368,-3.45312e-05,0.0180929,1.38973,0.0127746,-3.45833e-05,True,28.0|103,1197
1197|3,0.0220677,1.39079,0.0129368,-3.45312e-05,0.0208825,1.38972,0.0127746,-3.45833e-05,True,22.0|103,1197
1197|4,0.019976,1.39079,0.0129368,-3.45312e-05,0.0192889,1.38972,0.0127746,-3.45833e-05,True,22.0|103,1197
1197|11,0.012063,1.3908,0.0129368,-3.45312e-05,0.0118167,1.38973,0.0127746,-3.45833e-05,True,28.0|103,1197
1197|1,0.0397903,1.3908,0.0129212,-3.45312e-05,0.0248013,1.38973,0.0127591,-3.45833e-05,False,69.0|103,1197
1197|2,0.0421973,1.3908,0.0129212,-3.45312e-05,0.0248013,1.38973,0.0127591,-3.45833e-05,False,69.0|103,1197
77|6,0.00332067,1.39087,0.0129368,-2.01754e-05,0.00318422,1.3898,0.0127746,-2.01756e-05,True,55.0|218,77
77|5,0.00361631,1.39087,0.0129368,-2.01754e-05,0.00345178,1.3898,0.0127746,-2.01756e-05,True,55.0|218,77
77|3,0.003562,1.39087,0.0129368,-2.01754e-05,0.00342922,1.3898,0.0127746,-2.01756e-05,True,55.0|218,77
77|4,0.00367541,1.39087,0.0129368,-2.01754e-05,0.00355423,1.3898,0.0127746,-2.01756e-05,True,55.0|218,77
77|9,0.0702058,1.39074,0.0129368,-2.01754e-05,0.0655431,1.38967,0.0127746,-2.01756e-05,True,32.0|218,77
77|10,0.0603805,1.39074,0.0129368,-2.01754e-05,0.0590948,1.38967,0.0127746,-2.01756e-05,True,32.0|218,77
77|8,0.0801128,1.39074,0.0129368,-2.01754e-05,0.0778475,1.38967,0.0127746,-2.01756e-05,True,32.0|218,77
77|7,0.0763996,1.39074,0.0129368,-2.01754e-05,0.0714733,1.38967,0.0127746,-2.01756e-05,True,32.0|218,77
77|12,0.0301776,1.39092,0.0129368,-2.01754e-05,0.0288919,1.38985,0.0127746,-2.01756e-05,True,22.0|218,77
77|11,0.0334926,1.39092,0.0129368,-2.01754e-05,0.0320382,1.38985,0.0127746,-2.01756e-05,True,22.0|218,77
77|1,149.073,1.39081,0.0129212,-2.01754e-05,100.7,1.38974,0.0127591,-2.01756e-05,False,69.0|218,77
77|2,139.838,1.39081,0.0129212,-2.01754e-05,100.7,1.38974,0.0127591,-2.01756e-05,False,69.0|218,77
745|7,0.00365917,1.39079,0.0129368,-0.000149369,0.00345465,1.38972,0.0127746,-0.000151088,True,65.0|218,745
745|8,0.00485608,1.39079,0.0129368,-0.000149369,0.00476263,1.38972,0.0127746,-0.000151088,True,65.0|218,745
745|6,0.00881066,1.39079,0.0129368,-0.000149369,0.00849975,1.38972,0.0127746,-0.000151088,True,65.0|218,745
745|5,0.0110403,1.39079,0.0129368,-0.000149369,0.0105695,1.38972,0.0127746,-0.000151088,True,65.0|218,745
745|3,0.0346086,1.39092,0.0129368,-0.000149369,0.033051,1.38985,0.0127746,-0.000151088,True,22.0|218,745
745|11,0.0227896,1.39107,0.0129368,-0.000149369,0.0209466,1.39,0.0127746,-0.000151088,True,28.0|218,745
745|12,0.0264351,1.39107,0.0129368,-0.000149369,0.0255844,1.39,0.0127746,-0.000151088,True,28.0|218,745
745|10,0.0337619,1.39107,0.0129368,-0.000149369,0.0325456,1.39,0.0127746,-0.000151088,True,28.0|218,745
745|9,0.0356168,1.39107,0.0129368,-0.000149369,0.0341177,1.39,0.0127746,-0.000151088,True,28.0|218,745
745|4,0.0389261,1.39092,0.0129368,-0.000149369,0.0368591,1.38985,0.0127746,-0.000151088,True,22.0|218,745
745|1,205.403,1.39081,0.0129212,-0.000149369,130.886,1.38974,0.0127591,-0.000151088,False,69.0|218,745
745|2,190.131,1.39081,0.0129212,-0.000149369,130.886,1.38974,0.0127591,-0.000151088,False,69.0|218,745
322|6,0.0128495,1.39084,0.0129368,-2.67855e-05,0.0118545,1.38977,0.0127746,-2.67896e-05,True,55.0|174,322
322|5,0.0142227,1.39084,0.0129368,-2.67855e-05,0.0128382,1.38977,0.0127746,-2.67896e-05,True,55.0|174,322
322|3,0.00916139,1.39084,0.0129368,-2.67855e-05,0.0082631,1.38977,0.0127746,-2.67896e-05,True,55.0|174,322
322|4,0.0134109,1.39084,0.0129368,-2.67855e-05,0.0126039,1.38977,0.0127746,-2.67896e-05,True,55.0|174,322
322|10,0.00806001,1.39095,0.0129368,-2.67855e-05,0.00803288,1.38988,0.0127746,-2.67896e-05,True,32.0|174,322
322|9,0.0106778,1.39095,0.0129368,-2.67855e-05,0.0105047,1.38988,0.0127746,-2.67896e-05,True,32.0|174,322
322|7,0.0111021,1.39095,0.0129368,-2.67855e-05,0.0108686,1.38988,0.0127746,-2.67896e-05,True,32.0|174,322
322|8,0.0117417,1.39095,0.0129368,-2.67855e-05,0.011545,1.38988,0.0127746,-2.67896e-05,True,32.0|174,322
322|12,0.0129944,1.39084,0.0129368,-2.67855e-05,0.0124725,1.38977,0.0127746,-2.67896e-05,True,22.0|174,322
322|11,0.0161366,1.39084,0.0129368,-2.67855e-05,0.0149133,1.38977,0.0127746,-2.67896e-05,True,22.0|174,322
322|1,3388.87,1.3908,0.0129212,-2.67855e-05,2098.74,1.38973,0.0127591,-2.67896e-05,False,69.0|174,322
322|2,3349.14,1.3908,0.0129212,-2.67855e-05,2098.74,1.38973,0.0127591,-2.67896e-05,False,69.0|174,322
1043|6,0.0118959,1.39083,0.0129368,-3.78415e-05,0.0118165,1.38976,0.0127746,-3.81232e-05,True,65.0|174,1043
1043|7,0.00533333,1.39083,0.0129368,-3.78415e-05,0.00506289,1.38976,0.0127746,-3.81232e-05,True,65.0|174,1043
1043|8,0.00807515,1.39083,0.0129368,-3.78415e-05,0.00772415,1.38976,0.0127746,-3.81232e-05,True,65.0|174,1043
1043|5,0.0108811,1.39083,0.0129368,-3.78415e-05,0.0102917,1.38976,0.0127746,-3.81232e-05,True,65.0|174,1043
1043|11,0.0079676,1.3908,0.0129368,-3.78415e-05,0.00770704,1.38973,0.0127746,-3.81232e-05,True,28.0|174,1043
1043|12,0.0095158,1.3908,0.0129368,-3.78415e-05,0.00918294,1.38973,0.0127746,-3.81232e-05,True,28.0|174,1043
1043|10,0.0136691,1.3908,0.0129368,-3.78415e-05,0.0133013,1.38973,0.0127746,-3.81232e-05,True,28.0|174,1043
1043|9,0.0155727,1.3908,0.0129368,-3.78415e-05,0.0150024,1.38973,0.0127746,-3.81232e-05,True,28.0|174,1043
1043|4,0.0163882,1.39084,0.0129368,-3.78415e-05,0.0161101,1.38977,0.0127746,-3.81232e-05,True,22.0|174,1043
1043|3,0.0181035,1.39084,0.0129368,-3.78415e-05,0.0172805,1.38977,0.0127746,-3.81232e-05,True,22.0|174,1043
1043|1,3713.67,1.3908,0.0129212,-3.78415e-05,2451.92,1.38973,0.0127591,-3.81232e-05,False,69.0|174,1043
1043|2,3917.31,1.3908,0.0129212,-3.78415e-05,2451.92,1.38973,0.0127591,-3.81232e-05,False,69.0|174,1043
963|6,0.00102095,1.39091,0.0129368,-2.52512e-05,0.000950836,1.38984,0.0127746,-2.52584e-05,True,55.0|319,963
963|5,0.00134205,1.39091,0.0129368,-2.52512e-05,0.00129187,1.38984,0.0127746,-2.52584e-05,True,55.0|319,963
963|4,0.00142717,1.39091,0.0129368,-2.52512e-05,0.0013769,1.38984,0.0127746,-2.52584e-05,True,55.0|319,963
963|3,0.00151457,1.39091,0.0129368,-2.52512e-05,0.00147279,1.38984,0.0127746,-2.52584e-05,True,55.0|319,963
963|10,0.00877653,1.39092,0.0129368,-2.52512e-05,0.0086312,1.38985,0.0127746,-2.52584e-05,True,32.0|319,963
963|9,0.0079744,1.39092,0.0129368,-2.52512e-05,0.0076978,1.38985,0.0127746,-2.52584e-05,True,32.0|319,963
963|7,0.00809174,1.39092,0.0129368,-2.52512e-05,0.00789794,1.38985,0.0127746,-2.52584e-05,True,32.0|319,963
963|8,0.0101379,1.39092,0.0129368,-2.52512e-05,0.0100489,1.38985,0.0127746,-2.52584e-05,True,32.0|319,963
963|11,0.0577727,1.39081,0.0129368,-2.52512e-05,0.0567228,1.38974,0.0127746,-2.52584e-05,True,22.0|319,963
963|12,0.0651026,1.39081,0.0129368,-2.52512e-05,0.0623771,1.38974,0.0127746,-2.52584e-05,True,22.0|319,963
963|1,0.00793309,1.39082,0.0129212,-2.52512e-05,0.00555726,1.38975,0.0127591,-2.52584e-05,False,69.0|319,963
963|2,0.00983011,1.39082,0.0129212,-2.52512e-05,0.00555726,1.38975,0.0127591,-2.52584e-05,False,69.0|319,963
1260|8,0.00188158,1.39094,0.0129368,0.0389074,0.0017784,1.38987,0.0127746,0.039392,True,65.0|319,1260
1260|7,0.00135508,1.39094,0.0129368,0.0389074,0.00127847,1.38987,0.0127746,0.039392,True,65.0|319,1260
1260|6,0.00558638,1.39094,0.0129368,0.0389074,0.00539067,1.38987,0.0127746,0.039392,True,65.0|319,1260
1260|5,0.0062664,1.39094,0.0129368,0.0389074,0.00576769,1.38987,0.0127746,0.039392,True,65.0|319,1260
1260|11,0.0155084,1.39092,0.0129368,0.0389074,0.0146478,1.38985,0.0127746,0.039392,True,28.0|319,1260
1260|12,0.0180951,1.39092,0.0129368,0.0389074,0.0177057,1.38985,0.0127746,0.039392,True,28.0|319,1260
1260|10,0.0281632,1.39092,0.0129368,0.0389074,0.0272351,1.38985,0.0127746,0.039392,True,28.0|319,1260
1260|9,0.0325423,1.39092,0.0129368,0.0389074,0.0315088,1.38985,0.0127746,0.039392,True,28.0|319,1260
1260|4,0.0565021,1.39081,0.0129368,0.0389074,0.0538492,1.38974,0.0127746,0.039392,True,22.0|319,1260
1260|3,0.0629553,1.39081,0.0129368,0.0389074,0.060831,1.38974,0.0127746,0.039392,True,22.0|319,1260
1260|1,0.00891471,1.39082,0.0129212,0.0389074,0.0056906,1.38975,0.0127591,0.039392,False,69.0|319,1260
1260|2,0.00988756,1.39082,0.0129212,0.0389074,0.00569059,1.38975,0.0127591,0.039392,False,69.0|319,1260
