id,time,rlu,plate_row,plate_col,binary_vc,binary_cc,binary_sample,popPred_medianCOV,popPred,indivPred_SAEM,indivPred_mode,indWRes_SAEM,indWRes_mode
9|411|9|411|sample|4|274|4|274|70.0,0.0457247370827617,53482,1,4,0,0,1,52321.1,49035.8,48739,48431.1,0.213416,0.228716
9|411|9|411|sample|4|274|4|274|70.0,0.1371742112482853,45186,2,4,0,0,1,37513.2,49830.8,47351.1,46760.8,-0.100275,-0.0738584
9|411|9|411|sample|4|274|4|274|70.0,0.411522633744856,36004,3,4,0,0,1,31017.4,42494.9,34177.8,32758.8,0.117178,0.217251
9|411|9|411|sample|4|274|4|274|70.0,1.23456790123457,15537,4,4,0,0,1,27485,22834.3,13628.3,12547,0.307149,0.52262
9|411|9|411|sample|4|274|4|274|70.0,3.7037037037037,4302,5,4,0,0,1,25206.4,6917.73,3715.87,3413.35,0.345929,0.570959
9|411|9|411|sample|4|274|4|274|70.0,11.1111111111111,1258,6,4,0,0,1,23927.9,2007.89,1333.58,1272.94,-0.124295,-0.025742
9|411|9|411|sample|4|274|4|274|70.0,33.3333333333333,948,7,4,0,0,1,24352.4,985.117,861.554,849.386,0.220046,0.254617
9|411|9|411|sample|4|274|4|274|70.0,100,850,8,4,0,0,1,28600.6,759.497,740.756,735.804,0.323425,0.340362
9|411|9|411|sample|3|274|3|274|70.0,0.0457247370827617,58138,1,3,0,0,1,53976,48678.6,47323.7,46737.6,0.501155,0.534941
9|411|9|411|sample|3|274|3|274|70.0,0.1371742112482853,40956,2,3,0,0,1,39061.7,49486.4,42199.5,40630.6,-0.0646256,0.0175652
9|411|9|411|sample|3|274|3|274|70.0,0.411522633744856,25675,3,3,0,0,1,32456.6,42206.4,23662.9,21354.3,0.186482,0.443733
9|411|9|411|sample|3|274|3|274|70.0,1.23456790123457,7926,4,3,0,0,1,28813.8,22680.2,7354.68,6377.26,0.170359,0.532592
9|411|9|411|sample|3|274|3|274|70.0,3.7037037037037,2156,5,3,0,0,1,26425,6871.05,2115.38,1896.57,0.0421106,0.299983
9|411|9|411|sample|3|274|3|274|70.0,11.1111111111111,986,6,3,0,0,1,25038.2,1994.26,1017.86,975.845,-0.0686526,0.0228216
9|411|9|411|sample|3|274|3|274|70.0,33.3333333333333,960,7,3,0,0,1,25357.6,978.307,799.958,791.104,0.438752,0.468206
9|411|9|411|sample|3|274|3|274|70.0,100,882,8,3,0,0,1,29505.2,753.964,725.885,721.326,0.471661,0.488502
9|411|9|411|sample|5|274|5|274|70.0,0.002286236854138,55169,1,5,0,0,1,60053.6,49572.4,49767.2,49568,0.238037,0.247807
9|411|9|411|sample|5|274|5|274|70.0,0.0068587105624142,55989,2,5,0,0,1,43638.5,52214.7,52265.9,52189.5,0.15622,0.159661
9|411|9|411|sample|5|274|5|274|70.0,0.0205761316872428,54885,3,5,0,0,1,36654.2,53072.3,53006.3,52932.7,0.0777306,0.0808856
9|411|9|411|sample|5|274|5|274|70.0,0.0617283950617284,49434,4,5,0,0,1,33048.3,52811.2,52359.9,52069.3,-0.122552,-0.110992
9|411|9|411|sample|5|274|5|274|70.0,0.1851851851851852,45208,5,5,0,0,1,30866.3,49890.4,47756.6,46481.1,-0.117037,-0.0600691
9|411|9|411|sample|5|274|5|274|70.0,0.5555555555555556,30556,6,5,0,0,1,29858.2,38139.4,32178.9,29255.8,-0.110606,0.0974621
9|411|9|411|sample|5|274|5|274|70.0,1.66666666666667,13064,7,5,0,0,1,30989.9,16834.9,11820.3,9963.54,0.230751,0.682441
9|411|9|411|sample|5|274|5|274|70.0,5,2918,8,5,0,0,1,37153,4470.29,3060.28,2593.9,-0.101964,0.274016
9|411|9|411|sample|6|274|6|274|70.0,0.002286236854138,62015,1,6,0,0,1,59828.2,49614.7,49808.4,49611.3,0.537459,0.548304
9|411|9|411|sample|6|274|6|274|70.0,0.0068587105624142,61528,2,6,0,0,1,43423.9,52257,52311.5,52237.7,0.386384,0.39003
9|411|9|411|sample|6|274|6|274|70.0,0.0205761316872428,61845,3,6,0,0,1,36451.3,53114.5,53076.5,53007.9,0.362305,0.365614
9|411|9|411|sample|6|274|6|274|70.0,0.0617283950617284,54318,4,6,0,0,1,32857.5,52852.9,52559.9,52284.8,0.0733555,0.0852825
9|411|9|411|sample|6|274|6|274|70.0,0.1851851851851852,48773,5,6,0,0,1,30688.1,49929.8,48529.8,47284.5,0.0109907,0.0690355
9|411|9|411|sample|6|274|6|274|70.0,0.5555555555555556,29602,6,6,0,0,1,29692.9,38169.7,34092.7,30984.8,-0.288872,-0.0978749
9|411|9|411|sample|6|274|6|274|70.0,1.66666666666667,12240,7,6,0,0,1,30837.6,16848.5,13211.6,11012.3,-0.161274,0.244494
9|411|9|411|sample|6|274|6|274|70.0,5,3840,8,6,0,0,1,37013.5,4474.1,3426.36,2848.9,0.264751,0.76294
9|411|9|411|sample|8|274|8|274|70.0,0.0457247370827617,49844,1,8,0,0,1,51721.9,49165.1,48316.6,48069.3,0.069327,0.0809666
9|411|9|411|sample|8|274|8|274|70.0,0.1371742112482853,46084,2,8,0,0,1,36952.7,49955.5,44917,44611.5,0.0569782,0.072386
9|411|9|411|sample|8|274|8|274|70.0,0.411522633744856,29492,3,8,0,0,1,30496.3,42599.3,28174.3,27657,0.102566,0.145504
9|411|9|411|sample|8|274|8|274|70.0,1.23456790123457,12168,4,8,0,0,1,27004,22890.1,9577.13,9296.13,0.593284,0.677508
9|411|9|411|sample|8|274|8|274|70.0,3.7037037037037,3114,5,8,0,0,1,24765.2,6934.63,2643.65,2575.04,0.390179,0.459016
9|411|9|411|sample|8|274|8|274|70.0,11.1111111111111,1024,6,8,0,0,1,23526,2012.82,1124.44,1110.84,-0.195889,-0.171447
9|411|9|411|sample|8|274|8|274|70.0,33.3333333333333,882,7,8,0,0,1,23988.5,987.582,824.873,821.427,0.151882,0.16172
9|411|9|411|sample|8|274|8|274|70.0,100,778,8,8,0,0,1,28273.1,761.5,735.843,732.506,0.125642,0.136206
9|411|9|411|sample|7|274|7|274|70.0,0.0457247370827617,51443,1,7,0,0,1,51527.8,49207,48156.8,47935.9,0.149656,0.16045
9|411|9|411|sample|7|274|7|274|70.0,0.1371742112482853,47489,2,7,0,0,1,36771,49995.9,44075.5,43882.7,0.169846,0.180229
9|411|9|411|sample|7|274|7|274|70.0,0.411522633744856,28239,3,7,0,0,1,30327.5,42633.1,26464.4,26196,0.147055,0.171039
9|411|9|411|sample|7|274|7|274|70.0,1.23456790123457,11458,4,7,0,0,1,26848.1,22908.1,8658.08,8525.8,0.709212,0.754241
9|411|9|411|sample|7|274|7|274|70.0,3.7037037037037,2676,5,7,0,0,1,24622.2,6940.1,2422.1,2390.76,0.229888,0.261653
9|411|9|411|sample|7|274|7|274|70.0,11.1111111111111,1026,6,7,0,0,1,23395.7,2014.42,1082.3,1075.96,-0.114074,-0.101834
9|411|9|411|sample|7|274|7|274|70.0,33.3333333333333,928,7,7,0,0,1,23870.6,988.381,817.694,815.6,0.295842,0.302233
9|411|9|411|sample|7|274|7|274|70.0,100,848,8,7,0,0,1,28167,762.149,735.074,732.001,0.336912,0.347533
9|411|9|411|sample|9|274|9|274|70.0,0.002286236854138,52761,1,9,0,0,1,60749.3,49442,49642.5,49436.5,0.137766,0.147478
9|411|9|411|sample|9|274|9|274|70.0,0.0068587105624142,58591,2,9,0,0,1,44300.5,52084.4,52137.8,52052.8,0.271441,0.275465
9|411|9|411|sample|9|274|9|274|70.0,0.0205761316872428,53528,3,9,0,0,1,37280.5,52942.2,52859.4,52767.6,0.0277382,0.0316011
9|411|9|411|sample|9|274|9|274|70.0,0.0617283950617284,55935,4,9,0,0,1,33637,52682.5,52115.2,51757.4,0.160741,0.177015
9|411|9|411|sample|9|274|9|274|70.0,0.1851851851851852,49128,5,9,0,0,1,31416.1,49768.8,47091.9,45576.4,0.0948199,0.170897
9|411|9|411|sample|9|274|9|274|70.0,0.5555555555555556,28450,6,9,0,0,1,30368.4,38045.9,30785.3,27563.1,-0.166362,0.0705659
9|411|9|411|sample|9|274|9|274|70.0,1.66666666666667,10662,7,9,0,0,1,31460,16792.9,10918.5,9037.95,-0.0515147,0.394076
9|411|9|411|sample|9|274|9|274|70.0,5,3030,8,9,0,0,1,37583.4,4458.53,2832.64,2376.1,0.152802,0.603533
9|411|9|411|sample|10|274|10|274|70.0,0.002286236854138,53166,1,10,0,0,1,62670.7,49081.9,49301.4,49078.3,0.171907,0.182661
9|411|9|411|sample|10|274|10|274|70.0,0.0068587105624142,61628,2,10,0,0,1,46129,51724.3,51803.3,51703.7,0.415924,0.420949
9|411|9|411|sample|10|274|10|274|70.0,0.0205761316872428,54148,3,10,0,0,1,39010.3,52582.9,52561.1,52468.8,0.0662108,0.0701879
9|411|9|411|sample|10|274|10|274|70.0,0.0617283950617284,54949,4,10,0,0,1,35263.2,52327,52006.9,51719.1,0.124064,0.136957
9|411|9|411|sample|10|274|10|274|70.0,0.1851851851851852,46394,5,10,0,0,1,32934.9,49433,47812.5,46612.4,-0.0650655,-0.0102777
9|411|9|411|sample|10|274|10|274|70.0,0.5555555555555556,30684,6,10,0,0,1,31777.5,37787.7,33088.4,30212.4,-0.159363,0.0342338
9|411|9|411|sample|10|274|10|274|70.0,1.66666666666667,13846,7,10,0,0,1,32758.6,16676.8,12567.4,10607.9,0.223116,0.669445
9|411|9|411|sample|10|274|10|274|70.0,5,3124,8,10,0,0,1,38772.1,4426.06,3253.49,2746.38,-0.0872856,0.301538
9|411|9|411|sample|12|274|12|274|70.0,0.0457247370827617,47309,1,12,0,0,1,70742,45059.6,44476,43863.9,0.139694,0.172246
9|411|9|411|sample|12|274|12|274|70.0,0.1371742112482853,39899,2,12,0,0,1,54748.9,45996.6,41448.6,40234.8,-0.081992,-0.0183033
9|411|9|411|sample|12|274|12|274|70.0,0.411522633744856,26409,3,12,0,0,1,47037.4,39284.4,25909.1,23883.5,0.0423127,0.231902
9|411|9|411|sample|12|274|12|274|70.0,1.23456790123457,9114,4,12,0,0,1,42275.5,21119.3,8771.59,7732.34,0.0856102,0.391871
9|411|9|411|sample|12|274|12|274|70.0,3.7037037037037,2878,5,12,0,0,1,38770.7,6398.16,2424.45,2173.97,0.410268,0.710216
9|411|9|411|sample|12|274|12|274|70.0,11.1111111111111,968,6,12,0,0,1,36286.4,1856.19,1036.5,985.694,-0.144928,-0.0393668
9|411|9|411|sample|12|274|12|274|70.0,33.3333333333333,796,7,12,0,0,1,35541.3,909.316,761.929,749.314,0.098068,0.136638
9|411|9|411|sample|12|274|12|274|70.0,100,796,8,12,0,0,1,38670.1,697.911,677.5,670.123,0.383586,0.411948
9|411|9|411|sample|11|274|11|274|70.0,0.0457247370827617,54260,1,11,0,0,1,58484.1,47705.5,47153.8,46721.2,0.3305,0.353869
9|411|9|411|sample|11|274|11|274|70.0,0.1371742112482853,45084,2,11,0,0,1,43279.7,48548,44606.7,43708.5,0.0234683,0.0690149
9|411|9|411|sample|11|274|11|274|70.0,0.411522633744856,27045,3,11,0,0,1,36377.2,41420.8,29371.2,27619.7,-0.173691,-0.0456338
9|411|9|411|sample|11|274|11|274|70.0,1.23456790123457,12392,4,11,0,0,1,32433.4,22260.5,10474.4,9445.47,0.401492,0.684131
9|411|9|411|sample|11|274|11|274|70.0,3.7037037037037,3032,5,11,0,0,1,29744.5,6743.9,2862.19,2603.33,0.13011,0.361119
9|411|9|411|sample|11|274|11|274|70.0,11.1111111111111,1264,6,11,0,0,1,28062.6,1957.14,1150.64,1099.22,0.216052,0.328755
9|411|9|411|sample|11|274|11|274|70.0,33.3333333333333,860,7,11,0,0,1,28095.8,959.756,812.95,801.752,0.126926,0.159328
9|411|9|411|sample|11|274|11|274|70.0,100,802,8,11,0,0,1,31969.5,738.892,716.923,711.362,0.260252,0.279428
9|411|9|411|cc|1|1|274|1|274|69.0,0,868,1,1,0,1,0,1453.44,659.322,665.142,659.322,0.66885,0.694115
9|411|9|411|cc|2|1|274|1|274|69.0,0,912,2,1,0,1,0,1202.2,697.943,701.864,697.943,0.656598,0.672607
9|411|9|411|cc|3|1|274|1|274|69.0,0,846,3,1,0,1,0,1111.25,711.925,715.159,711.925,0.401231,0.413014
9|411|9|411|cc|4|1|274|1|274|69.0,0,900,4,1,0,1,0,1081.78,716.456,719.467,716.456,0.550299,0.561827
9|411|9|411|cc|5|1|274|1|274|69.0,0,962,5,1,0,1,0,1081.78,716.456,719.467,716.456,0.739286,0.751609
9|411|9|411|cc|6|1|274|1|274|69.0,0,886,6,1,0,1,0,1111.25,711.925,715.159,711.925,0.523892,0.536233
9|411|9|411|cc|7|1|274|1|274|69.0,0,922,7,1,0,1,0,1202.2,697.943,701.864,697.943,0.687844,0.704029
9|411|9|411|cc|8|1|274|1|274|69.0,0,984,8,1,0,1,0,1453.44,659.322,665.142,659.322,1.05132,1.07996
9|411|9|411|vc|1|2|274|2|274|69.0,0,57888,1,2,1,0,0,94213.5,48104.6,48374.5,48104.6,0.431295,0.446019
9|411|9|411|vc|2|2|274|2|274|69.0,0,57026,2,2,1,0,0,74514.9,50766.2,50905.2,50766.2,0.263693,0.270421
9|411|9|411|vc|3|2|274|2|274|69.0,0,62361,3,2,1,0,0,67383.3,51729.7,51821.4,51729.7,0.446034,0.450709
9|411|9|411|vc|4|2|274|2|274|69.0,0,58423,4,2,1,0,0,65072.5,52042,52118.2,52042,0.265296,0.268899
9|411|9|411|vc|5|2|274|2|274|69.0,0,61789,5,2,1,0,0,65072.5,52042,52118.2,52042,0.406932,0.410743
9|411|9|411|vc|6|2|274|2|274|69.0,0,57424,6,2,1,0,0,67383.3,51729.7,51821.4,51729.7,0.237102,0.241406
9|411|9|411|vc|7|2|274|2|274|69.0,0,54022,7,2,1,0,0,74514.9,50766.2,50905.2,50766.2,0.134277,0.14065
9|411|9|411|vc|8|2|274|2|274|69.0,0,54322,8,2,1,0,0,94213.5,48104.6,48374.5,48104.6,0.269629,0.283447
14|705|14|705|sample|3|233|3|233|6.0,0.0004262399999999,8569.7,1,3,0,0,1,66887.1,23260.8,17864.7,15070.5,-1.14105,-0.945999
14|705|14|705|sample|3|233|3|233|6.0,0.0021311999999999,13170.5,2,3,0,0,1,48617.2,30704.4,22821.2,18920.6,-0.927411,-0.666491
14|705|14|705|sample|3|233|3|233|6.0,0.0106559999999999,14214.2,3,3,0,0,1,40359,31700.1,22766.5,18570.2,-0.823832,-0.514426
14|705|14|705|sample|3|233|3|233|6.0,0.0532799999999999,13220.2,4,3,0,0,1,35569.6,30296.7,21015.7,16882,-0.813491,-0.475689
14|705|14|705|sample|3|233|3|233|6.0,0.2663999999999999,12020.3,5,3,0,0,1,32151.6,27846.5,18664.4,14784.4,-0.780682,-0.410014
14|705|14|705|sample|3|233|3|233|6.0,1.332,12993,6,3,0,0,1,29793.2,24610.2,15957.7,12483.6,-0.407441,0.0894866
14|705|14|705|sample|3|233|3|233|6.0,6.66,11949.3,7,3,0,0,1,29273.3,20124.5,12647.4,9789.27,-0.121051,0.483907
14|705|14|705|sample|3|233|3|233|6.0,33.3,7039.65,8,3,0,0,1,32788,12861.9,7850.81,6026.92,-0.226592,0.368511
14|705|14|705|sample|4|233|4|233|6.0,0.0004262399999999,8782.7,1,4,0,0,1,64836.4,24516.3,18278.5,16040.9,-1.13931,-0.992322
14|705|14|705|sample|4|233|4|233|6.0,0.0021311999999999,13475.8,2,4,0,0,1,46690,31889.1,22935,19862.1,-0.904495,-0.705141
14|705|14|705|sample|4|233|4|233|6.0,0.0106559999999999,13979.9,3,4,0,0,1,38569.4,32808.8,22729.3,19442.4,-0.844197,-0.616159
14|705|14|705|sample|4|233|4|233|6.0,0.0532799999999999,13269.9,4,4,0,0,1,33929.3,31325.1,20897.7,17670.7,-0.800486,-0.546173
14|705|14|705|sample|4|233|4|233|6.0,0.2663999999999999,13610.7,5,4,0,0,1,30668.9,28791.7,18507.5,15485.6,-0.580252,-0.265522
14|705|14|705|sample|4|233|4|233|6.0,1.332,13220.2,6,4,0,0,1,28472.1,25470.9,15798.8,13096.4,-0.357937,0.0207258
14|705|14|705|sample|4|233|4|233|6.0,6.66,11935.1,7,4,0,0,1,28112.9,20901,12536.7,10310.7,-0.105243,0.34551
14|705|14|705|sample|4|233|4|233|6.0,33.3,8122.4,8,4,0,0,1,31782.7,13556.1,7882.61,6444.47,0.0667146,0.571003
14|705|14|705|sample|5|233|5|233|6.0,0.0004262399999999,8470.3,1,5,0,0,1,64093.9,24970.8,18854.7,16233.1,-1.20785,-1.04874
14|705|14|705|sample|5|233|5|233|6.0,0.0021311999999999,13064,2,5,0,0,1,45992.3,32318,23570.5,19988.3,-0.977556,-0.759714
14|705|14|705|sample|5|233|5|233|6.0,0.0106559999999999,13880.5,3,5,0,0,1,37921.5,33210.2,23361.5,19531.9,-0.890029,-0.634543
14|705|14|705|sample|5|233|5|233|6.0,0.0532799999999999,14611.8,4,5,0,0,1,33335.5,31697.5,21498.4,17737.1,-0.702507,-0.386417
14|705|14|705|sample|5|233|5|233|6.0,0.2663999999999999,14164.5,5,5,0,0,1,30132.1,29134,19061.8,15536.8,-0.563434,-0.193702
14|705|14|705|sample|5|233|5|233|6.0,1.332,14086.4,6,5,0,0,1,27993.8,25782.5,16294.9,13139.1,-0.297231,0.158107
14|705|14|705|sample|5|233|5|233|6.0,6.66,11246.4,7,5,0,0,1,27692.8,21182.1,12958.2,10353.4,-0.289703,0.189158
14|705|14|705|sample|5|233|5|233|6.0,33.3,8030.1,8,5,0,0,1,31418.7,13807.4,8195.21,6502.01,-0.0441844,0.51541
14|705|14|705|sample|6|233|6|233|6.0,0.0004262399999999,9173.2,1,6,0,0,1,63853.3,25118.1,18785.4,16349.9,-1.12216,-0.962637
14|705|14|705|sample|6|233|6|233|6.0,0.0021311999999999,13177.6,2,6,0,0,1,45766.2,32457,23422.9,20102.4,-0.959259,-0.755461
14|705|14|705|sample|6|233|6|233|6.0,0.0106559999999999,13277,3,6,0,0,1,37711.5,33340.3,23183.3,19638,-0.937104,-0.710364
14|705|14|705|sample|6|233|6|233|6.0,0.0532799999999999,14363.3,4,6,0,0,1,33143,31818.1,21311.8,17833.3,-0.715029,-0.426725
14|705|14|705|sample|6|233|6|233|6.0,0.2663999999999999,13639.1,5,6,0,0,1,29958.2,29244.9,18879.5,15622.5,-0.608733,-0.278422
14|705|14|705|sample|6|233|6|233|6.0,1.332,14072.2,6,6,0,0,1,27838.8,25883.5,16127.8,13214.1,-0.279519,0.142419
14|705|14|705|sample|6|233|6|233|6.0,6.66,11864.1,7,6,0,0,1,27556.7,21273.2,12821,10417.1,-0.163684,0.304635
14|705|14|705|sample|6|233|6|233|6.0,33.3,8058.5,8,6,0,0,1,31300.8,13888.8,8116.49,6552.74,-0.0156685,0.503945
14|705|14|705|sample|7|233|7|233|6.0,0.0004262399999999,7696.4,1,7,0,0,1,63853.3,25118.1,21425.7,16177.7,-1.40529,-1.14973
14|705|14|705|sample|7|233|7|233|6.0,0.0021311999999999,13376.4,2,7,0,0,1,45766.2,32457,27116.2,19872.3,-1.11123,-0.716875
14|705|14|705|sample|7|233|7|233|6.0,0.0106559999999999,14143.2,3,7,0,0,1,37711.5,33340.3,27242.3,19396.2,-1.05451,-0.593943
14|705|14|705|sample|7|233|7|233|6.0,0.0532799999999999,14008.3,4,7,0,0,1,33143,31818.1,25411.4,17599.5,-0.984115,-0.447499
14|705|14|705|sample|7|233|7|233|6.0,0.2663999999999999,15201.1,5,7,0,0,1,29958.2,29244.9,22827,15406.5,-0.732647,-0.029242
14|705|14|705|sample|7|233|7|233|6.0,1.332,15243.7,6,7,0,0,1,27838.8,25883.5,19754.2,13023.3,-0.500748,0.373911
14|705|14|705|sample|7|233|7|233|6.0,6.66,11743.4,7,7,0,0,1,27556.7,21273.2,15889,10261.4,-0.57219,0.316745
14|705|14|705|sample|7|233|7|233|6.0,33.3,6646.31,8,7,0,0,1,31300.8,13888.8,10162.3,6452.17,-0.75877,0.0659881
14|705|14|705|sample|8|233|8|233|6.0,0.0004262399999999,8392.2,1,8,0,0,1,64093.9,24970.8,18909.2,16290,-1.21975,-1.06326
14|705|14|705|sample|8|233|8|233|6.0,0.0021311999999999,13362.2,2,8,0,0,1,45992.3,32318,23645.9,20064.6,-0.953773,-0.732571
14|705|14|705|sample|8|233|8|233|6.0,0.0106559999999999,13610.7,3,8,0,0,1,37921.5,33210.2,23443.2,19612.1,-0.919812,-0.671093
14|705|14|705|sample|8|233|8|233|6.0,0.0532799999999999,14682.8,4,8,0,0,1,33335.5,31697.5,21579.9,17814.8,-0.70092,-0.385558
14|705|14|705|sample|8|233|8|233|6.0,0.2663999999999999,14377.5,5,8,0,0,1,30132.1,29134,19139.2,15608.6,-0.545622,-0.172979
14|705|14|705|sample|8|233|8|233|6.0,1.332,14448.5,6,8,0,0,1,27993.8,25782.5,16365.2,13202.7,-0.256848,0.206941
14|705|14|705|sample|8|233|8|233|6.0,6.66,11296.1,7,8,0,0,1,27692.8,21182.1,13016.9,10405.3,-0.289918,0.187756
14|705|14|705|sample|8|233|8|233|6.0,33.3,7973.3,8,8,0,0,1,31418.7,13807.4,8233.9,6535.48,-0.0694102,0.482478
14|705|14|705|sample|10|233|10|233|6.0,0.0004262399999999,7937.8,1,10,0,0,1,66887.1,31988.9,31956.9,31988.6,-1.64833,-1.64887
14|705|14|705|sample|10|233|10|233|6.0,0.0021311999999999,13213.1,2,10,0,0,1,48617.2,44746.4,44720.1,44730.2,-1.5451,-1.54525
14|705|14|705|sample|10|233|10|233|6.0,0.0106559999999999,14129,3,10,0,0,1,40359,49363.2,48834.8,48728.1,-1.55856,-1.55717
14|705|14|705|sample|10|233|10|233|6.0,0.0532799999999999,10529.3,4,10,0,0,1,35569.6,50788.8,36726.3,34644.2,-1.56432,-1.52654
14|705|14|705|sample|10|233|10|233|6.0,0.2663999999999999,4592.28,5,10,0,0,1,32151.6,48359.9,4046.55,3487.15,0.295761,0.695018
14|705|14|705|sample|10|233|10|233|6.0,1.332,624.871,6,10,0,0,1,29793.2,17529.1,812.735,795.826,-0.506928,-0.471102
14|705|14|705|sample|10|233|10|233|6.0,6.66,342.007,7,10,0,0,1,29273.3,1287.2,652.734,652.495,-1.04399,-1.04357
14|705|14|705|sample|10|233|10|233|6.0,33.3,322.482,8,10,0,0,1,32788,477.864,464.642,465.096,-0.670982,-0.672467
14|705|14|705|sample|9|233|9|233|6.0,0.0004262399999999,8811.1,1,9,0,0,1,64836.4,33715.5,33686,33715.2,-1.61944,-1.61993
14|705|14|705|sample|9|233|9|233|6.0,0.0021311999999999,12531.5,2,9,0,0,1,46690,46473,46452.8,46460.8,-1.60145,-1.60155
14|705|14|705|sample|9|233|9|233|6.0,0.0106559999999999,11991.9,3,9,0,0,1,38569.4,51089.7,50706.7,50613.8,-1.67442,-1.67347
14|705|14|705|sample|9|233|9|233|6.0,0.0532799999999999,11558.8,4,9,0,0,1,33929.3,52512.9,41404.8,39283.7,-1.58084,-1.54778
14|705|14|705|sample|9|233|9|233|6.0,0.2663999999999999,6037.13,5,9,0,0,1,30668.9,50001.6,5511.12,4617.55,0.209317,0.674216
14|705|14|705|sample|9|233|9|233|6.0,1.332,493.095,6,9,0,0,1,28472.1,18142.2,883.159,854.718,-0.96861,-0.927866
14|705|14|705|sample|9|233|9|233|6.0,6.66,340.871,7,9,0,0,1,28112.9,1336.87,679.028,678.458,-1.09215,-1.09123
14|705|14|705|sample|9|233|9|233|6.0,33.3,353.296,8,9,0,0,1,31782.7,503.656,489.804,490.214,-0.611205,-0.61253
14|705|14|705|sample|12|233|12|233|6.0,0.0004262399999999,7476.3,1,12,0,0,1,87663.6,14496.9,14439.3,14496.8,-1.05756,-1.06206
14|705|14|705|sample|12|233|12|233|6.0,0.0021311999999999,6678.97,2,12,0,0,1,68142,27254.4,27211.8,27248.6,-1.65479,-1.65552
14|705|14|705|sample|12|233|12|233|6.0,0.0106559999999999,7568.6,3,12,0,0,1,58489.9,31871.9,31676.5,31628.6,-1.66907,-1.66827
14|705|14|705|sample|12|233|12|233|6.0,0.0532799999999999,6813.87,4,12,0,0,1,52187.7,33321.9,28088.1,26118.8,-1.66105,-1.62094
14|705|14|705|sample|12|233|12|233|6.0,0.2663999999999999,3670.7,5,12,0,0,1,47172.7,31728.4,4665.77,3422.25,-0.467717,0.159211
14|705|14|705|sample|12|233|12|233|6.0,1.332,964.89,6,12,0,0,1,43177.5,11317.9,589.332,548.605,1.39755,1.66411
14|705|14|705|sample|12|233|12|233|6.0,6.66,295.644,7,12,0,0,1,41029.6,784.019,398.673,398.254,-0.566755,-0.565045
14|705|14|705|sample|12|233|12|233|6.0,33.3,337.179,8,12,0,0,1,42972.6,216.561,209.965,210.787,1.32874,1.315
14|705|14|705|sample|11|233|11|233|6.0,0.0004262399999999,7646.7,1,11,0,0,1,72473.6,27285.6,27246.8,27285.4,-1.57759,-1.57846
14|705|14|705|sample|11|233|11|233|6.0,0.0021311999999999,11416.8,2,11,0,0,1,53867.1,40043.1,40017.6,40035.3,-1.5674,-1.56767
14|705|14|705|sample|11|233|11|233|6.0,0.0106559999999999,11999,3,11,0,0,1,45234.1,44660.1,44423.5,44350.6,-1.60071,-1.59974
14|705|14|705|sample|11|233|11|233|6.0,0.0532799999999999,10380.2,4,11,0,0,1,40037.9,46092.3,39033.7,36865.7,-1.60987,-1.57557
14|705|14|705|sample|11|233|11|233|6.0,0.2663999999999999,6246.58,5,11,0,0,1,36190.5,43888,6589.18,5106.94,-0.114027,0.489397
14|705|14|705|sample|11|233|11|233|6.0,1.332,978.38,6,11,0,0,1,33392,15859,830.975,780.843,0.389024,0.5548
14|705|14|705|sample|11|233|11|233|6.0,6.66,338.528,7,11,0,0,1,32434.4,1151.91,586.401,585.431,-0.927014,-0.924917
14|705|14|705|sample|11|233|11|233|6.0,33.3,359.544,8,11,0,0,1,35526.5,407.604,396.203,396.742,-0.202913,-0.205617
14|705|14|705|cc|1|1|233|1|233|69.0,0,381.412,1,1,0,1,0,1453.44,210.265,209.431,210.265,1.80091,1.78506
14|705|14|705|cc|2|1|233|1|233|69.0,0,368.419,2,1,0,1,0,1202.2,395.302,394.74,395.302,-0.146231,-0.149142
14|705|14|705|cc|3|1|233|1|233|69.0,0,363.378,3,1,0,1,0,1111.25,462.292,461.829,462.292,-0.467509,-0.46924
14|705|14|705|cc|4|1|233|1|233|69.0,0,366.573,4,1,0,1,0,1081.78,483.999,483.568,483.999,-0.530592,-0.532074
14|705|14|705|cc|5|1|233|1|233|69.0,0,367.922,5,1,0,1,0,1081.78,483.999,483.568,483.999,-0.524474,-0.525962
14|705|14|705|cc|6|1|233|1|233|69.0,0,383.968,6,1,0,1,0,1111.25,462.292,461.829,462.292,-0.369735,-0.371563
14|705|14|705|cc|7|1|233|1|233|69.0,0,385.317,7,1,0,1,0,1202.2,395.302,394.74,395.302,-0.0523503,-0.0553948
14|705|14|705|cc|8|1|233|1|233|69.0,0,399.588,8,1,0,1,0,1453.44,210.265,209.431,210.265,1.99125,1.97464
14|705|14|705|vc|1|2|233|2|233|69.0,0,8278.6,1,2,1,0,0,94213.5,27285.6,27246.9,27285.6,-1.52673,-1.52768
14|705|14|705|vc|2|2|233|2|233|69.0,0,11360,2,2,1,0,0,74514.9,40043.1,40023.2,40043.1,-1.5706,-1.57091
14|705|14|705|vc|3|2|233|2|233|69.0,0,12957.5,3,2,1,0,0,67383.3,44661.9,44648.7,44661.9,-1.55662,-1.5568
14|705|14|705|vc|4|2|233|2|233|69.0,0,11835.7,4,2,1,0,0,65072.5,46158.5,46147.5,46158.5,-1.6306,-1.63073
14|705|14|705|vc|5|2|233|2|233|69.0,0,12375.3,5,2,1,0,0,65072.5,46158.5,46147.5,46158.5,-1.60496,-1.6051
14|705|14|705|vc|6|2|233|2|233|69.0,0,12176.5,6,2,1,0,0,67383.3,44661.9,44648.7,44661.9,-1.59498,-1.59515
14|705|14|705|vc|7|2|233|2|233|69.0,0,12588.3,7,2,1,0,0,74514.9,40043.1,40023.2,40043.1,-1.50329,-1.50364
14|705|14|705|vc|8|2|233|2|233|69.0,0,7760.3,8,2,1,0,0,94213.5,27285.6,27246.9,27285.6,-1.56845,-1.56934
8|152|8|152|sample|8|322|8|322|65.0,0.0016767999999999,93531,1,8,0,0,1,60836.8,62672.8,62456.2,62586,1.09115,1.08434
8|152|8|152|sample|8|322|8|322|65.0,0.0083839999999999,89173,2,8,0,0,1,43217.5,56479.8,56014.4,55952.9,1.29822,1.30206
8|152|8|152|sample|8|322|8|322|65.0,0.04192,74809,3,8,0,0,1,35241.9,53283,50757.1,50133.6,1.03922,1.07941
8|152|8|152|sample|8|322|8|322|65.0,0.2096,45160,4,8,0,0,1,30616.8,46647.8,35981.4,33906.2,0.559437,0.727899
8|152|8|152|sample|8|322|8|322|65.0,1.048,15135,5,8,0,0,1,27339.1,26537.6,12716.1,11208,0.417178,0.768404
8|152|8|152|sample|8|322|8|322|65.0,5.24,2264,6,8,0,0,1,25090.8,7341.42,2990.77,2657.53,-0.532925,-0.324752
8|152|8|152|sample|8|322|8|322|65.0,26.2,818,7,8,0,0,1,24529.8,1941.5,1171.78,1118.32,-0.662129,-0.588938
8|152|8|152|sample|8|322|8|322|65.0,131,656,8,8,0,0,1,27526.1,1097.26,967.17,960.518,-0.705581,-0.69528
8|152|8|152|sample|7|322|7|322|65.0,0.0016767999999999,91095,1,7,0,0,1,60608.5,62577,62380.4,62504.1,1.0095,1.00316
8|152|8|152|sample|7|322|7|322|65.0,0.0083839999999999,90851,2,7,0,0,1,43005.1,56384.3,56031.8,55941.2,1.36281,1.36857
8|152|8|152|sample|7|322|7|322|65.0,0.04192,78819,3,7,0,0,1,35046.8,53189.3,51318.1,50519.5,1.17524,1.22849
8|152|8|152|sample|7|322|7|322|65.0,0.2096,44579,4,7,0,0,1,30440,46564.7,38256.3,35372.8,0.36245,0.570771
8|152|8|152|sample|7|322|7|322|65.0,1.048,16869,5,7,0,0,1,27181.3,26490.3,14697.6,12275.1,0.324005,0.820744
8|152|8|152|sample|7|322|7|322|65.0,5.24,2542,6,7,0,0,1,24951.9,7328.51,3461.51,2891.54,-0.58256,-0.265107
8|152|8|152|sample|7|322|7|322|65.0,26.2,990,7,7,0,0,1,24409.3,1938.21,1248.48,1155.31,-0.454049,-0.313806
8|152|8|152|sample|7|322|7|322|65.0,131,662,8,7,0,0,1,27422.8,1095.59,978.633,965.433,-0.709558,-0.689275
8|152|8|152|sample|6|322|6|322|65.0,0.0004351999999999,97021,1,6,0,0,1,63806.6,62601.3,62443.7,62585.4,1.21438,1.20667
8|152|8|152|sample|6|322|6|322|65.0,0.0021759999999999,93823,2,6,0,0,1,45726,56533.1,56418.1,56435.3,1.45399,1.45288
8|152|8|152|sample|6|322|6|322|65.0,0.0108799999999999,90270,3,6,0,0,1,37672.3,54141,53699,53512.1,1.49356,1.50643
8|152|8|152|sample|6|322|6|322|65.0,0.0543999999999999,68233,4,6,0,0,1,33102.8,52079.8,49460.1,48319.2,0.83239,0.903826
8|152|8|152|sample|6|322|6|322|65.0,0.2719999999999999,39599,5,6,0,0,1,29916.3,44427.4,34059.1,30713.3,0.356714,0.634477
8|152|8|152|sample|6|322|6|322|65.0,1.36,10738,6,6,0,0,1,27794.7,22732.8,11480.3,9404.4,-0.141803,0.31099
8|152|8|152|sample|6|322|6|322|65.0,6.8,2696,7,6,0,0,1,27508,5975.5,2789.7,2348.51,-0.0736589,0.32449
8|152|8|152|sample|6|322|6|322|65.0,34,918,8,6,0,0,1,31240.1,1820.5,1238.29,1165.07,-0.56725,-0.465071
8|152|8|152|sample|5|322|5|322|65.0,0.0004351999999999,94324,1,5,0,0,1,64047,62697.2,62535.3,62678.3,1.1148,1.10726
8|152|8|152|sample|5|322|5|322|65.0,0.0021759999999999,94458,2,5,0,0,1,45951.9,56628.9,56496.5,56513,1.47358,1.47251
8|152|8|152|sample|5|322|5|322|65.0,0.0108799999999999,93359,3,5,0,0,1,37882,54236.4,53691.1,53492.4,1.62028,1.63444
8|152|8|152|sample|5|322|5|322|65.0,0.0543999999999999,70654,4,5,0,0,1,33294.9,52172.8,48962.8,47773.1,0.971561,1.05037
8|152|8|152|sample|5|322|5|322|65.0,0.2719999999999999,40370,5,5,0,0,1,30090,44506.8,32338.2,29132.7,0.544687,0.845926
8|152|8|152|sample|5|322|5|322|65.0,1.36,8986,6,5,0,0,1,27949.4,22772.9,10337.6,8555.27,-0.286732,0.110415
8|152|8|152|sample|5|322|5|322|65.0,6.8,2416,7,5,0,0,1,27643.9,5985.62,2542.15,2177.63,-0.108824,0.240058
8|152|8|152|sample|5|322|5|322|65.0,34,924,8,5,0,0,1,31357.8,1823.29,1196.81,1137.14,-0.499911,-0.411052
8|152|8|152|sample|12|322|12|322|28.0,0.0014272,79697,1,12,0,0,1,83756.8,72069.8,71335.7,71608.1,0.25705,0.24773
8|152|8|152|sample|12|322|12|322|28.0,0.007136,67002,2,12,0,0,1,64532,65903,62969.3,62999.2,0.140449,0.139341
8|152|8|152|sample|12|322|12|322|28.0,0.03568,48627,3,12,0,0,1,54855.7,62823.2,48009,47442.5,0.0282283,0.0547559
8|152|8|152|sample|12|322|12|322|28.0,0.1784,20494,4,12,0,0,1,48439.6,56428.7,19237.1,18544.5,0.143287,0.230547
8|152|8|152|sample|12|322|12|322|28.0,0.892,5710,5,12,0,0,1,43316.5,34213.8,4342.93,4170.67,0.690333,0.809428
8|152|8|152|sample|12|322|12|322|28.0,4.46,1250,6,12,0,0,1,39222.6,9633,1434.6,1409.99,-0.282194,-0.248839
8|152|8|152|sample|12|322|12|322|28.0,22.3,570,7,12,0,0,1,36884.3,2386.96,1032.23,1031.26,-0.98205,-0.980912
8|152|8|152|sample|12|322|12|322|28.0,111.5,678,8,12,0,0,1,38256.5,1270.6,1056.2,1060,-0.785285,-0.790333
8|152|8|152|sample|11|322|11|322|28.0,0.0014272,86935,1,11,0,0,1,69243.7,66020.2,65566.1,65740,0.714753,0.707058
8|152|8|152|sample|11|322|11|322|28.0,0.007136,80844,2,11,0,0,1,51013.4,59865.5,58166.5,58095.2,0.855014,0.858758
8|152|8|152|sample|11|322|11|322|28.0,0.03568,56954,3,11,0,0,1,42423.5,56870.9,47607.2,46821.3,0.430571,0.474604
8|152|8|152|sample|11|322|11|322|28.0,0.1784,26467,4,11,0,0,1,37162.5,51022.3,22839.8,21565.4,0.348288,0.498458
8|152|8|152|sample|11|322|11|322|28.0,0.892,6328,5,11,0,0,1,33232,30935.8,5461.01,5066.89,0.34817,0.545839
8|152|8|152|sample|11|322|11|322|28.0,4.46,1324,6,11,0,0,1,30333.4,8720.3,1544.43,1481.31,-0.313007,-0.2329
8|152|8|152|sample|11|322|11|322|28.0,22.3,672,7,11,0,0,1,29157.5,2168.28,974.843,966.944,-0.681295,-0.668944
8|152|8|152|sample|11|322|11|322|28.0,111.5,632,8,11,0,0,1,31627.6,1163.94,974.143,975.665,-0.770259,-0.772479
8|152|8|152|sample|10|322|10|322|28.0,0.0004479999999999,91021,1,10,0,0,1,66769.8,63811,63591.4,63747.5,0.945962,0.938273
8|152|8|152|sample|10|322|10|322|28.0,0.00224,88793,2,10,0,0,1,48514.9,57746.6,57335.4,57337.5,1.20325,1.20312
8|152|8|152|sample|10|322|10|322|28.0,0.0111999999999999,78376,3,10,0,0,1,40258.4,55369.9,53071,52686.6,1.04569,1.06931
8|152|8|152|sample|10|322|10|322|28.0,0.0559999999999999,50978,4,10,0,0,1,35466.1,53341.5,41101.4,39387.3,0.526987,0.645368
8|152|8|152|sample|10|322|10|322|28.0,0.2799999999999999,18817,5,10,0,0,1,32043.9,45476.2,16480.9,14743.7,0.310851,0.605878
8|152|8|152|sample|10|322|10|322|28.0,1.4,3464,6,10,0,0,1,29680.2,22640.3,3761.54,3341.78,-0.173472,0.0802086
8|152|8|152|sample|10|322|10|322|28.0,7,1220,7,10,0,0,1,29149.6,5658.59,1288.77,1223.47,-0.117027,-0.00622211
8|152|8|152|sample|10|322|10|322|28.0,35,690,8,10,0,0,1,32635.9,1729.57,995.988,988.166,-0.673756,-0.661729
8|152|8|152|sample|9|322|9|322|28.0,0.0004479999999999,92933,1,9,0,0,1,64722.6,62994.1,62803.2,62946.7,1.05212,1.04472
8|152|8|152|sample|9|322|9|322|28.0,0.00224,84649,2,9,0,0,1,46591.8,56930.1,56631.9,56625,1.08496,1.08536
8|152|8|152|sample|9|322|9|322|28.0,0.0111999999999999,78182,3,9,0,0,1,38473.3,54556.2,52914.2,52535.8,1.04724,1.07058
8|152|8|152|sample|9|322|9|322|28.0,0.0559999999999999,55239,4,9,0,0,1,33830.6,52547.5,43288,41446.8,0.605466,0.729785
8|152|8|152|sample|9|322|9|322|28.0,0.2799999999999999,20004,5,9,0,0,1,30566.2,44799.3,19700.5,17308.9,0.0337897,0.341468
8|152|8|152|sample|9|322|9|322|28.0,1.4,4986,6,9,0,0,1,28364.1,22307.6,4645.6,3982.58,0.160693,0.552546
8|152|8|152|sample|9|322|9|322|28.0,7,1028,7,9,0,0,1,27994.1,5578.58,1422.86,1315.99,-0.608596,-0.479933
8|152|8|152|sample|9|322|9|322|28.0,35,722,8,9,0,0,1,31635.2,1707.42,1007.21,992.689,-0.621014,-0.59801
8|152|8|152|sample|3|322|3|322|22.0,0.0010624,87858,1,3,0,0,1,64659.6,63795,63567.8,63702.5,0.838001,0.831594
8|152|8|152|sample|3|322|3|322|22.0,0.005312,88455,2,3,0,0,1,46688.1,57654.3,57229.1,57111.8,1.19661,1.20356
8|152|8|152|sample|3|322|3|322|22.0,0.02656,77137,3,3,0,0,1,38476.1,54815.2,52655.4,51640.6,1.01964,1.08278
8|152|8|152|sample|3|322|3|322|22.0,0.1328,46188,4,3,0,0,1,33646.4,50215.1,40335.1,36618.8,0.318229,0.573088
8|152|8|152|sample|3|322|3|322|22.0,0.664,17047,5,3,0,0,1,30167.4,34191.1,16654.8,13249.9,0.0516487,0.628482
8|152|8|152|sample|3|322|3|322|22.0,3.32,3062,6,3,0,0,1,27727.3,11628.1,4067.6,3198.81,-0.542176,-0.0937968
8|152|8|152|sample|3|322|3|322|22.0,16.6,1382,7,3,0,0,1,27028.3,2900.59,1383.84,1234.48,-0.00291003,0.262073
8|152|8|152|sample|3|322|3|322|22.0,83,840,8,3,0,0,1,30049.5,1286.96,1018.88,995.756,-0.385027,-0.343039
8|152|8|152|sample|4|322|4|322|22.0,0.0010624,92432,1,4,0,0,1,62677.1,62978.2,62755.2,62904,1.0371,1.02946
8|152|8|152|sample|4|322|4|322|22.0,0.005312,90579,2,4,0,0,1,44837.4,56839.1,56373.9,56403.2,1.33066,1.32882
8|152|8|152|sample|4|322|4|322|22.0,0.02656,76034,3,4,0,0,1,36770,54009.7,51560.5,51436.7,1.04095,1.04874
8|152|8|152|sample|4|322|4|322|22.0,0.1328,50378,4,4,0,0,1,32094.8,49467.7,38490.8,37982,0.677289,0.715743
8|152|8|152|sample|4|322|4|322|22.0,0.664,19217,5,4,0,0,1,28776.2,33682.2,15154.7,14676.9,0.587868,0.678398
8|152|8|152|sample|4|322|4|322|22.0,3.32,3728,6,4,0,0,1,26497.8,11457.2,3674.06,3551.98,0.0321951,0.108682
8|152|8|152|sample|4|322|4|322|22.0,16.6,1054,7,4,0,0,1,25956.9,2859.58,1306.06,1285.9,-0.423242,-0.395497
8|152|8|152|sample|4|322|4|322|22.0,83,902,8,4,0,0,1,29128.2,1270.49,996.009,994.774,-0.206995,-0.204528
8|152|8|152|cc|1|1|322|1|322|69.0,0,712,1,1,0,1,0,1453.44,1045.66,1041.29,1045.66,-0.693522,-0.699791
8|152|8|152|cc|2|1|322|1|322|69.0,0,712,2,1,0,1,0,1202.2,958.103,955.158,958.103,-0.558297,-0.563322
8|152|8|152|cc|3|1|322|1|322|69.0,0,642,3,1,0,1,0,1111.25,926.403,923.974,926.403,-0.66927,-0.673264
8|152|8|152|cc|4|1|322|1|322|69.0,0,720,4,1,0,1,0,1081.78,916.131,913.87,916.131,-0.46524,-0.469505
8|152|8|152|cc|5|1|322|1|322|69.0,0,666,5,1,0,1,0,1081.78,916.131,913.87,916.131,-0.594827,-0.598772
8|152|8|152|cc|6|1|322|1|322|69.0,0,674,6,1,0,1,0,1111.25,926.403,923.974,926.403,-0.593317,-0.597511
8|152|8|152|cc|7|1|322|1|322|69.0,0,722,7,1,0,1,0,1202.2,958.103,955.158,958.103,-0.535336,-0.540432
8|152|8|152|cc|8|1|322|1|322|69.0,0,714,8,1,0,1,0,1453.44,1045.66,1041.29,1045.66,-0.68931,-0.695597
8|152|8|152|vc|1|2|322|2|322|69.0,0,94260,1,2,1,0,0,94213.5,66041.6,65838.8,66041.6,0.946698,0.937056
8|152|8|152|vc|2|2|322|2|322|69.0,0,95803,2,2,1,0,0,74514.9,60004.8,59900.3,60004.8,1.31447,1.30836
8|152|8|152|vc|3|2|322|2|322|69.0,0,99229,3,2,1,0,0,67383.3,57819.2,57750.4,57819.2,1.57515,1.57066
8|152|8|152|vc|4|2|322|2|322|69.0,0,96260,4,2,1,0,0,65072.5,57111,57053.7,57111,1.50704,1.50332
8|152|8|152|vc|5|2|322|2|322|69.0,0,93357,5,2,1,0,0,65072.5,57111,57053.7,57111,1.39545,1.39185
8|152|8|152|vc|6|2|322|2|322|69.0,0,92328,6,2,1,0,0,67383.3,57819.2,57750.4,57819.2,1.31308,1.30891
8|152|8|152|vc|7|2|322|2|322|69.0,0,91784,7,2,1,0,0,74514.9,60004.8,59900.3,60004.8,1.16732,1.16147
8|152|8|152|vc|8|2|322|2|322|69.0,0,89680,8,2,1,0,0,94213.5,66041.6,65838.8,66041.6,0.79414,0.784967
8|1159|8|1159|sample|8|292|8|292|65.0,0.0016767999999999,99593,1,8,0,0,1,60836.8,83320.1,83124.5,83319.8,0.434487,0.428327
8|1159|8|1159|sample|8|292|8|292|65.0,0.0083839999999999,116325,2,8,0,0,1,43217.5,63619.4,63548.4,63613.6,1.82133,1.81721
8|1159|8|1159|sample|8|292|8|292|65.0,0.04192,106706,3,8,0,0,1,35241.9,56428.1,56265.8,56267,1.966,1.96592
8|1159|8|1159|sample|8|292|8|292|65.0,0.2096,68255,4,8,0,0,1,30616.8,52369.7,48600.4,48171.8,0.886904,0.914308
8|1159|8|1159|sample|8|292|8|292|65.0,1.048,14589,5,8,0,0,1,27339.1,26143.3,12207.4,11474.7,0.42786,0.595207
8|1159|8|1159|sample|8|292|8|292|65.0,5.24,848,6,8,0,0,1,25090.8,2374.89,1298.22,1260.7,-0.760556,-0.717923
8|1159|8|1159|sample|8|292|8|292|65.0,26.2,548,7,8,0,0,1,24529.8,983.077,942.248,941.847,-0.917606,-0.917063
8|1159|8|1159|sample|8|292|8|292|65.0,131,584,8,8,0,0,1,27526.1,1215.16,1210.66,1213.44,-1.13517,-1.1376
8|1159|8|1159|sample|7|292|7|292|65.0,0.0016767999999999,101433,1,7,0,0,1,60608.5,83007.3,82813.9,83007.1,0.493069,0.486815
8|1159|8|1159|sample|7|292|7|292|65.0,0.0083839999999999,119429,2,7,0,0,1,43005.1,63306.7,63239.6,63302.2,1.94857,1.94448
8|1159|8|1159|sample|7|292|7|292|65.0,0.04192,110627,3,7,0,0,1,35046.8,56115.7,56009.5,55991.2,2.13856,2.13998
8|1159|8|1159|sample|7|292|7|292|65.0,0.2096,72057,4,7,0,0,1,30440,52067.4,49658.2,48766.6,0.989204,1.04738
8|1159|8|1159|sample|7|292|7|292|65.0,1.048,16805,5,7,0,0,1,27181.3,25992.4,15080.5,12986.5,0.250784,0.644844
8|1159|8|1159|sample|7|292|7|292|65.0,5.24,794,6,7,0,0,1,24951.9,2361.74,1457.18,1337.03,-0.998088,-0.890704
8|1159|8|1159|sample|7|292|7|292|65.0,26.2,548,7,7,0,0,1,24409.3,978.244,943.693,940.246,-0.919559,-0.91489
8|1159|8|1159|sample|7|292|7|292|65.0,131,586,8,7,0,0,1,27422.8,1210.6,1206.38,1209.02,-1.12779,-1.1301
8|1159|8|1159|sample|5|292|5|292|65.0,0.0004351999999999,97161,1,5,0,0,1,64047,83320.2,83124.8,83320.1,0.370315,0.364305
8|1159|8|1159|sample|5|292|5|292|65.0,0.0021759999999999,125765,2,5,0,0,1,45951.9,63621.5,63555.4,63621.2,2.14663,2.14214
8|1159|8|1159|sample|5|292|5|292|65.0,0.0108799999999999,136220,3,5,0,0,1,37882,56486.5,56462.8,56478.3,3.09784,3.09639
8|1159|8|1159|sample|5|292|5|292|65.0,0.0543999999999999,114517,4,5,0,0,1,33294.9,54075.4,53930.4,53829.6,2.46374,2.47246
8|1159|8|1159|sample|5|292|5|292|65.0,0.2719999999999999,61943,5,5,0,0,1,30090,51093.6,47405.5,44997,0.672532,0.825918
8|1159|8|1159|sample|5|292|5|292|65.0,1.36,9970,6,5,0,0,1,27949.4,19799.8,10799.4,8198.48,-0.168435,0.473875
8|1159|8|1159|sample|5|292|5|292|65.0,6.8,728,7,5,0,0,1,27643.9,1938.26,1356.19,1228.41,-1.01583,-0.893374
8|1159|8|1159|sample|5|292|5|292|65.0,34,602,8,5,0,0,1,31357.8,1255.51,1227.95,1225.41,-1.11792,-1.11569
8|1159|8|1159|sample|6|292|6|292|65.0,0.0004351999999999,95565,1,6,0,0,1,63806.6,83007.4,82814.1,83007.4,0.337667,0.331773
8|1159|8|1159|sample|6|292|6|292|65.0,0.0021759999999999,128566,2,6,0,0,1,45726,63308.7,63244.7,63308.5,2.26507,2.26058
8|1159|8|1159|sample|6|292|6|292|65.0,0.0108799999999999,138726,3,6,0,0,1,37672.3,56173.8,56152.1,56165.7,3.225,3.22368
8|1159|8|1159|sample|6|292|6|292|65.0,0.0543999999999999,118728,4,6,0,0,1,33102.8,53763.3,53617.9,53521.5,2.66312,2.67186
8|1159|8|1159|sample|6|292|6|292|65.0,0.2719999999999999,63450,5,6,0,0,1,29916.3,50798.7,47054.8,44794.6,0.764126,0.913333
8|1159|8|1159|sample|6|292|6|292|65.0,1.36,9870,6,6,0,0,1,27794.7,19690.2,10631.8,8201.69,-0.157135,0.446092
8|1159|8|1159|sample|6|292|6|292|65.0,6.8,754,7,6,0,0,1,27508,1928.73,1343.91,1224.66,-0.962648,-0.842835
8|1159|8|1159|sample|6|292|6|292|65.0,34,622,8,6,0,0,1,31240.1,1250.8,1223.12,1220.91,-1.07782,-1.07579
8|1159|8|1159|sample|11|292|11|292|28.0,0.0014272,100576,1,11,0,0,1,69243.7,94213.4,93938,94204.6,0.154969,0.148324
8|1159|8|1159|sample|11|292|11|292|28.0,0.007136,102398,2,11,0,0,1,51013.4,74513.6,74143.2,74271.6,0.835744,0.830506
8|1159|8|1159|sample|11|292|11|292|28.0,0.03568,72564,3,11,0,0,1,42423.5,67340.9,60621.4,60482.8,0.43204,0.438059
8|1159|8|1159|sample|11|292|11|292|28.0,0.1784,17511,4,11,0,0,1,37162.5,63675.1,14012.9,13656.8,0.54747,0.618923
8|1159|8|1159|sample|11|292|11|292|28.0,0.892,1002,5,11,0,0,1,33232,37032.2,1413.27,1398.42,-0.638195,-0.621689
8|1159|8|1159|sample|11|292|11|292|28.0,4.46,496,6,11,0,0,1,30333.4,3343.41,993.487,994.328,-1.09817,-1.0991
8|1159|8|1159|sample|11|292|11|292|28.0,22.3,576,7,11,0,0,1,29157.5,1162.23,1083.09,1085.08,-1.02677,-1.02891
8|1159|8|1159|sample|11|292|11|292|28.0,111.5,544,8,11,0,0,1,31627.6,1374.2,1367.52,1371.4,-1.32066,-1.32313
8|1159|8|1159|sample|12|292|12|292|28.0,0.0014272,84673,1,12,0,0,1,83756.8,113960,113545,113934,-0.55765,-0.563227
8|1159|8|1159|sample|12|292|12|292|28.0,0.007136,82237,2,12,0,0,1,64532,94259.8,93469,93503.4,-0.263537,-0.264247
8|1159|8|1159|sample|12|292|12|292|28.0,0.03568,57156,3,12,0,0,1,54855.7,87075.1,72698.4,67980.9,-0.468863,-0.34921
8|1159|8|1159|sample|12|292|12|292|28.0,0.1784,11396,4,12,0,0,1,48439.6,82997.7,11733.7,8824.48,-0.0631115,0.639077
8|1159|8|1159|sample|12|292|12|292|28.0,0.892,752,5,12,0,0,1,43316.5,48269.8,1574.68,1473.27,-1.14575,-1.07366
8|1159|8|1159|sample|12|292|12|292|28.0,4.46,502,6,12,0,0,1,39222.6,4323.19,1275.21,1275.32,-1.32974,-1.32982
8|1159|8|1159|sample|12|292|12|292|28.0,22.3,554,7,12,0,0,1,36884.3,1470.22,1368.51,1372.3,-1.30527,-1.30772
8|1159|8|1159|sample|12|292|12|292|28.0,111.5,626,8,12,0,0,1,38256.5,1662.23,1653.06,1658.83,-1.36257,-1.36546
8|1159|8|1159|sample|9|292|9|292|28.0,0.0004479999999999,95841,1,9,0,0,1,64722.6,84285.3,84083.5,84285.2,0.306659,0.300678
8|1159|8|1159|sample|9|292|9|292|28.0,0.00224,110983,2,9,0,0,1,46591.8,64586.7,64511.4,64583.2,1.5798,1.57561
8|1159|8|1159|sample|9|292|9|292|28.0,0.0111999999999999,117579,3,9,0,0,1,38473.3,57452.3,57334.1,57343.8,2.3044,2.30364
8|1159|8|1159|sample|9|292|9|292|28.0,0.0559999999999999,86107,4,9,0,0,1,33830.6,55050.6,52105.1,51650.7,1.43111,1.463
8|1159|8|1159|sample|9|292|9|292|28.0,0.2799999999999999,21584,5,9,0,0,1,30566.2,52056.7,18560.7,16801.3,0.357222,0.624291
8|1159|8|1159|sample|9|292|9|292|28.0,1.4,1152,6,9,0,0,1,28364.1,19092.4,1612.9,1505.56,-0.626684,-0.515016
8|1159|8|1159|sample|9|292|9|292|28.0,7,622,7,9,0,0,1,27994.1,1796.74,964.442,961.952,-0.778687,-0.775026
8|1159|8|1159|sample|9|292|9|292|28.0,35,558,8,9,0,0,1,31635.2,1259.34,1224.88,1227.69,-1.19401,-1.19629
8|1159|8|1159|sample|10|292|10|292|28.0,0.0004479999999999,85632,1,10,0,0,1,66769.8,86951.2,86731.9,86951.1,-0.027811,-0.0332694
8|1159|8|1159|sample|10|292|10|292|28.0,0.00224,112052,2,10,0,0,1,48514.9,67252.6,67159.5,67248.3,1.46595,1.46111
8|1159|8|1159|sample|10|292|10|292|28.0,0.0111999999999999,106618,3,10,0,0,1,40258.4,60118.1,59970.7,59986,1.70584,1.70485
8|1159|8|1159|sample|10|292|10|292|28.0,0.0559999999999999,72910,4,10,0,0,1,35466.1,57712,54387.4,53605.6,0.746886,0.789767
8|1159|8|1159|sample|10|292|10|292|28.0,0.2799999999999999,19961,5,10,0,0,1,32043.9,54573.3,18570.4,15913.7,0.164219,0.557751
8|1159|8|1159|sample|10|292|10|292|28.0,1.4,1398,6,10,0,0,1,29680.2,19978.3,1632.07,1479.9,-0.314525,-0.121373
8|1159|8|1159|sample|10|292|10|292|28.0,7,482,7,10,0,0,1,29149.6,1870.9,1002.22,998.528,-1.13835,-1.13445
8|1159|8|1159|sample|10|292|10|292|28.0,35,578,8,10,0,0,1,32635.9,1299.17,1263.39,1266.4,-1.18974,-1.19213
8|1159|8|1159|sample|4|292|4|292|22.0,0.0010624,112128,1,4,0,0,1,62677.1,84285.3,84083.5,84285.2,0.731457,0.724459
8|1159|8|1159|sample|4|292|4|292|22.0,0.005312,130767,2,4,0,0,1,44837.4,64585.4,64512.1,64583.8,2.25231,2.24738
8|1159|8|1159|sample|4|292|4|292|22.0,0.02656,137610,3,4,0,0,1,36770,57421.8,57372.3,57382.7,3.0671,3.06614
8|1159|8|1159|sample|4|292|4|292|22.0,0.1328,112132,4,4,0,0,1,32094.8,54291.6,53678.2,53322.5,2.38818,2.41874
8|1159|8|1159|sample|4|292|4|292|22.0,0.664,38749,5,4,0,0,1,28776.2,38751.8,31918.7,28815.3,0.469295,0.756033
8|1159|8|1159|sample|4|292|4|292|22.0,3.32,2926,6,4,0,0,1,26497.8,5292.61,3503.11,2975.15,-0.36129,-0.0362299
8|1159|8|1159|sample|4|292|4|292|22.0,16.6,542,7,4,0,0,1,25956.9,1139.76,1054.5,1031.8,-1.06586,-1.04106
8|1159|8|1159|sample|4|292|4|292|22.0,83,574,8,4,0,0,1,29128.2,1235.97,1228.95,1230.74,-1.16876,-1.17025
8|1159|8|1159|sample|3|292|3|292|22.0,0.0010624,108512,1,3,0,0,1,64659.6,86951.2,86731.8,86951,0.550724,0.543808
8|1159|8|1159|sample|3|292|3|292|22.0,0.005312,131884,2,3,0,0,1,46688.1,67251.2,67159.5,67248.6,2.11355,2.10785
8|1159|8|1159|sample|3|292|3|292|22.0,0.02656,133282,3,3,0,0,1,38476.1,60086.2,59995,60022.2,2.67895,2.67673
8|1159|8|1159|sample|3|292|3|292|22.0,0.1328,105629,4,3,0,0,1,33646.4,56916.3,55691.2,55342.9,1.9665,1.99268
8|1159|8|1159|sample|3|292|3|292|22.0,0.664,36126,5,3,0,0,1,30167.4,40625.2,28848.5,26426.4,0.553239,0.804944
8|1159|8|1159|sample|3|292|3|292|22.0,3.32,2310,6,3,0,0,1,27727.3,5538.19,2916.17,2605.2,-0.455859,-0.248501
8|1159|8|1159|sample|3|292|3|292|22.0,16.6,688,7,3,0,0,1,27028.3,1186.8,1064.33,1052,-0.77543,-0.758811
8|1159|8|1159|sample|3|292|3|292|22.0,83,592,8,3,0,0,1,30049.5,1275.06,1266.06,1268.6,-1.1676,-1.16966
8|1159|8|1159|cc|1|1|292|1|292|69.0,0,640,1,1,0,1,0,1453.44,1653.13,1647.37,1653.13,-1.34107,-1.34403
8|1159|8|1159|cc|2|1|292|1|292|69.0,0,616,2,1,0,1,0,1202.2,1367.38,1363.5,1367.38,-1.20229,-1.2051
8|1159|8|1159|cc|3|1|292|1|292|69.0,0,690,3,1,0,1,0,1111.25,1263.92,1260.73,1263.92,-0.992794,-0.99583
8|1159|8|1159|cc|4|1|292|1|292|69.0,0,614,4,1,0,1,0,1081.78,1230.4,1227.43,1230.4,-1.09602,-1.09867
8|1159|8|1159|cc|5|1|292|1|292|69.0,0,622,5,1,0,1,0,1081.78,1230.4,1227.43,1230.4,-1.08173,-1.08441
8|1159|8|1159|cc|6|1|292|1|292|69.0,0,654,6,1,0,1,0,1111.25,1263.92,1260.73,1263.92,-1.05542,-1.05829
8|1159|8|1159|cc|7|1|292|1|292|69.0,0,732,7,1,0,1,0,1202.2,1367.38,1363.5,1367.38,-1.01571,-1.01905
8|1159|8|1159|cc|8|1|292|1|292|69.0,0,670,8,1,0,1,0,1453.44,1653.13,1647.37,1653.13,-1.30113,-1.30423
8|1159|8|1159|vc|1|2|292|2|292|69.0,0,114165,1,2,1,0,0,94213.5,94213.5,93946.5,94213.5,0.471975,0.464424
8|1159|8|1159|vc|2|2|292|2|292|69.0,0,136148,2,2,1,0,0,74514.9,74514.9,74377.4,74514.9,1.82134,1.81394
8|1159|8|1159|vc|3|2|292|2|292|69.0,0,149475,3,2,1,0,0,67383.3,67383.3,67292.7,67383.3,2.67832,2.67177
8|1159|8|1159|vc|4|2|292|2|292|69.0,0,146290,4,2,1,0,0,65072.5,65072.5,64997,65072.5,2.74291,2.73719
8|1159|8|1159|vc|5|2|292|2|292|69.0,0,136813,5,2,1,0,0,65072.5,65072.5,64997,65072.5,2.42315,2.41779
8|1159|8|1159|vc|6|2|292|2|292|69.0,0,141806,6,2,1,0,0,67383.3,67383.3,67292.7,67383.3,2.42839,2.42217
8|1159|8|1159|vc|7|2|292|2|292|69.0,0,125865,7,2,1,0,0,74514.9,74514.9,74377.4,74514.9,1.51814,1.5113
8|1159|8|1159|vc|8|2|292|2|292|69.0,0,112168,8,2,1,0,0,94213.5,94213.5,93946.5,94213.5,0.425358,0.417938
8|1197|8|1197|sample|7|103|7|103|65.0,0.0016767999999999,74837,1,7,0,0,1,60608.5,55129.9,55064.8,55097.7,0.787465,0.78569
8|1197|8|1197|sample|7|103|7|103|65.0,0.0083839999999999,71977,2,7,0,0,1,43005.1,54098.1,53302.7,53212.1,0.76833,0.773372
8|1197|8|1197|sample|7|103|7|103|65.0,0.04192,42847,3,7,0,0,1,35046.8,53656.2,37897.9,36484.6,0.286394,0.382438
8|1197|8|1197|sample|7|103|7|103|65.0,0.2096,5272,4,7,0,0,1,30440,51639.4,4797.43,4358.93,0.216941,0.459383
8|1197|8|1197|sample|7|103|7|103|65.0,1.048,660,5,7,0,0,1,27181.3,25906.1,932.454,914.689,-0.640792,-0.610645
8|1197|8|1197|sample|7|103|7|103|65.0,5.24,592,6,7,0,0,1,24951.9,2415.47,787.39,786.809,-0.544208,-0.54299
8|1197|8|1197|sample|7|103|7|103|65.0,26.2,544,7,7,0,0,1,24409.3,846.988,787.509,787.663,-0.678127,-0.678423
8|1197|8|1197|sample|7|103|7|103|65.0,131,580,8,7,0,0,1,27422.8,804.608,801.951,802.484,-0.606962,-0.608014
8|1197|8|1197|sample|8|103|8|103|65.0,0.0016767999999999,74846,1,8,0,0,1,60836.8,55146.2,55082.9,55114.4,0.786848,0.785143
8|1197|8|1197|sample|8|103|8|103|65.0,0.0083839999999999,76735,2,8,0,0,1,43217.5,54114.5,53375.2,53239.2,0.959801,0.967855
8|1197|8|1197|sample|8|103|8|103|65.0,0.04192,41404,3,8,0,0,1,35241.9,53672.6,38740.6,36643.6,0.150773,0.284902
8|1197|8|1197|sample|8|103|8|103|65.0,0.2096,5378,4,8,0,0,1,30616.8,51655.2,5090.65,4403.02,0.123791,0.485619
8|1197|8|1197|sample|8|103|8|103|65.0,1.048,706,5,8,0,0,1,27339.1,25914,944.727,916.687,-0.554174,-0.504045
8|1197|8|1197|sample|8|103|8|103|65.0,5.24,542,6,8,0,0,1,25090.8,2416.21,788.048,787.109,-0.68473,-0.682931
8|1197|8|1197|sample|8|103|8|103|65.0,26.2,550,7,8,0,0,1,24529.8,847.244,787.756,787.903,-0.661899,-0.662184
8|1197|8|1197|sample|8|103|8|103|65.0,131,550,8,8,0,0,1,27526.1,804.846,802.184,802.722,-0.689438,-0.690445
8|1197|8|1197|sample|6|103|6|103|65.0,0.0004351999999999,82107,1,6,0,0,1,63806.6,55130,55091.1,55127.5,1.07545,1.07329
8|1197|8|1197|sample|6|103|6|103|65.0,0.0021759999999999,94216,2,6,0,0,1,45726,54100.5,54027.2,54031.4,1.63134,1.63104
8|1197|8|1197|sample|6|103|6|103|65.0,0.0108799999999999,78272,3,6,0,0,1,37672.3,53723.7,52042,51834.9,1.10534,1.11852
8|1197|8|1197|sample|6|103|6|103|65.0,0.0543999999999999,33061,4,6,0,0,1,33102.8,53484.2,28075.1,26466.7,0.389468,0.546415
8|1197|8|1197|sample|6|103|6|103|65.0,0.2719999999999999,2724,5,6,0,0,1,29916.3,50310.8,2690.61,2478.54,0.0272128,0.217189
8|1197|8|1197|sample|6|103|6|103|65.0,1.36,578,6,6,0,0,1,27794.7,19061.9,851.643,843.717,-0.704659,-0.690676
8|1197|8|1197|sample|6|103|6|103|65.0,6.8,604,7,6,0,0,1,27508,1756.19,789.782,789.676,-0.51588,-0.515655
8|1197|8|1197|sample|6|103|6|103|65.0,34,546,8,6,0,0,1,31240.1,837.739,802.033,802.556,-0.700092,-0.701065
8|1197|8|1197|sample|5|103|5|103|65.0,0.0004351999999999,85902,1,5,0,0,1,64047,55146.3,55107.7,55144.2,1.22549,1.22323
8|1197|8|1197|sample|5|103|5|103|65.0,0.0021759999999999,97095,2,5,0,0,1,45951.9,54116.9,54060.2,54057.1,1.7458,1.74603
8|1197|8|1197|sample|5|103|5|103|65.0,0.0108799999999999,87358,3,5,0,0,1,37882,53740,52514.1,52099,1.45513,1.4842
8|1197|8|1197|sample|5|103|5|103|65.0,0.0543999999999999,36940,4,5,0,0,1,33294.9,53500.5,32315.9,28395.2,0.313808,0.659947
8|1197|8|1197|sample|5|103|5|103|65.0,0.2719999999999999,2878,5,5,0,0,1,30090,50326.1,3389.77,2735.4,-0.331099,0.114324
8|1197|8|1197|sample|5|103|5|103|65.0,1.36,646,6,5,0,0,1,27949.4,19067.7,878.62,853.614,-0.580628,-0.533393
8|1197|8|1197|sample|5|103|5|103|65.0,6.8,580,7,5,0,0,1,27643.9,1756.72,790.962,790.256,-0.584926,-0.583489
8|1197|8|1197|sample|5|103|5|103|65.0,34,628,8,5,0,0,1,31357.8,837.987,802.299,802.806,-0.476442,-0.477526
8|1197|8|1197|sample|12|103|12|103|28.0,0.0014272,64032,1,12,0,0,1,83756.8,56747.2,56551.5,56612,0.290094,0.287438
8|1197|8|1197|sample|12|103|12|103|28.0,0.007136,55335,2,12,0,0,1,64532,55715.7,52686.3,52398,0.110253,0.122927
8|1197|8|1197|sample|12|103|12|103|28.0,0.03568,22894,3,12,0,0,1,54855.7,55284.1,22386.7,20944.6,0.0496973,0.204116
8|1197|8|1197|sample|12|103|12|103|28.0,0.1784,2488,4,12,0,0,1,48439.6,53647.2,2114.24,1978.26,0.387694,0.565094
8|1197|8|1197|sample|12|103|12|103|28.0,0.892,422,5,12,0,0,1,43316.5,31167.6,853.795,848.982,-1.10911,-1.10297
8|1197|8|1197|sample|12|103|12|103|28.0,4.46,484,6,12,0,0,1,39222.6,3281.44,806.853,807.258,-0.877531,-0.87819
8|1197|8|1197|sample|12|103|12|103|28.0,22.3,418,7,12,0,0,1,36884.3,909.177,810.309,811.039,-1.06177,-1.06279
8|1197|8|1197|sample|12|103|12|103|28.0,111.5,586,8,12,0,0,1,38256.5,829.73,824.864,825.958,-0.635068,-0.637131
8|1197|8|1197|sample|10|103|10|103|28.0,0.0004479999999999,78110,1,10,0,0,1,66769.8,55336,55290.2,55330.6,0.905142,0.902877
8|1197|8|1197|sample|10|103|10|103|28.0,0.00224,84573,2,10,0,0,1,48514.9,54306.5,54176.7,54165.5,1.23044,1.23115
8|1197|8|1197|sample|10|103|10|103|28.0,0.0111999999999999,58621,3,10,0,0,1,40258.4,53928.5,51098.2,50446,0.322869,0.355396
8|1197|8|1197|sample|10|103|10|103|28.0,0.0559999999999999,24817,4,10,0,0,1,35466.1,53664.4,22063.7,19298,0.273666,0.627195
8|1197|8|1197|sample|10|103|10|103|28.0,0.2799999999999999,1870,5,10,0,0,1,32043.9,50123.8,2089.47,1833.8,-0.230353,0.0432935
8|1197|8|1197|sample|10|103|10|103|28.0,1.4,510,6,10,0,0,1,29680.2,18592.4,835.414,825.451,-0.854253,-0.838093
8|1197|8|1197|sample|10|103|10|103|28.0,7,484,7,10,0,0,1,29149.6,1787.47,792.104,791.968,-0.853035,-0.852806
8|1197|8|1197|sample|10|103|10|103|28.0,111.5,602,8,10,0,0,1,29189.6,809.095,804.817,805.42,-0.552661,-0.553889
8|1197|8|1197|sample|9|103|9|103|28.0,0.0004479999999999,78594,1,9,0,0,1,64722.6,55196.7,55154.5,55191.7,0.932008,0.9299
8|1197|8|1197|sample|9|103|9|103|28.0,0.00224,83899,2,9,0,0,1,46591.8,54167.2,54048.7,54036.8,1.2112,1.21195
8|1197|8|1197|sample|9|103|9|103|28.0,0.0111999999999999,69732,3,9,0,0,1,38473.3,53789.2,51154,50554.2,0.796475,0.831945
8|1197|8|1197|sample|9|103|9|103|28.0,0.0559999999999999,27611,4,9,0,0,1,33830.6,53525.5,22920.9,20169.2,0.44875,0.809168
8|1197|8|1197|sample|9|103|9|103|28.0,0.2799999999999999,1566,5,9,0,0,1,30566.2,49994.1,2178.03,1909.81,-0.616255,-0.394802
8|1197|8|1197|sample|9|103|9|103|28.0,1.4,560,6,9,0,0,1,28364.1,18544.4,837.031,826.493,-0.725837,-0.707128
8|1197|8|1197|sample|9|103|9|103|28.0,7,566,7,9,0,0,1,27994.1,1782.88,790.261,790.057,-0.622351,-0.621946
8|1197|8|1197|sample|9|103|9|103|28.0,35,568,8,9,0,0,1,31635.2,842.265,802.909,803.45,-0.641631,-0.642676
8|1197|8|1197|sample|3|103|3|103|22.0,0.0010624,83416,1,3,0,0,1,64659.6,55336,55289,55329.3,1.11567,1.11326
8|1197|8|1197|sample|3|103|3|103|22.0,0.005312,89383,2,3,0,0,1,46688.1,54306.4,54087,54059.1,1.43115,1.43302
8|1197|8|1197|sample|3|103|3|103|22.0,0.02656,58909,3,3,0,0,1,38476.1,53919.3,47247.4,45993.4,0.541291,0.615844
8|1197|8|1197|sample|3|103|3|103|22.0,0.1328,9266,4,3,0,0,1,33646.4,53262.1,9028.13,7727.33,0.057783,0.436685
8|1197|8|1197|sample|3|103|3|103|22.0,0.664,850,5,3,0,0,1,30167.4,38745.6,1040.45,994.031,-0.401439,-0.317765
8|1197|8|1197|sample|3|103|3|103|22.0,3.32,606,6,3,0,0,1,27727.3,4107.48,791.899,790.774,-0.514825,-0.512437
8|1197|8|1197|sample|3|103|3|103|22.0,16.6,578,7,3,0,0,1,27028.3,884.861,790.526,790.74,-0.589586,-0.590021
8|1197|8|1197|sample|3|103|3|103|22.0,83,552,8,3,0,0,1,30049.5,808.121,804.975,805.579,-0.689203,-0.69033
8|1197|8|1197|sample|4|103|4|103|22.0,0.0010624,79953,1,4,0,0,1,62677.1,55196.7,55153.3,55188.8,0.986115,0.984069
8|1197|8|1197|sample|4|103|4|103|22.0,0.005312,90004,2,4,0,0,1,44837.4,54167.1,53959.7,53874.1,1.46494,1.47075
8|1197|8|1197|sample|4|103|4|103|22.0,0.02656,58715,3,4,0,0,1,36770,53780.1,47365.1,44637.3,0.525514,0.691651
8|1197|8|1197|sample|4|103|4|103|22.0,0.1328,7962,4,4,0,0,1,32094.8,53124.2,9296.23,6730.88,-0.314757,0.401125
8|1197|8|1197|sample|4|103|4|103|22.0,0.664,770,5,4,0,0,1,28776.2,38645.3,1048.58,958.198,-0.582645,-0.430736
8|1197|8|1197|sample|4|103|4|103|22.0,3.32,568,6,4,0,0,1,26497.8,4096.87,790.191,787.843,-0.61666,-0.611963
8|1197|8|1197|sample|4|103|4|103|22.0,16.6,564,7,4,0,0,1,25956.9,882.591,788.553,788.688,-0.624511,-0.624779
8|1197|8|1197|sample|4|103|4|103|22.0,83,596,8,4,0,0,1,29128.2,806.087,802.996,803.55,-0.565328,-0.566451
8|1197|8|1197|sample|11|103|11|103|28.0,0.0014272,67698,1,11,0,0,1,69243.7,55715.4,55572,55610.8,0.478536,0.47667
8|1197|8|1197|sample|11|103|11|103|28.0,0.007136,59779,2,11,0,0,1,51013.4,54683.9,52337.9,52085.4,0.311795,0.323939
8|1197|8|1197|sample|11|103|11|103|28.0,0.03568,23906,3,11,0,0,1,42423.5,54253.4,25157.7,23606.6,-0.109115,0.0278156
8|1197|8|1197|sample|11|103|11|103|28.0,0.1784,2906,4,11,0,0,1,37162.5,52644.9,2419.38,2243.11,0.441097,0.648099
8|1197|8|1197|sample|11|103|11|103|28.0,0.892,526,5,11,0,0,1,33232,30585.3,851.872,845.045,-0.838928,-0.827987
8|1197|8|1197|sample|11|103|11|103|28.0,4.46,512,6,11,0,0,1,30333.4,3220.26,792.675,792.659,-0.776535,-0.776506
8|1197|8|1197|sample|11|103|11|103|28.0,22.3,520,7,11,0,0,1,29157.5,892.34,795.668,796.037,-0.759812,-0.760476
8|1197|8|1197|sample|11|103|11|103|28.0,35,602,8,11,0,0,1,35361.6,850.181,810.238,810.97,-0.563637,-0.565108
8|1197|8|1197|cc|1|1|103|1|103|69.0,0,606,1,1,0,1,0,1453.44,823.027,821.937,823.027,-0.576156,-0.578298
8|1197|8|1197|cc|2|1|103|1|103|69.0,0,666,2,1,0,1,0,1202.2,808.099,807.364,808.099,-0.383992,-0.385636
8|1197|8|1197|cc|3|1|103|1|103|69.0,0,676,3,1,0,1,0,1111.25,802.694,802.089,802.694,-0.344751,-0.346145
8|1197|8|1197|cc|4|1|103|1|103|69.0,0,624,4,1,0,1,0,1081.78,800.943,800.379,800.943,-0.483285,-0.484489
8|1197|8|1197|cc|5|1|103|1|103|69.0,0,566,5,1,0,1,0,1081.78,800.943,800.379,800.943,-0.642207,-0.643299
8|1197|8|1197|cc|6|1|103|1|103|69.0,0,622,6,1,0,1,0,1111.25,802.694,802.089,802.694,-0.492397,-0.493681
8|1197|8|1197|cc|7|1|103|1|103|69.0,0,690,7,1,0,1,0,1202.2,808.099,807.364,808.099,-0.3188,-0.320504
8|1197|8|1197|cc|8|1|103|1|103|69.0,0,642,8,1,0,1,0,1453.44,823.027,821.937,823.027,-0.480102,-0.482371
8|1197|8|1197|vc|1|2|103|2|103|69.0,0,87946,1,2,1,0,0,94213.5,55715.5,55664.9,55715.5,1.2718,1.26865
8|1197|8|1197|vc|2|2|103|2|103|69.0,0,107862,2,2,1,0,0,74514.9,54686.2,54660.2,54686.2,2.13456,2.13249
8|1197|8|1197|vc|3|2|103|2|103|69.0,0,103669,3,2,1,0,0,67383.3,54313.6,54296.4,54313.6,1.99419,1.99287
8|1197|8|1197|vc|4|2|103|2|103|69.0,0,103811,4,2,1,0,0,65072.5,54192.8,54178.5,54192.8,2.00905,2.00794
8|1197|8|1197|vc|5|2|103|2|103|69.0,0,109061,5,2,1,0,0,65072.5,54192.8,54178.5,54192.8,2.22156,2.2204
8|1197|8|1197|vc|6|2|103|2|103|69.0,0,103883,6,2,1,0,0,67383.3,54313.6,54296.4,54313.6,2.00283,2.00151
8|1197|8|1197|vc|7|2|103|2|103|69.0,0,108538,7,2,1,0,0,74514.9,54686.2,54660.2,54686.2,2.16168,2.1596
8|1197|8|1197|vc|8|2|103|2|103|69.0,0,81945,8,2,1,0,0,94213.5,55715.5,55664.9,55715.5,1.03537,1.03244
