id,f_SAEM,h_SAEM,s_SAEM,L_gap_SAEM,eta_alpha_SAEM,f_mode,h_mode,s_mode,L_gap_mode,eta_alpha_mode,mab_virus,run_id
411|4,1.21354,0.900476,2.2269,-175.85,0.0935004,1.19876,0.900476,2.21143,-175.85,0.0983555,70.0|274,411
411|3,1.21354,0.900476,3.00546,-175.85,0.0935004,1.19876,0.900476,3.00177,-175.85,0.0983555,70.0|274,411
411|5,1.21354,0.900476,2.01039,-175.85,0.0935004,1.19876,0.900476,2.04204,-175.85,0.0983555,70.0|274,411
411|6,1.21354,0.900476,1.91516,-175.85,0.0935004,1.19876,0.900476,1.93897,-175.85,0.0983555,70.0|274,411
411|8,1.21354,0.900476,2.54226,-175.85,0.0935004,1.19876,0.900476,2.55176,-175.85,0.0983555,70.0|274,411
411|7,1.21354,0.900476,2.65961,-175.85,0.0935004,1.19876,0.900476,2.66411,-175.85,0.0983555,70.0|274,411
411|9,1.21354,0.900476,2.10994,-175.85,0.0935004,1.19876,0.900476,2.11987,-175.85,0.0983555,70.0|274,411
411|10,1.21354,0.900476,1.88306,-175.85,0.0935004,1.19876,0.900476,1.96153,-175.85,0.0983555,70.0|274,411
411|12,1.21354,0.900476,2.56276,-175.85,0.0935004,1.19876,0.900476,2.59394,-175.85,0.0983555,70.0|274,411
411|11,1.21354,0.900476,2.47534,-175.85,0.0935004,1.19876,0.900476,2.46447,-175.85,0.0983555,70.0|274,411
411|1,1.21354,3.7519,10.9041,-174.692,-5.264e-10,1.19876,3.7519,1,-174.692,-6.50347e-10,69.0|274,411
411|2,1.21354,3.7519,10.2297,-174.692,-5.264e-10,1.19876,3.7519,1,-174.692,-6.50347e-10,69.0|274,411
152|8,1.21354,0.542941,3.17694,-178.81,0.000355733,1.19876,0.542941,3.20514,-178.81,0.000370834,65.0|322,152
152|7,1.21354,0.542941,3.01577,-178.81,0.000355733,1.19876,0.542941,3.05674,-178.81,0.000370834,65.0|322,152
152|6,1.21354,0.542941,3.06193,-178.81,0.000355733,1.19876,0.542941,3.04123,-178.81,0.000370834,65.0|322,152
152|5,1.21354,0.542941,3.09047,-178.81,0.000355733,1.19876,0.542941,3.12896,-178.81,0.000370834,65.0|322,152
152|12,1.21354,0.536665,4.69617,-173.225,0.0825579,1.19876,0.536665,4.74949,-173.225,0.0814382,28.0|322,152
152|11,1.21354,0.536665,4.52673,-173.225,0.0825579,1.19876,0.536665,4.55276,-173.225,0.0814382,28.0|322,152
152|10,1.21354,0.536665,4.40327,-173.225,0.0825579,1.19876,0.536665,4.47619,-173.225,0.0814382,28.0|322,152
152|9,1.21354,0.536665,4.24376,-173.225,0.0825579,1.19876,0.536665,4.30679,-173.225,0.0814382,28.0|322,152
152|3,1.21354,0.557321,3.26629,-174.274,1.00592e-06,1.19876,0.557321,3.27071,-174.274,9.80233e-07,22.0|322,152
152|4,1.21354,0.557321,3.32782,-174.274,1.00592e-06,1.19876,0.557321,3.29109,-174.274,9.80233e-07,22.0|322,152
152|1,1.21354,2.79255,14.7198,-174.44,-6.01586e-10,1.19876,2.79255,1,-174.44,-5.64571e-10,69.0|322,152
152|2,1.21354,2.79255,5.80017,-174.44,-6.01586e-10,1.19876,2.79255,1,-174.44,-5.64571e-10,69.0|322,152
1056|8,1.21354,1.34438,6.06528,-174.463,-0.0991671,1.19876,1.34438,6.10328,-174.463,-0.102858,65.0|276,1056
1056|7,1.21354,1.34438,6.1033,-174.463,-0.0991671,1.19876,1.34438,6.20388,-174.463,-0.102858,65.0|276,1056
1056|6,1.21354,1.34438,5.52283,-174.463,-0.0991671,1.19876,1.34438,5.54287,-174.463,-0.102858,65.0|276,1056
1056|5,1.21354,1.34438,5.85753,-174.463,-0.0991671,1.19876,1.34438,5.87265,-174.463,-0.102858,65.0|276,1056
1056|12,1.21354,1.31492,35.6846,-177.618,-0.00057073,1.19876,1.31492,36.5429,-177.618,-0.000547124,28.0|276,1056
1056|11,1.21354,1.31492,32.5277,-177.618,-0.00057073,1.19876,1.31492,32.9227,-177.618,-0.000547124,28.0|276,1056
1056|10,1.21354,1.31492,19.0528,-177.618,-0.00057073,1.19876,1.31492,19.3254,-177.618,-0.000547124,28.0|276,1056
1056|9,1.21354,1.31492,17.5623,-177.618,-0.00057073,1.19876,1.31492,18.2415,-177.618,-0.000547124,28.0|276,1056
1056|4,1.21354,1.33536,8.13892,-176.554,7.65529e-13,1.19876,1.33536,8.26854,-176.554,6.13405e-13,22.0|276,1056
1056|3,1.21354,1.33536,8.80416,-176.554,7.65529e-13,1.19876,1.33536,8.96673,-176.554,6.13405e-13,22.0|276,1056
1056|1,1.21354,-0.735579,17.1097,-177.963,-0.00114049,1.19876,-0.735579,1,-177.963,-0.000963924,69.0|276,1056
1056|2,1.21354,-0.735579,15.7796,-177.963,-0.00114049,1.19876,-0.735579,1.06693,-177.963,-0.000963924,69.0|276,1056
462|6,1.21354,-0.21846,0.22857,-178.171,1.22277e-06,1.19876,-0.21846,0.245993,-178.171,1.236e-06,55.0|292,462
462|5,1.21354,-0.21846,0.177909,-178.171,1.22277e-06,1.19876,-0.21846,0.215677,-178.171,1.236e-06,55.0|292,462
462|4,1.21354,-0.21846,0.115953,-178.171,1.22277e-06,1.19876,-0.21846,0.142779,-178.171,1.236e-06,55.0|292,462
462|3,1.21354,-0.21846,0.0955173,-178.171,1.22277e-06,1.19876,-0.21846,0.126234,-178.171,1.236e-06,55.0|292,462
462|9,1.21354,1.48027,60.5312,-174.512,0.14409,1.19876,1.48027,60.0726,-174.512,0.14483,32.0|292,462
462|10,1.21354,1.48027,59.2336,-174.512,0.14409,1.19876,1.48027,59.8811,-174.512,0.14483,32.0|292,462
462|7,1.21354,1.48027,53.9381,-174.512,0.14409,1.19876,1.48027,53.7471,-174.512,0.14483,32.0|292,462
462|8,1.21354,1.48027,52.7669,-174.512,0.14409,1.19876,1.48027,53.106,-174.512,0.14483,32.0|292,462
462|11,1.21354,1.20522,3.77964,-176.406,-0.191845,1.19876,1.20522,3.88937,-176.406,-0.188165,22.0|292,462
462|12,1.21354,1.20522,3.50967,-176.406,-0.191845,1.19876,1.20522,3.35696,-176.406,-0.188165,22.0|292,462
462|1,1.21354,-3.79026,22.1254,-176.413,0.00088296,1.19876,-3.79026,1,-176.413,0.000930575,69.0|292,462
462|2,1.21354,-3.79026,12.5235,-176.413,0.00088296,1.19876,-3.79026,1,-176.413,0.000930575,69.0|292,462
1159|8,1.21354,1.29123,3.9474,-175.665,0.149246,1.19876,1.29123,4.01986,-175.665,0.149154,65.0|292,1159
1159|7,1.21354,1.29123,3.69419,-175.665,0.149246,1.19876,1.29123,3.81693,-175.665,0.149154,65.0|292,1159
1159|5,1.21354,1.29123,3.64625,-175.665,0.149246,1.19876,1.29123,3.69372,-175.665,0.149154,65.0|292,1159
1159|6,1.21354,1.29123,3.69276,-175.665,0.149246,1.19876,1.29123,3.70251,-175.665,0.149154,65.0|292,1159
1159|11,1.21354,1.30618,23.7553,-175.001,3.63837e-08,1.19876,1.30618,27.7181,-175.001,3.54182e-08,28.0|292,1159
1159|12,1.21354,1.30618,29.6918,-175.001,3.63837e-08,1.19876,1.30618,31.3074,-175.001,3.54182e-08,28.0|292,1159
1159|9,1.21354,1.30618,10.0729,-175.001,3.63837e-08,1.19876,1.30618,7.60344,-175.001,3.54182e-08,28.0|292,1159
1159|10,1.21354,1.30618,6.98677,-175.001,3.63837e-08,1.19876,1.30618,6.88368,-175.001,3.54182e-08,28.0|292,1159
1159|4,1.21354,1.20522,2.94621,-171.828,-0.191845,1.19876,1.20522,2.93837,-171.828,-0.188165,22.0|292,1159
1159|3,1.21354,1.20522,3.14928,-171.828,-0.191845,1.19876,1.20522,3.14144,-171.828,-0.188165,22.0|292,1159
1159|1,1.21354,-3.79026,11.6632,-171.835,0.00088296,1.19876,-3.79026,0.999999,-171.835,0.000930575,69.0|292,1159
1159|2,1.21354,-3.79026,8.66636,-171.835,0.00088296,1.19876,-3.79026,1,-171.835,0.000930575,69.0|292,1159
1197|7,1.21354,1.15143,26.3446,-179.96,0.161173,1.19876,1.15143,26.8293,-179.96,0.160339,65.0|103,1197
1197|8,1.21354,1.15143,25.7088,-179.96,0.161173,1.19876,1.15143,26.6196,-179.96,0.160339,65.0|103,1197
1197|6,1.21354,1.15143,25.373,-179.96,0.161173,1.19876,1.15143,25.2964,-179.96,0.160339,65.0|103,1197
1197|5,1.21354,1.15143,24.345,-179.96,0.161173,1.19876,1.15143,24.7975,-179.96,0.160339,65.0|103,1197
1197|12,1.21354,1.43602,61.7019,-178.158,-0.0428599,1.19876,1.43602,63.0958,-178.158,-0.0430867,28.0|103,1197
1197|10,1.21354,1.43602,39.6283,-178.158,-0.0428599,1.19876,1.43602,40.1362,-178.158,-0.0430867,28.0|103,1197
1197|9,1.21354,1.43602,43.3679,-178.158,-0.0428599,1.19876,1.43602,43.0669,-178.158,-0.0430867,28.0|103,1197
1197|3,1.21354,1.155,34.0071,-170.549,6.60484e-12,1.19876,1.155,35.6087,-170.549,6.93227e-12,22.0|103,1197
1197|4,1.21354,1.155,37.2005,-170.549,6.60484e-12,1.19876,1.155,38.0948,-170.549,6.93227e-12,22.0|103,1197
1197|11,1.21354,1.43602,61.5425,-178.158,-0.0428599,1.19876,1.43602,63.2917,-178.158,-0.0430867,28.0|103,1197
1197|1,1.21354,5.9759,26.3639,-175.976,-3.99152e-06,1.19876,5.9759,1,-175.976,-3.75736e-06,69.0|103,1197
1197|2,1.21354,5.9759,20.5511,-175.976,-3.99152e-06,1.19876,5.9759,1,-175.976,-3.75736e-06,69.0|103,1197
