id,L_SAEM,m_SAEM,e_SAEM,s_SAEM,alpha_SAEM,k_SAEM,L_mode,m_mode,e_mode,s_mode,alpha_mode,k_mode,goes_down,mab_virus,run_id
8|84|cc|1|1|162,668.822,0.703496,0.0407539,38.8118,1.90694,3.53023,670.129,0.702914,0.00420112,38.6474,1.927,3.53157,False,69.0|162,84
8|84|cc|2|1|162,668.822,0.703496,0.0355537,38.8118,1.90694,3.53023,670.129,0.702914,0.00420112,38.6474,1.927,3.53157,False,69.0|162,84
8|84|cc|3|1|162,668.822,0.703496,0.0368635,38.8118,1.90694,3.53023,670.129,0.702914,0.00420112,38.6474,1.927,3.53157,False,69.0|162,84
8|84|cc|4|1|162,668.822,0.703496,0.02061,38.8118,1.90694,3.53023,670.129,0.702914,0.00420112,38.6474,1.927,3.53157,False,69.0|162,84
8|84|cc|5|1|162,668.822,0.703496,0.01543,38.8118,1.90694,3.53023,670.129,0.702914,0.00420112,38.6474,1.927,3.53157,False,69.0|162,84
8|84|cc|6|1|162,668.822,0.703496,0.0280274,38.8118,1.90694,3.53023,670.129,0.702914,0.00420112,38.6474,1.927,3.53157,False,69.0|162,84
8|84|cc|7|1|162,668.822,0.703496,0.0500677,38.8118,1.90694,3.53023,670.129,0.702914,0.00420112,38.6474,1.927,3.53157,False,69.0|162,84
8|84|cc|8|1|162,668.822,0.703496,0.017208,38.8118,1.90694,3.53023,670.129,0.702914,0.00420112,38.6474,1.927,3.53157,False,69.0|162,84
8|84|sample|10|162,668.822,0.703553,0.0108689,38.827,1.90694,3.53023,670.129,0.70297,0.010875,38.6627,1.927,3.53157,True,32.0|162,84
8|84|sample|11|162,668.822,0.703553,0.00811131,38.8265,1.90694,3.53023,670.129,0.70297,0.00778718,38.6621,1.927,3.53157,True,22.0|162,84
8|84|sample|12|162,668.822,0.703553,0.0088496,38.8265,1.90694,3.53023,670.129,0.70297,0.00950894,38.6621,1.927,3.53157,True,22.0|162,84
8|84|sample|3|162,668.822,0.703553,0.00252601,38.8259,1.90694,3.53023,670.129,0.70297,0.00252026,38.6615,1.927,3.53157,True,55.0|162,84
8|84|sample|4|162,668.822,0.703553,0.00269868,38.8259,1.90694,3.53023,670.129,0.70297,0.00271854,38.6615,1.927,3.53157,True,55.0|162,84
8|84|sample|5|162,668.822,0.703553,0.00070043,38.8259,1.90694,3.53023,670.129,0.70297,0.000658107,38.6615,1.927,3.53157,True,55.0|162,84
8|84|sample|6|162,668.822,0.703553,0.00086012,38.8259,1.90694,3.53023,670.129,0.70297,0.00074186,38.6615,1.927,3.53157,True,55.0|162,84
8|84|sample|7|162,668.822,0.703553,0.00927256,38.827,1.90694,3.53023,670.129,0.70297,0.00901969,38.6627,1.927,3.53157,True,32.0|162,84
8|84|sample|8|162,668.822,0.703553,0.00894514,38.827,1.90694,3.53023,670.129,0.70297,0.00950537,38.6627,1.927,3.53157,True,32.0|162,84
8|84|sample|9|162,668.822,0.703553,0.010274,38.827,1.90694,3.53023,670.129,0.70297,0.0108459,38.6627,1.927,3.53157,True,32.0|162,84
8|84|vc|1|2|162,668.822,0.703496,0.0341746,38.8118,1.90694,3.53023,670.129,0.702914,0.00420112,38.6474,1.927,3.53157,False,69.0|162,84
8|84|vc|2|2|162,668.822,0.703496,0.0213702,38.8118,1.90694,3.53023,670.129,0.702914,0.00420112,38.6474,1.927,3.53157,False,69.0|162,84
8|84|vc|3|2|162,668.822,0.703496,0.0483225,38.8118,1.90694,3.53023,670.129,0.702914,0.00420112,38.6474,1.927,3.53157,False,69.0|162,84
8|84|vc|4|2|162,668.822,0.703496,0.0409436,38.8118,1.90694,3.53023,670.129,0.702914,0.00420112,38.6474,1.927,3.53157,False,69.0|162,84
8|84|vc|5|2|162,668.822,0.703496,0.0395337,38.8118,1.90694,3.53023,670.129,0.702914,0.00420112,38.6474,1.927,3.53157,False,69.0|162,84
8|84|vc|6|2|162,668.822,0.703496,0.051771,38.8118,1.90694,3.53023,670.129,0.702914,0.00420112,38.6474,1.927,3.53157,False,69.0|162,84
8|84|vc|7|2|162,668.822,0.703496,0.0249561,38.8118,1.90694,3.53023,670.129,0.702914,0.00420112,38.6474,1.927,3.53157,False,69.0|162,84
8|84|vc|8|2|162,668.822,0.703496,0.0217985,38.8118,1.90694,3.53023,670.129,0.702914,0.00420112,38.6474,1.927,3.53157,False,69.0|162,84
8|719|cc|1|1|274,668.822,0.703496,0.0314896,38.817,0.984662,3.53021,670.129,0.702914,0.00420112,38.6527,0.994568,3.53155,False,69.0|274,719
8|719|cc|2|1|274,668.822,0.703496,0.0408103,38.817,0.984662,3.53021,670.129,0.702914,0.00420112,38.6527,0.994568,3.53155,False,69.0|274,719
8|719|cc|3|1|274,668.822,0.703496,0.0316265,38.817,0.984662,3.53021,670.129,0.702914,0.00420112,38.6527,0.994568,3.53155,False,69.0|274,719
8|719|cc|4|1|274,668.822,0.703496,0.0602863,38.817,0.984662,3.53021,670.129,0.702914,0.00420112,38.6527,0.994568,3.53155,False,69.0|274,719
8|719|cc|5|1|274,668.822,0.703496,0.0223868,38.817,0.984662,3.53021,670.129,0.702914,0.00420112,38.6527,0.994568,3.53155,False,69.0|274,719
8|719|cc|6|1|274,668.822,0.703496,0.0501107,38.817,0.984662,3.53021,670.129,0.702914,0.00420112,38.6527,0.994568,3.53155,False,69.0|274,719
8|719|cc|7|1|274,668.822,0.703496,0.0330117,38.817,0.984662,3.53021,670.129,0.702914,0.00420112,38.6527,0.994568,3.53155,False,69.0|274,719
8|719|cc|8|1|274,668.822,0.703496,0.0252274,38.817,0.984662,3.53021,670.129,0.702914,0.00420112,38.6527,0.994568,3.53155,False,69.0|274,719
8|719|sample|10|274,668.822,0.703553,0.0239428,38.8245,0.984662,3.53021,670.129,0.70297,0.0257423,38.6601,0.994568,3.53155,True,32.0|274,719
8|719|sample|11|274,668.821,0.703553,0.0330755,38.8222,0.984662,3.53021,670.129,0.70297,0.033539,38.6578,0.994568,3.53155,True,22.0|274,719
8|719|sample|12|274,668.821,0.703553,0.0362071,38.8222,0.984662,3.53021,670.129,0.70297,0.0354558,38.6578,0.994568,3.53155,True,22.0|274,719
8|719|sample|3|274,668.822,0.703553,0.00335228,38.8174,0.984662,3.53021,670.129,0.70297,0.00326261,38.653,0.994568,3.53155,True,55.0|274,719
8|719|sample|4|274,668.822,0.703553,0.00296812,38.8174,0.984662,3.53021,670.129,0.70297,0.00318861,38.653,0.994568,3.53155,True,55.0|274,719
8|719|sample|5|274,668.822,0.703553,0.00312868,38.8174,0.984662,3.53021,670.129,0.70297,0.00303638,38.653,0.994568,3.53155,True,55.0|274,719
8|719|sample|6|274,668.822,0.703553,0.00359391,38.8174,0.984662,3.53021,670.129,0.70297,0.00348896,38.653,0.994568,3.53155,True,55.0|274,719
8|719|sample|7|274,668.822,0.703553,0.0247151,38.8245,0.984662,3.53021,670.129,0.70297,0.0253714,38.6601,0.994568,3.53155,True,32.0|274,719
8|719|sample|8|274,668.822,0.703553,0.0267234,38.8245,0.984662,3.53021,670.129,0.70297,0.0257921,38.6601,0.994568,3.53155,True,32.0|274,719
8|719|sample|9|274,668.822,0.703553,0.0248588,38.8245,0.984662,3.53021,670.129,0.70297,0.0262961,38.6601,0.994568,3.53155,True,32.0|274,719
8|719|vc|1|2|274,668.822,0.703496,0.0237895,38.817,0.984662,3.53021,670.129,0.702914,0.00420112,38.6527,0.994568,3.53155,False,69.0|274,719
8|719|vc|2|2|274,668.822,0.703496,0.0275425,38.817,0.984662,3.53021,670.129,0.702914,0.00420112,38.6527,0.994568,3.53155,False,69.0|274,719
8|719|vc|3|2|274,668.822,0.703496,0.0458309,38.817,0.984662,3.53021,670.129,0.702914,0.00420112,38.6527,0.994568,3.53155,False,69.0|274,719
8|719|vc|4|2|274,668.822,0.703496,0.0207962,38.817,0.984662,3.53021,670.129,0.702914,0.00420112,38.6527,0.994568,3.53155,False,69.0|274,719
8|719|vc|5|2|274,668.822,0.703496,0.0494482,38.817,0.984662,3.53021,670.129,0.702914,0.00420112,38.6527,0.994568,3.53155,False,69.0|274,719
8|719|vc|6|2|274,668.822,0.703496,0.0271131,38.817,0.984662,3.53021,670.129,0.702914,0.00420112,38.6527,0.994568,3.53155,False,69.0|274,719
8|719|vc|7|2|274,668.822,0.703496,0.0357573,38.817,0.984662,3.53021,670.129,0.702914,0.00420112,38.6527,0.994568,3.53155,False,69.0|274,719
8|719|vc|8|2|274,668.822,0.703496,0.028558,38.817,0.984662,3.53021,670.129,0.702914,0.00420112,38.6527,0.994568,3.53155,False,69.0|274,719
8|488|cc|1|1|322,668.822,0.703496,0.0351422,38.8158,0.984691,3.53007,670.129,0.702914,0.00420112,38.6515,0.994596,3.53141,False,69.0|322,488
8|488|cc|2|1|322,668.822,0.703496,0.0240673,38.8158,0.984691,3.53007,670.129,0.702914,0.00420112,38.6515,0.994596,3.53141,False,69.0|322,488
8|488|cc|3|1|322,668.822,0.703496,0.0449217,38.8158,0.984691,3.53007,670.129,0.702914,0.00420112,38.6515,0.994596,3.53141,False,69.0|322,488
8|488|cc|4|1|322,668.822,0.703496,0.036401,38.8158,0.984691,3.53007,670.129,0.702914,0.00420112,38.6515,0.994596,3.53141,False,69.0|322,488
8|488|cc|5|1|322,668.822,0.703496,0.0198345,38.8158,0.984691,3.53007,670.129,0.702914,0.00420112,38.6515,0.994596,3.53141,False,69.0|322,488
8|488|cc|6|1|322,668.822,0.703496,0.0187561,38.8158,0.984691,3.53007,670.129,0.702914,0.00420112,38.6515,0.994596,3.53141,False,69.0|322,488
8|488|cc|7|1|322,668.822,0.703496,0.0266265,38.8158,0.984691,3.53007,670.129,0.702914,0.00420112,38.6515,0.994596,3.53141,False,69.0|322,488
8|488|cc|8|1|322,668.822,0.703496,0.0273067,38.8158,0.984691,3.53007,670.129,0.702914,0.00420112,38.6515,0.994596,3.53141,False,69.0|322,488
8|488|sample|10|322,668.822,0.703553,0.00139581,34.1174,0.984691,3.53007,670.129,0.70297,0.00136776,33.9447,0.994596,3.53141,True,32.0|322,488
8|488|sample|11|322,668.822,0.703553,0.0204084,38.8184,0.984691,3.53007,670.129,0.70297,0.0204517,38.654,0.994596,3.53141,True,22.0|322,488
8|488|sample|12|322,668.822,0.703553,0.022686,38.8184,0.984691,3.53007,670.129,0.70297,0.0229824,38.654,0.994596,3.53141,True,22.0|322,488
8|488|sample|3|322,668.822,0.703553,0.00102212,38.8256,0.984691,3.53007,670.129,0.70297,0.00108185,38.6613,0.994596,3.53141,True,55.0|322,488
8|488|sample|4|322,668.822,0.703553,0.00091638,38.8256,0.984691,3.53007,670.129,0.70297,0.00095754,38.6613,0.994596,3.53141,True,55.0|322,488
8|488|sample|5|322,668.822,0.703553,0.000663781,38.8256,0.984691,3.53007,670.129,0.70297,0.000679134,38.6613,0.994596,3.53141,True,55.0|322,488
8|488|sample|6|322,668.822,0.703553,0.000690713,38.8256,0.984691,3.53007,670.129,0.70297,0.000656968,38.6613,0.994596,3.53141,True,55.0|322,488
8|488|sample|7|322,668.822,0.703553,0.0040705,34.1174,0.984691,3.53007,670.129,0.70297,0.00414685,33.9447,0.994596,3.53141,True,32.0|322,488
8|488|sample|8|322,668.822,0.703553,0.0038744,34.1174,0.984691,3.53007,670.129,0.70297,0.00413494,33.9447,0.994596,3.53141,True,32.0|322,488
8|488|sample|9|322,668.822,0.703553,0.00133727,34.1174,0.984691,3.53007,670.129,0.70297,0.00131852,33.9447,0.994596,3.53141,True,32.0|322,488
8|488|vc|1|2|322,668.822,0.703496,0.0322793,38.8158,0.984691,3.53007,670.129,0.702914,0.00420112,38.6515,0.994596,3.53141,False,69.0|322,488
8|488|vc|2|2|322,668.822,0.703496,0.0447761,38.8158,0.984691,3.53007,670.129,0.702914,0.00420112,38.6515,0.994596,3.53141,False,69.0|322,488
8|488|vc|3|2|322,668.822,0.703496,0.0455285,38.8158,0.984691,3.53007,670.129,0.702914,0.00420112,38.6515,0.994596,3.53141,False,69.0|322,488
8|488|vc|4|2|322,668.822,0.703496,0.0235284,38.8158,0.984691,3.53007,670.129,0.702914,0.00420112,38.6515,0.994596,3.53141,False,69.0|322,488
8|488|vc|5|2|322,668.822,0.703496,0.0208826,38.8158,0.984691,3.53007,670.129,0.702914,0.00420112,38.6515,0.994596,3.53141,False,69.0|322,488
8|488|vc|6|2|322,668.822,0.703496,0.0214362,38.8158,0.984691,3.53007,670.129,0.702914,0.00420112,38.6515,0.994596,3.53141,False,69.0|322,488
8|488|vc|7|2|322,668.822,0.703496,0.0342644,38.8158,0.984691,3.53007,670.129,0.702914,0.00420112,38.6515,0.994596,3.53141,False,69.0|322,488
8|488|vc|8|2|322,668.822,0.703496,0.0271349,38.8158,0.984691,3.53007,670.129,0.702914,0.00420112,38.6515,0.994596,3.53141,False,69.0|322,488
8|847|cc|1|1|69,668.822,0.703496,0.025909,38.8147,0.984782,3.53028,670.129,0.702914,0.00420112,38.6504,0.994687,3.53162,False,69.0|69,847
8|847|cc|2|1|69,668.822,0.703496,0.0233325,38.8147,0.984782,3.53028,670.129,0.702914,0.00420112,38.6504,0.994687,3.53162,False,69.0|69,847
8|847|cc|3|1|69,668.822,0.703496,0.0363118,38.8147,0.984782,3.53028,670.129,0.702914,0.00420112,38.6504,0.994687,3.53162,False,69.0|69,847
8|847|cc|4|1|69,668.822,0.703496,0.0227032,38.8147,0.984782,3.53028,670.129,0.702914,0.00420112,38.6504,0.994687,3.53162,False,69.0|69,847
8|847|cc|5|1|69,668.822,0.703496,0.0351846,38.8147,0.984782,3.53028,670.129,0.702914,0.00420112,38.6504,0.994687,3.53162,False,69.0|69,847
8|847|cc|6|1|69,668.822,0.703496,0.0357259,38.8147,0.984782,3.53028,670.129,0.702914,0.00420112,38.6504,0.994687,3.53162,False,69.0|69,847
8|847|cc|7|1|69,668.822,0.703496,0.0323195,38.8147,0.984782,3.53028,670.129,0.702914,0.00420112,38.6504,0.994687,3.53162,False,69.0|69,847
8|847|cc|8|1|69,668.822,0.703496,0.0137911,38.8147,0.984782,3.53028,670.129,0.702914,0.00420112,38.6504,0.994687,3.53162,False,69.0|69,847
8|847|sample|10|69,668.821,0.703553,0.0870789,38.8214,0.984782,3.53028,670.129,0.70297,0.0859303,38.657,0.994687,3.53162,True,32.0|69,847
8|847|sample|11|69,668.822,0.703553,0.0139311,38.8208,0.984782,3.53028,670.129,0.70297,0.0144167,38.6564,0.994687,3.53162,True,22.0|69,847
8|847|sample|12|69,668.822,0.703553,0.0130773,38.8208,0.984782,3.53028,670.129,0.70297,0.0137128,38.6564,0.994687,3.53162,True,22.0|69,847
8|847|sample|3|69,668.822,0.703553,0.00323028,38.8252,0.984782,3.53028,670.129,0.70297,0.00330323,38.6609,0.994687,3.53162,True,55.0|69,847
8|847|sample|4|69,668.822,0.703553,0.00312521,38.8252,0.984782,3.53028,670.129,0.70297,0.00328535,38.6609,0.994687,3.53162,True,55.0|69,847
8|847|sample|5|69,668.822,0.703553,0.000562266,38.8252,0.984782,3.53028,670.129,0.70297,0.000560543,38.6609,0.994687,3.53162,True,55.0|69,847
8|847|sample|6|69,668.822,0.703553,0.000520527,38.8252,0.984782,3.53028,670.129,0.70297,0.000563427,38.6609,0.994687,3.53162,True,55.0|69,847
8|847|sample|7|69,668.821,0.703553,0.0605504,38.8214,0.984782,3.53028,670.129,0.70297,0.063375,38.657,0.994687,3.53162,True,32.0|69,847
8|847|sample|8|69,668.821,0.703553,0.0652632,38.8214,0.984782,3.53028,670.129,0.70297,0.0675567,38.657,0.994687,3.53162,True,32.0|69,847
8|847|sample|9|69,668.821,0.703553,0.0781976,38.8214,0.984782,3.53028,670.129,0.70297,0.0787274,38.657,0.994687,3.53162,True,32.0|69,847
8|847|vc|1|2|69,668.822,0.703496,0.0322492,38.8147,0.984782,3.53028,670.129,0.702914,0.00420112,38.6504,0.994687,3.53162,False,69.0|69,847
8|847|vc|2|2|69,668.822,0.703496,0.0189657,38.8147,0.984782,3.53028,670.129,0.702914,0.00420112,38.6504,0.994687,3.53162,False,69.0|69,847
8|847|vc|3|2|69,668.822,0.703496,0.036249,38.8147,0.984782,3.53028,670.129,0.702914,0.00420112,38.6504,0.994687,3.53162,False,69.0|69,847
8|847|vc|4|2|69,668.822,0.703496,0.0194321,38.8147,0.984782,3.53028,670.129,0.702914,0.00420112,38.6504,0.994687,3.53162,False,69.0|69,847
8|847|vc|5|2|69,668.822,0.703496,0.0291314,38.8147,0.984782,3.53028,670.129,0.702914,0.00420112,38.6504,0.994687,3.53162,False,69.0|69,847
8|847|vc|6|2|69,668.822,0.703496,0.0252097,38.8147,0.984782,3.53028,670.129,0.702914,0.00420112,38.6504,0.994687,3.53162,False,69.0|69,847
8|847|vc|7|2|69,668.822,0.703496,0.0258573,38.8147,0.984782,3.53028,670.129,0.702914,0.00420112,38.6504,0.994687,3.53162,False,69.0|69,847
8|847|vc|8|2|69,668.822,0.703496,0.0410278,38.8147,0.984782,3.53028,670.129,0.702914,0.00420112,38.6504,0.994687,3.53162,False,69.0|69,847
8|474|cc|1|1|276,668.822,0.703496,0.0285038,38.8165,0.984769,3.53032,670.129,0.702914,0.00420112,38.6522,0.994675,3.53166,False,69.0|276,474
8|474|cc|2|1|276,668.822,0.703496,0.0368288,38.8165,0.984769,3.53032,670.129,0.702914,0.00420112,38.6522,0.994675,3.53166,False,69.0|276,474
8|474|cc|3|1|276,668.822,0.703496,0.0208774,38.8165,0.984769,3.53032,670.129,0.702914,0.00420112,38.6522,0.994675,3.53166,False,69.0|276,474
8|474|cc|4|1|276,668.822,0.703496,0.0287356,38.8165,0.984769,3.53032,670.129,0.702914,0.00420112,38.6522,0.994675,3.53166,False,69.0|276,474
8|474|cc|5|1|276,668.822,0.703496,0.0194629,38.8165,0.984769,3.53032,670.129,0.702914,0.00420112,38.6522,0.994675,3.53166,False,69.0|276,474
8|474|cc|6|1|276,668.822,0.703496,0.0154321,38.8165,0.984769,3.53032,670.129,0.702914,0.00420112,38.6522,0.994675,3.53166,False,69.0|276,474
8|474|cc|7|1|276,668.822,0.703496,0.020575,38.8165,0.984769,3.53032,670.129,0.702914,0.00420112,38.6522,0.994675,3.53166,False,69.0|276,474
8|474|cc|8|1|276,668.822,0.703496,0.0162244,38.8165,0.984769,3.53032,670.129,0.702914,0.00420112,38.6522,0.994675,3.53166,False,69.0|276,474
8|474|sample|10|276,668.822,0.703553,0.22098,38.8218,0.984769,3.53032,670.129,0.70297,0.234646,38.6575,0.994675,3.53166,True,32.0|276,474
8|474|sample|11|276,668.822,0.703553,0.0413074,38.8279,0.984769,3.53032,670.129,0.70297,0.0424769,38.6634,0.994675,3.53166,True,22.0|276,474
8|474|sample|12|276,668.822,0.703553,0.0425332,38.8279,0.984769,3.53032,670.129,0.70297,0.0432925,38.6634,0.994675,3.53166,True,22.0|276,474
8|474|sample|3|276,668.822,0.703553,0.00630761,38.7274,0.984769,3.53032,670.129,0.70297,0.00587745,38.5535,0.994675,3.53166,True,55.0|276,474
8|474|sample|4|276,668.822,0.703553,0.00571411,38.7274,0.984769,3.53032,670.129,0.70297,0.00584347,38.5535,0.994675,3.53166,True,55.0|276,474
8|474|sample|5|276,668.822,0.703553,0.00510906,38.7274,0.984769,3.53032,670.129,0.70297,0.00501141,38.5535,0.994675,3.53166,True,55.0|276,474
8|474|sample|6|276,668.822,0.703553,0.00502841,38.7274,0.984769,3.53032,670.129,0.70297,0.00505066,38.5535,0.994675,3.53166,True,55.0|276,474
8|474|sample|7|276,668.822,0.703553,0.201322,38.8218,0.984769,3.53032,670.129,0.70297,0.211186,38.6575,0.994675,3.53166,True,32.0|276,474
8|474|sample|8|276,668.822,0.703553,0.204488,38.8218,0.984769,3.53032,670.129,0.70297,0.199513,38.6575,0.994675,3.53166,True,32.0|276,474
8|474|sample|9|276,668.822,0.703553,0.23669,38.8218,0.984769,3.53032,670.129,0.70297,0.23813,38.6575,0.994675,3.53166,True,32.0|276,474
8|474|vc|1|2|276,668.822,0.703496,0.0523226,38.8165,0.984769,3.53032,670.129,0.702914,0.00420112,38.6522,0.994675,3.53166,False,69.0|276,474
8|474|vc|2|2|276,668.822,0.703496,0.0287475,38.8165,0.984769,3.53032,670.129,0.702914,0.00420112,38.6522,0.994675,3.53166,False,69.0|276,474
8|474|vc|3|2|276,668.822,0.703496,0.0282304,38.8165,0.984769,3.53032,670.129,0.702914,0.00420112,38.6522,0.994675,3.53166,False,69.0|276,474
8|474|vc|4|2|276,668.822,0.703496,0.0272677,38.8165,0.984769,3.53032,670.129,0.702914,0.00420112,38.6522,0.994675,3.53166,False,69.0|276,474
8|474|vc|5|2|276,668.822,0.703496,0.0221634,38.8165,0.984769,3.53032,670.129,0.702914,0.00420112,38.6522,0.994675,3.53166,False,69.0|276,474
8|474|vc|6|2|276,668.822,0.703496,0.0232605,38.8165,0.984769,3.53032,670.129,0.702914,0.00420112,38.6522,0.994675,3.53166,False,69.0|276,474
8|474|vc|7|2|276,668.822,0.703496,0.0442737,38.8165,0.984769,3.53032,670.129,0.702914,0.00420112,38.6522,0.994675,3.53166,False,69.0|276,474
8|474|vc|8|2|276,668.822,0.703496,0.0252659,38.8165,0.984769,3.53032,670.129,0.702914,0.00420112,38.6522,0.994675,3.53166,False,69.0|276,474
8|462|cc|1|1|292,668.822,0.703496,0.031958,38.8156,0.984516,3.53028,670.129,0.702914,0.00420112,38.6513,0.994422,3.53162,False,69.0|292,462
8|462|cc|2|1|292,668.822,0.703496,0.0549085,38.8156,0.984516,3.53028,670.129,0.702914,0.00420112,38.6513,0.994422,3.53162,False,69.0|292,462
8|462|cc|3|1|292,668.822,0.703496,0.0542752,38.8156,0.984516,3.53028,670.129,0.702914,0.00420112,38.6513,0.994422,3.53162,False,69.0|292,462
8|462|cc|4|1|292,668.822,0.703496,0.0298127,38.8156,0.984516,3.53028,670.129,0.702914,0.00420112,38.6513,0.994422,3.53162,False,69.0|292,462
8|462|cc|5|1|292,668.822,0.703496,0.0167005,38.8156,0.984516,3.53028,670.129,0.702914,0.00420112,38.6513,0.994422,3.53162,False,69.0|292,462
8|462|cc|6|1|292,668.822,0.703496,0.0310622,38.8156,0.984516,3.53028,670.129,0.702914,0.00420112,38.6513,0.994422,3.53162,False,69.0|292,462
8|462|cc|7|1|292,668.822,0.703496,0.041098,38.8156,0.984516,3.53028,670.129,0.702914,0.00420112,38.6513,0.994422,3.53162,False,69.0|292,462
8|462|cc|8|1|292,668.822,0.703496,0.0315455,38.8156,0.984516,3.53028,670.129,0.702914,0.00420112,38.6513,0.994422,3.53162,False,69.0|292,462
8|462|sample|10|292,668.822,0.703553,0.220659,38.8209,0.984516,3.53028,670.129,0.70297,0.229815,38.6565,0.994422,3.53162,True,32.0|292,462
8|462|sample|11|292,668.821,0.703553,0.0164313,38.8226,0.984516,3.53028,670.129,0.70297,0.0178961,38.6582,0.994422,3.53162,True,22.0|292,462
8|462|sample|12|292,668.821,0.703553,0.0202374,38.8226,0.984516,3.53028,670.129,0.70297,0.0208006,38.6582,0.994422,3.53162,True,22.0|292,462
8|462|sample|3|292,668.821,0.703553,0.00209856,38.8256,0.984516,3.53028,670.128,0.70297,0.00208802,38.6612,0.994422,3.53162,True,55.0|292,462
8|462|sample|4|292,668.821,0.703553,0.00199365,38.8256,0.984516,3.53028,670.128,0.70297,0.00210941,38.6612,0.994422,3.53162,True,55.0|292,462
8|462|sample|5|292,668.821,0.703553,0.000378029,38.8256,0.984516,3.53028,670.128,0.70297,0.000402369,38.6612,0.994422,3.53162,True,55.0|292,462
8|462|sample|6|292,668.821,0.703553,0.000391057,38.8256,0.984516,3.53028,670.128,0.70297,0.000428297,38.6612,0.994422,3.53162,True,55.0|292,462
8|462|sample|7|292,668.822,0.703553,0.181915,38.8209,0.984516,3.53028,670.129,0.70297,0.186818,38.6565,0.994422,3.53162,True,32.0|292,462
8|462|sample|8|292,668.822,0.703553,0.193949,38.8209,0.984516,3.53028,670.129,0.70297,0.180114,38.6565,0.994422,3.53162,True,32.0|292,462
8|462|sample|9|292,668.822,0.703553,0.239519,38.8209,0.984516,3.53028,670.129,0.70297,0.218428,38.6565,0.994422,3.53162,True,32.0|292,462
8|462|vc|1|2|292,668.822,0.703496,0.022896,38.8156,0.984516,3.53028,670.129,0.702914,0.00420112,38.6513,0.994422,3.53162,False,69.0|292,462
8|462|vc|2|2|292,668.822,0.703496,0.029327,38.8156,0.984516,3.53028,670.129,0.702914,0.00420112,38.6513,0.994422,3.53162,False,69.0|292,462
8|462|vc|3|2|292,668.822,0.703496,0.0271033,38.8156,0.984516,3.53028,670.129,0.702914,0.00420112,38.6513,0.994422,3.53162,False,69.0|292,462
8|462|vc|4|2|292,668.822,0.703496,0.0329813,38.8156,0.984516,3.53028,670.129,0.702914,0.00420112,38.6513,0.994422,3.53162,False,69.0|292,462
8|462|vc|5|2|292,668.822,0.703496,0.0361805,38.8156,0.984516,3.53028,670.129,0.702914,0.00420112,38.6513,0.994422,3.53162,False,69.0|292,462
8|462|vc|6|2|292,668.822,0.703496,0.0184707,38.8156,0.984516,3.53028,670.129,0.702914,0.00420112,38.6513,0.994422,3.53162,False,69.0|292,462
8|462|vc|7|2|292,668.822,0.703496,0.036498,38.8156,0.984516,3.53028,670.129,0.702914,0.00420112,38.6513,0.994422,3.53162,False,69.0|292,462
8|462|vc|8|2|292,668.822,0.703496,0.0424696,38.8156,0.984516,3.53028,670.129,0.702914,0.00420112,38.6513,0.994422,3.53162,False,69.0|292,462
8|75|cc|1|1|65,668.822,0.703496,0.0314341,38.8169,0.984639,3.53019,670.129,0.702914,0.00420112,38.6526,0.994545,3.53152,False,69.0|65,75
8|75|cc|2|1|65,668.822,0.703496,0.0471955,38.8169,0.984639,3.53019,670.129,0.702914,0.00420112,38.6526,0.994545,3.53152,False,69.0|65,75
8|75|cc|3|1|65,668.822,0.703496,0.0482084,38.8169,0.984639,3.53019,670.129,0.702914,0.00420112,38.6526,0.994545,3.53152,False,69.0|65,75
8|75|cc|4|1|65,668.822,0.703496,0.0203689,38.8169,0.984639,3.53019,670.129,0.702914,0.00420112,38.6526,0.994545,3.53152,False,69.0|65,75
8|75|cc|5|1|65,668.822,0.703496,0.0148555,38.8169,0.984639,3.53019,670.129,0.702914,0.00420112,38.6526,0.994545,3.53152,False,69.0|65,75
8|75|cc|6|1|65,668.822,0.703496,0.0465204,38.8169,0.984639,3.53019,670.129,0.702914,0.00420112,38.6526,0.994545,3.53152,False,69.0|65,75
8|75|cc|7|1|65,668.822,0.703496,0.0509366,38.8169,0.984639,3.53019,670.129,0.702914,0.00420112,38.6526,0.994545,3.53152,False,69.0|65,75
8|75|cc|8|1|65,668.822,0.703496,0.0144188,38.8169,0.984639,3.53019,670.129,0.702914,0.00420112,38.6526,0.994545,3.53152,False,69.0|65,75
8|75|sample|10|65,668.822,0.703553,0.00152596,38.8269,0.984639,3.53019,670.129,0.70297,0.00134676,38.6626,0.994545,3.53152,True,32.0|65,75
8|75|sample|11|65,668.822,0.703553,0.0498693,38.8197,0.984639,3.53019,670.129,0.70297,0.0517928,38.6555,0.994545,3.53152,True,22.0|65,75
8|75|sample|12|65,668.822,0.703553,0.101548,38.8197,0.984639,3.53019,670.129,0.70297,0.0961099,38.6555,0.994545,3.53152,True,22.0|65,75
8|75|sample|3|65,668.822,0.703553,0.0848192,38.8185,0.984639,3.53019,670.129,0.70297,0.0821029,38.6541,0.994545,3.53152,True,55.0|65,75
8|75|sample|4|65,668.822,0.703553,0.0761114,38.8185,0.984639,3.53019,670.129,0.70297,0.0728744,38.6541,0.994545,3.53152,True,55.0|65,75
8|75|sample|5|65,668.822,0.703553,0.0848519,38.8185,0.984639,3.53019,670.129,0.70297,0.0890829,38.6541,0.994545,3.53152,True,55.0|65,75
8|75|sample|6|65,668.822,0.703553,0.0833794,38.8185,0.984639,3.53019,670.129,0.70297,0.0892934,38.6541,0.994545,3.53152,True,55.0|65,75
8|75|sample|7|65,668.822,0.703553,0.00197081,38.8269,0.984639,3.53019,670.129,0.70297,0.00217413,38.6626,0.994545,3.53152,True,32.0|65,75
8|75|sample|8|65,668.822,0.703553,0.00230727,38.8269,0.984639,3.53019,670.129,0.70297,0.0023109,38.6626,0.994545,3.53152,True,32.0|65,75
8|75|sample|9|65,668.822,0.703553,0.00139867,38.8269,0.984639,3.53019,670.129,0.70297,0.00134575,38.6626,0.994545,3.53152,True,32.0|65,75
8|75|vc|1|2|65,668.822,0.703496,0.0403976,38.8169,0.984639,3.53019,670.129,0.702914,0.00420112,38.6526,0.994545,3.53152,False,69.0|65,75
8|75|vc|2|2|65,668.822,0.703496,0.0261894,38.8169,0.984639,3.53019,670.129,0.702914,0.00420112,38.6526,0.994545,3.53152,False,69.0|65,75
8|75|vc|3|2|65,668.822,0.703496,0.0248914,38.8169,0.984639,3.53019,670.129,0.702914,0.00420112,38.6526,0.994545,3.53152,False,69.0|65,75
8|75|vc|4|2|65,668.822,0.703496,0.0395183,38.8169,0.984639,3.53019,670.129,0.702914,0.00420112,38.6526,0.994545,3.53152,False,69.0|65,75
8|75|vc|5|2|65,668.822,0.703496,0.0278706,38.8169,0.984639,3.53019,670.129,0.702914,0.00420112,38.6526,0.994545,3.53152,False,69.0|65,75
8|75|vc|6|2|65,668.822,0.703496,0.0179281,38.8169,0.984639,3.53019,670.129,0.702914,0.00420112,38.6526,0.994545,3.53152,False,69.0|65,75
8|75|vc|7|2|65,668.822,0.703496,0.0249042,38.8169,0.984639,3.53019,670.129,0.702914,0.00420112,38.6526,0.994545,3.53152,False,69.0|65,75
8|75|vc|8|2|65,668.822,0.703496,0.0391503,38.8169,0.984639,3.53019,670.129,0.702914,0.00420112,38.6526,0.994545,3.53152,False,69.0|65,75
8|291|cc|1|1|103,668.822,0.703496,0.0304928,38.816,0.984668,3.53032,670.129,0.702914,0.00420112,38.6517,0.994575,3.53166,False,69.0|103,291
8|291|cc|2|1|103,668.822,0.703496,0.0322232,38.816,0.984668,3.53032,670.129,0.702914,0.00420112,38.6517,0.994575,3.53166,False,69.0|103,291
8|291|cc|3|1|103,668.822,0.703496,0.0304499,38.816,0.984668,3.53032,670.129,0.702914,0.00420112,38.6517,0.994575,3.53166,False,69.0|103,291
8|291|cc|4|1|103,668.822,0.703496,0.0321625,38.816,0.984668,3.53032,670.129,0.702914,0.00420112,38.6517,0.994575,3.53166,False,69.0|103,291
8|291|cc|5|1|103,668.822,0.703496,0.0246583,38.816,0.984668,3.53032,670.129,0.702914,0.00420112,38.6517,0.994575,3.53166,False,69.0|103,291
8|291|cc|6|1|103,668.822,0.703496,0.0278442,38.816,0.984668,3.53032,670.129,0.702914,0.00420112,38.6517,0.994575,3.53166,False,69.0|103,291
8|291|cc|7|1|103,668.822,0.703496,0.0481307,38.816,0.984668,3.53032,670.129,0.702914,0.00420112,38.6517,0.994575,3.53166,False,69.0|103,291
8|291|cc|8|1|103,668.822,0.703496,0.0277323,38.816,0.984668,3.53032,670.129,0.702914,0.00420112,38.6517,0.994575,3.53166,False,69.0|103,291
8|291|sample|10|103,668.822,0.703553,0.189445,38.8213,0.984668,3.53032,670.129,0.70297,0.197157,38.657,0.994575,3.53166,True,32.0|103,291
8|291|sample|11|103,668.822,0.703553,0.264211,38.8241,0.984668,3.53032,670.129,0.70297,0.261954,38.6597,0.994575,3.53166,True,22.0|103,291
8|291|sample|12|103,668.822,0.703553,0.195677,38.8241,0.984668,3.53032,670.129,0.70297,0.196055,38.6597,0.994575,3.53166,True,22.0|103,291
8|291|sample|3|103,668.822,0.703553,0.00877171,38.8178,0.984668,3.53032,670.129,0.70297,0.00865484,38.6535,0.994575,3.53166,True,55.0|103,291
8|291|sample|4|103,668.822,0.703553,0.00847752,38.8178,0.984668,3.53032,670.129,0.70297,0.00856202,38.6535,0.994575,3.53166,True,55.0|103,291
8|291|sample|5|103,668.822,0.703553,0.0101829,38.8178,0.984668,3.53032,670.129,0.70297,0.0100204,38.6535,0.994575,3.53166,True,55.0|103,291
8|291|sample|6|103,668.822,0.703553,0.00952141,38.8178,0.984668,3.53032,670.129,0.70297,0.0101233,38.6535,0.994575,3.53166,True,55.0|103,291
8|291|sample|7|103,668.822,0.703553,0.182354,38.8213,0.984668,3.53032,670.129,0.70297,0.187788,38.657,0.994575,3.53166,True,32.0|103,291
8|291|sample|8|103,668.822,0.703553,0.155047,38.8213,0.984668,3.53032,670.129,0.70297,0.160842,38.657,0.994575,3.53166,True,32.0|103,291
8|291|sample|9|103,668.822,0.703553,0.171198,38.8213,0.984668,3.53032,670.129,0.70297,0.183817,38.657,0.994575,3.53166,True,32.0|103,291
8|291|vc|1|2|103,668.822,0.703496,0.0198703,38.816,0.984668,3.53032,670.129,0.702914,0.00420112,38.6517,0.994575,3.53166,False,69.0|103,291
8|291|vc|2|2|103,668.822,0.703496,0.0432966,38.816,0.984668,3.53032,670.129,0.702914,0.00420112,38.6517,0.994575,3.53166,False,69.0|103,291
8|291|vc|3|2|103,668.822,0.703496,0.0240547,38.816,0.984668,3.53032,670.129,0.702914,0.00420112,38.6517,0.994575,3.53166,False,69.0|103,291
8|291|vc|4|2|103,668.822,0.703496,0.0237069,38.816,0.984668,3.53032,670.129,0.702914,0.00420112,38.6517,0.994575,3.53166,False,69.0|103,291
8|291|vc|5|2|103,668.822,0.703496,0.0351799,38.816,0.984668,3.53032,670.129,0.702914,0.00420112,38.6517,0.994575,3.53166,False,69.0|103,291
8|291|vc|6|2|103,668.822,0.703496,0.0354293,38.816,0.984668,3.53032,670.129,0.702914,0.00420112,38.6517,0.994575,3.53166,False,69.0|103,291
8|291|vc|7|2|103,668.822,0.703496,0.0227138,38.816,0.984668,3.53032,670.129,0.702914,0.00420112,38.6517,0.994575,3.53166,False,69.0|103,291
8|291|vc|8|2|103,668.822,0.703496,0.0347559,38.816,0.984668,3.53032,670.129,0.702914,0.00420112,38.6517,0.994575,3.53166,False,69.0|103,291
8|77|cc|1|1|218,668.822,0.703496,0.0254863,38.8163,0.98544,3.53026,670.129,0.702914,0.00420112,38.652,0.995339,3.5316,False,69.0|218,77
8|77|cc|2|1|218,668.822,0.703496,0.0197633,38.8163,0.98544,3.53026,670.129,0.702914,0.00420112,38.652,0.995339,3.5316,False,69.0|218,77
8|77|cc|3|1|218,668.822,0.703496,0.0215066,38.8163,0.98544,3.53026,670.129,0.702914,0.00420112,38.652,0.995339,3.5316,False,69.0|218,77
8|77|cc|4|1|218,668.822,0.703496,0.0246366,38.8163,0.98544,3.53026,670.129,0.702914,0.00420112,38.652,0.995339,3.5316,False,69.0|218,77
8|77|cc|5|1|218,668.822,0.703496,0.0240593,38.8163,0.98544,3.53026,670.129,0.702914,0.00420112,38.652,0.995339,3.5316,False,69.0|218,77
8|77|cc|6|1|218,668.822,0.703496,0.0848194,38.8163,0.98544,3.53026,670.129,0.702914,0.00420112,38.652,0.995339,3.5316,False,69.0|218,77
8|77|cc|7|1|218,668.822,0.703496,0.0244491,38.8163,0.98544,3.53026,670.129,0.702914,0.00420112,38.652,0.995339,3.5316,False,69.0|218,77
8|77|cc|8|1|218,668.822,0.703496,0.0266873,38.8163,0.98544,3.53026,670.129,0.702914,0.00420112,38.652,0.995339,3.5316,False,69.0|218,77
8|77|sample|10|218,668.823,0.703553,0.0769229,38.8185,0.98544,3.53026,670.13,0.70297,0.0782492,38.6542,0.995339,3.5316,True,32.0|218,77
8|77|sample|11|218,668.822,0.703553,0.109548,38.8241,0.98544,3.53026,670.129,0.70297,0.109614,38.6597,0.995339,3.5316,True,22.0|218,77
8|77|sample|12|218,668.822,0.703553,0.110575,38.8241,0.98544,3.53026,670.129,0.70297,0.109688,38.6597,0.995339,3.5316,True,22.0|218,77
8|77|sample|3|218,668.822,0.703553,1.15615,38.8202,0.98544,3.53026,670.129,0.70297,1.08058,38.6559,0.995339,3.5316,True,55.0|218,77
8|77|sample|4|218,668.822,0.703553,1.00491,38.8202,0.98544,3.53026,670.129,0.70297,0.992869,38.6559,0.995339,3.5316,True,55.0|218,77
8|77|sample|5|218,668.822,0.703553,1.25711,38.8202,0.98544,3.53026,670.129,0.70297,1.31363,38.6559,0.995339,3.5316,True,55.0|218,77
8|77|sample|6|218,668.822,0.703553,1.26201,38.8202,0.98544,3.53026,670.129,0.70297,1.39519,38.6559,0.995339,3.5316,True,55.0|218,77
8|77|sample|7|218,668.823,0.703553,0.0548846,38.8185,0.98544,3.53026,670.13,0.70297,0.0567827,38.6542,0.995339,3.5316,True,32.0|218,77
8|77|sample|8|218,668.823,0.703553,0.0603161,38.8185,0.98544,3.53026,670.13,0.70297,0.065848,38.6542,0.995339,3.5316,True,32.0|218,77
8|77|sample|9|218,668.823,0.703553,0.0705729,38.8185,0.98544,3.53026,670.13,0.70297,0.0760938,38.6542,0.995339,3.5316,True,32.0|218,77
8|77|vc|1|2|218,668.822,0.703496,0.0215281,38.8163,0.98544,3.53026,670.129,0.702914,0.00420112,38.652,0.995339,3.5316,False,69.0|218,77
8|77|vc|2|2|218,668.822,0.703496,0.041853,38.8163,0.98544,3.53026,670.129,0.702914,0.00420112,38.652,0.995339,3.5316,False,69.0|218,77
8|77|vc|3|2|218,668.822,0.703496,0.0210348,38.8163,0.98544,3.53026,670.129,0.702914,0.00420112,38.652,0.995339,3.5316,False,69.0|218,77
8|77|vc|4|2|218,668.822,0.703496,0.0354808,38.8163,0.98544,3.53026,670.129,0.702914,0.00420112,38.652,0.995339,3.5316,False,69.0|218,77
8|77|vc|5|2|218,668.822,0.703496,0.0864522,38.8163,0.98544,3.53026,670.129,0.702914,0.00420112,38.652,0.995339,3.5316,False,69.0|218,77
8|77|vc|6|2|218,668.822,0.703496,0.0188366,38.8163,0.98544,3.53026,670.129,0.702914,0.00420112,38.652,0.995339,3.5316,False,69.0|218,77
8|77|vc|7|2|218,668.822,0.703496,0.0302476,38.8163,0.98544,3.53026,670.129,0.702914,0.00420112,38.652,0.995339,3.5316,False,69.0|218,77
8|77|vc|8|2|218,668.822,0.703496,0.0476079,38.8163,0.98544,3.53026,670.129,0.702914,0.00420112,38.652,0.995339,3.5316,False,69.0|218,77
8|322|cc|1|1|174,668.822,0.703496,0.0778575,38.8132,0.984792,3.53007,670.129,0.702914,0.00420112,38.6489,0.994697,3.53141,False,69.0|174,322
8|322|cc|2|1|174,668.822,0.703496,0.026571,38.8132,0.984792,3.53007,670.129,0.702914,0.00420112,38.6489,0.994697,3.53141,False,69.0|174,322
8|322|cc|3|1|174,668.822,0.703496,0.0550453,38.8132,0.984792,3.53007,670.129,0.702914,0.00420112,38.6489,0.994697,3.53141,False,69.0|174,322
8|322|cc|4|1|174,668.822,0.703496,0.0223611,38.8132,0.984792,3.53007,670.129,0.702914,0.00420112,38.6489,0.994697,3.53141,False,69.0|174,322
8|322|cc|5|1|174,668.822,0.703496,0.0199223,38.8132,0.984792,3.53007,670.129,0.702914,0.00420112,38.6489,0.994697,3.53141,False,69.0|174,322
8|322|cc|6|1|174,668.822,0.703496,0.0204581,38.8132,0.984792,3.53007,670.129,0.702914,0.00420112,38.6489,0.994697,3.53141,False,69.0|174,322
8|322|cc|7|1|174,668.822,0.703496,0.0172749,38.8132,0.984792,3.53007,670.129,0.702914,0.00420112,38.6489,0.994697,3.53141,False,69.0|174,322
8|322|cc|8|1|174,668.822,0.703496,0.0461493,38.8132,0.984792,3.53007,670.129,0.702914,0.00420112,38.6489,0.994697,3.53141,False,69.0|174,322
8|322|sample|10|174,668.822,0.703553,0.397437,38.8188,0.984792,3.53007,670.129,0.70297,0.380901,38.6544,0.994697,3.53141,True,32.0|174,322
8|322|sample|11|174,668.822,0.703553,0.195672,38.8214,0.984792,3.53007,670.129,0.70297,0.200248,38.6571,0.994697,3.53141,True,22.0|174,322
8|322|sample|12|174,668.822,0.703553,0.275238,38.8214,0.984792,3.53007,670.129,0.70297,0.27391,38.6571,0.994697,3.53141,True,22.0|174,322
8|322|sample|3|174,668.822,0.703553,0.453987,38.8219,0.984792,3.53007,670.13,0.70297,0.463022,38.6575,0.994697,3.53141,True,55.0|174,322
8|322|sample|4|174,668.822,0.703553,0.313111,38.8219,0.984792,3.53007,670.13,0.70297,0.349711,38.6575,0.994697,3.53141,True,55.0|174,322
8|322|sample|5|174,668.822,0.703553,0.44823,38.8219,0.984792,3.53007,670.13,0.70297,0.427153,38.6575,0.994697,3.53141,True,55.0|174,322
8|322|sample|6|174,668.822,0.703553,0.43515,38.8219,0.984792,3.53007,670.13,0.70297,0.408986,38.6575,0.994697,3.53141,True,55.0|174,322
8|322|sample|7|174,668.822,0.703553,0.274115,38.8188,0.984792,3.53007,670.129,0.70297,0.26491,38.6544,0.994697,3.53141,True,32.0|174,322
8|322|sample|8|174,668.822,0.703553,0.253012,38.8188,0.984792,3.53007,670.129,0.70297,0.247686,38.6544,0.994697,3.53141,True,32.0|174,322
8|322|sample|9|174,668.822,0.703553,0.299208,38.8188,0.984792,3.53007,670.129,0.70297,0.287087,38.6544,0.994697,3.53141,True,32.0|174,322
8|322|vc|1|2|174,668.822,0.703496,0.0193942,38.8132,0.984792,3.53007,670.129,0.702914,0.00420112,38.6489,0.994697,3.53141,False,69.0|174,322
8|322|vc|2|2|174,668.822,0.703496,0.0226809,38.8132,0.984792,3.53007,670.129,0.702914,0.00420112,38.6489,0.994697,3.53141,False,69.0|174,322
8|322|vc|3|2|174,668.822,0.703496,0.0280164,38.8132,0.984792,3.53007,670.129,0.702914,0.00420112,38.6489,0.994697,3.53141,False,69.0|174,322
8|322|vc|4|2|174,668.822,0.703496,0.0185237,38.8132,0.984792,3.53007,670.129,0.702914,0.00420112,38.6489,0.994697,3.53141,False,69.0|174,322
8|322|vc|5|2|174,668.822,0.703496,0.0330244,38.8132,0.984792,3.53007,670.129,0.702914,0.00420112,38.6489,0.994697,3.53141,False,69.0|174,322
8|322|vc|6|2|174,668.822,0.703496,0.0306928,38.8132,0.984792,3.53007,670.129,0.702914,0.00420112,38.6489,0.994697,3.53141,False,69.0|174,322
8|322|vc|7|2|174,668.822,0.703496,0.023813,38.8132,0.984792,3.53007,670.129,0.702914,0.00420112,38.6489,0.994697,3.53141,False,69.0|174,322
8|322|vc|8|2|174,668.822,0.703496,0.161257,38.8132,0.984792,3.53007,670.129,0.702914,0.00420112,38.6489,0.994697,3.53141,False,69.0|174,322
8|963|cc|1|1|319,668.822,0.703496,0.039758,38.8185,0.984671,3.53033,670.129,0.702914,0.00420112,38.6541,0.994576,3.53167,False,69.0|319,963
8|963|cc|2|1|319,668.822,0.703496,0.0257847,38.8185,0.984671,3.53033,670.129,0.702914,0.00420112,38.6541,0.994576,3.53167,False,69.0|319,963
8|963|cc|3|1|319,668.822,0.703496,0.0198007,38.8185,0.984671,3.53033,670.129,0.702914,0.00420112,38.6541,0.994576,3.53167,False,69.0|319,963
8|963|cc|4|1|319,668.822,0.703496,0.022311,38.8185,0.984671,3.53033,670.129,0.702914,0.00420112,38.6541,0.994576,3.53167,False,69.0|319,963
8|963|cc|5|1|319,668.822,0.703496,0.174348,38.8185,0.984671,3.53033,670.129,0.702914,0.00420112,38.6541,0.994576,3.53167,False,69.0|319,963
8|963|cc|6|1|319,668.822,0.703496,0.0442663,38.8185,0.984671,3.53033,670.129,0.702914,0.00420112,38.6541,0.994576,3.53167,False,69.0|319,963
8|963|cc|7|1|319,668.822,0.703496,0.0455071,38.8185,0.984671,3.53033,670.129,0.702914,0.00420112,38.6541,0.994576,3.53167,False,69.0|319,963
8|963|cc|8|1|319,668.822,0.703496,0.0308081,38.8185,0.984671,3.53033,670.129,0.702914,0.00420112,38.6541,0.994576,3.53167,False,69.0|319,963
8|963|sample|10|319,668.822,0.703553,0.323313,38.8179,0.984671,3.53033,670.129,0.70297,0.333174,38.6535,0.994576,3.53167,True,32.0|319,963
8|963|sample|11|319,668.822,0.703553,0.053146,38.8233,0.984671,3.53033,670.129,0.70297,0.0565054,38.659,0.994576,3.53167,True,22.0|319,963
8|963|sample|12|319,668.822,0.703553,0.0628666,38.8233,0.984671,3.53033,670.129,0.70297,0.0609784,38.659,0.994576,3.53167,True,22.0|319,963
8|963|sample|3|319,668.822,0.703553,1.90068,38.8222,0.984671,3.53033,670.129,0.70297,2.02312,38.6579,0.994576,3.53167,True,55.0|319,963
8|963|sample|4|319,668.822,0.703553,2.13135,38.8222,0.984671,3.53033,670.129,0.70297,2.27196,38.6579,0.994576,3.53167,True,55.0|319,963
8|963|sample|5|319,668.822,0.703553,2.66065,38.8222,0.984671,3.53033,670.129,0.70297,2.65253,38.6579,0.994576,3.53167,True,55.0|319,963
8|963|sample|6|319,668.822,0.703553,3.56662,38.8222,0.984671,3.53033,670.129,0.70297,3.63537,38.6579,0.994576,3.53167,True,55.0|319,963
8|963|sample|7|319,668.822,0.703553,0.352599,38.8179,0.984671,3.53033,670.129,0.70297,0.384063,38.6535,0.994576,3.53167,True,32.0|319,963
8|963|sample|8|319,668.822,0.703553,0.278675,38.8179,0.984671,3.53033,670.129,0.70297,0.279056,38.6535,0.994576,3.53167,True,32.0|319,963
8|963|sample|9|319,668.822,0.703553,0.365091,38.8179,0.984671,3.53033,670.129,0.70297,0.370648,38.6535,0.994576,3.53167,True,32.0|319,963
8|963|vc|1|2|319,668.822,0.703496,0.0380929,38.8185,0.984671,3.53033,670.129,0.702914,0.00420112,38.6541,0.994576,3.53167,False,69.0|319,963
8|963|vc|2|2|319,668.822,0.703496,0.047524,38.8185,0.984671,3.53033,670.129,0.702914,0.00420112,38.6541,0.994576,3.53167,False,69.0|319,963
8|963|vc|3|2|319,668.822,0.703496,0.0537218,38.8185,0.984671,3.53033,670.129,0.702914,0.00420112,38.6541,0.994576,3.53167,False,69.0|319,963
8|963|vc|4|2|319,668.822,0.703496,0.0180858,38.8185,0.984671,3.53033,670.129,0.702914,0.00420112,38.6541,0.994576,3.53167,False,69.0|319,963
8|963|vc|5|2|319,668.822,0.703496,0.0204931,38.8185,0.984671,3.53033,670.129,0.702914,0.00420112,38.6541,0.994576,3.53167,False,69.0|319,963
8|963|vc|6|2|319,668.822,0.703496,0.0217886,38.8185,0.984671,3.53033,670.129,0.702914,0.00420112,38.6541,0.994576,3.53167,False,69.0|319,963
8|963|vc|7|2|319,668.822,0.703496,0.0354586,38.8185,0.984671,3.53033,670.129,0.702914,0.00420112,38.6541,0.994576,3.53167,False,69.0|319,963
8|963|vc|8|2|319,668.822,0.703496,0.0405739,38.8185,0.984671,3.53033,670.129,0.702914,0.00420112,38.6541,0.994576,3.53167,False,69.0|319,963
8|1241|cc|1|1|69,668.822,0.703496,0.0175274,38.8147,0.985013,3.53038,670.129,0.702914,0.00420112,38.6504,0.994921,3.53172,False,69.0|69,1241
8|1241|cc|2|1|69,668.822,0.703496,0.028222,38.8147,0.985013,3.53038,670.129,0.702914,0.00420112,38.6504,0.994921,3.53172,False,69.0|69,1241
8|1241|cc|3|1|69,668.822,0.703496,0.0514189,38.8147,0.985013,3.53038,670.129,0.702914,0.00420112,38.6504,0.994921,3.53172,False,69.0|69,1241
8|1241|cc|4|1|69,668.822,0.703496,0.0194666,38.8147,0.985013,3.53038,670.129,0.702914,0.00420112,38.6504,0.994921,3.53172,False,69.0|69,1241
8|1241|cc|5|1|69,668.822,0.703496,0.0208937,38.8147,0.985013,3.53038,670.129,0.702914,0.00420112,38.6504,0.994921,3.53172,False,69.0|69,1241
8|1241|cc|6|1|69,668.822,0.703496,0.0267779,38.8147,0.985013,3.53038,670.129,0.702914,0.00420112,38.6504,0.994921,3.53172,False,69.0|69,1241
8|1241|cc|7|1|69,668.822,0.703496,0.0220233,38.8147,0.985013,3.53038,670.129,0.702914,0.00420112,38.6504,0.994921,3.53172,False,69.0|69,1241
8|1241|cc|8|1|69,668.822,0.703496,0.0250893,38.8147,0.985013,3.53038,670.129,0.702914,0.00420112,38.6504,0.994921,3.53172,False,69.0|69,1241
8|1241|sample|3|69,668.822,0.703553,0.00980621,38.8208,0.985013,3.53038,670.129,0.70297,0.00983529,38.6564,0.994921,3.53172,True,22.0|69,1241
8|1241|sample|4|69,668.822,0.703553,0.0098522,38.8208,0.985013,3.53038,670.129,0.70297,0.0100149,38.6564,0.994921,3.53172,True,22.0|69,1241
8|1241|sample|8|69,668.822,0.703553,0.35831,38.8208,0.985013,3.53038,670.129,0.70297,0.0289428,38.6564,0.994921,3.53172,True,22.0|69,1241
8|1241|vc|1|2|69,668.822,0.703496,0.014003,38.8147,0.985013,3.53038,670.129,0.702914,0.00420112,38.6504,0.994921,3.53172,False,69.0|69,1241
8|1241|vc|2|2|69,668.822,0.703496,0.0206185,38.8147,0.985013,3.53038,670.129,0.702914,0.00420112,38.6504,0.994921,3.53172,False,69.0|69,1241
8|1241|vc|3|2|69,668.822,0.703496,0.0233533,38.8147,0.985013,3.53038,670.129,0.702914,0.00420112,38.6504,0.994921,3.53172,False,69.0|69,1241
8|1241|vc|4|2|69,668.822,0.703496,0.0210016,38.8147,0.985013,3.53038,670.129,0.702914,0.00420112,38.6504,0.994921,3.53172,False,69.0|69,1241
8|1241|vc|5|2|69,668.822,0.703496,0.0501416,38.8147,0.985013,3.53038,670.129,0.702914,0.00420112,38.6504,0.994921,3.53172,False,69.0|69,1241
8|1241|vc|6|2|69,668.822,0.703496,0.0290104,38.8147,0.985013,3.53038,670.129,0.702914,0.00420112,38.6504,0.994921,3.53172,False,69.0|69,1241
8|1241|vc|7|2|69,668.822,0.703496,0.0579053,38.8147,0.985013,3.53038,670.129,0.702914,0.00420112,38.6504,0.994921,3.53172,False,69.0|69,1241
8|1241|vc|8|2|69,668.822,0.703496,0.0185972,38.8147,0.985013,3.53038,670.129,0.702914,0.00420112,38.6504,0.994921,3.53172,False,69.0|69,1241
8|1056|cc|1|1|276,668.822,0.703496,0.0310253,38.8165,0.984958,3.53033,670.129,0.702914,0.00420112,38.6522,0.994862,3.53167,False,69.0|276,1056
8|1056|cc|2|1|276,668.822,0.703496,0.0226314,38.8165,0.984958,3.53033,670.129,0.702914,0.00420112,38.6522,0.994862,3.53167,False,69.0|276,1056
8|1056|cc|3|1|276,668.822,0.703496,0.027623,38.8165,0.984958,3.53033,670.129,0.702914,0.00420112,38.6522,0.994862,3.53167,False,69.0|276,1056
8|1056|cc|4|1|276,668.822,0.703496,0.0304652,38.8165,0.984958,3.53033,670.129,0.702914,0.00420112,38.6522,0.994862,3.53167,False,69.0|276,1056
8|1056|cc|5|1|276,668.822,0.703496,0.0220465,38.8165,0.984958,3.53033,670.129,0.702914,0.00420112,38.6522,0.994862,3.53167,False,69.0|276,1056
8|1056|cc|6|1|276,668.822,0.703496,0.0457315,38.8165,0.984958,3.53033,670.129,0.702914,0.00420112,38.6522,0.994862,3.53167,False,69.0|276,1056
8|1056|cc|7|1|276,668.822,0.703496,0.0340266,38.8165,0.984958,3.53033,670.129,0.702914,0.00420112,38.6522,0.994862,3.53167,False,69.0|276,1056
8|1056|cc|8|1|276,668.822,0.703496,0.0269654,38.8165,0.984958,3.53033,670.129,0.702914,0.00420112,38.6522,0.994862,3.53167,False,69.0|276,1056
8|1056|sample|3|276,668.822,0.703553,0.0407439,38.8279,0.984958,3.53033,670.129,0.70297,0.0421827,38.6634,0.994862,3.53167,True,22.0|276,1056
8|1056|sample|4|276,668.822,0.703553,0.0378647,38.8279,0.984958,3.53033,670.129,0.70297,0.0390461,38.6634,0.994862,3.53167,True,22.0|276,1056
8|1056|vc|1|2|276,668.822,0.703496,0.0287497,38.8165,0.984958,3.53033,670.129,0.702914,0.00420112,38.6522,0.994862,3.53167,False,69.0|276,1056
8|1056|vc|2|2|276,668.822,0.703496,0.0247997,38.8165,0.984958,3.53033,670.129,0.702914,0.00420112,38.6522,0.994862,3.53167,False,69.0|276,1056
8|1056|vc|3|2|276,668.822,0.703496,0.0304956,38.8165,0.984958,3.53033,670.129,0.702914,0.00420112,38.6522,0.994862,3.53167,False,69.0|276,1056
8|1056|vc|4|2|276,668.822,0.703496,0.0319771,38.8165,0.984958,3.53033,670.129,0.702914,0.00420112,38.6522,0.994862,3.53167,False,69.0|276,1056
8|1056|vc|5|2|276,668.822,0.703496,0.0202885,38.8165,0.984958,3.53033,670.129,0.702914,0.00420112,38.6522,0.994862,3.53167,False,69.0|276,1056
8|1056|vc|6|2|276,668.822,0.703496,0.0608003,38.8165,0.984958,3.53033,670.129,0.702914,0.00420112,38.6522,0.994862,3.53167,False,69.0|276,1056
8|1056|vc|7|2|276,668.822,0.703496,0.0242197,38.8165,0.984958,3.53033,670.129,0.702914,0.00420112,38.6522,0.994862,3.53167,False,69.0|276,1056
8|1056|vc|8|2|276,668.822,0.703496,0.041453,38.8165,0.984958,3.53033,670.129,0.702914,0.00420112,38.6522,0.994862,3.53167,False,69.0|276,1056
8|1159|cc|1|1|292,668.822,0.703496,0.0267428,38.8156,0.984762,3.53031,670.129,0.702914,0.00420112,38.6513,0.994668,3.53165,False,69.0|292,1159
8|1159|cc|2|1|292,668.822,0.703496,0.0577353,38.8156,0.984762,3.53031,670.129,0.702914,0.00420112,38.6513,0.994668,3.53165,False,69.0|292,1159
8|1159|cc|3|1|292,668.822,0.703496,0.0301826,38.8156,0.984762,3.53031,670.129,0.702914,0.00420112,38.6513,0.994668,3.53165,False,69.0|292,1159
8|1159|cc|4|1|292,668.822,0.703496,0.0327994,38.8156,0.984762,3.53031,670.129,0.702914,0.00420112,38.6513,0.994668,3.53165,False,69.0|292,1159
8|1159|cc|5|1|292,668.822,0.703496,0.0431065,38.8156,0.984762,3.53031,670.129,0.702914,0.00420112,38.6513,0.994668,3.53165,False,69.0|292,1159
8|1159|cc|6|1|292,668.822,0.703496,0.0424356,38.8156,0.984762,3.53031,670.129,0.702914,0.00420112,38.6513,0.994668,3.53165,False,69.0|292,1159
8|1159|cc|7|1|292,668.822,0.703496,0.0231775,38.8156,0.984762,3.53031,670.129,0.702914,0.00420112,38.6513,0.994668,3.53165,False,69.0|292,1159
8|1159|cc|8|1|292,668.822,0.703496,0.0232233,38.8156,0.984762,3.53031,670.129,0.702914,0.00420112,38.6513,0.994668,3.53165,False,69.0|292,1159
8|1159|sample|3|292,668.821,0.703553,0.0136225,38.8226,0.984762,3.53031,670.129,0.70297,0.0133631,38.6582,0.994668,3.53165,True,22.0|292,1159
8|1159|sample|4|292,668.821,0.703553,0.0120775,38.8226,0.984762,3.53031,670.129,0.70297,0.0121845,38.6582,0.994668,3.53165,True,22.0|292,1159
8|1159|vc|1|2|292,668.822,0.703496,0.0250617,38.8156,0.984762,3.53031,670.129,0.702914,0.00420112,38.6513,0.994668,3.53165,False,69.0|292,1159
8|1159|vc|2|2|292,668.822,0.703496,0.0161392,38.8156,0.984762,3.53031,670.129,0.702914,0.00420112,38.6513,0.994668,3.53165,False,69.0|292,1159
8|1159|vc|3|2|292,668.822,0.703496,0.0355529,38.8156,0.984762,3.53031,670.129,0.702914,0.00420112,38.6513,0.994668,3.53165,False,69.0|292,1159
8|1159|vc|4|2|292,668.822,0.703496,0.0443951,38.8156,0.984762,3.53031,670.129,0.702914,0.00420112,38.6513,0.994668,3.53165,False,69.0|292,1159
8|1159|vc|5|2|292,668.822,0.703496,0.0265159,38.8156,0.984762,3.53031,670.129,0.702914,0.00420112,38.6513,0.994668,3.53165,False,69.0|292,1159
8|1159|vc|6|2|292,668.822,0.703496,0.018882,38.8156,0.984762,3.53031,670.129,0.702914,0.00420112,38.6513,0.994668,3.53165,False,69.0|292,1159
8|1159|vc|7|2|292,668.822,0.703496,0.0207367,38.8156,0.984762,3.53031,670.129,0.702914,0.00420112,38.6513,0.994668,3.53165,False,69.0|292,1159
8|1159|vc|8|2|292,668.822,0.703496,0.0346368,38.8156,0.984762,3.53031,670.129,0.702914,0.00420112,38.6513,0.994668,3.53165,False,69.0|292,1159
8|1017|cc|1|1|65,668.822,0.703496,0.020009,38.8169,0.984851,3.52966,670.129,0.702914,0.00420112,38.6526,0.994756,3.53099,False,69.0|65,1017
8|1017|cc|2|1|65,668.822,0.703496,0.0479348,38.8169,0.984851,3.52966,670.129,0.702914,0.00420112,38.6526,0.994756,3.53099,False,69.0|65,1017
8|1017|cc|3|1|65,668.822,0.703496,0.0393653,38.8169,0.984851,3.52966,670.129,0.702914,0.00420112,38.6526,0.994756,3.53099,False,69.0|65,1017
8|1017|cc|4|1|65,668.822,0.703496,0.0410319,38.8169,0.984851,3.52966,670.129,0.702914,0.00420112,38.6526,0.994756,3.53099,False,69.0|65,1017
8|1017|cc|5|1|65,668.822,0.703496,0.0530298,38.8169,0.984851,3.52966,670.129,0.702914,0.00420112,38.6526,0.994756,3.53099,False,69.0|65,1017
8|1017|cc|6|1|65,668.822,0.703496,0.0265613,38.8169,0.984851,3.52966,670.129,0.702914,0.00420112,38.6526,0.994756,3.53099,False,69.0|65,1017
8|1017|cc|7|1|65,668.822,0.703496,0.0412131,38.8169,0.984851,3.52966,670.129,0.702914,0.00420112,38.6526,0.994756,3.53099,False,69.0|65,1017
8|1017|cc|8|1|65,668.822,0.703496,0.0340351,38.8169,0.984851,3.52966,670.129,0.702914,0.00420112,38.6526,0.994756,3.53099,False,69.0|65,1017
8|1017|sample|3|65,668.822,0.703553,0.0821007,38.8197,0.984851,3.52966,670.129,0.70297,0.0885281,38.6555,0.994756,3.53099,True,22.0|65,1017
8|1017|sample|4|65,668.822,0.703553,0.056666,38.8197,0.984851,3.52966,670.129,0.70297,0.0628904,38.6555,0.994756,3.53099,True,22.0|65,1017
8|1017|sample|8|65,668.822,0.703553,0.430678,38.8197,0.984851,3.52966,670.129,0.70297,0.0289424,38.6555,0.994756,3.53099,True,22.0|65,1017
8|1017|vc|1|2|65,668.822,0.703496,0.0458944,38.8169,0.984851,3.52966,670.129,0.702914,0.00420112,38.6526,0.994756,3.53099,False,69.0|65,1017
8|1017|vc|2|2|65,668.822,0.703496,0.0259624,38.8169,0.984851,3.52966,670.129,0.702914,0.00420112,38.6526,0.994756,3.53099,False,69.0|65,1017
8|1017|vc|3|2|65,668.822,0.703496,0.033832,38.8169,0.984851,3.52966,670.129,0.702914,0.00420112,38.6526,0.994756,3.53099,False,69.0|65,1017
8|1017|vc|4|2|65,668.822,0.703496,0.0217237,38.8169,0.984851,3.52966,670.129,0.702914,0.00420112,38.6526,0.994756,3.53099,False,69.0|65,1017
8|1017|vc|5|2|65,668.822,0.703496,0.0332951,38.8169,0.984851,3.52966,670.129,0.702914,0.00420112,38.6526,0.994756,3.53099,False,69.0|65,1017
8|1017|vc|6|2|65,668.822,0.703496,0.0378682,38.8169,0.984851,3.52966,670.129,0.702914,0.00420112,38.6526,0.994756,3.53099,False,69.0|65,1017
8|1017|vc|7|2|65,668.822,0.703496,0.0480357,38.8169,0.984851,3.52966,670.129,0.702914,0.00420112,38.6526,0.994756,3.53099,False,69.0|65,1017
8|1017|vc|8|2|65,668.822,0.703496,0.0214842,38.8169,0.984851,3.52966,670.129,0.702914,0.00420112,38.6526,0.994756,3.53099,False,69.0|65,1017
8|1197|cc|1|1|103,668.822,0.703496,0.0330612,38.816,0.985545,3.52976,670.129,0.702914,0.00420112,38.6517,0.995444,3.53109,False,69.0|103,1197
8|1197|cc|2|1|103,668.822,0.703496,0.0296818,38.816,0.985545,3.52976,670.129,0.702914,0.00420112,38.6517,0.995444,3.53109,False,69.0|103,1197
8|1197|cc|3|1|103,668.822,0.703496,0.0641591,38.816,0.985545,3.52976,670.129,0.702914,0.00420112,38.6517,0.995444,3.53109,False,69.0|103,1197
8|1197|cc|4|1|103,668.822,0.703496,0.0524944,38.816,0.985545,3.52976,670.129,0.702914,0.00420112,38.6517,0.995444,3.53109,False,69.0|103,1197
8|1197|cc|5|1|103,668.822,0.703496,0.0358187,38.816,0.985545,3.52976,670.129,0.702914,0.00420112,38.6517,0.995444,3.53109,False,69.0|103,1197
8|1197|cc|6|1|103,668.822,0.703496,0.0241349,38.816,0.985545,3.52976,670.129,0.702914,0.00420112,38.6517,0.995444,3.53109,False,69.0|103,1197
8|1197|cc|7|1|103,668.822,0.703496,0.0452608,38.816,0.985545,3.52976,670.129,0.702914,0.00420112,38.6517,0.995444,3.53109,False,69.0|103,1197
8|1197|cc|8|1|103,668.822,0.703496,0.046561,38.816,0.985545,3.52976,670.129,0.702914,0.00420112,38.6517,0.995444,3.53109,False,69.0|103,1197
8|1197|sample|3|103,668.822,0.703553,0.1445,38.8241,0.985545,3.52976,670.129,0.70297,0.141165,38.6597,0.995444,3.53109,True,22.0|103,1197
8|1197|sample|4|103,668.822,0.703553,0.154978,38.8241,0.985545,3.52976,670.129,0.70297,0.150215,38.6597,0.995444,3.53109,True,22.0|103,1197
8|1197|vc|1|2|103,668.822,0.703496,0.034338,38.816,0.985545,3.52976,670.129,0.702914,0.00420112,38.6517,0.995444,3.53109,False,69.0|103,1197
8|1197|vc|2|2|103,668.822,0.703496,0.0143991,38.816,0.985545,3.52976,670.129,0.702914,0.00420112,38.6517,0.995444,3.53109,False,69.0|103,1197
8|1197|vc|3|2|103,668.822,0.703496,0.0150806,38.816,0.985545,3.52976,670.129,0.702914,0.00420112,38.6517,0.995444,3.53109,False,69.0|103,1197
8|1197|vc|4|2|103,668.822,0.703496,0.0201854,38.816,0.985545,3.52976,670.129,0.702914,0.00420112,38.6517,0.995444,3.53109,False,69.0|103,1197
8|1197|vc|5|2|103,668.822,0.703496,0.023202,38.816,0.985545,3.52976,670.129,0.702914,0.00420112,38.6517,0.995444,3.53109,False,69.0|103,1197
8|1197|vc|6|2|103,668.822,0.703496,0.0706941,38.816,0.985545,3.52976,670.129,0.702914,0.00420112,38.6517,0.995444,3.53109,False,69.0|103,1197
8|1197|vc|7|2|103,668.822,0.703496,0.0394252,38.816,0.985545,3.52976,670.129,0.702914,0.00420112,38.6517,0.995444,3.53109,False,69.0|103,1197
8|1197|vc|8|2|103,668.822,0.703496,0.0524259,38.816,0.985545,3.52976,670.129,0.702914,0.00420112,38.6517,0.995444,3.53109,False,69.0|103,1197
8|745|cc|1|1|218,668.822,0.703496,0.0272001,38.8163,0.984932,3.53011,670.129,0.702914,0.00420112,38.652,0.994837,3.53145,False,69.0|218,745
8|745|cc|2|1|218,668.822,0.703496,0.0339948,38.8163,0.984932,3.53011,670.129,0.702914,0.00420112,38.652,0.994837,3.53145,False,69.0|218,745
8|745|cc|3|1|218,668.822,0.703496,0.027571,38.8163,0.984932,3.53011,670.129,0.702914,0.00420112,38.652,0.994837,3.53145,False,69.0|218,745
8|745|cc|4|1|218,668.822,0.703496,0.0232715,38.8163,0.984932,3.53011,670.129,0.702914,0.00420112,38.652,0.994837,3.53145,False,69.0|218,745
8|745|cc|5|1|218,668.822,0.703496,0.021174,38.8163,0.984932,3.53011,670.129,0.702914,0.00420112,38.652,0.994837,3.53145,False,69.0|218,745
8|745|cc|6|1|218,668.822,0.703496,0.030029,38.8163,0.984932,3.53011,670.129,0.702914,0.00420112,38.652,0.994837,3.53145,False,69.0|218,745
8|745|cc|7|1|218,668.822,0.703496,0.0172,38.8163,0.984932,3.53011,670.129,0.702914,0.00420112,38.652,0.994837,3.53145,False,69.0|218,745
8|745|cc|8|1|218,668.822,0.703496,0.0329484,38.8163,0.984932,3.53011,670.129,0.702914,0.00420112,38.652,0.994837,3.53145,False,69.0|218,745
8|745|sample|3|218,668.822,0.703553,0.100429,38.8241,0.984932,3.53011,670.129,0.70297,0.0996719,38.6597,0.994837,3.53145,True,22.0|218,745
8|745|sample|4|218,668.822,0.703553,0.0843917,38.8241,0.984932,3.53011,670.129,0.70297,0.0925444,38.6597,0.994837,3.53145,True,22.0|218,745
8|745|sample|5|218,668.822,0.703553,0.309251,38.8241,0.984932,3.53011,670.129,0.70297,0.037173,38.6597,0.994837,3.53145,True,22.0|218,745
8|745|vc|1|2|218,668.822,0.703496,0.0189779,38.8163,0.984932,3.53011,670.129,0.702914,0.00420112,38.652,0.994837,3.53145,False,69.0|218,745
8|745|vc|2|2|218,668.822,0.703496,0.0742457,38.8163,0.984932,3.53011,670.129,0.702914,0.00420112,38.652,0.994837,3.53145,False,69.0|218,745
8|745|vc|3|2|218,668.822,0.703496,0.0354058,38.8163,0.984932,3.53011,670.129,0.702914,0.00420112,38.652,0.994837,3.53145,False,69.0|218,745
8|745|vc|4|2|218,668.822,0.703496,0.0214974,38.8163,0.984932,3.53011,670.129,0.702914,0.00420112,38.652,0.994837,3.53145,False,69.0|218,745
8|745|vc|5|2|218,668.822,0.703496,0.0422609,38.8163,0.984932,3.53011,670.129,0.702914,0.00420112,38.652,0.994837,3.53145,False,69.0|218,745
8|745|vc|6|2|218,668.822,0.703496,0.0254261,38.8163,0.984932,3.53011,670.129,0.702914,0.00420112,38.652,0.994837,3.53145,False,69.0|218,745
8|745|vc|7|2|218,668.822,0.703496,0.0176611,38.8163,0.984932,3.53011,670.129,0.702914,0.00420112,38.652,0.994837,3.53145,False,69.0|218,745
8|745|vc|8|2|218,668.822,0.703496,0.0188004,38.8163,0.984932,3.53011,670.129,0.702914,0.00420112,38.652,0.994837,3.53145,False,69.0|218,745
8|1043|cc|1|1|174,668.822,0.703496,0.0423791,38.8132,0.984948,3.53023,670.129,0.702914,0.00420112,38.6489,0.994856,3.53157,False,69.0|174,1043
8|1043|cc|2|1|174,668.822,0.703496,0.013689,38.8132,0.984948,3.53023,670.129,0.702914,0.00420112,38.6489,0.994856,3.53157,False,69.0|174,1043
8|1043|cc|3|1|174,668.822,0.703496,0.0271722,38.8132,0.984948,3.53023,670.129,0.702914,0.00420112,38.6489,0.994856,3.53157,False,69.0|174,1043
8|1043|cc|4|1|174,668.822,0.703496,0.0244487,38.8132,0.984948,3.53023,670.129,0.702914,0.00420112,38.6489,0.994856,3.53157,False,69.0|174,1043
8|1043|cc|5|1|174,668.822,0.703496,0.02543,38.8132,0.984948,3.53023,670.129,0.702914,0.00420112,38.6489,0.994856,3.53157,False,69.0|174,1043
8|1043|cc|6|1|174,668.822,0.703496,0.0351589,38.8132,0.984948,3.53023,670.129,0.702914,0.00420112,38.6489,0.994856,3.53157,False,69.0|174,1043
8|1043|cc|7|1|174,668.822,0.703496,0.0519378,38.8132,0.984948,3.53023,670.129,0.702914,0.00420112,38.6489,0.994856,3.53157,False,69.0|174,1043
8|1043|cc|8|1|174,668.822,0.703496,0.0283932,38.8132,0.984948,3.53023,670.129,0.702914,0.00420112,38.6489,0.994856,3.53157,False,69.0|174,1043
8|1043|sample|3|174,668.822,0.703553,0.16567,38.8214,0.984948,3.53023,670.129,0.70297,0.17152,38.6571,0.994856,3.53157,True,22.0|174,1043
8|1043|sample|4|174,668.822,0.703553,0.178863,38.8214,0.984948,3.53023,670.129,0.70297,0.185073,38.6571,0.994856,3.53157,True,22.0|174,1043
8|1043|vc|1|2|174,668.822,0.703496,0.0528932,38.8132,0.984948,3.53023,670.129,0.702914,0.00420112,38.6489,0.994856,3.53157,False,69.0|174,1043
8|1043|vc|2|2|174,668.822,0.703496,0.019882,38.8132,0.984948,3.53023,670.129,0.702914,0.00420112,38.6489,0.994856,3.53157,False,69.0|174,1043
8|1043|vc|3|2|174,668.822,0.703496,0.0259524,38.8132,0.984948,3.53023,670.129,0.702914,0.00420112,38.6489,0.994856,3.53157,False,69.0|174,1043
8|1043|vc|4|2|174,668.822,0.703496,0.0370174,38.8132,0.984948,3.53023,670.129,0.702914,0.00420112,38.6489,0.994856,3.53157,False,69.0|174,1043
8|1043|vc|5|2|174,668.822,0.703496,0.0334896,38.8132,0.984948,3.53023,670.129,0.702914,0.00420112,38.6489,0.994856,3.53157,False,69.0|174,1043
8|1043|vc|6|2|174,668.822,0.703496,0.0366933,38.8132,0.984948,3.53023,670.129,0.702914,0.00420112,38.6489,0.994856,3.53157,False,69.0|174,1043
8|1043|vc|7|2|174,668.822,0.703496,0.0174807,38.8132,0.984948,3.53023,670.129,0.702914,0.00420112,38.6489,0.994856,3.53157,False,69.0|174,1043
8|1043|vc|8|2|174,668.822,0.703496,0.0298385,38.8132,0.984948,3.53023,670.129,0.702914,0.00420112,38.6489,0.994856,3.53157,False,69.0|174,1043
8|1260|cc|1|1|319,668.822,0.703496,0.0349139,38.8185,0.984767,3.53008,670.129,0.702914,0.00420112,38.6541,0.994673,3.53142,False,69.0|319,1260
8|1260|cc|2|1|319,668.822,0.703496,0.0308043,38.8185,0.984767,3.53008,670.129,0.702914,0.00420112,38.6541,0.994673,3.53142,False,69.0|319,1260
8|1260|cc|3|1|319,668.822,0.703496,0.0182514,38.8185,0.984767,3.53008,670.129,0.702914,0.00420112,38.6541,0.994673,3.53142,False,69.0|319,1260
8|1260|cc|4|1|319,668.822,0.703496,0.0199086,38.8185,0.984767,3.53008,670.129,0.702914,0.00420112,38.6541,0.994673,3.53142,False,69.0|319,1260
8|1260|cc|5|1|319,668.822,0.703496,0.0244496,38.8185,0.984767,3.53008,670.129,0.702914,0.00420112,38.6541,0.994673,3.53142,False,69.0|319,1260
8|1260|cc|6|1|319,668.822,0.703496,0.060325,38.8185,0.984767,3.53008,670.129,0.702914,0.00420112,38.6541,0.994673,3.53142,False,69.0|319,1260
8|1260|cc|7|1|319,668.822,0.703496,0.0149846,38.8185,0.984767,3.53008,670.129,0.702914,0.00420112,38.6541,0.994673,3.53142,False,69.0|319,1260
8|1260|cc|8|1|319,668.822,0.703496,0.0290663,38.8185,0.984767,3.53008,670.129,0.702914,0.00420112,38.6541,0.994673,3.53142,False,69.0|319,1260
8|1260|sample|3|319,668.822,0.703553,0.0507584,38.8233,0.984767,3.53008,670.129,0.70297,0.0513767,38.659,0.994673,3.53142,True,22.0|319,1260
8|1260|sample|4|319,668.822,0.703553,0.0557237,38.8233,0.984767,3.53008,670.129,0.70297,0.0578474,38.659,0.994673,3.53142,True,22.0|319,1260
8|1260|vc|1|2|319,668.822,0.703496,0.0271123,38.8185,0.984767,3.53008,670.129,0.702914,0.00420112,38.6541,0.994673,3.53142,False,69.0|319,1260
8|1260|vc|2|2|319,668.822,0.703496,0.0192576,38.8185,0.984767,3.53008,670.129,0.702914,0.00420112,38.6541,0.994673,3.53142,False,69.0|319,1260
8|1260|vc|3|2|319,668.822,0.703496,0.0474223,38.8185,0.984767,3.53008,670.129,0.702914,0.00420112,38.6541,0.994673,3.53142,False,69.0|319,1260
8|1260|vc|4|2|319,668.822,0.703496,0.0359639,38.8185,0.984767,3.53008,670.129,0.702914,0.00420112,38.6541,0.994673,3.53142,False,69.0|319,1260
8|1260|vc|5|2|319,668.822,0.703496,0.0486998,38.8185,0.984767,3.53008,670.129,0.702914,0.00420112,38.6541,0.994673,3.53142,False,69.0|319,1260
8|1260|vc|6|2|319,668.822,0.703496,0.0389385,38.8185,0.984767,3.53008,670.129,0.702914,0.00420112,38.6541,0.994673,3.53142,False,69.0|319,1260
8|1260|vc|7|2|319,668.822,0.703496,0.0436545,38.8185,0.984767,3.53008,670.129,0.702914,0.00420112,38.6541,0.994673,3.53142,False,69.0|319,1260
8|1260|vc|8|2|319,668.822,0.703496,0.0197432,38.8185,0.984767,3.53008,670.129,0.702914,0.00420112,38.6541,0.994673,3.53142,False,69.0|319,1260
8|1042|cc|1|1|162,668.822,0.703496,0.0254957,38.8118,0.985313,3.53024,670.129,0.702914,0.00420112,38.6474,0.995216,3.53158,False,69.0|162,1042
8|1042|cc|2|1|162,668.822,0.703496,0.0267717,38.8118,0.985313,3.53024,670.129,0.702914,0.00420112,38.6474,0.995216,3.53158,False,69.0|162,1042
8|1042|cc|3|1|162,668.822,0.703496,0.0267119,38.8118,0.985313,3.53024,670.129,0.702914,0.00420112,38.6474,0.995216,3.53158,False,69.0|162,1042
8|1042|cc|4|1|162,668.822,0.703496,0.028496,38.8118,0.985313,3.53024,670.129,0.702914,0.00420112,38.6474,0.995216,3.53158,False,69.0|162,1042
8|1042|cc|5|1|162,668.822,0.703496,0.0532332,38.8118,0.985313,3.53024,670.129,0.702914,0.00420112,38.6474,0.995216,3.53158,False,69.0|162,1042
8|1042|cc|6|1|162,668.822,0.703496,0.0242069,38.8118,0.985313,3.53024,670.129,0.702914,0.00420112,38.6474,0.995216,3.53158,False,69.0|162,1042
8|1042|cc|7|1|162,668.822,0.703496,0.0338257,38.8118,0.985313,3.53024,670.129,0.702914,0.00420112,38.6474,0.995216,3.53158,False,69.0|162,1042
8|1042|cc|8|1|162,668.822,0.703496,0.0302828,38.8118,0.985313,3.53024,670.129,0.702914,0.00420112,38.6474,0.995216,3.53158,False,69.0|162,1042
8|1042|sample|3|162,668.822,0.703553,0.00698903,38.8265,0.985313,3.53024,670.129,0.70297,0.00719417,38.6621,0.995216,3.53158,True,22.0|162,1042
8|1042|sample|4|162,668.822,0.703553,0.00641455,38.8265,0.985313,3.53024,670.129,0.70297,0.00680984,38.6621,0.995216,3.53158,True,22.0|162,1042
8|1042|vc|1|2|162,668.822,0.703496,0.0920753,38.8118,0.985313,3.53024,670.129,0.702914,0.00420112,38.6474,0.995216,3.53158,False,69.0|162,1042
8|1042|vc|2|2|162,668.822,0.703496,0.049834,38.8118,0.985313,3.53024,670.129,0.702914,0.00420112,38.6474,0.995216,3.53158,False,69.0|162,1042
8|1042|vc|3|2|162,668.822,0.703496,0.0304636,38.8118,0.985313,3.53024,670.129,0.702914,0.00420112,38.6474,0.995216,3.53158,False,69.0|162,1042
8|1042|vc|4|2|162,668.822,0.703496,0.0276882,38.8118,0.985313,3.53024,670.129,0.702914,0.00420112,38.6474,0.995216,3.53158,False,69.0|162,1042
8|1042|vc|5|2|162,668.822,0.703496,0.0310352,38.8118,0.985313,3.53024,670.129,0.702914,0.00420112,38.6474,0.995216,3.53158,False,69.0|162,1042
8|1042|vc|6|2|162,668.822,0.703496,0.0279621,38.8118,0.985313,3.53024,670.129,0.702914,0.00420112,38.6474,0.995216,3.53158,False,69.0|162,1042
8|1042|vc|7|2|162,668.822,0.703496,0.0422623,38.8118,0.985313,3.53024,670.129,0.702914,0.00420112,38.6474,0.995216,3.53158,False,69.0|162,1042
8|1042|vc|8|2|162,668.822,0.703496,0.0192611,38.8118,0.985313,3.53024,670.129,0.702914,0.00420112,38.6474,0.995216,3.53158,False,69.0|162,1042
8|863|cc|1|1|274,668.822,0.703496,0.0423665,38.817,0.984684,3.53044,670.129,0.702914,0.00420112,38.6527,0.994589,3.53178,False,69.0|274,863
8|863|cc|2|1|274,668.822,0.703496,0.0174915,38.817,0.984684,3.53044,670.129,0.702914,0.00420112,38.6527,0.994589,3.53178,False,69.0|274,863
8|863|cc|3|1|274,668.822,0.703496,0.0383571,38.817,0.984684,3.53044,670.129,0.702914,0.00420112,38.6527,0.994589,3.53178,False,69.0|274,863
8|863|cc|4|1|274,668.822,0.703496,0.0209655,38.817,0.984684,3.53044,670.129,0.702914,0.00420112,38.6527,0.994589,3.53178,False,69.0|274,863
8|863|cc|5|1|274,668.822,0.703496,0.0272354,38.817,0.984684,3.53044,670.129,0.702914,0.00420112,38.6527,0.994589,3.53178,False,69.0|274,863
8|863|cc|6|1|274,668.822,0.703496,0.0319895,38.817,0.984684,3.53044,670.129,0.702914,0.00420112,38.6527,0.994589,3.53178,False,69.0|274,863
8|863|cc|7|1|274,668.822,0.703496,0.025385,38.817,0.984684,3.53044,670.129,0.702914,0.00420112,38.6527,0.994589,3.53178,False,69.0|274,863
8|863|cc|8|1|274,668.822,0.703496,0.0233113,38.817,0.984684,3.53044,670.129,0.702914,0.00420112,38.6527,0.994589,3.53178,False,69.0|274,863
8|863|sample|3|274,668.821,0.703553,0.0343406,38.8222,0.984684,3.53044,670.129,0.70297,0.0351359,38.6578,0.994589,3.53178,True,22.0|274,863
8|863|sample|4|274,668.821,0.703553,0.0300554,38.8222,0.984684,3.53044,670.129,0.70297,0.0305461,38.6578,0.994589,3.53178,True,22.0|274,863
8|863|vc|1|2|274,668.822,0.703496,0.0482878,38.817,0.984684,3.53044,670.129,0.702914,0.00420112,38.6527,0.994589,3.53178,False,69.0|274,863
8|863|vc|2|2|274,668.822,0.703496,0.0158387,38.817,0.984684,3.53044,670.129,0.702914,0.00420112,38.6527,0.994589,3.53178,False,69.0|274,863
8|863|vc|3|2|274,668.822,0.703496,0.0414693,38.817,0.984684,3.53044,670.129,0.702914,0.00420112,38.6527,0.994589,3.53178,False,69.0|274,863
8|863|vc|4|2|274,668.822,0.703496,0.0264089,38.817,0.984684,3.53044,670.129,0.702914,0.00420112,38.6527,0.994589,3.53178,False,69.0|274,863
8|863|vc|5|2|274,668.822,0.703496,0.0295574,38.817,0.984684,3.53044,670.129,0.702914,0.00420112,38.6527,0.994589,3.53178,False,69.0|274,863
8|863|vc|6|2|274,668.822,0.703496,0.0233312,38.817,0.984684,3.53044,670.129,0.702914,0.00420112,38.6527,0.994589,3.53178,False,69.0|274,863
8|863|vc|7|2|274,668.822,0.703496,0.040804,38.817,0.984684,3.53044,670.129,0.702914,0.00420112,38.6527,0.994589,3.53178,False,69.0|274,863
8|863|vc|8|2|274,668.822,0.703496,0.0289868,38.817,0.984684,3.53044,670.129,0.702914,0.00420112,38.6527,0.994589,3.53178,False,69.0|274,863
8|152|cc|1|1|322,668.822,0.703496,0.0270195,38.8158,0.98491,3.53046,670.129,0.702914,0.00420112,38.6515,0.994816,3.5318,False,69.0|322,152
8|152|cc|2|1|322,668.822,0.703496,0.0337578,38.8158,0.98491,3.53046,670.129,0.702914,0.00420112,38.6515,0.994816,3.5318,False,69.0|322,152
8|152|cc|3|1|322,668.822,0.703496,0.0192453,38.8158,0.98491,3.53046,670.129,0.702914,0.00420112,38.6515,0.994816,3.5318,False,69.0|322,152
8|152|cc|4|1|322,668.822,0.703496,0.0198967,38.8158,0.98491,3.53046,670.129,0.702914,0.00420112,38.6515,0.994816,3.5318,False,69.0|322,152
8|152|cc|5|1|322,668.822,0.703496,0.0182394,38.8158,0.98491,3.53046,670.129,0.702914,0.00420112,38.6515,0.994816,3.5318,False,69.0|322,152
8|152|cc|6|1|322,668.822,0.703496,0.0405482,38.8158,0.98491,3.53046,670.129,0.702914,0.00420112,38.6515,0.994816,3.5318,False,69.0|322,152
8|152|cc|7|1|322,668.822,0.703496,0.0249626,38.8158,0.98491,3.53046,670.129,0.702914,0.00420112,38.6515,0.994816,3.5318,False,69.0|322,152
8|152|cc|8|1|322,668.822,0.703496,0.030957,38.8158,0.98491,3.53046,670.129,0.702914,0.00420112,38.6515,0.994816,3.5318,False,69.0|322,152
8|152|sample|3|322,668.822,0.703553,0.0157259,38.8184,0.98491,3.53046,670.129,0.70297,0.0150974,38.654,0.994816,3.5318,True,22.0|322,152
8|152|sample|4|322,668.822,0.703553,0.0127203,38.8184,0.98491,3.53046,670.129,0.70297,0.0125215,38.654,0.994816,3.5318,True,22.0|322,152
8|152|vc|1|2|322,668.822,0.703496,0.0222718,38.8158,0.98491,3.53046,670.129,0.702914,0.00420112,38.6515,0.994816,3.5318,False,69.0|322,152
8|152|vc|2|2|322,668.822,0.703496,0.0291634,38.8158,0.98491,3.53046,670.129,0.702914,0.00420112,38.6515,0.994816,3.5318,False,69.0|322,152
8|152|vc|3|2|322,668.822,0.703496,0.0383407,38.8158,0.98491,3.53046,670.129,0.702914,0.00420112,38.6515,0.994816,3.5318,False,69.0|322,152
8|152|vc|4|2|322,668.822,0.703496,0.0547784,38.8158,0.98491,3.53046,670.129,0.702914,0.00420112,38.6515,0.994816,3.5318,False,69.0|322,152
8|152|vc|5|2|322,668.822,0.703496,0.0303531,38.8158,0.98491,3.53046,670.129,0.702914,0.00420112,38.6515,0.994816,3.5318,False,69.0|322,152
8|152|vc|6|2|322,668.822,0.703496,0.0259339,38.8158,0.98491,3.53046,670.129,0.702914,0.00420112,38.6515,0.994816,3.5318,False,69.0|322,152
8|152|vc|7|2|322,668.822,0.703496,0.0213696,38.8158,0.98491,3.53046,670.129,0.702914,0.00420112,38.6515,0.994816,3.5318,False,69.0|322,152
8|152|vc|8|2|322,668.822,0.703496,0.0150585,38.8158,0.98491,3.53046,670.129,0.702914,0.00420112,38.6515,0.994816,3.5318,False,69.0|322,152
9|411|cc|1|1|274,668.822,0.703496,0.0484368,38.817,0.98471,3.53024,670.129,0.702914,0.00420112,38.6527,0.994616,3.53158,False,69.0|274,411
9|411|cc|2|1|274,668.822,0.703496,0.0205495,38.817,0.98471,3.53024,670.129,0.702914,0.00420112,38.6527,0.994616,3.53158,False,69.0|274,411
9|411|cc|3|1|274,668.822,0.703496,0.0204766,38.817,0.98471,3.53024,670.129,0.702914,0.00420112,38.6527,0.994616,3.53158,False,69.0|274,411
9|411|cc|4|1|274,668.822,0.703496,0.0344483,38.817,0.98471,3.53024,670.129,0.702914,0.00420112,38.6527,0.994616,3.53158,False,69.0|274,411
9|411|cc|5|1|274,668.822,0.703496,0.0324216,38.817,0.98471,3.53024,670.129,0.702914,0.00420112,38.6527,0.994616,3.53158,False,69.0|274,411
9|411|cc|6|1|274,668.822,0.703496,0.0231676,38.817,0.98471,3.53024,670.129,0.702914,0.00420112,38.6527,0.994616,3.53158,False,69.0|274,411
9|411|cc|7|1|274,668.822,0.703496,0.0417934,38.817,0.98471,3.53024,670.129,0.702914,0.00420112,38.6527,0.994616,3.53158,False,69.0|274,411
9|411|cc|8|1|274,668.822,0.703496,0.0257274,38.817,0.98471,3.53024,670.129,0.702914,0.00420112,38.6527,0.994616,3.53158,False,69.0|274,411
9|411|sample|10|274,668.822,0.703553,0.0057549,38.8238,0.98471,3.53024,670.129,0.70297,0.00591641,38.6595,0.994616,3.53158,True,70.0|274,411
9|411|sample|11|274,668.822,0.703553,0.00845122,38.8238,0.98471,3.53024,670.129,0.70297,0.00872628,38.6595,0.994616,3.53158,True,70.0|274,411
9|411|sample|12|274,668.822,0.703553,0.00951236,38.8238,0.98471,3.53024,670.129,0.70297,0.00971152,38.6595,0.994616,3.53158,True,70.0|274,411
9|411|sample|3|274,668.822,0.703553,0.0114667,38.8238,0.98471,3.53024,670.129,0.70297,0.0115377,38.6595,0.994616,3.53158,True,70.0|274,411
9|411|sample|4|274,668.822,0.703553,0.00659916,38.8238,0.98471,3.53024,670.129,0.70297,0.00668556,38.6595,0.994616,3.53158,True,70.0|274,411
9|411|sample|5|274,668.822,0.703553,0.00624143,38.8238,0.98471,3.53024,670.129,0.70297,0.00624113,38.6595,0.994616,3.53158,True,70.0|274,411
9|411|sample|6|274,668.822,0.703553,0.00580891,38.8238,0.98471,3.53024,670.129,0.70297,0.00573134,38.6595,0.994616,3.53158,True,70.0|274,411
9|411|sample|7|274,668.822,0.703553,0.00930161,38.8238,0.98471,3.53024,670.129,0.70297,0.00920147,38.6595,0.994616,3.53158,True,70.0|274,411
9|411|sample|8|274,668.822,0.703553,0.00845455,38.8238,0.98471,3.53024,670.129,0.70297,0.00860349,38.6595,0.994616,3.53158,True,70.0|274,411
9|411|sample|9|274,668.822,0.703553,0.00666772,38.8238,0.98471,3.53024,670.129,0.70297,0.00660185,38.6595,0.994616,3.53158,True,70.0|274,411
9|411|vc|1|2|274,668.822,0.703496,0.0143141,38.817,0.98471,3.53024,670.129,0.702914,0.00420112,38.6527,0.994616,3.53158,False,69.0|274,411
9|411|vc|2|2|274,668.822,0.703496,0.0242547,38.817,0.98471,3.53024,670.129,0.702914,0.00420112,38.6527,0.994616,3.53158,False,69.0|274,411
9|411|vc|3|2|274,668.822,0.703496,0.0245343,38.817,0.98471,3.53024,670.129,0.702914,0.00420112,38.6527,0.994616,3.53158,False,69.0|274,411
9|411|vc|4|2|274,668.822,0.703496,0.0248695,38.817,0.98471,3.53024,670.129,0.702914,0.00420112,38.6527,0.994616,3.53158,False,69.0|274,411
9|411|vc|5|2|274,668.822,0.703496,0.0427419,38.817,0.98471,3.53024,670.129,0.702914,0.00420112,38.6527,0.994616,3.53158,False,69.0|274,411
9|411|vc|6|2|274,668.822,0.703496,0.0149958,38.817,0.98471,3.53024,670.129,0.702914,0.00420112,38.6527,0.994616,3.53158,False,69.0|274,411
9|411|vc|7|2|274,668.822,0.703496,0.0216658,38.817,0.98471,3.53024,670.129,0.702914,0.00420112,38.6527,0.994616,3.53158,False,69.0|274,411
9|411|vc|8|2|274,668.822,0.703496,0.0259961,38.817,0.98471,3.53024,670.129,0.702914,0.00420112,38.6527,0.994616,3.53158,False,69.0|274,411
