rep,id,L,m,e,s,alpha,k,goes_down,mab_virus,run_id
1,8|84|cc|1|1|162,670.129,0.702914,0.00124198,38.6474,1.927,3.53157,False,69.0|162,84
1,8|84|cc|2|1|162,670.129,0.702914,0.000345181,38.6474,1.927,3.53157,False,69.0|162,84
1,8|84|cc|3|1|162,670.129,0.702914,0.00453942,38.6474,1.927,3.53157,False,69.0|162,84
1,8|84|cc|4|1|162,670.129,0.702914,0.0267897,38.6474,1.927,3.53157,False,69.0|162,84
1,8|84|cc|5|1|162,670.129,0.702914,0.000852134,38.6474,1.927,3.53157,False,69.0|162,84
1,8|84|cc|6|1|162,670.129,0.702914,0.000335468,38.6474,1.927,3.53157,False,69.0|162,84
1,8|84|cc|7|1|162,670.129,0.702914,0.0877342,38.6474,1.927,3.53157,False,69.0|162,84
1,8|84|cc|8|1|162,670.129,0.702914,0.0188351,38.6474,1.927,3.53157,False,69.0|162,84
1,8|84|sample|10|162,670.129,0.70297,0.0134803,38.6627,1.927,3.53157,True,32.0|162,84
1,8|84|sample|11|162,670.129,0.70297,0.00943754,38.6621,1.927,3.53157,True,22.0|162,84
1,8|84|sample|12|162,670.129,0.70297,0.010671,38.6621,1.927,3.53157,True,22.0|162,84
1,8|84|sample|3|162,670.129,0.70297,0.00235492,38.6615,1.927,3.53157,True,55.0|162,84
1,8|84|sample|4|162,670.129,0.70297,0.00265342,38.6615,1.927,3.53157,True,55.0|162,84
1,8|84|sample|5|162,670.129,0.70297,0.00076828,38.6615,1.927,3.53157,True,55.0|162,84
1,8|84|sample|6|162,670.129,0.70297,0.000875681,38.6615,1.927,3.53157,True,55.0|162,84
1,8|84|sample|7|162,670.129,0.70297,0.00854264,38.6627,1.927,3.53157,True,32.0|162,84
1,8|84|sample|8|162,670.129,0.70297,0.0082339,38.6627,1.927,3.53157,True,32.0|162,84
1,8|84|sample|9|162,670.129,0.70297,0.00890036,38.6627,1.927,3.53157,True,32.0|162,84
1,8|84|vc|1|2|162,670.129,0.702914,0.00112599,38.6474,1.927,3.53157,False,69.0|162,84
1,8|84|vc|2|2|162,670.129,0.702914,0.000422558,38.6474,1.927,3.53157,False,69.0|162,84
1,8|84|vc|3|2|162,670.129,0.702914,0.00108463,38.6474,1.927,3.53157,False,69.0|162,84
1,8|84|vc|4|2|162,670.129,0.702914,0.000782028,38.6474,1.927,3.53157,False,69.0|162,84
1,8|84|vc|5|2|162,670.129,0.702914,0.000236289,38.6474,1.927,3.53157,False,69.0|162,84
1,8|84|vc|6|2|162,670.129,0.702914,0.000538434,38.6474,1.927,3.53157,False,69.0|162,84
1,8|84|vc|7|2|162,670.129,0.702914,0.000596321,38.6474,1.927,3.53157,False,69.0|162,84
1,8|84|vc|8|2|162,670.129,0.702914,0.00559851,38.6474,1.927,3.53157,False,69.0|162,84
1,8|719|cc|1|1|274,670.129,0.702914,0.0014693,38.6527,0.994568,3.53155,False,69.0|274,719
1,8|719|cc|2|1|274,670.129,0.702914,0.0497878,38.6527,0.994568,3.53155,False,69.0|274,719
1,8|719|cc|3|1|274,670.129,0.702914,0.00600401,38.6527,0.994568,3.53155,False,69.0|274,719
1,8|719|cc|4|1|274,670.129,0.702914,3.54368,38.6527,0.994568,3.53155,False,69.0|274,719
1,8|719|cc|5|1|274,670.129,0.702914,0.000494837,38.6527,0.994568,3.53155,False,69.0|274,719
1,8|719|cc|6|1|274,670.129,0.702914,0.000122914,38.6527,0.994568,3.53155,False,69.0|274,719
1,8|719|cc|7|1|274,670.129,0.702914,0.00463545,38.6527,0.994568,3.53155,False,69.0|274,719
1,8|719|cc|8|1|274,670.129,0.702914,0.00335208,38.6527,0.994568,3.53155,False,69.0|274,719
1,8|719|sample|10|274,670.129,0.70297,0.0228124,38.6601,0.994568,3.53155,True,32.0|274,719
1,8|719|sample|11|274,670.129,0.70297,0.0334032,38.6578,0.994568,3.53155,True,22.0|274,719
1,8|719|sample|12|274,670.129,0.70297,0.0282198,38.6578,0.994568,3.53155,True,22.0|274,719
1,8|719|sample|3|274,670.129,0.70297,0.00305803,38.653,0.994568,3.53155,True,55.0|274,719
1,8|719|sample|4|274,670.129,0.70297,0.00308527,38.653,0.994568,3.53155,True,55.0|274,719
1,8|719|sample|5|274,670.129,0.70297,0.00294213,38.653,0.994568,3.53155,True,55.0|274,719
1,8|719|sample|6|274,670.129,0.70297,0.00397139,38.653,0.994568,3.53155,True,55.0|274,719
1,8|719|sample|7|274,670.129,0.70297,0.0295478,38.6601,0.994568,3.53155,True,32.0|274,719
1,8|719|sample|8|274,670.129,0.70297,0.0238673,38.6601,0.994568,3.53155,True,32.0|274,719
1,8|719|sample|9|274,670.129,0.70297,0.0280245,38.6601,0.994568,3.53155,True,32.0|274,719
1,8|719|vc|1|2|274,670.129,0.702914,0.008751,38.6527,0.994568,3.53155,False,69.0|274,719
1,8|719|vc|2|2|274,670.129,0.702914,0.00342158,38.6527,0.994568,3.53155,False,69.0|274,719
1,8|719|vc|3|2|274,670.129,0.702914,0.00051475,38.6527,0.994568,3.53155,False,69.0|274,719
1,8|719|vc|4|2|274,670.129,0.702914,0.0400994,38.6527,0.994568,3.53155,False,69.0|274,719
1,8|719|vc|5|2|274,670.129,0.702914,0.012644,38.6527,0.994568,3.53155,False,69.0|274,719
1,8|719|vc|6|2|274,670.129,0.702914,0.00599793,38.6527,0.994568,3.53155,False,69.0|274,719
1,8|719|vc|7|2|274,670.129,0.702914,0.00479187,38.6527,0.994568,3.53155,False,69.0|274,719
1,8|719|vc|8|2|274,670.129,0.702914,0.00560061,38.6527,0.994568,3.53155,False,69.0|274,719
1,8|488|cc|1|1|322,670.129,0.702914,0.00871409,38.6515,0.994596,3.53141,False,69.0|322,488
1,8|488|cc|2|1|322,670.129,0.702914,0.0138564,38.6515,0.994596,3.53141,False,69.0|322,488
1,8|488|cc|3|1|322,670.129,0.702914,0.000657015,38.6515,0.994596,3.53141,False,69.0|322,488
1,8|488|cc|4|1|322,670.129,0.702914,0.00653824,38.6515,0.994596,3.53141,False,69.0|322,488
1,8|488|cc|5|1|322,670.129,0.702914,0.00158424,38.6515,0.994596,3.53141,False,69.0|322,488
1,8|488|cc|6|1|322,670.129,0.702914,0.000632574,38.6515,0.994596,3.53141,False,69.0|322,488
1,8|488|cc|7|1|322,670.129,0.702914,0.00597562,38.6515,0.994596,3.53141,False,69.0|322,488
1,8|488|cc|8|1|322,670.129,0.702914,0.000676845,38.6515,0.994596,3.53141,False,69.0|322,488
1,8|488|sample|10|322,670.129,0.70297,0.00134977,33.9447,0.994596,3.53141,True,32.0|322,488
1,8|488|sample|11|322,670.129,0.70297,0.0213264,38.654,0.994596,3.53141,True,22.0|322,488
1,8|488|sample|12|322,670.129,0.70297,0.0220441,38.654,0.994596,3.53141,True,22.0|322,488
1,8|488|sample|3|322,670.129,0.70297,0.000838181,38.6613,0.994596,3.53141,True,55.0|322,488
1,8|488|sample|4|322,670.129,0.70297,0.00107959,38.6613,0.994596,3.53141,True,55.0|322,488
1,8|488|sample|5|322,670.129,0.70297,0.000812384,38.6613,0.994596,3.53141,True,55.0|322,488
1,8|488|sample|6|322,670.129,0.70297,0.000737128,38.6613,0.994596,3.53141,True,55.0|322,488
1,8|488|sample|7|322,670.129,0.70297,0.00440844,33.9447,0.994596,3.53141,True,32.0|322,488
1,8|488|sample|8|322,670.129,0.70297,0.00410272,33.9447,0.994596,3.53141,True,32.0|322,488
1,8|488|sample|9|322,670.129,0.70297,0.00115714,33.9447,0.994596,3.53141,True,32.0|322,488
1,8|488|vc|1|2|322,670.129,0.702914,0.0265519,38.6515,0.994596,3.53141,False,69.0|322,488
1,8|488|vc|2|2|322,670.129,0.702914,0.0402951,38.6515,0.994596,3.53141,False,69.0|322,488
1,8|488|vc|3|2|322,670.129,0.702914,0.00737541,38.6515,0.994596,3.53141,False,69.0|322,488
1,8|488|vc|4|2|322,670.129,0.702914,0.0428072,38.6515,0.994596,3.53141,False,69.0|322,488
1,8|488|vc|5|2|322,670.129,0.702914,0.00880744,38.6515,0.994596,3.53141,False,69.0|322,488
1,8|488|vc|6|2|322,670.129,0.702914,0.0180756,38.6515,0.994596,3.53141,False,69.0|322,488
1,8|488|vc|7|2|322,670.129,0.702914,0.0109463,38.6515,0.994596,3.53141,False,69.0|322,488
1,8|488|vc|8|2|322,670.129,0.702914,0.00608836,38.6515,0.994596,3.53141,False,69.0|322,488
1,8|847|cc|1|1|69,670.129,0.702914,0.0209561,38.6504,0.994687,3.53162,False,69.0|69,847
1,8|847|cc|2|1|69,670.129,0.702914,0.0561065,38.6504,0.994687,3.53162,False,69.0|69,847
1,8|847|cc|3|1|69,670.129,0.702914,0.0102423,38.6504,0.994687,3.53162,False,69.0|69,847
1,8|847|cc|4|1|69,670.129,0.702914,0.000239698,38.6504,0.994687,3.53162,False,69.0|69,847
1,8|847|cc|5|1|69,670.129,0.702914,0.00029726,38.6504,0.994687,3.53162,False,69.0|69,847
1,8|847|cc|6|1|69,670.129,0.702914,0.000302701,38.6504,0.994687,3.53162,False,69.0|69,847
1,8|847|cc|7|1|69,670.129,0.702914,0.00565343,38.6504,0.994687,3.53162,False,69.0|69,847
1,8|847|cc|8|1|69,670.129,0.702914,0.00124646,38.6504,0.994687,3.53162,False,69.0|69,847
1,8|847|sample|10|69,670.129,0.70297,0.0993172,38.657,0.994687,3.53162,True,32.0|69,847
1,8|847|sample|11|69,670.129,0.70297,0.0143583,38.6564,0.994687,3.53162,True,22.0|69,847
1,8|847|sample|12|69,670.129,0.70297,0.0128091,38.6564,0.994687,3.53162,True,22.0|69,847
1,8|847|sample|3|69,670.129,0.70297,0.00367947,38.6609,0.994687,3.53162,True,55.0|69,847
1,8|847|sample|4|69,670.129,0.70297,0.00401734,38.6609,0.994687,3.53162,True,55.0|69,847
1,8|847|sample|5|69,670.129,0.70297,0.000552377,38.6609,0.994687,3.53162,True,55.0|69,847
1,8|847|sample|6|69,670.129,0.70297,0.000519297,38.6609,0.994687,3.53162,True,55.0|69,847
1,8|847|sample|7|69,670.129,0.70297,0.0580605,38.657,0.994687,3.53162,True,32.0|69,847
1,8|847|sample|8|69,670.129,0.70297,0.0710755,38.657,0.994687,3.53162,True,32.0|69,847
1,8|847|sample|9|69,670.129,0.70297,0.0701176,38.657,0.994687,3.53162,True,32.0|69,847
1,8|847|vc|1|2|69,670.129,0.702914,8.55135e-05,38.6504,0.994687,3.53162,False,69.0|69,847
1,8|847|vc|2|2|69,670.129,0.702914,0.0116808,38.6504,0.994687,3.53162,False,69.0|69,847
1,8|847|vc|3|2|69,670.129,0.702914,0.0299451,38.6504,0.994687,3.53162,False,69.0|69,847
1,8|847|vc|4|2|69,670.129,0.702914,0.0148477,38.6504,0.994687,3.53162,False,69.0|69,847
1,8|847|vc|5|2|69,670.129,0.702914,0.00542656,38.6504,0.994687,3.53162,False,69.0|69,847
1,8|847|vc|6|2|69,670.129,0.702914,0.00306671,38.6504,0.994687,3.53162,False,69.0|69,847
1,8|847|vc|7|2|69,670.129,0.702914,0.00117579,38.6504,0.994687,3.53162,False,69.0|69,847
1,8|847|vc|8|2|69,670.129,0.702914,0.0216903,38.6504,0.994687,3.53162,False,69.0|69,847
1,8|474|cc|1|1|276,670.129,0.702914,0.0014902,38.6522,0.994675,3.53166,False,69.0|276,474
1,8|474|cc|2|1|276,670.129,0.702914,0.0154268,38.6522,0.994675,3.53166,False,69.0|276,474
1,8|474|cc|3|1|276,670.129,0.702914,0.00242405,38.6522,0.994675,3.53166,False,69.0|276,474
1,8|474|cc|4|1|276,670.129,0.702914,0.00527235,38.6522,0.994675,3.53166,False,69.0|276,474
1,8|474|cc|5|1|276,670.129,0.702914,0.000828115,38.6522,0.994675,3.53166,False,69.0|276,474
1,8|474|cc|6|1|276,670.129,0.702914,0.0350646,38.6522,0.994675,3.53166,False,69.0|276,474
1,8|474|cc|7|1|276,670.129,0.702914,0.00901853,38.6522,0.994675,3.53166,False,69.0|276,474
1,8|474|cc|8|1|276,670.129,0.702914,0.00395222,38.6522,0.994675,3.53166,False,69.0|276,474
1,8|474|sample|10|276,670.129,0.70297,0.205126,38.6575,0.994675,3.53166,True,32.0|276,474
1,8|474|sample|11|276,670.129,0.70297,0.0409737,38.6634,0.994675,3.53166,True,22.0|276,474
1,8|474|sample|12|276,670.129,0.70297,0.0467991,38.6634,0.994675,3.53166,True,22.0|276,474
1,8|474|sample|3|276,670.129,0.70297,0.00663021,38.5535,0.994675,3.53166,True,55.0|276,474
1,8|474|sample|4|276,670.129,0.70297,0.00618544,38.5535,0.994675,3.53166,True,55.0|276,474
1,8|474|sample|5|276,670.129,0.70297,0.00631838,38.5535,0.994675,3.53166,True,55.0|276,474
1,8|474|sample|6|276,670.129,0.70297,0.00484664,38.5535,0.994675,3.53166,True,55.0|276,474
1,8|474|sample|7|276,670.129,0.70297,0.215776,38.6575,0.994675,3.53166,True,32.0|276,474
1,8|474|sample|8|276,670.129,0.70297,0.242139,38.6575,0.994675,3.53166,True,32.0|276,474
1,8|474|sample|9|276,670.129,0.70297,0.236193,38.6575,0.994675,3.53166,True,32.0|276,474
1,8|474|vc|1|2|276,670.129,0.702914,0.0166744,38.6522,0.994675,3.53166,False,69.0|276,474
1,8|474|vc|2|2|276,670.129,0.702914,0.000211236,38.6522,0.994675,3.53166,False,69.0|276,474
1,8|474|vc|3|2|276,670.129,0.702914,0.00173065,38.6522,0.994675,3.53166,False,69.0|276,474
1,8|474|vc|4|2|276,670.129,0.702914,0.00134352,38.6522,0.994675,3.53166,False,69.0|276,474
1,8|474|vc|5|2|276,670.129,0.702914,0.0445735,38.6522,0.994675,3.53166,False,69.0|276,474
1,8|474|vc|6|2|276,670.129,0.702914,0.0788483,38.6522,0.994675,3.53166,False,69.0|276,474
1,8|474|vc|7|2|276,670.129,0.702914,0.0210889,38.6522,0.994675,3.53166,False,69.0|276,474
1,8|474|vc|8|2|276,670.129,0.702914,0.000314974,38.6522,0.994675,3.53166,False,69.0|276,474
1,8|462|cc|1|1|292,670.129,0.702914,0.000680947,38.6513,0.994422,3.53162,False,69.0|292,462
1,8|462|cc|2|1|292,670.129,0.702914,0.00636031,38.6513,0.994422,3.53162,False,69.0|292,462
1,8|462|cc|3|1|292,670.129,0.702914,0.00248817,38.6513,0.994422,3.53162,False,69.0|292,462
1,8|462|cc|4|1|292,670.129,0.702914,0.00102895,38.6513,0.994422,3.53162,False,69.0|292,462
1,8|462|cc|5|1|292,670.129,0.702914,0.00854386,38.6513,0.994422,3.53162,False,69.0|292,462
1,8|462|cc|6|1|292,670.129,0.702914,0.000774625,38.6513,0.994422,3.53162,False,69.0|292,462
1,8|462|cc|7|1|292,670.129,0.702914,0.0113666,38.6513,0.994422,3.53162,False,69.0|292,462
1,8|462|cc|8|1|292,670.129,0.702914,0.00951009,38.6513,0.994422,3.53162,False,69.0|292,462
1,8|462|sample|10|292,670.129,0.70297,0.247836,38.6565,0.994422,3.53162,True,32.0|292,462
1,8|462|sample|11|292,670.129,0.70297,0.0177252,38.6582,0.994422,3.53162,True,22.0|292,462
1,8|462|sample|12|292,670.129,0.70297,0.0188975,38.6582,0.994422,3.53162,True,22.0|292,462
1,8|462|sample|3|292,670.128,0.70297,0.00231769,38.6612,0.994422,3.53162,True,55.0|292,462
1,8|462|sample|4|292,670.128,0.70297,0.00183479,38.6612,0.994422,3.53162,True,55.0|292,462
1,8|462|sample|5|292,670.128,0.70297,0.000421935,38.6612,0.994422,3.53162,True,55.0|292,462
1,8|462|sample|6|292,670.128,0.70297,0.000387015,38.6612,0.994422,3.53162,True,55.0|292,462
1,8|462|sample|7|292,670.129,0.70297,0.194453,38.6565,0.994422,3.53162,True,32.0|292,462
1,8|462|sample|8|292,670.129,0.70297,0.173153,38.6565,0.994422,3.53162,True,32.0|292,462
1,8|462|sample|9|292,670.129,0.70297,0.221709,38.6565,0.994422,3.53162,True,32.0|292,462
1,8|462|vc|1|2|292,670.129,0.702914,0.47923,38.6513,0.994422,3.53162,False,69.0|292,462
1,8|462|vc|2|2|292,670.129,0.702914,0.0260844,38.6513,0.994422,3.53162,False,69.0|292,462
1,8|462|vc|3|2|292,670.129,0.702914,0.00637769,38.6513,0.994422,3.53162,False,69.0|292,462
1,8|462|vc|4|2|292,670.129,0.702914,0.00373265,38.6513,0.994422,3.53162,False,69.0|292,462
1,8|462|vc|5|2|292,670.129,0.702914,0.00315592,38.6513,0.994422,3.53162,False,69.0|292,462
1,8|462|vc|6|2|292,670.129,0.702914,0.0355564,38.6513,0.994422,3.53162,False,69.0|292,462
1,8|462|vc|7|2|292,670.129,0.702914,0.000968857,38.6513,0.994422,3.53162,False,69.0|292,462
1,8|462|vc|8|2|292,670.129,0.702914,0.0103827,38.6513,0.994422,3.53162,False,69.0|292,462
1,8|75|cc|1|1|65,670.129,0.702914,0.0236119,38.6526,0.994545,3.53152,False,69.0|65,75
1,8|75|cc|2|1|65,670.129,0.702914,0.0395223,38.6526,0.994545,3.53152,False,69.0|65,75
1,8|75|cc|3|1|65,670.129,0.702914,0.122293,38.6526,0.994545,3.53152,False,69.0|65,75
1,8|75|cc|4|1|65,670.129,0.702914,0.00559829,38.6526,0.994545,3.53152,False,69.0|65,75
1,8|75|cc|5|1|65,670.129,0.702914,0.0146199,38.6526,0.994545,3.53152,False,69.0|65,75
1,8|75|cc|6|1|65,670.129,0.702914,0.000117531,38.6526,0.994545,3.53152,False,69.0|65,75
1,8|75|cc|7|1|65,670.129,0.702914,0.313552,38.6526,0.994545,3.53152,False,69.0|65,75
1,8|75|cc|8|1|65,670.129,0.702914,0.211726,38.6526,0.994545,3.53152,False,69.0|65,75
1,8|75|sample|10|65,670.129,0.70297,0.00107281,38.6626,0.994545,3.53152,True,32.0|65,75
1,8|75|sample|11|65,670.129,0.70297,0.0376259,38.6555,0.994545,3.53152,True,22.0|65,75
1,8|75|sample|12|65,670.129,0.70297,0.102762,38.6555,0.994545,3.53152,True,22.0|65,75
1,8|75|sample|3|65,670.129,0.70297,0.0695367,38.6541,0.994545,3.53152,True,55.0|65,75
1,8|75|sample|4|65,670.129,0.70297,0.0945299,38.6541,0.994545,3.53152,True,55.0|65,75
1,8|75|sample|5|65,670.129,0.70297,0.111241,38.6541,0.994545,3.53152,True,55.0|65,75
1,8|75|sample|6|65,670.129,0.70297,0.135698,38.6541,0.994545,3.53152,True,55.0|65,75
1,8|75|sample|7|65,670.129,0.70297,0.00328579,38.6626,0.994545,3.53152,True,32.0|65,75
1,8|75|sample|8|65,670.129,0.70297,0.00291162,38.6626,0.994545,3.53152,True,32.0|65,75
1,8|75|sample|9|65,670.129,0.70297,0.00173024,38.6626,0.994545,3.53152,True,32.0|65,75
1,8|75|vc|1|2|65,670.129,0.702914,8.0959e-05,38.6526,0.994545,3.53152,False,69.0|65,75
1,8|75|vc|2|2|65,670.129,0.702914,0.00127781,38.6526,0.994545,3.53152,False,69.0|65,75
1,8|75|vc|3|2|65,670.129,0.702914,0.00019124,38.6526,0.994545,3.53152,False,69.0|65,75
1,8|75|vc|4|2|65,670.129,0.702914,0.0192648,38.6526,0.994545,3.53152,False,69.0|65,75
1,8|75|vc|5|2|65,670.129,0.702914,0.0264255,38.6526,0.994545,3.53152,False,69.0|65,75
1,8|75|vc|6|2|65,670.129,0.702914,0.000175593,38.6526,0.994545,3.53152,False,69.0|65,75
1,8|75|vc|7|2|65,670.129,0.702914,0.0063029,38.6526,0.994545,3.53152,False,69.0|65,75
1,8|75|vc|8|2|65,670.129,0.702914,0.108814,38.6526,0.994545,3.53152,False,69.0|65,75
1,8|291|cc|1|1|103,670.129,0.702914,0.056088,38.6517,0.994575,3.53166,False,69.0|103,291
1,8|291|cc|2|1|103,670.129,0.702914,0.00729341,38.6517,0.994575,3.53166,False,69.0|103,291
1,8|291|cc|3|1|103,670.129,0.702914,0.00337327,38.6517,0.994575,3.53166,False,69.0|103,291
1,8|291|cc|4|1|103,670.129,0.702914,0.0186814,38.6517,0.994575,3.53166,False,69.0|103,291
1,8|291|cc|5|1|103,670.129,0.702914,0.0137374,38.6517,0.994575,3.53166,False,69.0|103,291
1,8|291|cc|6|1|103,670.129,0.702914,3.62107e-05,38.6517,0.994575,3.53166,False,69.0|103,291
1,8|291|cc|7|1|103,670.129,0.702914,0.0225879,38.6517,0.994575,3.53166,False,69.0|103,291
1,8|291|cc|8|1|103,670.129,0.702914,0.00016196,38.6517,0.994575,3.53166,False,69.0|103,291
1,8|291|sample|10|103,670.129,0.70297,0.19384,38.657,0.994575,3.53166,True,32.0|103,291
1,8|291|sample|11|103,670.129,0.70297,0.27747,38.6597,0.994575,3.53166,True,22.0|103,291
1,8|291|sample|12|103,670.129,0.70297,0.190657,38.6597,0.994575,3.53166,True,22.0|103,291
1,8|291|sample|3|103,670.129,0.70297,0.00885604,38.6535,0.994575,3.53166,True,55.0|103,291
1,8|291|sample|4|103,670.129,0.70297,0.00834603,38.6535,0.994575,3.53166,True,55.0|103,291
1,8|291|sample|5|103,670.129,0.70297,0.00819038,38.6535,0.994575,3.53166,True,55.0|103,291
1,8|291|sample|6|103,670.129,0.70297,0.00906656,38.6535,0.994575,3.53166,True,55.0|103,291
1,8|291|sample|7|103,670.129,0.70297,0.212536,38.657,0.994575,3.53166,True,32.0|103,291
1,8|291|sample|8|103,670.129,0.70297,0.159239,38.657,0.994575,3.53166,True,32.0|103,291
1,8|291|sample|9|103,670.129,0.70297,0.189329,38.657,0.994575,3.53166,True,32.0|103,291
1,8|291|vc|1|2|103,670.129,0.702914,0.0502279,38.6517,0.994575,3.53166,False,69.0|103,291
1,8|291|vc|2|2|103,670.129,0.702914,0.00403955,38.6517,0.994575,3.53166,False,69.0|103,291
1,8|291|vc|3|2|103,670.129,0.702914,0.00107552,38.6517,0.994575,3.53166,False,69.0|103,291
1,8|291|vc|4|2|103,670.129,0.702914,0.000272982,38.6517,0.994575,3.53166,False,69.0|103,291
1,8|291|vc|5|2|103,670.129,0.702914,0.0049696,38.6517,0.994575,3.53166,False,69.0|103,291
1,8|291|vc|6|2|103,670.129,0.702914,0.000348757,38.6517,0.994575,3.53166,False,69.0|103,291
1,8|291|vc|7|2|103,670.129,0.702914,0.00223117,38.6517,0.994575,3.53166,False,69.0|103,291
1,8|291|vc|8|2|103,670.129,0.702914,0.00153445,38.6517,0.994575,3.53166,False,69.0|103,291
1,8|77|cc|1|1|218,670.129,0.702914,0.0221345,38.652,0.995339,3.5316,False,69.0|218,77
1,8|77|cc|2|1|218,670.129,0.702914,0.00309662,38.652,0.995339,3.5316,False,69.0|218,77
1,8|77|cc|3|1|218,670.129,0.702914,0.000187616,38.652,0.995339,3.5316,False,69.0|218,77
1,8|77|cc|4|1|218,670.129,0.702914,0.000352786,38.652,0.995339,3.5316,False,69.0|218,77
1,8|77|cc|5|1|218,670.129,0.702914,0.000375112,38.652,0.995339,3.5316,False,69.0|218,77
1,8|77|cc|6|1|218,670.129,0.702914,0.000438623,38.652,0.995339,3.5316,False,69.0|218,77
1,8|77|cc|7|1|218,670.129,0.702914,0.000599411,38.652,0.995339,3.5316,False,69.0|218,77
1,8|77|cc|8|1|218,670.129,0.702914,0.00545231,38.652,0.995339,3.5316,False,69.0|218,77
1,8|77|sample|10|218,670.13,0.70297,0.0710721,38.6542,0.995339,3.5316,True,32.0|218,77
1,8|77|sample|11|218,670.129,0.70297,0.0709425,38.6597,0.995339,3.5316,True,22.0|218,77
1,8|77|sample|12|218,670.129,0.70297,0.144293,38.6597,0.995339,3.5316,True,22.0|218,77
1,8|77|sample|3|218,670.129,0.70297,0.858769,38.6559,0.995339,3.5316,True,55.0|218,77
1,8|77|sample|4|218,670.129,0.70297,0.92794,38.6559,0.995339,3.5316,True,55.0|218,77
1,8|77|sample|5|218,670.129,0.70297,1.25823,38.6559,0.995339,3.5316,True,55.0|218,77
1,8|77|sample|6|218,670.129,0.70297,1.04226,38.6559,0.995339,3.5316,True,55.0|218,77
1,8|77|sample|7|218,670.13,0.70297,0.0608298,38.6542,0.995339,3.5316,True,32.0|218,77
1,8|77|sample|8|218,670.13,0.70297,0.0643586,38.6542,0.995339,3.5316,True,32.0|218,77
1,8|77|sample|9|218,670.13,0.70297,0.068058,38.6542,0.995339,3.5316,True,32.0|218,77
1,8|77|vc|1|2|218,670.129,0.702914,0.00139466,38.652,0.995339,3.5316,False,69.0|218,77
1,8|77|vc|2|2|218,670.129,0.702914,0.0138536,38.652,0.995339,3.5316,False,69.0|218,77
1,8|77|vc|3|2|218,670.129,0.702914,0.012826,38.652,0.995339,3.5316,False,69.0|218,77
1,8|77|vc|4|2|218,670.129,0.702914,0.00579311,38.652,0.995339,3.5316,False,69.0|218,77
1,8|77|vc|5|2|218,670.129,0.702914,0.141474,38.652,0.995339,3.5316,False,69.0|218,77
1,8|77|vc|6|2|218,670.129,0.702914,0.000264935,38.652,0.995339,3.5316,False,69.0|218,77
1,8|77|vc|7|2|218,670.129,0.702914,0.0172588,38.652,0.995339,3.5316,False,69.0|218,77
1,8|77|vc|8|2|218,670.129,0.702914,0.029377,38.652,0.995339,3.5316,False,69.0|218,77
1,8|322|cc|1|1|174,670.129,0.702914,1.52916,38.6489,0.994697,3.53141,False,69.0|174,322
1,8|322|cc|2|1|174,670.129,0.702914,0.343398,38.6489,0.994697,3.53141,False,69.0|174,322
1,8|322|cc|3|1|174,670.129,0.702914,0.00970437,38.6489,0.994697,3.53141,False,69.0|174,322
1,8|322|cc|4|1|174,670.129,0.702914,0.00765105,38.6489,0.994697,3.53141,False,69.0|174,322
1,8|322|cc|5|1|174,670.129,0.702914,0.000716423,38.6489,0.994697,3.53141,False,69.0|174,322
1,8|322|cc|6|1|174,670.129,0.702914,0.0132741,38.6489,0.994697,3.53141,False,69.0|174,322
1,8|322|cc|7|1|174,670.129,0.702914,0.0778634,38.6489,0.994697,3.53141,False,69.0|174,322
1,8|322|cc|8|1|174,670.129,0.702914,0.000825436,38.6489,0.994697,3.53141,False,69.0|174,322
1,8|322|sample|10|174,670.129,0.70297,0.320609,38.6544,0.994697,3.53141,True,32.0|174,322
1,8|322|sample|11|174,670.129,0.70297,0.178197,38.6571,0.994697,3.53141,True,22.0|174,322
1,8|322|sample|12|174,670.129,0.70297,0.348285,38.6571,0.994697,3.53141,True,22.0|174,322
1,8|322|sample|3|174,670.13,0.70297,0.361262,38.6575,0.994697,3.53141,True,55.0|174,322
1,8|322|sample|4|174,670.13,0.70297,0.234783,38.6575,0.994697,3.53141,True,55.0|174,322
1,8|322|sample|5|174,670.13,0.70297,0.380498,38.6575,0.994697,3.53141,True,55.0|174,322
1,8|322|sample|6|174,670.13,0.70297,0.476761,38.6575,0.994697,3.53141,True,55.0|174,322
1,8|322|sample|7|174,670.129,0.70297,0.265711,38.6544,0.994697,3.53141,True,32.0|174,322
1,8|322|sample|8|174,670.129,0.70297,0.280442,38.6544,0.994697,3.53141,True,32.0|174,322
1,8|322|sample|9|174,670.129,0.70297,0.350713,38.6544,0.994697,3.53141,True,32.0|174,322
1,8|322|vc|1|2|174,670.129,0.702914,0.000748524,38.6489,0.994697,3.53141,False,69.0|174,322
1,8|322|vc|2|2|174,670.129,0.702914,0.00501575,38.6489,0.994697,3.53141,False,69.0|174,322
1,8|322|vc|3|2|174,670.129,0.702914,0.000214896,38.6489,0.994697,3.53141,False,69.0|174,322
1,8|322|vc|4|2|174,670.129,0.702914,0.0274468,38.6489,0.994697,3.53141,False,69.0|174,322
1,8|322|vc|5|2|174,670.129,0.702914,0.0437802,38.6489,0.994697,3.53141,False,69.0|174,322
1,8|322|vc|6|2|174,670.129,0.702914,0.0572654,38.6489,0.994697,3.53141,False,69.0|174,322
1,8|322|vc|7|2|174,670.129,0.702914,0.0720156,38.6489,0.994697,3.53141,False,69.0|174,322
1,8|322|vc|8|2|174,670.129,0.702914,0.00220505,38.6489,0.994697,3.53141,False,69.0|174,322
1,8|963|cc|1|1|319,670.129,0.702914,0.00423149,38.6541,0.994576,3.53167,False,69.0|319,963
1,8|963|cc|2|1|319,670.129,0.702914,0.00565914,38.6541,0.994576,3.53167,False,69.0|319,963
1,8|963|cc|3|1|319,670.129,0.702914,0.00328807,38.6541,0.994576,3.53167,False,69.0|319,963
1,8|963|cc|4|1|319,670.129,0.702914,0.0438022,38.6541,0.994576,3.53167,False,69.0|319,963
1,8|963|cc|5|1|319,670.129,0.702914,0.00189376,38.6541,0.994576,3.53167,False,69.0|319,963
1,8|963|cc|6|1|319,670.129,0.702914,0.0110618,38.6541,0.994576,3.53167,False,69.0|319,963
1,8|963|cc|7|1|319,670.129,0.702914,0.0344051,38.6541,0.994576,3.53167,False,69.0|319,963
1,8|963|cc|8|1|319,670.129,0.702914,0.00808015,38.6541,0.994576,3.53167,False,69.0|319,963
1,8|963|sample|10|319,670.129,0.70297,0.369297,38.6535,0.994576,3.53167,True,32.0|319,963
1,8|963|sample|11|319,670.129,0.70297,0.0716698,38.659,0.994576,3.53167,True,22.0|319,963
1,8|963|sample|12|319,670.129,0.70297,0.0668328,38.659,0.994576,3.53167,True,22.0|319,963
1,8|963|sample|3|319,670.129,0.70297,1.54085,38.6579,0.994576,3.53167,True,55.0|319,963
1,8|963|sample|4|319,670.129,0.70297,1.472,38.6579,0.994576,3.53167,True,55.0|319,963
1,8|963|sample|5|319,670.129,0.70297,2.55368,38.6579,0.994576,3.53167,True,55.0|319,963
1,8|963|sample|6|319,670.129,0.70297,3.11634,38.6579,0.994576,3.53167,True,55.0|319,963
1,8|963|sample|7|319,670.129,0.70297,0.213078,38.6535,0.994576,3.53167,True,32.0|319,963
1,8|963|sample|8|319,670.129,0.70297,0.332729,38.6535,0.994576,3.53167,True,32.0|319,963
1,8|963|sample|9|319,670.129,0.70297,0.471668,38.6535,0.994576,3.53167,True,32.0|319,963
1,8|963|vc|1|2|319,670.129,0.702914,0.0148039,38.6541,0.994576,3.53167,False,69.0|319,963
1,8|963|vc|2|2|319,670.129,0.702914,0.182524,38.6541,0.994576,3.53167,False,69.0|319,963
1,8|963|vc|3|2|319,670.129,0.702914,0.00298837,38.6541,0.994576,3.53167,False,69.0|319,963
1,8|963|vc|4|2|319,670.129,0.702914,0.00212942,38.6541,0.994576,3.53167,False,69.0|319,963
1,8|963|vc|5|2|319,670.129,0.702914,0.00064039,38.6541,0.994576,3.53167,False,69.0|319,963
1,8|963|vc|6|2|319,670.129,0.702914,0.000771925,38.6541,0.994576,3.53167,False,69.0|319,963
1,8|963|vc|7|2|319,670.129,0.702914,0.000163828,38.6541,0.994576,3.53167,False,69.0|319,963
1,8|963|vc|8|2|319,670.129,0.702914,0.00289131,38.6541,0.994576,3.53167,False,69.0|319,963
1,8|1241|cc|1|1|69,670.129,0.702914,0.0101706,38.6504,0.994921,3.53172,False,69.0|69,1241
1,8|1241|cc|2|1|69,670.129,0.702914,0.00339152,38.6504,0.994921,3.53172,False,69.0|69,1241
1,8|1241|cc|3|1|69,670.129,0.702914,0.0318713,38.6504,0.994921,3.53172,False,69.0|69,1241
1,8|1241|cc|4|1|69,670.129,0.702914,0.00498662,38.6504,0.994921,3.53172,False,69.0|69,1241
1,8|1241|cc|5|1|69,670.129,0.702914,0.00902065,38.6504,0.994921,3.53172,False,69.0|69,1241
1,8|1241|cc|6|1|69,670.129,0.702914,8.85712e-05,38.6504,0.994921,3.53172,False,69.0|69,1241
1,8|1241|cc|7|1|69,670.129,0.702914,0.0647532,38.6504,0.994921,3.53172,False,69.0|69,1241
1,8|1241|cc|8|1|69,670.129,0.702914,0.000712152,38.6504,0.994921,3.53172,False,69.0|69,1241
1,8|1241|sample|3|69,670.129,0.70297,0.00982056,38.6564,0.994921,3.53172,True,22.0|69,1241
1,8|1241|sample|4|69,670.129,0.70297,0.00939378,38.6564,0.994921,3.53172,True,22.0|69,1241
1,8|1241|sample|8|69,670.129,0.70297,0.00631205,38.6564,0.994921,3.53172,True,22.0|69,1241
1,8|1241|vc|1|2|69,670.129,0.702914,0.000167692,38.6504,0.994921,3.53172,False,69.0|69,1241
1,8|1241|vc|2|2|69,670.129,0.702914,0.0048493,38.6504,0.994921,3.53172,False,69.0|69,1241
1,8|1241|vc|3|2|69,670.129,0.702914,0.00124047,38.6504,0.994921,3.53172,False,69.0|69,1241
1,8|1241|vc|4|2|69,670.129,0.702914,0.0229533,38.6504,0.994921,3.53172,False,69.0|69,1241
1,8|1241|vc|5|2|69,670.129,0.702914,0.00379278,38.6504,0.994921,3.53172,False,69.0|69,1241
1,8|1241|vc|6|2|69,670.129,0.702914,0.00796896,38.6504,0.994921,3.53172,False,69.0|69,1241
1,8|1241|vc|7|2|69,670.129,0.702914,0.0188217,38.6504,0.994921,3.53172,False,69.0|69,1241
1,8|1241|vc|8|2|69,670.129,0.702914,0.00220524,38.6504,0.994921,3.53172,False,69.0|69,1241
1,8|1056|cc|1|1|276,670.129,0.702914,0.004201,38.6522,0.994862,3.53167,False,69.0|276,1056
1,8|1056|cc|2|1|276,670.129,0.702914,0.00120131,38.6522,0.994862,3.53167,False,69.0|276,1056
1,8|1056|cc|3|1|276,670.129,0.702914,0.211611,38.6522,0.994862,3.53167,False,69.0|276,1056
1,8|1056|cc|4|1|276,670.129,0.702914,0.0229297,38.6522,0.994862,3.53167,False,69.0|276,1056
1,8|1056|cc|5|1|276,670.129,0.702914,0.00841622,38.6522,0.994862,3.53167,False,69.0|276,1056
1,8|1056|cc|6|1|276,670.129,0.702914,0.000366678,38.6522,0.994862,3.53167,False,69.0|276,1056
1,8|1056|cc|7|1|276,670.129,0.702914,0.0109259,38.6522,0.994862,3.53167,False,69.0|276,1056
1,8|1056|cc|8|1|276,670.129,0.702914,0.00106744,38.6522,0.994862,3.53167,False,69.0|276,1056
1,8|1056|sample|3|276,670.129,0.70297,0.0412266,38.6634,0.994862,3.53167,True,22.0|276,1056
1,8|1056|sample|4|276,670.129,0.70297,0.0538597,38.6634,0.994862,3.53167,True,22.0|276,1056
1,8|1056|vc|1|2|276,670.129,0.702914,0.0141096,38.6522,0.994862,3.53167,False,69.0|276,1056
1,8|1056|vc|2|2|276,670.129,0.702914,0.00195872,38.6522,0.994862,3.53167,False,69.0|276,1056
1,8|1056|vc|3|2|276,670.129,0.702914,0.000858941,38.6522,0.994862,3.53167,False,69.0|276,1056
1,8|1056|vc|4|2|276,670.129,0.702914,0.146521,38.6522,0.994862,3.53167,False,69.0|276,1056
1,8|1056|vc|5|2|276,670.129,0.702914,0.0775711,38.6522,0.994862,3.53167,False,69.0|276,1056
1,8|1056|vc|6|2|276,670.129,0.702914,0.00230882,38.6522,0.994862,3.53167,False,69.0|276,1056
1,8|1056|vc|7|2|276,670.129,0.702914,0.00694695,38.6522,0.994862,3.53167,False,69.0|276,1056
1,8|1056|vc|8|2|276,670.129,0.702914,0.0100013,38.6522,0.994862,3.53167,False,69.0|276,1056
1,8|1159|cc|1|1|292,670.129,0.702914,0.253919,38.6513,0.994668,3.53165,False,69.0|292,1159
1,8|1159|cc|2|1|292,670.129,0.702914,0.00154,38.6513,0.994668,3.53165,False,69.0|292,1159
1,8|1159|cc|3|1|292,670.129,0.702914,0.00350839,38.6513,0.994668,3.53165,False,69.0|292,1159
1,8|1159|cc|4|1|292,670.129,0.702914,0.000371059,38.6513,0.994668,3.53165,False,69.0|292,1159
1,8|1159|cc|5|1|292,670.129,0.702914,0.00128005,38.6513,0.994668,3.53165,False,69.0|292,1159
1,8|1159|cc|6|1|292,670.129,0.702914,0.00114324,38.6513,0.994668,3.53165,False,69.0|292,1159
1,8|1159|cc|7|1|292,670.129,0.702914,0.119719,38.6513,0.994668,3.53165,False,69.0|292,1159
1,8|1159|cc|8|1|292,670.129,0.702914,0.0100009,38.6513,0.994668,3.53165,False,69.0|292,1159
1,8|1159|sample|3|292,670.129,0.70297,0.0161378,38.6582,0.994668,3.53165,True,22.0|292,1159
1,8|1159|sample|4|292,670.129,0.70297,0.0110504,38.6582,0.994668,3.53165,True,22.0|292,1159
1,8|1159|vc|1|2|292,670.129,0.702914,0.00012941,38.6513,0.994668,3.53165,False,69.0|292,1159
1,8|1159|vc|2|2|292,670.129,0.702914,0.00862507,38.6513,0.994668,3.53165,False,69.0|292,1159
1,8|1159|vc|3|2|292,670.129,0.702914,0.00884425,38.6513,0.994668,3.53165,False,69.0|292,1159
1,8|1159|vc|4|2|292,670.129,0.702914,0.000567787,38.6513,0.994668,3.53165,False,69.0|292,1159
1,8|1159|vc|5|2|292,670.129,0.702914,0.0707156,38.6513,0.994668,3.53165,False,69.0|292,1159
1,8|1159|vc|6|2|292,670.129,0.702914,0.000659621,38.6513,0.994668,3.53165,False,69.0|292,1159
1,8|1159|vc|7|2|292,670.129,0.702914,0.00360172,38.6513,0.994668,3.53165,False,69.0|292,1159
1,8|1159|vc|8|2|292,670.129,0.702914,0.00165432,38.6513,0.994668,3.53165,False,69.0|292,1159
1,8|1017|cc|1|1|65,670.129,0.702914,0.0110208,38.6526,0.994756,3.53099,False,69.0|65,1017
1,8|1017|cc|2|1|65,670.129,0.702914,0.0268612,38.6526,0.994756,3.53099,False,69.0|65,1017
1,8|1017|cc|3|1|65,670.129,0.702914,0.0140301,38.6526,0.994756,3.53099,False,69.0|65,1017
1,8|1017|cc|4|1|65,670.129,0.702914,0.000342317,38.6526,0.994756,3.53099,False,69.0|65,1017
1,8|1017|cc|5|1|65,670.129,0.702914,9.59145e-05,38.6526,0.994756,3.53099,False,69.0|65,1017
1,8|1017|cc|6|1|65,670.129,0.702914,0.000363093,38.6526,0.994756,3.53099,False,69.0|65,1017
1,8|1017|cc|7|1|65,670.129,0.702914,0.00587921,38.6526,0.994756,3.53099,False,69.0|65,1017
1,8|1017|cc|8|1|65,670.129,0.702914,0.00570959,38.6526,0.994756,3.53099,False,69.0|65,1017
1,8|1017|sample|3|65,670.129,0.70297,0.103778,38.6555,0.994756,3.53099,True,22.0|65,1017
1,8|1017|sample|4|65,670.129,0.70297,0.0788097,38.6555,0.994756,3.53099,True,22.0|65,1017
1,8|1017|sample|8|65,670.129,0.70297,0.0194626,38.6555,0.994756,3.53099,True,22.0|65,1017
1,8|1017|vc|1|2|65,670.129,0.702914,0.122533,38.6526,0.994756,3.53099,False,69.0|65,1017
1,8|1017|vc|2|2|65,670.129,0.702914,0.0813994,38.6526,0.994756,3.53099,False,69.0|65,1017
1,8|1017|vc|3|2|65,670.129,0.702914,0.000224437,38.6526,0.994756,3.53099,False,69.0|65,1017
1,8|1017|vc|4|2|65,670.129,0.702914,0.000869864,38.6526,0.994756,3.53099,False,69.0|65,1017
1,8|1017|vc|5|2|65,670.129,0.702914,0.00439409,38.6526,0.994756,3.53099,False,69.0|65,1017
1,8|1017|vc|6|2|65,670.129,0.702914,0.637927,38.6526,0.994756,3.53099,False,69.0|65,1017
1,8|1017|vc|7|2|65,670.129,0.702914,0.00443671,38.6526,0.994756,3.53099,False,69.0|65,1017
1,8|1017|vc|8|2|65,670.129,0.702914,0.00352721,38.6526,0.994756,3.53099,False,69.0|65,1017
1,8|1197|cc|1|1|103,670.129,0.702914,0.00132452,38.6517,0.995444,3.53109,False,69.0|103,1197
1,8|1197|cc|2|1|103,670.129,0.702914,0.000135413,38.6517,0.995444,3.53109,False,69.0|103,1197
1,8|1197|cc|3|1|103,670.129,0.702914,0.00350212,38.6517,0.995444,3.53109,False,69.0|103,1197
1,8|1197|cc|4|1|103,670.129,0.702914,0.00369428,38.6517,0.995444,3.53109,False,69.0|103,1197
1,8|1197|cc|5|1|103,670.129,0.702914,0.0275231,38.6517,0.995444,3.53109,False,69.0|103,1197
1,8|1197|cc|6|1|103,670.129,0.702914,0.000911858,38.6517,0.995444,3.53109,False,69.0|103,1197
1,8|1197|cc|7|1|103,670.129,0.702914,0.00258486,38.6517,0.995444,3.53109,False,69.0|103,1197
1,8|1197|cc|8|1|103,670.129,0.702914,0.0196859,38.6517,0.995444,3.53109,False,69.0|103,1197
1,8|1197|sample|3|103,670.129,0.70297,0.154432,38.6597,0.995444,3.53109,True,22.0|103,1197
1,8|1197|sample|4|103,670.129,0.70297,0.112548,38.6597,0.995444,3.53109,True,22.0|103,1197
1,8|1197|vc|1|2|103,670.129,0.702914,0.000601253,38.6517,0.995444,3.53109,False,69.0|103,1197
1,8|1197|vc|2|2|103,670.129,0.702914,0.00427828,38.6517,0.995444,3.53109,False,69.0|103,1197
1,8|1197|vc|3|2|103,670.129,0.702914,0.00615422,38.6517,0.995444,3.53109,False,69.0|103,1197
1,8|1197|vc|4|2|103,670.129,0.702914,0.00132445,38.6517,0.995444,3.53109,False,69.0|103,1197
1,8|1197|vc|5|2|103,670.129,0.702914,0.0216008,38.6517,0.995444,3.53109,False,69.0|103,1197
1,8|1197|vc|6|2|103,670.129,0.702914,0.00033398,38.6517,0.995444,3.53109,False,69.0|103,1197
1,8|1197|vc|7|2|103,670.129,0.702914,0.00443962,38.6517,0.995444,3.53109,False,69.0|103,1197
1,8|1197|vc|8|2|103,670.129,0.702914,0.00156217,38.6517,0.995444,3.53109,False,69.0|103,1197
1,8|745|cc|1|1|218,670.129,0.702914,0.00277149,38.652,0.994837,3.53145,False,69.0|218,745
1,8|745|cc|2|1|218,670.129,0.702914,0.00965273,38.652,0.994837,3.53145,False,69.0|218,745
1,8|745|cc|3|1|218,670.129,0.702914,0.00291496,38.652,0.994837,3.53145,False,69.0|218,745
1,8|745|cc|4|1|218,670.129,0.702914,0.013854,38.652,0.994837,3.53145,False,69.0|218,745
1,8|745|cc|5|1|218,670.129,0.702914,0.0548543,38.652,0.994837,3.53145,False,69.0|218,745
1,8|745|cc|6|1|218,670.129,0.702914,0.00448037,38.652,0.994837,3.53145,False,69.0|218,745
1,8|745|cc|7|1|218,670.129,0.702914,0.0012538,38.652,0.994837,3.53145,False,69.0|218,745
1,8|745|cc|8|1|218,670.129,0.702914,0.00593435,38.652,0.994837,3.53145,False,69.0|218,745
1,8|745|sample|3|218,670.129,0.70297,0.122274,38.6597,0.994837,3.53145,True,22.0|218,745
1,8|745|sample|4|218,670.129,0.70297,0.0611348,38.6597,0.994837,3.53145,True,22.0|218,745
1,8|745|sample|5|218,670.129,0.70297,0.0731283,38.6597,0.994837,3.53145,True,22.0|218,745
1,8|745|vc|1|2|218,670.129,0.702914,0.000747112,38.652,0.994837,3.53145,False,69.0|218,745
1,8|745|vc|2|2|218,670.129,0.702914,0.0016747,38.652,0.994837,3.53145,False,69.0|218,745
1,8|745|vc|3|2|218,670.129,0.702914,7.12352e-05,38.652,0.994837,3.53145,False,69.0|218,745
1,8|745|vc|4|2|218,670.129,0.702914,0.0325977,38.652,0.994837,3.53145,False,69.0|218,745
1,8|745|vc|5|2|218,670.129,0.702914,0.00537474,38.652,0.994837,3.53145,False,69.0|218,745
1,8|745|vc|6|2|218,670.129,0.702914,0.0932287,38.652,0.994837,3.53145,False,69.0|218,745
1,8|745|vc|7|2|218,670.129,0.702914,0.0757354,38.652,0.994837,3.53145,False,69.0|218,745
1,8|745|vc|8|2|218,670.129,0.702914,0.00425101,38.652,0.994837,3.53145,False,69.0|218,745
1,8|1043|cc|1|1|174,670.129,0.702914,0.0207656,38.6489,0.994856,3.53157,False,69.0|174,1043
1,8|1043|cc|2|1|174,670.129,0.702914,0.118428,38.6489,0.994856,3.53157,False,69.0|174,1043
1,8|1043|cc|3|1|174,670.129,0.702914,0.0118356,38.6489,0.994856,3.53157,False,69.0|174,1043
1,8|1043|cc|4|1|174,670.129,0.702914,0.00153198,38.6489,0.994856,3.53157,False,69.0|174,1043
1,8|1043|cc|5|1|174,670.129,0.702914,0.00274293,38.6489,0.994856,3.53157,False,69.0|174,1043
1,8|1043|cc|6|1|174,670.129,0.702914,0.000173458,38.6489,0.994856,3.53157,False,69.0|174,1043
1,8|1043|cc|7|1|174,670.129,0.702914,0.000175559,38.6489,0.994856,3.53157,False,69.0|174,1043
1,8|1043|cc|8|1|174,670.129,0.702914,6.6319e-05,38.6489,0.994856,3.53157,False,69.0|174,1043
1,8|1043|sample|3|174,670.129,0.70297,0.151846,38.6571,0.994856,3.53157,True,22.0|174,1043
1,8|1043|sample|4|174,670.129,0.70297,0.156829,38.6571,0.994856,3.53157,True,22.0|174,1043
1,8|1043|vc|1|2|174,670.129,0.702914,0.0231759,38.6489,0.994856,3.53157,False,69.0|174,1043
1,8|1043|vc|2|2|174,670.129,0.702914,0.0117109,38.6489,0.994856,3.53157,False,69.0|174,1043
1,8|1043|vc|3|2|174,670.129,0.702914,0.00347565,38.6489,0.994856,3.53157,False,69.0|174,1043
1,8|1043|vc|4|2|174,670.129,0.702914,0.0324788,38.6489,0.994856,3.53157,False,69.0|174,1043
1,8|1043|vc|5|2|174,670.129,0.702914,0.00118131,38.6489,0.994856,3.53157,False,69.0|174,1043
1,8|1043|vc|6|2|174,670.129,0.702914,0.0513578,38.6489,0.994856,3.53157,False,69.0|174,1043
1,8|1043|vc|7|2|174,670.129,0.702914,0.00157759,38.6489,0.994856,3.53157,False,69.0|174,1043
1,8|1043|vc|8|2|174,670.129,0.702914,0.00185779,38.6489,0.994856,3.53157,False,69.0|174,1043
1,8|1260|cc|1|1|319,670.129,0.702914,0.0170208,38.6541,0.994673,3.53142,False,69.0|319,1260
1,8|1260|cc|2|1|319,670.129,0.702914,0.00081859,38.6541,0.994673,3.53142,False,69.0|319,1260
1,8|1260|cc|3|1|319,670.129,0.702914,0.011693,38.6541,0.994673,3.53142,False,69.0|319,1260
1,8|1260|cc|4|1|319,670.129,0.702914,0.00275961,38.6541,0.994673,3.53142,False,69.0|319,1260
1,8|1260|cc|5|1|319,670.129,0.702914,0.000498544,38.6541,0.994673,3.53142,False,69.0|319,1260
1,8|1260|cc|6|1|319,670.129,0.702914,0.00669936,38.6541,0.994673,3.53142,False,69.0|319,1260
1,8|1260|cc|7|1|319,670.129,0.702914,0.00158942,38.6541,0.994673,3.53142,False,69.0|319,1260
1,8|1260|cc|8|1|319,670.129,0.702914,0.00296765,38.6541,0.994673,3.53142,False,69.0|319,1260
1,8|1260|sample|3|319,670.129,0.70297,0.0417306,38.659,0.994673,3.53142,True,22.0|319,1260
1,8|1260|sample|4|319,670.129,0.70297,0.0573005,38.659,0.994673,3.53142,True,22.0|319,1260
1,8|1260|vc|1|2|319,670.129,0.702914,0.0166532,38.6541,0.994673,3.53142,False,69.0|319,1260
1,8|1260|vc|2|2|319,670.129,0.702914,7.63955e-05,38.6541,0.994673,3.53142,False,69.0|319,1260
1,8|1260|vc|3|2|319,670.129,0.702914,0.0228797,38.6541,0.994673,3.53142,False,69.0|319,1260
1,8|1260|vc|4|2|319,670.129,0.702914,0.0035552,38.6541,0.994673,3.53142,False,69.0|319,1260
1,8|1260|vc|5|2|319,670.129,0.702914,0.00172581,38.6541,0.994673,3.53142,False,69.0|319,1260
1,8|1260|vc|6|2|319,670.129,0.702914,0.0169691,38.6541,0.994673,3.53142,False,69.0|319,1260
1,8|1260|vc|7|2|319,670.129,0.702914,0.0380532,38.6541,0.994673,3.53142,False,69.0|319,1260
1,8|1260|vc|8|2|319,670.129,0.702914,0.0640181,38.6541,0.994673,3.53142,False,69.0|319,1260
1,8|1042|cc|1|1|162,670.129,0.702914,0.00205254,38.6474,0.995216,3.53158,False,69.0|162,1042
1,8|1042|cc|2|1|162,670.129,0.702914,0.00114784,38.6474,0.995216,3.53158,False,69.0|162,1042
1,8|1042|cc|3|1|162,670.129,0.702914,5.15459e-05,38.6474,0.995216,3.53158,False,69.0|162,1042
1,8|1042|cc|4|1|162,670.129,0.702914,0.0475364,38.6474,0.995216,3.53158,False,69.0|162,1042
1,8|1042|cc|5|1|162,670.129,0.702914,0.000409061,38.6474,0.995216,3.53158,False,69.0|162,1042
1,8|1042|cc|6|1|162,670.129,0.702914,0.000165753,38.6474,0.995216,3.53158,False,69.0|162,1042
1,8|1042|cc|7|1|162,670.129,0.702914,0.000213689,38.6474,0.995216,3.53158,False,69.0|162,1042
1,8|1042|cc|8|1|162,670.129,0.702914,0.00165668,38.6474,0.995216,3.53158,False,69.0|162,1042
1,8|1042|sample|3|162,670.129,0.70297,0.00657897,38.6621,0.995216,3.53158,True,22.0|162,1042
1,8|1042|sample|4|162,670.129,0.70297,0.00807301,38.6621,0.995216,3.53158,True,22.0|162,1042
1,8|1042|vc|1|2|162,670.129,0.702914,0.000260765,38.6474,0.995216,3.53158,False,69.0|162,1042
1,8|1042|vc|2|2|162,670.129,0.702914,0.0641982,38.6474,0.995216,3.53158,False,69.0|162,1042
1,8|1042|vc|3|2|162,670.129,0.702914,0.0178418,38.6474,0.995216,3.53158,False,69.0|162,1042
1,8|1042|vc|4|2|162,670.129,0.702914,0.00525982,38.6474,0.995216,3.53158,False,69.0|162,1042
1,8|1042|vc|5|2|162,670.129,0.702914,0.00461944,38.6474,0.995216,3.53158,False,69.0|162,1042
1,8|1042|vc|6|2|162,670.129,0.702914,0.0376525,38.6474,0.995216,3.53158,False,69.0|162,1042
1,8|1042|vc|7|2|162,670.129,0.702914,0.0240504,38.6474,0.995216,3.53158,False,69.0|162,1042
1,8|1042|vc|8|2|162,670.129,0.702914,0.128884,38.6474,0.995216,3.53158,False,69.0|162,1042
1,8|863|cc|1|1|274,670.129,0.702914,0.000471682,38.6527,0.994589,3.53178,False,69.0|274,863
1,8|863|cc|2|1|274,670.129,0.702914,0.00581742,38.6527,0.994589,3.53178,False,69.0|274,863
1,8|863|cc|3|1|274,670.129,0.702914,0.00951518,38.6527,0.994589,3.53178,False,69.0|274,863
1,8|863|cc|4|1|274,670.129,0.702914,0.00299845,38.6527,0.994589,3.53178,False,69.0|274,863
1,8|863|cc|5|1|274,670.129,0.702914,0.003731,38.6527,0.994589,3.53178,False,69.0|274,863
1,8|863|cc|6|1|274,670.129,0.702914,0.033829,38.6527,0.994589,3.53178,False,69.0|274,863
1,8|863|cc|7|1|274,670.129,0.702914,0.00409045,38.6527,0.994589,3.53178,False,69.0|274,863
1,8|863|cc|8|1|274,670.129,0.702914,0.0314589,38.6527,0.994589,3.53178,False,69.0|274,863
1,8|863|sample|3|274,670.129,0.70297,0.0326493,38.6578,0.994589,3.53178,True,22.0|274,863
1,8|863|sample|4|274,670.129,0.70297,0.0272803,38.6578,0.994589,3.53178,True,22.0|274,863
1,8|863|vc|1|2|274,670.129,0.702914,0.0456835,38.6527,0.994589,3.53178,False,69.0|274,863
1,8|863|vc|2|2|274,670.129,0.702914,0.0058616,38.6527,0.994589,3.53178,False,69.0|274,863
1,8|863|vc|3|2|274,670.129,0.702914,0.0354692,38.6527,0.994589,3.53178,False,69.0|274,863
1,8|863|vc|4|2|274,670.129,0.702914,0.0014223,38.6527,0.994589,3.53178,False,69.0|274,863
1,8|863|vc|5|2|274,670.129,0.702914,0.000944307,38.6527,0.994589,3.53178,False,69.0|274,863
1,8|863|vc|6|2|274,670.129,0.702914,0.0154308,38.6527,0.994589,3.53178,False,69.0|274,863
1,8|863|vc|7|2|274,670.129,0.702914,0.000256644,38.6527,0.994589,3.53178,False,69.0|274,863
1,8|863|vc|8|2|274,670.129,0.702914,0.00985641,38.6527,0.994589,3.53178,False,69.0|274,863
1,8|152|cc|1|1|322,670.129,0.702914,0.00265712,38.6515,0.994816,3.5318,False,69.0|322,152
1,8|152|cc|2|1|322,670.129,0.702914,0.0263971,38.6515,0.994816,3.5318,False,69.0|322,152
1,8|152|cc|3|1|322,670.129,0.702914,0.00153186,38.6515,0.994816,3.5318,False,69.0|322,152
1,8|152|cc|4|1|322,670.129,0.702914,0.00301925,38.6515,0.994816,3.5318,False,69.0|322,152
1,8|152|cc|5|1|322,670.129,0.702914,0.00372826,38.6515,0.994816,3.5318,False,69.0|322,152
1,8|152|cc|6|1|322,670.129,0.702914,0.000201958,38.6515,0.994816,3.5318,False,69.0|322,152
1,8|152|cc|7|1|322,670.129,0.702914,0.0451507,38.6515,0.994816,3.5318,False,69.0|322,152
1,8|152|cc|8|1|322,670.129,0.702914,0.000411468,38.6515,0.994816,3.5318,False,69.0|322,152
1,8|152|sample|3|322,670.129,0.70297,0.0177389,38.654,0.994816,3.5318,True,22.0|322,152
1,8|152|sample|4|322,670.129,0.70297,0.0151267,38.654,0.994816,3.5318,True,22.0|322,152
1,8|152|vc|1|2|322,670.129,0.702914,0.0166188,38.6515,0.994816,3.5318,False,69.0|322,152
1,8|152|vc|2|2|322,670.129,0.702914,0.0375686,38.6515,0.994816,3.5318,False,69.0|322,152
1,8|152|vc|3|2|322,670.129,0.702914,0.0256093,38.6515,0.994816,3.5318,False,69.0|322,152
1,8|152|vc|4|2|322,670.129,0.702914,0.000328417,38.6515,0.994816,3.5318,False,69.0|322,152
1,8|152|vc|5|2|322,670.129,0.702914,0.0177431,38.6515,0.994816,3.5318,False,69.0|322,152
1,8|152|vc|6|2|322,670.129,0.702914,0.00127021,38.6515,0.994816,3.5318,False,69.0|322,152
1,8|152|vc|7|2|322,670.129,0.702914,0.00378868,38.6515,0.994816,3.5318,False,69.0|322,152
1,8|152|vc|8|2|322,670.129,0.702914,0.000274097,38.6515,0.994816,3.5318,False,69.0|322,152
1,9|411|cc|1|1|274,670.129,0.702914,0.0101222,38.6527,0.994616,3.53158,False,69.0|274,411
1,9|411|cc|2|1|274,670.129,0.702914,0.00176434,38.6527,0.994616,3.53158,False,69.0|274,411
1,9|411|cc|3|1|274,670.129,0.702914,0.000978335,38.6527,0.994616,3.53158,False,69.0|274,411
1,9|411|cc|4|1|274,670.129,0.702914,0.00128769,38.6527,0.994616,3.53158,False,69.0|274,411
1,9|411|cc|5|1|274,670.129,0.702914,0.000297664,38.6527,0.994616,3.53158,False,69.0|274,411
1,9|411|cc|6|1|274,670.129,0.702914,0.000527949,38.6527,0.994616,3.53158,False,69.0|274,411
1,9|411|cc|7|1|274,670.129,0.702914,0.000826598,38.6527,0.994616,3.53158,False,69.0|274,411
1,9|411|cc|8|1|274,670.129,0.702914,0.000856927,38.6527,0.994616,3.53158,False,69.0|274,411
1,9|411|sample|10|274,670.129,0.70297,0.00538636,38.6595,0.994616,3.53158,True,70.0|274,411
1,9|411|sample|11|274,670.129,0.70297,0.00964665,38.6595,0.994616,3.53158,True,70.0|274,411
1,9|411|sample|12|274,670.129,0.70297,0.0100262,38.6595,0.994616,3.53158,True,70.0|274,411
1,9|411|sample|3|274,670.129,0.70297,0.0134133,38.6595,0.994616,3.53158,True,70.0|274,411
1,9|411|sample|4|274,670.129,0.70297,0.00674325,38.6595,0.994616,3.53158,True,70.0|274,411
1,9|411|sample|5|274,670.129,0.70297,0.00581756,38.6595,0.994616,3.53158,True,70.0|274,411
1,9|411|sample|6|274,670.129,0.70297,0.00683939,38.6595,0.994616,3.53158,True,70.0|274,411
1,9|411|sample|7|274,670.129,0.70297,0.00860335,38.6595,0.994616,3.53158,True,70.0|274,411
1,9|411|sample|8|274,670.129,0.70297,0.0094059,38.6595,0.994616,3.53158,True,70.0|274,411
1,9|411|sample|9|274,670.129,0.70297,0.00788386,38.6595,0.994616,3.53158,True,70.0|274,411
1,9|411|vc|1|2|274,670.129,0.702914,0.0116226,38.6527,0.994616,3.53158,False,69.0|274,411
1,9|411|vc|2|2|274,670.129,0.702914,0.00131396,38.6527,0.994616,3.53158,False,69.0|274,411
1,9|411|vc|3|2|274,670.129,0.702914,0.00236891,38.6527,0.994616,3.53158,False,69.0|274,411
1,9|411|vc|4|2|274,670.129,0.702914,0.000793415,38.6527,0.994616,3.53158,False,69.0|274,411
1,9|411|vc|5|2|274,670.129,0.702914,0.000610161,38.6527,0.994616,3.53158,False,69.0|274,411
1,9|411|vc|6|2|274,670.129,0.702914,0.000191858,38.6527,0.994616,3.53158,False,69.0|274,411
1,9|411|vc|7|2|274,670.129,0.702914,0.00178831,38.6527,0.994616,3.53158,False,69.0|274,411
1,9|411|vc|8|2|274,670.129,0.702914,0.000339001,38.6527,0.994616,3.53158,False,69.0|274,411
