id,eta_U_SAEM,eta_L_SAEM,eta_m_SAEM,eta_e_SAEM,eta_alpha_SAEM,eta_k_SAEM,eta_U_mode,eta_L_mode,eta_m_mode,eta_e_mode,eta_alpha_mode,eta_k_mode,goes_down,mab_virus,run_id
8|84|cc|1|1|162,0,0,1.19988e-09,-0.155973,0,0,0,0,-9.54792e-15,2.72462e-07,0,0,False,69.0|162,84
8|84|cc|2|1|162,0,0,-6.24693e-10,0.195463,0,0,0,0,-5.77316e-15,-1.09195e-07,0,0,False,69.0|162,84
8|84|cc|3|1|162,0,0,-5.34322e-09,0.0166231,0,0,0,0,5.9952e-15,2.2095e-08,0,0,False,69.0|162,84
8|84|cc|4|1|162,0,0,2.92209e-09,-0.0800765,0,0,0,0,-2.66454e-15,5.85131e-07,0,0,False,69.0|162,84
8|84|cc|5|1|162,0,0,1.27308e-09,0.15483,0,0,0,0,-7.77156e-15,-2.30013e-07,0,0,False,69.0|162,84
8|84|cc|6|1|162,0,0,-5.16933e-09,0.0586768,0,0,0,0,8.88178e-15,-2.09598e-07,0,0,False,69.0|162,84
8|84|cc|7|1|162,0,0,8.92861e-10,0.355366,0,0,0,0,4.88498e-15,-3.14905e-07,0,0,False,69.0|162,84
8|84|cc|8|1|162,0,0,1.7169e-09,0.0813807,0,0,0,0,6.21725e-15,2.27538e-07,0,0,False,69.0|162,84
8|84|sample|10|162,0,0,5.80458e-09,1.21976,0,0,0,0,-1.40526e-13,1.22992,0,0,True,32.0|162,84
8|84|sample|11|162,0,0,-2.54663e-09,0.581299,0,0,0,0,-2.30926e-14,0.619064,0,0,True,22.0|162,84
8|84|sample|12|162,0,0,-1.17238e-09,0.867447,0,0,0,0,6.72795e-14,0.879697,0,0,True,22.0|162,84
8|84|sample|3|162,0,0,-1.66876e-09,-0.0227165,0,0,0,0,-9.53682e-14,0.0680298,0,0,True,55.0|162,84
8|84|sample|4|162,0,0,-6.0623e-09,0.125753,0,0,0,0,-9.90041e-14,0.20758,0,0,True,55.0|162,84
8|84|sample|5|162,0,0,1.77046e-09,-0.0724003,0,0,0,0,-1.59039e-13,-0.0126234,0,0,True,55.0|162,84
8|84|sample|6|162,0,0,5.29406e-10,-0.243275,0,0,0,0,1.05999e-13,-0.149446,0,0,True,55.0|162,84
8|84|sample|7|162,0,0,-3.05851e-09,0.981781,0,0,0,0,1.51601e-13,1.02729,0,0,True,32.0|162,84
8|84|sample|8|162,0,0,-8.20236e-10,1.08685,0,0,0,0,1.75387e-13,1.10194,0,0,True,32.0|162,84
8|84|sample|9|162,0,0,-1.87888e-09,1.2165,0,0,0,0,-1.18155e-13,1.22166,0,0,True,32.0|162,84
8|84|vc|1|2|162,0,0,1.94714e-09,0.117583,0,0,0,0,0.0,3.42165e-07,0,0,False,69.0|162,84
8|84|vc|2|2|162,0,0,3.73848e-09,-0.192793,0,0,0,0,8.43769e-15,3.08508e-07,0,0,False,69.0|162,84
8|84|vc|3|2|162,0,0,-8.35798e-09,-0.203592,0,0,0,0,-1.55431e-15,-2.73635e-07,0,0,False,69.0|162,84
8|84|vc|4|2|162,0,0,3.33887e-09,0.215491,0,0,0,0,-7.32747e-15,-3.22985e-07,0,0,False,69.0|162,84
8|84|vc|5|2|162,0,0,-1.82506e-09,0.069493,0,0,0,0,7.10543e-15,-2.53081e-07,0,0,False,69.0|162,84
8|84|vc|6|2|162,0,0,-3.60314e-10,0.0168811,0,0,0,0,-2.66454e-15,-3.30813e-07,0,0,False,69.0|162,84
8|84|vc|7|2|162,0,0,1.59941e-09,-0.361741,0,0,0,0,5.32907e-15,2.41367e-07,0,0,False,69.0|162,84
8|84|vc|8|2|162,0,0,-7.26664e-09,-0.00834835,0,0,0,0,-4.44089e-15,-3.43109e-07,0,0,False,69.0|162,84
8|719|cc|1|1|274,0,0,-3.04857e-09,-0.309026,0,0,0,0,1.11022e-15,-5.8433e-07,0,0,False,69.0|274,719
8|719|cc|2|1|274,0,0,3.66744e-09,-0.370392,0,0,0,0,5.77316e-15,2.20847e-09,0,0,False,69.0|274,719
8|719|cc|3|1|274,0,0,-3.29978e-09,-0.217583,0,0,0,0,9.10383e-15,3.24897e-07,0,0,False,69.0|274,719
8|719|cc|4|1|274,0,0,3.23809e-09,-0.219994,0,0,0,0,-7.77156e-15,6.73036e-07,0,0,False,69.0|274,719
8|719|cc|5|1|274,0,0,1.23084e-09,-0.09535,0,0,0,0,2.88658e-15,3.4316e-07,0,0,False,69.0|274,719
8|719|cc|6|1|274,0,0,3.94652e-09,-0.17021,0,0,0,0,5.9952e-15,-1.44012e-09,0,0,False,69.0|274,719
8|719|cc|7|1|274,0,0,-1.10517e-09,-0.0315021,0,0,0,0,4.44089e-15,3.77284e-08,0,0,False,69.0|274,719
8|719|cc|8|1|274,0,0,2.96206e-09,-0.0480242,0,0,0,0,3.33067e-15,3.3977e-08,0,0,False,69.0|274,719
8|719|sample|10|274,0,0,-6.74388e-10,1.98624,0,0,0,0,-1.74638e-13,2.01353,0,0,True,32.0|274,719
8|719|sample|11|274,0,0,9.06631e-11,2.23274,0,0,0,0,1.55709e-13,2.17844,0,0,True,22.0|274,719
8|719|sample|12|274,0,0,1.85495e-09,2.28839,0,0,0,0,1.85352e-13,2.28222,0,0,True,22.0|274,719
8|719|sample|3|274,0,0,2.98912e-10,-0.109652,0,0,0,0,4.05787e-14,-0.0812666,0,0,True,55.0|274,719
8|719|sample|4|274,0,0,-1.41259e-09,-0.125841,0,0,0,0,-1.55598e-13,-0.110767,0,0,True,55.0|274,719
8|719|sample|5|274,0,0,2.10195e-10,-0.104155,0,0,0,0,4.01623e-13,-0.0694545,0,0,True,55.0|274,719
8|719|sample|6|274,0,0,-4.44168e-09,0.0285959,0,0,0,0,3.85803e-14,0.0483873,0,0,True,55.0|274,719
8|719|sample|7|274,0,0,4.97659e-10,2.00135,0,0,0,0,-2.32425e-13,2.0033,0,0,True,32.0|274,719
8|719|sample|8|274,0,0,-2.58365e-09,2.04141,0,0,0,0,3.04756e-14,2.01868,0,0,True,32.0|274,719
8|719|sample|9|274,0,0,-5.02839e-09,2.02994,0,0,0,0,1.37002e-13,2.02882,0,0,True,32.0|274,719
8|719|vc|1|2|274,0,0,-5.83012e-09,0.00398665,0,0,0,0,2.22045e-16,3.46912e-07,0,0,False,69.0|274,719
8|719|vc|2|2|274,0,0,4.21344e-09,0.0791479,0,0,0,0,-2.66454e-15,-3.6817e-08,0,0,False,69.0|274,719
8|719|vc|3|2|274,0,0,-4.29759e-10,0.0843284,0,0,0,0,2.44249e-15,-4.94598e-07,0,0,False,69.0|274,719
8|719|vc|4|2|274,0,0,2.38342e-09,-0.174819,0,0,0,0,6.21725e-15,2.14195e-07,0,0,False,69.0|274,719
8|719|vc|5|2|274,0,0,-1.15997e-09,0.431302,0,0,0,0,1.55431e-15,-6.89145e-07,0,0,False,69.0|274,719
8|719|vc|6|2|274,0,0,-6.56131e-09,-0.223748,0,0,0,0,-8.21565e-15,-2.25196e-07,0,0,False,69.0|274,719
8|719|vc|7|2|274,0,0,-1.94284e-09,-0.448675,0,0,0,0,5.10703e-15,1.49921e-07,0,0,False,69.0|274,719
8|719|vc|8|2|274,0,0,4.6407e-09,0.187977,0,0,0,0,2.88658e-15,4.16438e-07,0,0,False,69.0|274,719
8|488|cc|1|1|322,0,0,-3.62522e-09,-0.107309,0,0,0,0,4.66294e-15,-5.01406e-08,0,0,False,69.0|322,488
8|488|cc|2|1|322,0,0,9.92907e-10,-0.373532,0,0,0,0,-5.32907e-15,-3.51788e-07,0,0,False,69.0|322,488
8|488|cc|3|1|322,0,0,-7.25682e-09,0.298137,0,0,0,0,-4.44089e-15,-9.63909e-08,0,0,False,69.0|322,488
8|488|cc|4|1|322,0,0,5.02189e-09,-0.245387,0,0,0,0,6.21725e-15,-2.4216e-07,0,0,False,69.0|322,488
8|488|cc|5|1|322,0,0,3.35512e-10,-0.0165717,0,0,0,0,-3.10862e-15,-2.58036e-07,0,0,False,69.0|322,488
8|488|cc|6|1|322,0,0,1.91286e-09,0.127042,0,0,0,0,4.21885e-15,-2.61494e-07,0,0,False,69.0|322,488
8|488|cc|7|1|322,0,0,1.92106e-09,0.281534,0,0,0,0,-3.9968e-15,-2.5066e-07,0,0,False,69.0|322,488
8|488|cc|8|1|322,0,0,4.81768e-10,-0.131156,0,0,0,0,-8.21565e-15,-4.85839e-08,0,0,False,69.0|322,488
8|488|sample|10|322,0,0,7.03676e-09,2.66238,0,0,0,0,3.5083e-14,2.76647,0,0,True,32.0|322,488
8|488|sample|11|322,0,0,-5.67583e-09,2.22444,0,0,0,0,-2.61249e-14,2.25738,0,0,True,22.0|322,488
8|488|sample|12|322,0,0,-3.97293e-09,2.47167,0,0,0,0,-1.31076e-14,2.50262,0,0,True,22.0|322,488
8|488|sample|3|322,0,0,1.02938e-08,-1.18509,0,0,0,0,-9.50073e-14,-1.12561,0,0,True,55.0|322,488
8|488|sample|4|322,0,0,5.89668e-09,-1.31729,0,0,0,0,7.66331e-14,-1.23198,0,0,True,55.0|322,488
8|488|sample|5|322,0,0,3.1749e-09,-1.30796,0,0,0,0,-4.12725e-14,-1.31442,0,0,True,55.0|322,488
8|488|sample|6|322,0,0,-4.31307e-09,-1.35263,0,0,0,0,-2.82746e-13,-1.37048,0,0,True,55.0|322,488
8|488|sample|7|322,0,0,7.46867e-10,2.3787,0,0,0,0,1.42109e-14,2.48654,0,0,True,32.0|322,488
8|488|sample|8|322,0,0,3.00931e-09,2.59817,0,0,0,0,1.64313e-14,2.5429,0,0,True,32.0|322,488
8|488|sample|9|322,0,0,-1.40219e-09,2.65514,0,0,0,0,-1.07692e-14,2.6202,0,0,True,32.0|322,488
8|488|vc|1|2|322,0,0,-3.54249e-10,0.106302,0,0,0,0,1.9984e-15,4.86389e-07,0,0,False,69.0|322,488
8|488|vc|2|2|322,0,0,-8.04096e-10,0.245776,0,0,0,0,7.77156e-15,4.16437e-08,0,0,False,69.0|322,488
8|488|vc|3|2|322,0,0,-7.73846e-10,0.116855,0,0,0,0,-1.77636e-15,-2.96237e-07,0,0,False,69.0|322,488
8|488|vc|4|2|322,0,0,2.11717e-09,0.200946,0,0,0,0,-7.99361e-15,5.77349e-09,0,0,False,69.0|322,488
8|488|vc|5|2|322,0,0,-5.70844e-09,-0.00571742,0,0,0,0,-5.32907e-15,-2.03969e-08,0,0,False,69.0|322,488
8|488|vc|6|2|322,0,0,5.30504e-09,-0.171565,0,0,0,0,-4.44089e-16,-3.08439e-07,0,0,False,69.0|322,488
8|488|vc|7|2|322,0,0,-5.00203e-10,-0.0853906,0,0,0,0,1.11022e-14,3.25819e-09,0,0,False,69.0|322,488
8|488|vc|8|2|322,0,0,9.42368e-09,0.260966,0,0,0,0,-1.33227e-15,3.56358e-07,0,0,False,69.0|322,488
8|847|cc|1|1|69,0,0,1.68038e-09,-0.217591,0,0,0,0,-2.44249e-15,2.40003e-07,0,0,False,69.0|69,847
8|847|cc|2|1|69,0,0,-1.42909e-09,0.190797,0,0,0,0,-8.88178e-16,3.62425e-07,0,0,False,69.0|69,847
8|847|cc|3|1|69,0,0,1.47943e-09,-0.124555,0,0,0,0,-9.54792e-15,3.65045e-07,0,0,False,69.0|69,847
8|847|cc|4|1|69,0,0,-2.26372e-09,-0.011558,0,0,0,0,-2.77556e-15,-4.98618e-08,0,0,False,69.0|69,847
8|847|cc|5|1|69,0,0,3.16821e-09,-0.507843,0,0,0,0,2.88658e-15,-4.75178e-07,0,0,False,69.0|69,847
8|847|cc|6|1|69,0,0,1.19286e-09,0.178847,0,0,0,0,-3.9968e-15,2.281e-07,0,0,False,69.0|69,847
8|847|cc|7|1|69,0,0,-1.9568e-09,0.133033,0,0,0,0,-3.66374e-15,-2.04443e-08,0,0,False,69.0|69,847
8|847|cc|8|1|69,0,0,6.09335e-09,0.262085,0,0,0,0,4.88498e-15,-1.0365e-08,0,0,False,69.0|69,847
8|847|sample|10|69,0,0,-2.91163e-09,3.00791,0,0,0,0,-4.94604e-14,3.05558,0,0,True,32.0|69,847
8|847|sample|11|69,0,0,-1.66508e-09,1.09834,0,0,0,0,-6.12843e-14,1.04812,0,0,True,22.0|69,847
8|847|sample|12|69,0,0,-1.21188e-08,1.06438,0,0,0,0,7.70495e-14,1.05788,0,0,True,22.0|69,847
8|847|sample|3|69,0,0,3.33765e-09,1.33102,0,0,0,0,4.70735e-14,1.38303,0,0,True,55.0|69,847
8|847|sample|4|69,0,0,-4.08135e-09,1.38728,0,0,0,0,1.56541e-14,1.45855,0,0,True,55.0|69,847
8|847|sample|5|69,0,0,1.82082e-10,0.918908,0,0,0,0,-8.99281e-14,0.908081,0,0,True,55.0|69,847
8|847|sample|6|69,0,0,2.93515e-09,1.10156,0,0,0,0,-4.17444e-14,1.09991,0,0,True,55.0|69,847
8|847|sample|7|69,0,0,4.76805e-09,2.76881,0,0,0,0,2.98095e-13,2.75544,0,0,True,32.0|69,847
8|847|sample|8|69,0,0,3.9589e-10,2.85489,0,0,0,0,-1.08635e-13,2.81686,0,0,True,32.0|69,847
8|847|sample|9|69,0,0,4.74529e-10,2.93138,0,0,0,0,-1.81244e-13,2.9625,0,0,True,32.0|69,847
8|847|vc|1|2|69,0,0,1.70815e-09,-0.0437015,0,0,0,0,1.9984e-15,-2.74355e-07,0,0,False,69.0|69,847
8|847|vc|2|2|69,0,0,-5.15074e-09,0.143101,0,0,0,0,-2.22045e-16,-2.82756e-07,0,0,False,69.0|69,847
8|847|vc|3|2|69,0,0,5.19811e-09,-0.270732,0,0,0,0,1.19904e-14,-1.26508e-07,0,0,False,69.0|69,847
8|847|vc|4|2|69,0,0,-1.03434e-09,0.154437,0,0,0,0,-5.32907e-15,8.98697e-08,0,0,False,69.0|69,847
8|847|vc|5|2|69,0,0,5.25924e-09,-0.0754911,0,0,0,0,-7.32747e-15,-2.42463e-07,0,0,False,69.0|69,847
8|847|vc|6|2|69,0,0,3.51702e-09,0.107435,0,0,0,0,-2.55351e-15,4.83713e-08,0,0,False,69.0|69,847
8|847|vc|7|2|69,0,0,-5.66518e-09,0.263662,0,0,0,0,-8.21565e-15,1.51845e-08,0,0,False,69.0|69,847
8|847|vc|8|2|69,0,0,-3.21189e-10,0.164326,0,0,0,0,7.10543e-15,1.48139e-07,0,0,False,69.0|69,847
8|474|cc|1|1|276,0,0,-1.8286e-09,0.216618,0,0,0,0,-6.66134e-16,1.84608e-07,0,0,False,69.0|276,474
8|474|cc|2|1|276,0,0,2.93003e-09,-0.357254,0,0,0,0,-7.21645e-15,8.84503e-08,0,0,False,69.0|276,474
8|474|cc|3|1|276,0,0,-6.47839e-10,-0.0713409,0,0,0,0,-4.88498e-15,-1.65282e-07,0,0,False,69.0|276,474
8|474|cc|4|1|276,0,0,-1.896e-09,-0.167356,0,0,0,0,7.99361e-15,1.84719e-07,0,0,False,69.0|276,474
8|474|cc|5|1|276,0,0,5.60068e-09,0.212936,0,0,0,0,-2.88658e-15,-4.38334e-07,0,0,False,69.0|276,474
8|474|cc|6|1|276,0,0,4.9422e-09,-0.193904,0,0,0,0,5.44009e-15,1.62739e-07,0,0,False,69.0|276,474
8|474|cc|7|1|276,0,0,-5.76159e-10,-0.120756,0,0,0,0,-3.66374e-15,4.01134e-07,0,0,False,69.0|276,474
8|474|cc|8|1|276,0,0,-1.31603e-09,0.085685,0,0,0,0,-5.32907e-15,1.91346e-07,0,0,False,69.0|276,474
8|474|sample|10|276,0,0,-3.3171e-09,4.02514,0,0,0,0,-2.03892e-13,4.00518,0,0,True,32.0|276,474
8|474|sample|11|276,0,0,-5.06767e-09,2.07607,0,0,0,0,-6.43929e-14,2.12072,0,0,True,22.0|276,474
8|474|sample|12|276,0,0,6.46502e-09,2.20361,0,0,0,0,-1.34337e-14,2.20138,0,0,True,22.0|276,474
8|474|sample|3|276,0,0,-3.23023e-09,0.593626,0,0,0,0,-1.78663e-13,0.594999,0,0,True,55.0|276,474
8|474|sample|4|276,0,0,-1.87662e-09,0.572333,0,0,0,0,-1.26399e-13,0.654725,0,0,True,55.0|276,474
8|474|sample|5|276,0,0,-5.61699e-10,0.586654,0,0,0,0,-1.90709e-13,0.627236,0,0,True,55.0|276,474
8|474|sample|6|276,0,0,8.19611e-09,0.610945,0,0,0,0,-7.3247e-14,0.612951,0,0,True,55.0|276,474
8|474|sample|7|276,0,0,-4.3228e-09,3.91042,0,0,0,0,1.48825e-13,3.86584,0,0,True,32.0|276,474
8|474|sample|8|276,0,0,6.97344e-09,3.81228,0,0,0,0,-2.21601e-13,3.8304,0,0,True,32.0|276,474
8|474|sample|9|276,0,0,5.66663e-10,3.9828,0,0,0,0,-1.92624e-14,4.03178,0,0,True,32.0|276,474
8|474|vc|1|2|276,0,0,3.64812e-09,-0.120475,0,0,0,0,-4.21885e-15,9.63445e-08,0,0,False,69.0|276,474
8|474|vc|2|2|276,0,0,-3.03603e-09,-0.0810968,0,0,0,0,3.10862e-15,-1.30411e-07,0,0,False,69.0|276,474
8|474|vc|3|2|276,0,0,-1.27676e-09,0.0669364,0,0,0,0,7.88258e-15,-4.13251e-07,0,0,False,69.0|276,474
8|474|vc|4|2|276,0,0,-2.77004e-09,-0.267434,0,0,0,0,-2.22045e-15,-4.0197e-07,0,0,False,69.0|276,474
8|474|vc|5|2|276,0,0,4.83849e-09,-0.018048,0,0,0,0,5.32907e-15,2.50915e-07,0,0,False,69.0|276,474
8|474|vc|6|2|276,0,0,-1.16987e-09,0.272061,0,0,0,0,-3.9968e-15,-7.78166e-09,0,0,False,69.0|276,474
8|474|vc|7|2|276,0,0,-2.00282e-10,0.0764785,0,0,0,0,1.33227e-15,-2.89329e-07,0,0,False,69.0|276,474
8|474|vc|8|2|276,0,0,3.39109e-09,0.407791,0,0,0,0,6.88338e-15,-2.17917e-07,0,0,False,69.0|276,474
8|462|cc|1|1|292,0,0,6.70239e-10,-0.0142016,0,0,0,0,-1.31006e-14,-1.7865e-07,0,0,False,69.0|292,462
8|462|cc|2|1|292,0,0,2.51306e-09,-0.13992,0,0,0,0,-2.22045e-16,2.63259e-07,0,0,False,69.0|292,462
8|462|cc|3|1|292,0,0,-4.46192e-09,0.0292315,0,0,0,0,1.24345e-14,9.63966e-09,0,0,False,69.0|292,462
8|462|cc|4|1|292,0,0,2.18306e-09,0.470224,0,0,0,0,8.32667e-15,-3.1675e-07,0,0,False,69.0|292,462
8|462|cc|5|1|292,0,0,-4.94781e-09,-0.148605,0,0,0,0,-7.21645e-15,-1.46661e-07,0,0,False,69.0|292,462
8|462|cc|6|1|292,0,0,-2.68825e-09,-0.270017,0,0,0,0,7.77156e-16,3.51511e-07,0,0,False,69.0|292,462
8|462|cc|7|1|292,0,0,3.92186e-09,0.122115,0,0,0,0,5.44009e-15,-5.87235e-07,0,0,False,69.0|292,462
8|462|cc|8|1|292,0,0,2.07664e-09,0.109449,0,0,0,0,-1.22125e-15,2.20928e-07,0,0,False,69.0|292,462
8|462|sample|10|292,0,0,8.79338e-09,3.78357,0,0,0,0,3.58602e-14,3.83562,0,0,True,32.0|292,462
8|462|sample|11|292,0,0,1.45434e-09,1.29387,0,0,0,0,6.60583e-15,1.33322,0,0,True,22.0|292,462
8|462|sample|12|292,0,0,-4.01602e-09,1.51824,0,0,0,0,3.16802e-13,1.52822,0,0,True,22.0|292,462
8|462|sample|3|292,0,0,-1.62392e-09,0.106595,0,0,0,0,1.56541e-14,0.223358,0,0,True,55.0|292,462
8|462|sample|4|292,0,0,1.21825e-09,0.0506724,0,0,0,0,9.4369e-15,0.238406,0,0,True,55.0|292,462
8|462|sample|5|292,0,0,8.56083e-09,-0.38023,0,0,0,0,1.43663e-13,-0.337555,0,0,True,55.0|292,462
8|462|sample|6|292,0,0,-3.26324e-09,-0.105273,0,0,0,0,-5.10703e-15,-0.116875,0,0,True,55.0|292,462
8|462|sample|7|292,0,0,-3.41763e-09,3.67939,0,0,0,0,2.498e-13,3.67044,0,0,True,32.0|292,462
8|462|sample|8|292,0,0,5.08399e-09,3.58788,0,0,0,0,7.07212e-14,3.64471,0,0,True,32.0|292,462
8|462|sample|9|292,0,0,-4.60846e-10,3.75861,0,0,0,0,1.24345e-13,3.83598,0,0,True,32.0|292,462
8|462|vc|1|2|292,0,0,7.21683e-10,0.0287004,0,0,0,0,2.44249e-15,-3.20909e-07,0,0,False,69.0|292,462
8|462|vc|2|2|292,0,0,-2.12832e-09,0.14897,0,0,0,0,-4.10783e-15,2.77796e-07,0,0,False,69.0|292,462
8|462|vc|3|2|292,0,0,1.73295e-09,0.263199,0,0,0,0,4.32987e-15,-1.79847e-07,0,0,False,69.0|292,462
8|462|vc|4|2|292,0,0,1.82926e-09,-0.285387,0,0,0,0,5.10703e-15,-3.60653e-08,0,0,False,69.0|292,462
8|462|vc|5|2|292,0,0,-2.30874e-09,0.0584628,0,0,0,0,5.21805e-15,-2.53795e-07,0,0,False,69.0|292,462
8|462|vc|6|2|292,0,0,-7.70756e-10,0.103337,0,0,0,0,-2.55351e-15,3.15849e-07,0,0,False,69.0|292,462
8|462|vc|7|2|292,0,0,-5.49263e-11,0.0198824,0,0,0,0,5.32907e-15,-4.90721e-08,0,0,False,69.0|292,462
8|462|vc|8|2|292,0,0,-6.04556e-09,0.278794,0,0,0,0,-3.55271e-15,-1.49819e-07,0,0,False,69.0|292,462
8|75|cc|1|1|65,0,0,-6.39954e-09,-0.175754,0,0,0,0,-6.43929e-15,6.85788e-07,0,0,False,69.0|65,75
8|75|cc|2|1|65,0,0,-1.48797e-09,0.278765,0,0,0,0,1.02141e-14,7.60761e-08,0,0,False,69.0|65,75
8|75|cc|3|1|65,0,0,7.17151e-10,0.0502177,0,0,0,0,7.10543e-15,2.40875e-07,0,0,False,69.0|65,75
8|75|cc|4|1|65,0,0,-6.15949e-10,-0.0959696,0,0,0,0,-3.55271e-15,-1.50515e-07,0,0,False,69.0|65,75
8|75|cc|5|1|65,0,0,-1.79693e-09,0.345969,0,0,0,0,-7.99361e-15,9.35263e-08,0,0,False,69.0|65,75
8|75|cc|6|1|65,0,0,-1.5227e-09,0.219734,0,0,0,0,2.88658e-15,-2.58369e-07,0,0,False,69.0|65,75
8|75|cc|7|1|65,0,0,1.00499e-10,-0.00802114,0,0,0,0,-2.44249e-15,-2.33297e-07,0,0,False,69.0|65,75
8|75|cc|8|1|65,0,0,3.86231e-09,0.1374,0,0,0,0,-8.88178e-16,1.87342e-07,0,0,False,69.0|65,75
8|75|sample|10|65,0,0,2.39652e-09,-0.850258,0,0,0,0,3.06005e-14,-0.828726,0,0,True,32.0|65,75
8|75|sample|11|65,0,0,-1.2842e-09,2.68419,0,0,0,0,-6.46705e-15,2.79214,0,0,True,22.0|65,75
8|75|sample|12|65,0,0,8.94065e-09,3.37874,0,0,0,0,-2.97123e-13,3.43527,0,0,True,22.0|65,75
8|75|sample|3|65,0,0,-6.3771e-09,-1.53133,0,0,0,0,-2.96163e-12,-1.53884,0,0,True,55.0|65,75
8|75|sample|4|65,0,0,-1.39748e-08,0.0633918,0,0,0,0,-4.27391e-12,0.0633823,0,0,True,55.0|65,75
8|75|sample|5|65,0,0,1.1004e-09,-2.2012,0,0,0,0,-4.4782e-12,-2.19648,0,0,True,55.0|65,75
8|75|sample|6|65,0,0,-1.94201e-09,-2.18702,0,0,0,0,1.73683e-12,-2.1929,0,0,True,55.0|65,75
8|75|sample|7|65,0,0,7.44761e-09,-0.272149,0,0,0,0,9.48616e-14,-0.199279,0,0,True,32.0|65,75
8|75|sample|8|65,0,0,7.65939e-09,-0.138222,0,0,0,0,-1.28883e-13,-0.140204,0,0,True,32.0|65,75
8|75|sample|9|65,0,0,-6.1553e-09,-0.922957,0,0,0,0,6.50729e-14,-0.903821,0,0,True,32.0|65,75
8|75|vc|1|2|65,0,0,4.93085e-09,0.101335,0,0,0,0,3.55271e-15,-1.64339e-07,0,0,False,69.0|65,75
8|75|vc|2|2|65,0,0,-3.66154e-09,-0.015659,0,0,0,0,3.55271e-15,-3.38341e-07,0,0,False,69.0|65,75
8|75|vc|3|2|65,0,0,1.92925e-09,0.292358,0,0,0,0,1.02141e-14,-2.90074e-07,0,0,False,69.0|65,75
8|75|vc|4|2|65,0,0,1.57829e-09,0.136497,0,0,0,0,-6.66134e-16,-5.58819e-07,0,0,False,69.0|65,75
8|75|vc|5|2|65,0,0,3.27076e-10,-0.15173,0,0,0,0,1.55431e-15,-3.42977e-07,0,0,False,69.0|65,75
8|75|vc|6|2|65,0,0,-5.34732e-10,-0.14313,0,0,0,0,-1.28786e-14,-3.71033e-07,0,0,False,69.0|65,75
8|75|vc|7|2|65,0,0,1.1039e-11,0.333964,0,0,0,0,-7.54952e-15,7.28305e-08,0,0,False,69.0|65,75
8|75|vc|8|2|65,0,0,-4.6709e-09,-0.0237056,0,0,0,0,-8.88178e-15,-2.0362e-07,0,0,False,69.0|65,75
8|291|cc|1|1|103,0,0,-6.71041e-09,-0.416046,0,0,0,0,-3.88578e-16,5.13034e-07,0,0,False,69.0|103,291
8|291|cc|2|1|103,0,0,2.37717e-09,-0.00813686,0,0,0,0,1.4988e-15,3.83942e-07,0,0,False,69.0|103,291
8|291|cc|3|1|103,0,0,8.05593e-10,-0.0598395,0,0,0,0,4.44089e-16,3.0606e-07,0,0,False,69.0|103,291
8|291|cc|4|1|103,0,0,7.01271e-09,-0.187573,0,0,0,0,1.66533e-15,3.21472e-07,0,0,False,69.0|103,291
8|291|cc|5|1|103,0,0,-4.44295e-09,0.103511,0,0,0,0,-7.49401e-15,1.0535e-07,0,0,False,69.0|103,291
8|291|cc|6|1|103,0,0,3.11625e-09,0.113109,0,0,0,0,-2.55351e-15,4.51612e-07,0,0,False,69.0|103,291
8|291|cc|7|1|103,0,0,1.8433e-10,-0.0856023,0,0,0,0,-3.83027e-15,3.70963e-07,0,0,False,69.0|103,291
8|291|cc|8|1|103,0,0,4.56018e-10,-0.0937201,0,0,0,0,1.4988e-15,-4.46743e-07,0,0,False,69.0|103,291
8|291|sample|10|103,0,0,1.95022e-09,3.7488,0,0,0,0,-4.91829e-14,3.80173,0,0,True,32.0|103,291
8|291|sample|11|103,0,0,-1.10003e-08,4.10796,0,0,0,0,1.15796e-13,4.15367,0,0,True,22.0|103,291
8|291|sample|12|103,0,0,-1.53455e-09,3.97025,0,0,0,0,6.78346e-14,3.94592,0,0,True,22.0|103,291
8|291|sample|3|103,0,0,2.63943e-09,0.732885,0,0,0,0,1.26454e-13,0.742024,0,0,True,55.0|103,291
8|291|sample|4|103,0,0,-1.80305e-09,0.741875,0,0,0,0,-2.3731e-13,0.72342,0,0,True,55.0|103,291
8|291|sample|5|103,0,0,-1.54162e-09,0.807495,0,0,0,0,-1.07636e-13,0.833877,0,0,True,55.0|103,291
8|291|sample|6|103,0,0,-4.67584e-10,0.811081,0,0,0,0,2.47413e-13,0.815146,0,0,True,55.0|103,291
8|291|sample|7|103,0,0,2.493e-09,3.77006,0,0,0,0,-8.18789e-14,3.78219,0,0,True,32.0|103,291
8|291|sample|8|103,0,0,8.34383e-09,3.62349,0,0,0,0,5.56222e-14,3.64023,0,0,True,32.0|103,291
8|291|sample|9|103,0,0,-1.44918e-09,3.75209,0,0,0,0,-1.06026e-13,3.73525,0,0,True,32.0|103,291
8|291|vc|1|2|103,0,0,-3.17322e-09,-0.276583,0,0,0,0,-5.55112e-16,3.19927e-07,0,0,False,69.0|103,291
8|291|vc|2|2|103,0,0,9.27617e-10,0.198341,0,0,0,0,4.94049e-15,-5.01137e-08,0,0,False,69.0|103,291
8|291|vc|3|2|103,0,0,3.77222e-09,-0.198668,0,0,0,0,2.10942e-15,-2.43265e-07,0,0,False,69.0|103,291
8|291|vc|4|2|103,0,0,5.11632e-09,-0.312273,0,0,0,0,-2.60902e-15,-4.79389e-07,0,0,False,69.0|103,291
8|291|vc|5|2|103,0,0,-7.19117e-09,-0.195712,0,0,0,0,-8.71525e-15,-1.4879e-07,0,0,False,69.0|103,291
8|291|vc|6|2|103,0,0,-2.00939e-10,0.207458,0,0,0,0,-1.60982e-15,4.13765e-07,0,0,False,69.0|103,291
8|291|vc|7|2|103,0,0,8.84422e-10,-0.180936,0,0,0,0,4.27436e-15,-2.04834e-07,0,0,False,69.0|103,291
8|291|vc|8|2|103,0,0,8.17263e-10,-0.189909,0,0,0,0,-4.38538e-15,-2.66898e-07,0,0,False,69.0|103,291
8|77|cc|1|1|218,0,0,4.74614e-09,-0.269297,0,0,0,0,2.77556e-15,4.3667e-07,0,0,False,69.0|218,77
8|77|cc|2|1|218,0,0,9.64189e-11,-0.356983,0,0,0,0,2.66454e-15,2.87232e-07,0,0,False,69.0|218,77
8|77|cc|3|1|218,0,0,4.74728e-09,0.0607907,0,0,0,0,-5.55112e-16,-6.37351e-07,0,0,False,69.0|218,77
8|77|cc|4|1|218,0,0,2.92193e-09,0.222161,0,0,0,0,-6.99441e-15,5.96949e-07,0,0,False,69.0|218,77
8|77|cc|5|1|218,0,0,-1.9663e-09,0.241499,0,0,0,0,-3.44169e-15,-3.38755e-07,0,0,False,69.0|218,77
8|77|cc|6|1|218,0,0,-2.24031e-09,0.151297,0,0,0,0,1.21014e-14,5.80409e-07,0,0,False,69.0|218,77
8|77|cc|7|1|218,0,0,8.89778e-10,0.0140504,0,0,0,0,0.0,-4.43145e-07,0,0,False,69.0|218,77
8|77|cc|8|1|218,0,0,1.19819e-09,-0.29397,0,0,0,0,-7.77156e-16,2.01281e-07,0,0,False,69.0|218,77
8|77|sample|10|218,0,0,1.41217e-10,3.23877,0,0,0,0,-7.00481e-14,3.23664,0,0,True,32.0|218,77
8|77|sample|11|218,0,0,4.67778e-09,3.21665,0,0,0,0,-5.16254e-14,3.22299,0,0,True,22.0|218,77
8|77|sample|12|218,0,0,1.40228e-09,3.34374,0,0,0,0,-1.52101e-14,3.32328,0,0,True,22.0|218,77
8|77|sample|3|218,0,0,-5.61205e-09,5.68117,0,0,0,0,2.08417e-13,5.67669,0,0,True,55.0|218,77
8|77|sample|4|218,0,0,6.11279e-09,5.56353,0,0,0,0,-7.84095e-14,5.6297,0,0,True,55.0|218,77
8|77|sample|5|218,0,0,4.9492e-09,5.70094,0,0,0,0,1.27426e-13,5.69761,0,0,True,55.0|218,77
8|77|sample|6|218,0,0,-1.84859e-09,5.69413,0,0,0,0,-1.28508e-14,5.80316,0,0,True,55.0|218,77
8|77|sample|7|218,0,0,-4.96461e-09,2.95771,0,0,0,0,3.8039e-14,2.97888,0,0,True,32.0|218,77
8|77|sample|8|218,0,0,6.23443e-10,2.94999,0,0,0,0,-1.15255e-13,2.99576,0,0,True,32.0|218,77
8|77|sample|9|218,0,0,-2.70761e-09,3.21808,0,0,0,0,7.57935e-14,3.19745,0,0,True,32.0|218,77
8|77|vc|1|2|218,0,0,-2.01348e-09,-0.186287,0,0,0,0,4.996e-15,2.52316e-07,0,0,False,69.0|218,77
8|77|vc|2|2|218,0,0,8.987e-10,-0.159285,0,0,0,0,4.996e-15,2.22991e-09,0,0,False,69.0|218,77
8|77|vc|3|2|218,0,0,-5.47475e-09,-0.0398013,0,0,0,0,3.33067e-16,1.29372e-07,0,0,False,69.0|218,77
8|77|vc|4|2|218,0,0,4.85812e-10,-0.151073,0,0,0,0,-6.21725e-15,-2.46508e-09,0,0,False,69.0|218,77
8|77|vc|5|2|218,0,0,3.56624e-10,0.0346755,0,0,0,0,-1.88738e-15,-4.4921e-07,0,0,False,69.0|218,77
8|77|vc|6|2|218,0,0,-1.40323e-09,-0.0628901,0,0,0,0,1.44329e-15,2.9982e-07,0,0,False,69.0|218,77
8|77|vc|7|2|218,0,0,-1.00345e-09,0.175196,0,0,0,0,6.77236e-15,-3.07724e-07,0,0,False,69.0|218,77
8|77|vc|8|2|218,0,0,-4.32706e-10,-0.173174,0,0,0,0,3.44169e-15,-2.40432e-07,0,0,False,69.0|218,77
8|322|cc|1|1|174,0,0,-3.20254e-09,0.362427,0,0,0,0,1.88738e-15,-2.71221e-07,0,0,False,69.0|174,322
8|322|cc|2|1|174,0,0,1.53808e-09,-0.33604,0,0,0,0,4.88498e-15,-8.35485e-08,0,0,False,69.0|174,322
8|322|cc|3|1|174,0,0,-1.66009e-09,-0.141105,0,0,0,0,1.12133e-14,-3.20678e-08,0,0,False,69.0|174,322
8|322|cc|4|1|174,0,0,5.14026e-09,-0.350299,0,0,0,0,7.21645e-15,2.28176e-07,0,0,False,69.0|174,322
8|322|cc|5|1|174,0,0,5.31826e-09,-0.168582,0,0,0,0,-5.55112e-15,-1.24545e-07,0,0,False,69.0|174,322
8|322|cc|6|1|174,0,0,-1.48129e-09,-0.20349,0,0,0,0,-3.44169e-15,1.11261e-07,0,0,False,69.0|174,322
8|322|cc|7|1|174,0,0,-2.50457e-09,0.0768759,0,0,0,0,9.10383e-15,-9.21338e-08,0,0,False,69.0|174,322
8|322|cc|8|1|174,0,0,2.96823e-09,-0.125893,0,0,0,0,4.21885e-15,-3.69634e-07,0,0,False,69.0|174,322
8|322|sample|10|174,0,0,2.66192e-09,4.67158,0,0,0,0,2.2099e-13,4.64341,0,0,True,32.0|174,322
8|322|sample|11|174,0,0,-4.31371e-10,4.05544,0,0,0,0,5.57887e-14,4.08108,0,0,True,22.0|174,322
8|322|sample|12|174,0,0,7.00185e-11,4.34827,0,0,0,0,2.43416e-13,4.29284,0,0,True,22.0|174,322
8|322|sample|3|174,0,0,2.0506e-09,5.24225,0,0,0,0,2.83384e-14,5.25852,0,0,True,55.0|174,322
8|322|sample|4|174,0,0,-2.35025e-09,4.94569,0,0,0,0,-7.68552e-14,4.92541,0,0,True,55.0|174,322
8|322|sample|5|174,0,0,-9.61515e-09,5.05272,0,0,0,0,-1.21181e-13,5.12824,0,0,True,55.0|174,322
8|322|sample|6|174,0,0,-4.79598e-09,5.11496,0,0,0,0,-3.11418e-14,5.08047,0,0,True,55.0|174,322
8|322|sample|7|174,0,0,3.41913e-09,4.32481,0,0,0,0,1.15741e-13,4.3247,0,0,True,32.0|174,322
8|322|sample|8|174,0,0,-1.88695e-09,4.23782,0,0,0,0,1.22069e-13,4.26449,0,0,True,32.0|174,322
8|322|sample|9|174,0,0,-1.79738e-09,4.42507,0,0,0,0,2.36422e-13,4.35842,0,0,True,32.0|174,322
8|322|vc|1|2|174,0,0,1.42798e-09,-0.102114,0,0,0,0,8.88178e-15,-8.76214e-07,0,0,False,69.0|174,322
8|322|vc|2|2|174,0,0,-1.49096e-09,0.0966626,0,0,0,0,4.32987e-15,-3.91275e-07,0,0,False,69.0|174,322
8|322|vc|3|2|174,0,0,-4.31269e-10,-0.101026,0,0,0,0,8.99281e-15,-9.6786e-08,0,0,False,69.0|174,322
8|322|vc|4|2|174,0,0,3.63517e-09,0.195764,0,0,0,0,-5.32907e-15,-8.59942e-08,0,0,False,69.0|174,322
8|322|vc|5|2|174,0,0,6.83748e-10,-0.263744,0,0,0,0,-1.66533e-15,-1.27433e-07,0,0,False,69.0|174,322
8|322|vc|6|2|174,0,0,-6.22338e-09,-0.0375269,0,0,0,0,6.66134e-15,-7.97099e-08,0,0,False,69.0|174,322
8|322|vc|7|2|174,0,0,-9.16289e-10,0.128493,0,0,0,0,1.88738e-15,-6.12233e-07,0,0,False,69.0|174,322
8|322|vc|8|2|174,0,0,-3.34964e-09,0.118107,0,0,0,0,3.33067e-15,1.35896e-07,0,0,False,69.0|174,322
8|963|cc|1|1|319,0,0,-5.81306e-09,0.0510304,0,0,0,0,-4.77396e-15,1.96522e-07,0,0,False,69.0|319,963
8|963|cc|2|1|319,0,0,6.70975e-10,0.184916,0,0,0,0,7.99361e-15,6.59586e-08,0,0,False,69.0|319,963
8|963|cc|3|1|319,0,0,-8.89465e-10,-0.105183,0,0,0,0,-5.48173e-15,2.1738e-07,0,0,False,69.0|319,963
8|963|cc|4|1|319,0,0,-1.88669e-09,0.0362339,0,0,0,0,8.11851e-16,-4.23698e-07,0,0,False,69.0|319,963
8|963|cc|5|1|319,0,0,4.77735e-10,-0.082163,0,0,0,0,1.19904e-14,-4.39604e-07,0,0,False,69.0|319,963
8|963|cc|6|1|319,0,0,3.83565e-09,-0.300186,0,0,0,0,5.41928e-15,-2.50692e-07,0,0,False,69.0|319,963
8|963|cc|7|1|319,0,0,5.23951e-09,0.224868,0,0,0,0,5.53724e-15,-3.28496e-07,0,0,False,69.0|319,963
8|963|cc|8|1|319,0,0,2.99129e-10,-0.0955816,0,0,0,0,4.45477e-15,4.33513e-07,0,0,False,69.0|319,963
8|963|sample|10|319,0,0,-5.31455e-09,4.35195,0,0,0,0,6.03961e-14,4.33187,0,0,True,32.0|319,963
8|963|sample|11|319,0,0,-1.59748e-09,2.60468,0,0,0,0,9.72e-14,2.5765,0,0,True,22.0|319,963
8|963|sample|12|319,0,0,7.83668e-10,2.66958,0,0,0,0,3.06921e-13,2.65265,0,0,True,22.0|319,963
8|963|sample|3|319,0,0,7.32441e-09,6.10293,0,0,0,0,-6.30052e-14,6.14962,0,0,True,55.0|319,963
8|963|sample|4|319,0,0,-3.7261e-09,6.23166,0,0,0,0,-1.10245e-13,6.17922,0,0,True,55.0|319,963
8|963|sample|5|319,0,0,2.0823e-09,6.33804,0,0,0,0,-1.31561e-13,6.31086,0,0,True,55.0|319,963
8|963|sample|6|319,0,0,-2.84871e-09,6.64071,0,0,0,0,4.4742e-13,6.64368,0,0,True,55.0|319,963
8|963|sample|7|319,0,0,-1.31446e-09,4.38876,0,0,0,0,-1.41276e-13,4.35727,0,0,True,32.0|319,963
8|963|sample|8|319,0,0,6.52718e-10,4.08244,0,0,0,0,6.82232e-14,4.14691,0,0,True,32.0|319,963
8|963|sample|9|319,0,0,-7.68897e-09,4.39359,0,0,0,0,7.54397e-14,4.42323,0,0,True,32.0|319,963
8|963|vc|1|2|319,0,0,5.70909e-09,0.113702,0,0,0,0,2.01228e-15,-4.10878e-07,0,0,False,69.0|319,963
8|963|vc|2|2|319,0,0,-1.98055e-09,-0.300879,0,0,0,0,3.96905e-15,-5.35655e-07,0,0,False,69.0|319,963
8|963|vc|3|2|319,0,0,-1.7683e-09,0.18839,0,0,0,0,-2.15106e-15,-1.83515e-07,0,0,False,69.0|319,963
8|963|vc|4|2|319,0,0,5.25973e-09,0.26207,0,0,0,0,1.1588e-15,-3.03742e-07,0,0,False,69.0|319,963
8|963|vc|5|2|319,0,0,4.7597e-09,0.0607235,0,0,0,0,-4.13558e-15,2.69144e-07,0,0,False,69.0|319,963
8|963|vc|6|2|319,0,0,4.96168e-09,0.0899568,0,0,0,0,2.91434e-15,1.83442e-07,0,0,False,69.0|319,963
8|963|vc|7|2|319,0,0,-1.71726e-10,0.0362007,0,0,0,0,-3.2474e-15,-3.10699e-07,0,0,False,69.0|319,963
8|963|vc|8|2|319,0,0,-1.10353e-09,-0.140502,0,0,0,0,-4.84335e-15,1.7471e-07,0,0,False,69.0|319,963
8|1241|cc|1|1|69,0,0,-1.89364e-10,-0.293222,0,0,0,0,1.11022e-15,1.90648e-07,0,0,False,69.0|69,1241
8|1241|cc|2|1|69,0,0,6.49269e-10,-0.108615,0,0,0,0,-8.32667e-15,3.07282e-08,0,0,False,69.0|69,1241
8|1241|cc|3|1|69,0,0,-4.29158e-09,-0.335471,0,0,0,0,-1.33227e-15,4.55494e-07,0,0,False,69.0|69,1241
8|1241|cc|4|1|69,0,0,4.88964e-09,-0.195732,0,0,0,0,-4.88498e-15,3.51017e-09,0,0,False,69.0|69,1241
8|1241|cc|5|1|69,0,0,3.28556e-09,-0.0168698,0,0,0,0,-1.11022e-15,2.89968e-07,0,0,False,69.0|69,1241
8|1241|cc|6|1|69,0,0,-6.0026e-09,-0.128298,0,0,0,0,4.10783e-15,-2.14986e-07,0,0,False,69.0|69,1241
8|1241|cc|7|1|69,0,0,2.33528e-09,-0.146813,0,0,0,0,-2.66454e-15,1.95766e-07,0,0,False,69.0|69,1241
8|1241|cc|8|1|69,0,0,-4.59946e-10,-0.0561571,0,0,0,0,-1.33227e-15,3.15871e-07,0,0,False,69.0|69,1241
8|1241|sample|3|69,0,0,-1.0435e-09,0.733659,0,0,0,0,2.15383e-13,0.728827,0,0,True,22.0|69,1241
8|1241|sample|4|69,0,0,9.14942e-09,0.722136,0,0,0,0,-1.66533e-13,0.742204,0,0,True,22.0|69,1241
8|1241|sample|8|69,0,0,-4.87451e-09,2.37532,0,0,0,0,-3.88578e-15,1.12687,0,0,True,22.0|69,1241
8|1241|vc|1|2|69,0,0,-4.78148e-09,-0.173792,0,0,0,0,9.10383e-15,-1.36837e-07,0,0,False,69.0|69,1241
8|1241|vc|2|2|69,0,0,-9.43767e-10,-0.319173,0,0,0,0,5.44009e-15,-7.17838e-08,0,0,False,69.0|69,1241
8|1241|vc|3|2|69,0,0,6.21769e-12,-0.242198,0,0,0,0,2.22045e-16,2.62947e-07,0,0,False,69.0|69,1241
8|1241|vc|4|2|69,0,0,-3.00191e-09,0.372539,0,0,0,0,-8.65974e-15,1.41349e-07,0,0,False,69.0|69,1241
8|1241|vc|5|2|69,0,0,-3.11278e-09,-0.00478006,0,0,0,0,1.66533e-15,3.49681e-07,0,0,False,69.0|69,1241
8|1241|vc|6|2|69,0,0,-3.17529e-10,-0.222066,0,0,0,0,-1.55431e-15,-1.39424e-07,0,0,False,69.0|69,1241
8|1241|vc|7|2|69,0,0,3.25054e-09,-0.420025,0,0,0,0,3.9968e-15,2.19086e-07,0,0,False,69.0|69,1241
8|1241|vc|8|2|69,0,0,2.32257e-10,0.131994,0,0,0,0,-5.77316e-15,-1.60895e-09,0,0,False,69.0|69,1241
8|1056|cc|1|1|276,0,0,-1.09057e-09,0.241283,0,0,0,0,-2.44249e-15,2.97353e-07,0,0,False,69.0|276,1056
8|1056|cc|2|1|276,0,0,7.07804e-10,-0.150485,0,0,0,0,7.77156e-16,-2.44689e-07,0,0,False,69.0|276,1056
8|1056|cc|3|1|276,0,0,1.60032e-09,0.434628,0,0,0,0,-1.22125e-15,-2.39289e-07,0,0,False,69.0|276,1056
8|1056|cc|4|1|276,0,0,-5.94902e-10,0.267701,0,0,0,0,-2.88658e-15,-2.78749e-07,0,0,False,69.0|276,1056
8|1056|cc|5|1|276,0,0,1.51031e-09,0.179709,0,0,0,0,-1.44329e-15,-4.32908e-07,0,0,False,69.0|276,1056
8|1056|cc|6|1|276,0,0,5.88909e-10,0.726369,0,0,0,0,4.996e-15,1.83773e-07,0,0,False,69.0|276,1056
8|1056|cc|7|1|276,0,0,-1.58795e-09,-0.310918,0,0,0,0,-1.03251e-14,2.37031e-08,0,0,False,69.0|276,1056
8|1056|cc|8|1|276,0,0,3.57585e-10,0.219657,0,0,0,0,2.33147e-15,2.65631e-07,0,0,False,69.0|276,1056
8|1056|sample|3|276,0,0,-3.49645e-09,2.02466,0,0,0,0,1.40332e-13,2.09044,0,0,True,22.0|276,1056
8|1056|sample|4|276,0,0,-5.20908e-09,1.97769,0,0,0,0,-3.09308e-13,1.98245,0,0,True,22.0|276,1056
8|1056|vc|1|2|276,0,0,-3.0857e-09,0.225029,0,0,0,0,-8.88178e-16,-2.48437e-07,0,0,False,69.0|276,1056
8|1056|vc|2|2|276,0,0,-1.95793e-09,-0.025113,0,0,0,0,-1.44329e-15,2.57603e-07,0,0,False,69.0|276,1056
8|1056|vc|3|2|276,0,0,-2.45844e-09,-0.281022,0,0,0,0,-2.66454e-15,3.97059e-07,0,0,False,69.0|276,1056
8|1056|vc|4|2|276,0,0,-7.87379e-09,0.0460809,0,0,0,0,4.44089e-15,-2.0654e-07,0,0,False,69.0|276,1056
8|1056|vc|5|2|276,0,0,-4.2518e-09,-0.0321969,0,0,0,0,4.55191e-15,-7.47797e-08,0,0,False,69.0|276,1056
8|1056|vc|6|2|276,0,0,1.2208e-09,0.229448,0,0,0,0,2.66454e-15,4.33484e-07,0,0,False,69.0|276,1056
8|1056|vc|7|2|276,0,0,-1.65192e-09,0.0407852,0,0,0,0,-2.88658e-15,1.16852e-07,0,0,False,69.0|276,1056
8|1056|vc|8|2|276,0,0,1.13881e-10,0.391391,0,0,0,0,5.10703e-15,-2.26274e-07,0,0,False,69.0|276,1056
8|1159|cc|1|1|292,0,0,-3.44037e-09,0.0667335,0,0,0,0,-7.43849e-15,4.80966e-08,0,0,False,69.0|292,1159
8|1159|cc|2|1|292,0,0,8.57215e-09,-0.248144,0,0,0,0,-8.88178e-15,-4.62247e-08,0,0,False,69.0|292,1159
8|1159|cc|3|1|292,0,0,-5.25136e-09,-0.245713,0,0,0,0,0.0,2.78452e-07,0,0,False,69.0|292,1159
8|1159|cc|4|1|292,0,0,-6.35275e-09,0.16135,0,0,0,0,6.99441e-15,-1.46085e-07,0,0,False,69.0|292,1159
8|1159|cc|5|1|292,0,0,1.05808e-09,0.120596,0,0,0,0,2.55351e-15,-1.19538e-07,0,0,False,69.0|292,1159
8|1159|cc|6|1|292,0,0,-1.02795e-09,-0.196712,0,0,0,0,-8.88178e-16,-3.6538e-07,0,0,False,69.0|292,1159
8|1159|cc|7|1|292,0,0,5.54558e-09,-0.144492,0,0,0,0,-1.55431e-15,2.4274e-07,0,0,False,69.0|292,1159
8|1159|cc|8|1|292,0,0,2.08315e-09,0.265124,0,0,0,0,-9.21485e-15,-1.4996e-07,0,0,False,69.0|292,1159
8|1159|sample|3|292,0,0,8.74087e-09,1.16497,0,0,0,0,1.7264e-13,1.13543,0,0,True,22.0|292,1159
8|1159|sample|4|292,0,0,-3.21262e-09,1.04899,0,0,0,0,-1.39055e-13,1.06271,0,0,True,22.0|292,1159
8|1159|vc|1|2|292,0,0,-7.98901e-09,-0.175758,0,0,0,0,2.9976e-15,2.33332e-07,0,0,False,69.0|292,1159
8|1159|vc|2|2|292,0,0,3.91932e-09,0.255278,0,0,0,0,7.10543e-15,6.94044e-09,0,0,False,69.0|292,1159
8|1159|vc|3|2|292,0,0,-4.9386e-09,-0.236739,0,0,0,0,2.33147e-15,-2.10731e-07,0,0,False,69.0|292,1159
8|1159|vc|4|2|292,0,0,-2.0284e-09,0.0507425,0,0,0,0,-3.44169e-15,5.27787e-08,0,0,False,69.0|292,1159
8|1159|vc|5|2|292,0,0,-2.24384e-09,0.129791,0,0,0,0,-1.44329e-15,1.48063e-07,0,0,False,69.0|292,1159
8|1159|vc|6|2|292,0,0,-5.84799e-09,-0.245914,0,0,0,0,6.32827e-15,-9.19352e-08,0,0,False,69.0|292,1159
8|1159|vc|7|2|292,0,0,4.41428e-10,-0.0972753,0,0,0,0,-1.44329e-15,3.00303e-07,0,0,False,69.0|292,1159
8|1159|vc|8|2|292,0,0,-3.19215e-10,-0.260519,0,0,0,0,-8.10463e-15,-1.37776e-07,0,0,False,69.0|292,1159
8|1017|cc|1|1|65,0,0,8.27411e-09,-0.0716843,0,0,0,0,2.22045e-15,4.29573e-08,0,0,False,69.0|65,1017
8|1017|cc|2|1|65,0,0,3.00575e-09,0.0978831,0,0,0,0,5.77316e-15,-7.72387e-08,0,0,False,69.0|65,1017
8|1017|cc|3|1|65,0,0,-3.0977e-09,0.0667027,0,0,0,0,-1.33227e-15,3.40958e-07,0,0,False,69.0|65,1017
8|1017|cc|4|1|65,0,0,-8.9786e-10,0.197781,0,0,0,0,-1.33227e-15,3.46248e-07,0,0,False,69.0|65,1017
8|1017|cc|5|1|65,0,0,-1.37041e-09,0.0113947,0,0,0,0,5.10703e-15,2.36264e-07,0,0,False,69.0|65,1017
8|1017|cc|6|1|65,0,0,-2.72562e-09,-0.119315,0,0,0,0,-8.88178e-15,1.6847e-07,0,0,False,69.0|65,1017
8|1017|cc|7|1|65,0,0,-3.29935e-09,0.00856143,0,0,0,0,8.43769e-15,-4.24662e-07,0,0,False,69.0|65,1017
8|1017|cc|8|1|65,0,0,-5.63009e-09,0.184397,0,0,0,0,-9.10383e-15,-3.13758e-08,0,0,False,69.0|65,1017
8|1017|sample|3|65,0,0,-1.06892e-08,3.2156,0,0,0,0,9.04554e-14,3.23568,0,0,True,22.0|65,1017
8|1017|sample|4|65,0,0,9.00062e-09,2.92963,0,0,0,0,6.31162e-14,3.01009,0,0,True,22.0|65,1017
8|1017|sample|8|65,0,0,-1.04199e-09,1.0223,0,0,0,0,1.13243e-14,0.881116,0,0,True,22.0|65,1017
8|1017|vc|1|2|65,0,0,1.75793e-09,0.313106,0,0,0,0,-2.88658e-15,-3.83677e-07,0,0,False,69.0|65,1017
8|1017|vc|2|2|65,0,0,5.95909e-11,-0.135535,0,0,0,0,0.0,1.71544e-07,0,0,False,69.0|65,1017
8|1017|vc|3|2|65,0,0,-1.40354e-09,-0.0972246,0,0,0,0,1.33227e-15,2.54907e-07,0,0,False,69.0|65,1017
8|1017|vc|4|2|65,0,0,2.71668e-10,-0.418917,0,0,0,0,0.0,-1.36045e-07,0,0,False,69.0|65,1017
8|1017|vc|5|2|65,0,0,6.95041e-11,0.118953,0,0,0,0,8.21565e-15,6.72161e-08,0,0,False,69.0|65,1017
8|1017|vc|6|2|65,0,0,-1.94746e-10,0.222375,0,0,0,0,-3.55271e-15,1.77596e-07,0,0,False,69.0|65,1017
8|1017|vc|7|2|65,0,0,-3.88875e-09,-0.0790998,0,0,0,0,9.54792e-15,-1.00933e-07,0,0,False,69.0|65,1017
8|1017|vc|8|2|65,0,0,-1.50456e-09,-0.118422,0,0,0,0,1.33227e-15,2.36023e-07,0,0,False,69.0|65,1017
8|1197|cc|1|1|103,0,0,-1.55842e-09,-0.0554452,0,0,0,0,-3.94129e-15,-2.69572e-07,0,0,False,69.0|103,1197
8|1197|cc|2|1|103,0,0,1.32126e-09,0.13061,0,0,0,0,-9.82547e-15,-3.1262e-07,0,0,False,69.0|103,1197
8|1197|cc|3|1|103,0,0,2.23891e-10,-0.0667047,0,0,0,0,4.996e-16,4.05172e-07,0,0,False,69.0|103,1197
8|1197|cc|4|1|103,0,0,1.40793e-09,0.0385734,0,0,0,0,-2.16493e-15,-1.20432e-07,0,0,False,69.0|103,1197
8|1197|cc|5|1|103,0,0,1.10252e-09,-0.281771,0,0,0,0,8.27116e-15,-1.09706e-07,0,0,False,69.0|103,1197
8|1197|cc|6|1|103,0,0,9.6918e-10,-0.213603,0,0,0,0,2.88658e-15,2.44799e-07,0,0,False,69.0|103,1197
8|1197|cc|7|1|103,0,0,5.27058e-11,-0.301013,0,0,0,0,-1.4988e-15,-4.11782e-07,0,0,False,69.0|103,1197
8|1197|cc|8|1|103,0,0,-8.22669e-10,-0.217339,0,0,0,0,-2.10942e-15,1.89123e-07,0,0,False,69.0|103,1197
8|1197|sample|3|103,0,0,2.193e-09,3.48897,0,0,0,0,-4.42424e-14,3.5393,0,0,True,22.0|103,1197
8|1197|sample|4|103,0,0,-8.57356e-09,3.65749,0,0,0,0,-9.18154e-14,3.60653,0,0,True,22.0|103,1197
8|1197|vc|1|2|103,0,0,3.73051e-09,-0.171907,0,0,0,0,5.71765e-15,-6.41696e-09,0,0,False,69.0|103,1197
8|1197|vc|2|2|103,0,0,-5.92208e-09,0.12523,0,0,0,0,2.05391e-15,-1.85466e-07,0,0,False,69.0|103,1197
8|1197|vc|3|2|103,0,0,2.74202e-09,-0.367431,0,0,0,0,6.16174e-15,-8.3196e-07,0,0,False,69.0|103,1197
8|1197|vc|4|2|103,0,0,-3.51558e-09,-0.0239122,0,0,0,0,-5.21805e-15,-1.45207e-07,0,0,False,69.0|103,1197
8|1197|vc|5|2|103,0,0,-4.20324e-09,0.273672,0,0,0,0,1.16573e-15,3.13452e-07,0,0,False,69.0|103,1197
8|1197|vc|6|2|103,0,0,-4.45639e-09,0.180909,0,0,0,0,6.60583e-15,-2.92577e-07,0,0,False,69.0|103,1197
8|1197|vc|7|2|103,0,0,-1.00136e-09,-0.201943,0,0,0,0,-6.27276e-15,5.60203e-08,0,0,False,69.0|103,1197
8|1197|vc|8|2|103,0,0,8.39597e-10,-0.438817,0,0,0,0,4.60743e-15,-2.55775e-08,0,0,False,69.0|103,1197
8|745|cc|1|1|218,0,0,-1.36928e-09,-0.168205,0,0,0,0,1.22125e-15,-3.13234e-07,0,0,False,69.0|218,745
8|745|cc|2|1|218,0,0,-3.92629e-09,0.0948789,0,0,0,0,-7.77156e-16,-2.35428e-07,0,0,False,69.0|218,745
8|745|cc|3|1|218,0,0,-1.76534e-09,0.092305,0,0,0,0,3.88578e-15,2.0256e-07,0,0,False,69.0|218,745
8|745|cc|4|1|218,0,0,3.4778e-10,0.0665736,0,0,0,0,-7.32747e-15,-2.31927e-07,0,0,False,69.0|218,745
8|745|cc|5|1|218,0,0,-2.88304e-09,0.285567,0,0,0,0,8.54872e-15,-8.07047e-08,0,0,False,69.0|218,745
8|745|cc|6|1|218,0,0,-1.80105e-10,0.216242,0,0,0,0,-2.33147e-15,-2.88098e-07,0,0,False,69.0|218,745
8|745|cc|7|1|218,0,0,3.04676e-09,0.0585962,0,0,0,0,-3.21965e-15,-4.73623e-07,0,0,False,69.0|218,745
8|745|cc|8|1|218,0,0,7.66117e-09,-0.0755835,0,0,0,0,3.21965e-15,1.53596e-07,0,0,False,69.0|218,745
8|745|sample|3|218,0,0,-4.29986e-09,3.11682,0,0,0,0,-2.64233e-13,3.12893,0,0,True,22.0|218,745
8|745|sample|4|218,0,0,4.99289e-09,2.99407,0,0,0,0,-1.9873e-13,3.04465,0,0,True,22.0|218,745
8|745|sample|5|218,0,0,-2.48142e-09,3.82919,0,0,0,0,1.98175e-14,2.80694,0,0,True,22.0|218,745
8|745|vc|1|2|218,0,0,-2.50206e-09,-0.0988511,0,0,0,0,-3.33067e-16,2.94191e-07,0,0,False,69.0|218,745
8|745|vc|2|2|218,0,0,4.4785e-10,-0.346057,0,0,0,0,-5.44009e-15,-1.41148e-08,0,0,False,69.0|218,745
8|745|vc|3|2|218,0,0,2.87275e-09,0.158591,0,0,0,0,4.10783e-15,-3.88914e-07,0,0,False,69.0|218,745
8|745|vc|4|2|218,0,0,-1.18384e-10,-0.156311,0,0,0,0,2.55351e-15,3.42878e-07,0,0,False,69.0|218,745
8|745|vc|5|2|218,0,0,2.95857e-09,0.305966,0,0,0,0,-2.77556e-15,-3.99602e-07,0,0,False,69.0|218,745
8|745|vc|6|2|218,0,0,-1.34362e-09,-0.0867331,0,0,0,0,2.10942e-15,1.93766e-07,0,0,False,69.0|218,745
8|745|vc|7|2|218,0,0,2.85507e-09,0.180016,0,0,0,0,1.33227e-15,2.88638e-07,0,0,False,69.0|218,745
8|745|vc|8|2|218,0,0,-9.21721e-09,-0.238289,0,0,0,0,-5.44009e-15,2.12491e-08,0,0,False,69.0|218,745
8|1043|cc|1|1|174,0,0,-2.65553e-09,0.110896,0,0,0,0,-3.66374e-15,-3.41378e-07,0,0,False,69.0|174,1043
8|1043|cc|2|1|174,0,0,-3.06907e-09,0.0951864,0,0,0,0,-9.32587e-15,-4.54218e-07,0,0,False,69.0|174,1043
8|1043|cc|3|1|174,0,0,-6.08819e-10,0.274328,0,0,0,0,-9.32587e-15,-3.09252e-07,0,0,False,69.0|174,1043
8|1043|cc|4|1|174,0,0,-1.32261e-09,-0.091522,0,0,0,0,-5.9952e-15,9.03276e-08,0,0,False,69.0|174,1043
8|1043|cc|5|1|174,0,0,1.98861e-09,0.14863,0,0,0,0,3.88578e-15,-3.31464e-07,0,0,False,69.0|174,1043
8|1043|cc|6|1|174,0,0,-4.9738e-09,0.331905,0,0,0,0,8.77076e-15,1.73267e-07,0,0,False,69.0|174,1043
8|1043|cc|7|1|174,0,0,3.55164e-09,0.400067,0,0,0,0,-5.44009e-15,4.1794e-07,0,0,False,69.0|174,1043
8|1043|cc|8|1|174,0,0,-7.63186e-10,-0.234041,0,0,0,0,8.88178e-16,3.59971e-07,0,0,False,69.0|174,1043
8|1043|sample|3|174,0,0,5.43791e-10,3.83583,0,0,0,0,-1.54043e-13,3.78501,0,0,True,22.0|174,1043
8|1043|sample|4|174,0,0,-2.07311e-09,3.82748,0,0,0,0,1.61593e-13,3.85419,0,0,True,22.0|174,1043
8|1043|vc|1|2|174,0,0,-4.71395e-10,-0.0195222,0,0,0,0,8.88178e-15,2.51277e-07,0,0,False,69.0|174,1043
8|1043|vc|2|2|174,0,0,2.69242e-09,0.0326833,0,0,0,0,-3.77476e-15,-2.96954e-07,0,0,False,69.0|174,1043
8|1043|vc|3|2|174,0,0,3.13947e-09,0.0933011,0,0,0,0,-5.55112e-16,-3.37788e-07,0,0,False,69.0|174,1043
8|1043|vc|4|2|174,0,0,1.15521e-09,0.146692,0,0,0,0,2.22045e-16,-2.26559e-07,0,0,False,69.0|174,1043
8|1043|vc|5|2|174,0,0,5.40309e-09,0.0369794,0,0,0,0,-1.13243e-14,8.41793e-08,0,0,False,69.0|174,1043
8|1043|vc|6|2|174,0,0,4.23979e-09,0.435948,0,0,0,0,-4.88498e-15,2.70491e-07,0,0,False,69.0|174,1043
8|1043|vc|7|2|174,0,0,1.29872e-09,-0.0898639,0,0,0,0,2.22045e-15,2.33688e-07,0,0,False,69.0|174,1043
8|1043|vc|8|2|174,0,0,-1.70054e-09,0.0743974,0,0,0,0,-1.77636e-15,2.75906e-07,0,0,False,69.0|174,1043
8|1260|cc|1|1|319,0,0,-6.43438e-09,-0.0579223,0,0,0,0,1.80411e-15,5.08474e-07,0,0,False,69.0|319,1260
8|1260|cc|2|1|319,0,0,-8.65228e-10,-0.0449895,0,0,0,0,-6.27276e-15,2.59872e-07,0,0,False,69.0|319,1260
8|1260|cc|3|1|319,0,0,-1.67854e-09,0.0035581,0,0,0,0,6.53644e-15,1.83916e-07,0,0,False,69.0|319,1260
8|1260|cc|4|1|319,0,0,-3.47667e-09,0.372311,0,0,0,0,3.98293e-15,-3.00597e-07,0,0,False,69.0|319,1260
8|1260|cc|5|1|319,0,0,-2.58465e-09,0.0706024,0,0,0,0,9.70751e-15,4.96797e-07,0,0,False,69.0|319,1260
8|1260|cc|6|1|319,0,0,-1.91108e-09,0.167509,0,0,0,0,2.54657e-15,4.41652e-07,0,0,False,69.0|319,1260
8|1260|cc|7|1|319,0,0,-8.59522e-10,0.358749,0,0,0,0,2.8727e-15,4.88343e-07,0,0,False,69.0|319,1260
8|1260|cc|8|1|319,0,0,-3.63626e-10,0.2603,0,0,0,0,-1.07275e-14,2.26031e-08,0,0,False,69.0|319,1260
8|1260|sample|3|319,0,0,2.01666e-09,2.51966,0,0,0,0,-9.90874e-14,2.54749,0,0,True,22.0|319,1260
8|1260|sample|4|319,0,0,-2.26258e-09,2.60777,0,0,0,0,-4.80727e-14,2.6624,0,0,True,22.0|319,1260
8|1260|vc|1|2|319,0,0,3.84596e-09,-0.322292,0,0,0,0,-7.04992e-15,8.83174e-08,0,0,False,69.0|319,1260
8|1260|vc|2|2|319,0,0,-1.00797e-10,0.0529859,0,0,0,0,2.00534e-15,-1.77536e-07,0,0,False,69.0|319,1260
8|1260|vc|3|2|319,0,0,4.06781e-09,-0.027214,0,0,0,0,7.84095e-15,4.95617e-09,0,0,False,69.0|319,1260
8|1260|vc|4|2|319,0,0,5.16705e-09,0.0947856,0,0,0,0,-6.245e-16,2.94334e-07,0,0,False,69.0|319,1260
8|1260|vc|5|2|319,0,0,-2.7687e-09,0.263148,0,0,0,0,-1.96371e-15,-1.88482e-07,0,0,False,69.0|319,1260
8|1260|vc|6|2|319,0,0,-3.62027e-09,0.210486,0,0,0,0,3.747e-15,5.0939e-07,0,0,False,69.0|319,1260
8|1260|vc|7|2|319,0,0,2.13838e-09,0.139064,0,0,0,0,-1.16712e-14,-6.57115e-07,0,0,False,69.0|319,1260
8|1260|vc|8|2|319,0,0,7.20294e-09,0.00167444,0,0,0,0,5.93275e-15,1.54473e-07,0,0,False,69.0|319,1260
8|1042|cc|1|1|162,0,0,-8.48206e-10,-0.0387004,0,0,0,0,-7.54952e-15,-4.16986e-08,0,0,False,69.0|162,1042
8|1042|cc|2|1|162,0,0,-3.57079e-09,-0.279483,0,0,0,0,-2.66454e-15,2.22152e-07,0,0,False,69.0|162,1042
8|1042|cc|3|1|162,0,0,2.51811e-10,-0.0183476,0,0,0,0,-7.10543e-15,-5.8618e-07,0,0,False,69.0|162,1042
8|1042|cc|4|1|162,0,0,3.34306e-09,-0.150818,0,0,0,0,5.32907e-15,-1.64599e-07,0,0,False,69.0|162,1042
8|1042|cc|5|1|162,0,0,-2.90845e-09,-0.0685525,0,0,0,0,2.66454e-15,-4.31837e-07,0,0,False,69.0|162,1042
8|1042|cc|6|1|162,0,0,-4.20638e-09,0.370341,0,0,0,0,-3.55271e-15,3.44135e-07,0,0,False,69.0|162,1042
8|1042|cc|7|1|162,0,0,-6.17917e-09,-0.0895223,0,0,0,0,-3.10862e-15,3.49608e-07,0,0,False,69.0|162,1042
8|1042|cc|8|1|162,0,0,-1.71875e-09,-0.109895,0,0,0,0,-5.32907e-15,-1.7211e-07,0,0,False,69.0|162,1042
8|1042|sample|3|162,0,0,3.78134e-09,0.50844,0,0,0,0,1.86628e-13,0.524072,0,0,True,22.0|162,1042
8|1042|sample|4|162,0,0,-4.4594e-09,0.394889,0,0,0,0,-7.03881e-14,0.465815,0,0,True,22.0|162,1042
8|1042|vc|1|2|162,0,0,2.52609e-09,0.11635,0,0,0,0,1.77636e-15,-4.90816e-07,0,0,False,69.0|162,1042
8|1042|vc|2|2|162,0,0,3.89722e-09,0.00188678,0,0,0,0,5.10703e-15,-6.89453e-08,0,0,False,69.0|162,1042
8|1042|vc|3|2|162,0,0,3.51058e-09,-0.0826286,0,0,0,0,-8.88178e-16,-3.76476e-07,0,0,False,69.0|162,1042
8|1042|vc|4|2|162,0,0,-2.18083e-09,0.205521,0,0,0,0,-6.21725e-15,-1.11432e-07,0,0,False,69.0|162,1042
8|1042|vc|5|2|162,0,0,2.49938e-09,0.0865881,0,0,0,0,1.77636e-15,-3.32514e-07,0,0,False,69.0|162,1042
8|1042|vc|6|2|162,0,0,9.61184e-09,-0.481048,0,0,0,0,-6.66134e-15,-2.06016e-07,0,0,False,69.0|162,1042
8|1042|vc|7|2|162,0,0,-4.57666e-09,-0.0603847,0,0,0,0,2.66454e-15,4.79488e-07,0,0,False,69.0|162,1042
8|1042|vc|8|2|162,0,0,9.21569e-10,-0.215061,0,0,0,0,-9.10383e-15,3.48135e-07,0,0,False,69.0|162,1042
8|863|cc|1|1|274,0,0,8.33428e-10,0.128731,0,0,0,0,3.10862e-15,4.39739e-07,0,0,False,69.0|274,863
8|863|cc|2|1|274,0,0,6.72221e-09,0.143353,0,0,0,0,-6.66134e-16,4.22403e-07,0,0,False,69.0|274,863
8|863|cc|3|1|274,0,0,-4.84898e-09,-0.422239,0,0,0,0,2.44249e-15,2.9328e-07,0,0,False,69.0|274,863
8|863|cc|4|1|274,0,0,-2.21894e-09,-0.136356,0,0,0,0,4.88498e-15,7.82808e-08,0,0,False,69.0|274,863
8|863|cc|5|1|274,0,0,-3.71181e-09,-0.387112,0,0,0,0,8.43769e-15,-1.92092e-07,0,0,False,69.0|274,863
8|863|cc|6|1|274,0,0,-1.4214e-09,-0.0240198,0,0,0,0,7.99361e-15,-6.60214e-08,0,0,False,69.0|274,863
8|863|cc|7|1|274,0,0,-5.29256e-09,0.0555038,0,0,0,0,6.21725e-15,4.45607e-07,0,0,False,69.0|274,863
8|863|cc|8|1|274,0,0,8.08339e-09,-0.242803,0,0,0,0,-8.21565e-15,9.2491e-08,0,0,False,69.0|274,863
8|863|sample|3|274,0,0,-3.07774e-09,2.15724,0,0,0,0,-3.49554e-13,2.17203,0,0,True,22.0|274,863
8|863|sample|4|274,0,0,-3.65411e-09,1.95951,0,0,0,0,1.43552e-13,2.0159,0,0,True,22.0|274,863
8|863|vc|1|2|274,0,0,5.27938e-10,-0.341883,0,0,0,0,5.9952e-15,2.7378e-07,0,0,False,69.0|274,863
8|863|vc|2|2|274,0,0,-1.47199e-09,0.275646,0,0,0,0,-7.77156e-15,-9.75819e-08,0,0,False,69.0|274,863
8|863|vc|3|2|274,0,0,2.33944e-09,0.261564,0,0,0,0,-2.22045e-16,3.11958e-07,0,0,False,69.0|274,863
8|863|vc|4|2|274,0,0,-5.74925e-09,0.228089,0,0,0,0,2.22045e-15,-2.4219e-07,0,0,False,69.0|274,863
8|863|vc|5|2|274,0,0,1.19704e-10,0.0839245,0,0,0,0,-4.21885e-15,-4.64986e-09,0,0,False,69.0|274,863
8|863|vc|6|2|274,0,0,-1.67276e-09,-0.0713284,0,0,0,0,3.33067e-15,1.41696e-07,0,0,False,69.0|274,863
8|863|vc|7|2|274,0,0,-4.62906e-10,0.349718,0,0,0,0,-4.21885e-15,1.25894e-07,0,0,False,69.0|274,863
8|863|vc|8|2|274,0,0,4.88885e-09,-0.0100974,0,0,0,0,1.55431e-15,3.40211e-07,0,0,False,69.0|274,863
8|152|cc|1|1|322,0,0,3.34994e-09,-0.0960663,0,0,0,0,-7.99361e-15,-2.26701e-07,0,0,False,69.0|322,152
8|152|cc|2|1|322,0,0,7.41821e-10,-0.051866,0,0,0,0,8.21565e-15,-6.44616e-08,0,0,False,69.0|322,152
8|152|cc|3|1|322,0,0,-2.71644e-09,-0.087463,0,0,0,0,-3.9968e-15,-3.86831e-07,0,0,False,69.0|322,152
8|152|cc|4|1|322,0,0,-2.15055e-09,-0.427735,0,0,0,0,2.22045e-16,5.29705e-07,0,0,False,69.0|322,152
8|152|cc|5|1|322,0,0,3.01601e-09,0.285944,0,0,0,0,-8.88178e-16,-1.74117e-07,0,0,False,69.0|322,152
8|152|cc|6|1|322,0,0,-4.3854e-10,0.103322,0,0,0,0,-1.77636e-15,-1.65401e-07,0,0,False,69.0|322,152
8|152|cc|7|1|322,0,0,4.58434e-10,0.125718,0,0,0,0,3.55271e-15,3.25827e-07,0,0,False,69.0|322,152
8|152|cc|8|1|322,0,0,-6.2104e-10,-0.110513,0,0,0,0,-9.76996e-15,1.66557e-07,0,0,False,69.0|322,152
8|152|sample|3|322,0,0,3.83251e-10,1.84622,0,0,0,0,-1.03549e-13,1.94238,0,0,True,22.0|322,152
8|152|sample|4|322,0,0,-1.44041e-09,1.79834,0,0,0,0,3.32234e-14,1.81286,0,0,True,22.0|322,152
8|152|vc|1|2|322,0,0,7.64028e-10,0.236999,0,0,0,0,6.43929e-15,3.5989e-07,0,0,False,69.0|322,152
8|152|vc|2|2|322,0,0,-1.63639e-09,-0.0182123,0,0,0,0,-1.4877e-14,5.20488e-07,0,0,False,69.0|322,152
8|152|vc|3|2|322,0,0,7.82394e-10,-0.0386564,0,0,0,0,8.88178e-16,4.58216e-07,0,0,False,69.0|322,152
8|152|vc|4|2|322,0,0,-4.30116e-09,-0.00525104,0,0,0,0,-1.06581e-14,5.17462e-07,0,0,False,69.0|322,152
8|152|vc|5|2|322,0,0,-2.30478e-09,0.316263,0,0,0,0,7.99361e-15,-7.13884e-07,0,0,False,69.0|322,152
8|152|vc|6|2|322,0,0,-1.42302e-09,0.285054,0,0,0,0,-3.9968e-15,1.47661e-07,0,0,False,69.0|322,152
8|152|vc|7|2|322,0,0,-1.77658e-09,0.272057,0,0,0,0,-4.88498e-15,1.21998e-07,0,0,False,69.0|322,152
8|152|vc|8|2|322,0,0,1.85161e-09,0.0438668,0,0,0,0,5.32907e-15,2.41339e-07,0,0,False,69.0|322,152
9|411|cc|1|1|274,0,0,1.61554e-09,0.048516,0,0,0,0,6.43929e-15,2.51871e-07,0,0,False,69.0|274,411
9|411|cc|2|1|274,0,0,-6.96727e-10,-0.0969095,0,0,0,0,-9.10383e-15,7.20036e-08,0,0,False,69.0|274,411
9|411|cc|3|1|274,0,0,1.08891e-09,0.309401,0,0,0,0,-1.55431e-15,2.64457e-07,0,0,False,69.0|274,411
9|411|cc|4|1|274,0,0,-3.56546e-09,-0.0196171,0,0,0,0,-1.55431e-15,-1.83632e-07,0,0,False,69.0|274,411
9|411|cc|5|1|274,0,0,1.10309e-09,0.038997,0,0,0,0,2.88658e-15,-3.40139e-07,0,0,False,69.0|274,411
9|411|cc|6|1|274,0,0,1.10428e-09,-0.0453722,0,0,0,0,-5.10703e-15,1.63382e-07,0,0,False,69.0|274,411
9|411|cc|7|1|274,0,0,2.31863e-09,-0.232869,0,0,0,0,5.9952e-15,2.31559e-07,0,0,False,69.0|274,411
9|411|cc|8|1|274,0,0,-2.221e-10,-0.365257,0,0,0,0,-3.9968e-15,-1.14593e-07,0,0,False,69.0|274,411
9|411|sample|10|274,0,0,-2.2141e-09,0.336363,0,0,0,0,9.49241e-14,0.392418,0,0,True,70.0|274,411
9|411|sample|11|274,0,0,-9.81647e-09,0.776945,0,0,0,0,7.38853e-14,0.795075,0,0,True,70.0|274,411
9|411|sample|12|274,0,0,-1.35374e-09,0.980742,0,0,0,0,-1.51934e-13,0.985114,0,0,True,70.0|274,411
9|411|sample|3|274,0,0,1.57662e-09,1.11655,0,0,0,0,1.71196e-13,1.10885,0,0,True,70.0|274,411
9|411|sample|4|274,0,0,1.7802e-09,0.540677,0,0,0,0,4.22606e-13,0.53587,0,0,True,70.0|274,411
9|411|sample|5|274,0,0,1.38124e-08,0.435258,0,0,0,0,-6.46705e-14,0.443951,0,0,True,70.0|274,411
9|411|sample|6|274,0,0,3.17279e-09,0.356115,0,0,0,0,3.56271e-13,0.388648,0,0,True,70.0|274,411
9|411|sample|7|274,0,0,-4.60126e-09,0.836777,0,0,0,0,-3.38063e-14,0.865229,0,0,True,70.0|274,411
9|411|sample|8|274,0,0,-5.32768e-09,0.783973,0,0,0,0,2.00617e-13,0.797406,0,0,True,70.0|274,411
9|411|sample|9|274,0,0,1.51355e-09,0.4766,0,0,0,0,2.70173e-13,0.541587,0,0,True,70.0|274,411
9|411|vc|1|2|274,0,0,-6.73036e-10,-0.284793,0,0,0,0,6.66134e-16,3.93298e-07,0,0,False,69.0|274,411
9|411|vc|2|2|274,0,0,1.1891e-09,0.153495,0,0,0,0,-2.44249e-15,1.66461e-07,0,0,False,69.0|274,411
9|411|vc|3|2|274,0,0,3.17294e-10,-0.0772372,0,0,0,0,-3.10862e-15,3.58177e-07,0,0,False,69.0|274,411
9|411|vc|4|2|274,0,0,3.28425e-09,0.212644,0,0,0,0,-3.77476e-15,-3.02725e-07,0,0,False,69.0|274,411
9|411|vc|5|2|274,0,0,2.14249e-09,-0.160537,0,0,0,0,-4.66294e-15,-4.22856e-07,0,0,False,69.0|274,411
9|411|vc|6|2|274,0,0,-2.00387e-10,0.0776443,0,0,0,0,1.55431e-15,-1.72554e-07,0,0,False,69.0|274,411
9|411|vc|7|2|274,0,0,2.58958e-10,-0.268229,0,0,0,0,6.66134e-16,3.3531e-07,0,0,False,69.0|274,411
9|411|vc|8|2|274,0,0,9.29421e-10,-0.168916,0,0,0,0,-8.88178e-16,-2.95825e-07,0,0,False,69.0|274,411
