id,time,ysample,plate_row,plate_col,U_estimate,L_estimate,alpha_estimate,popPred_medianCOV,popPred,indivPred_SAEM,indivPred_mode,indWRes_SAEM,indWRes_mode
411|4,0.0457247370827617,53482,1,4,60744.9,910.018,0.183344,35442.7,54561.2,54561.3,54561.2,-0.103258,-0.103245
411|4,0.1371742112482853,45186,2,4,60744.9,910.018,0.183344,12186.1,51949.5,51949.5,51949.5,-0.679514,-0.679512
411|4,0.411522633744856,36004,3,4,60744.9,910.018,0.183344,2888.47,35167.8,35167.8,35167.8,0.123977,0.123975
411|4,1.23456790123457,15537,4,4,60744.9,910.018,0.183344,1202.83,13252.6,13252.6,13252.6,0.894365,0.894358
411|4,3.7037037037037,4302,5,4,60744.9,910.018,0.183344,949.369,3731.64,3731.64,3731.64,0.777415,0.777408
411|4,11.1111111111111,1258,6,4,60744.9,910.018,0.183344,907.443,1457.28,1457.28,1457.28,-0.666979,-0.66698
411|4,33.3333333333333,948,7,4,60744.9,910.018,0.183344,886.082,989.245,989.246,989.245,-0.197079,-0.197076
411|4,100,850,8,4,60744.9,910.018,0.183344,840.89,857.612,857.614,857.612,-0.0413537,-0.0413427
411|3,0.0457247370827617,58138,1,3,60744.9,910.018,0.183344,35189.2,54158,54158.1,54158,0.383574,0.383588
411|3,0.1371742112482853,40956,2,3,60744.9,910.018,0.183344,12103.3,51585.5,51585.5,51585.5,-1.07544,-1.07543
411|3,0.411522633744856,25675,3,3,60744.9,910.018,0.183344,2869.19,34925.9,34925.9,34925.9,-1.38107,-1.38107
411|3,1.23456790123457,7926,4,3,60744.9,910.018,0.183344,1194.85,13162,13162,13162,-2.06397,-2.06397
411|3,3.7037037037037,2156,5,3,60744.9,910.018,0.183344,943.07,3706.12,3706.12,3706.12,-2.12699,-2.12699
411|3,11.1111111111111,986,6,3,60744.9,910.018,0.183344,901.387,1447.26,1447.26,1447.26,-1.55376,-1.55376
411|3,33.3333333333333,960,7,3,60744.9,910.018,0.183344,880.062,982.313,982.314,982.313,-0.107298,-0.107294
411|3,100,882,8,3,60744.9,910.018,0.183344,834.874,851.274,851.276,851.274,0.167977,0.167989
411|5,0.002286236854138,55169,1,5,60744.9,910.018,0.183344,56100.5,56115.6,56115.7,56115.6,-0.0880649,-0.0880529
411|5,0.0068587105624142,55989,2,5,60744.9,910.018,0.183344,58032.2,59100.7,59100.7,59100.7,-0.274868,-0.274864
411|5,0.0205761316872428,54885,3,5,60744.9,910.018,0.183344,52734.9,59828.5,59828.5,59828.5,-0.431372,-0.431372
411|5,0.0617283950617284,49434,4,5,60744.9,910.018,0.183344,30564.1,58268.2,58268.2,58268.2,-0.791478,-0.791478
411|5,0.1851851851851852,45208,5,5,60744.9,910.018,0.183344,8333.68,49945.3,49945.3,49945.3,-0.495005,-0.495006
411|5,0.5555555555555556,30556,6,5,60744.9,910.018,0.183344,2093.08,28571.2,28571.1,28571.2,0.361985,0.361982
411|5,1.66666666666667,13064,7,5,60744.9,910.018,0.183344,1058.58,9191.47,9191.46,9191.47,2.17846,2.17846
411|5,5,2918,8,5,60744.9,910.018,0.183344,866.423,2536.43,2536.43,2536.43,0.755383,0.755391
411|6,0.002286236854138,62015,1,6,60744.9,910.018,0.183344,56147.5,56164.1,56164.2,56164.1,0.543783,0.543797
411|6,0.0068587105624142,61528,2,6,60744.9,910.018,0.183344,58078.3,59149.2,59149.2,59149.2,0.209952,0.209956
411|6,0.0205761316872428,61845,3,6,60744.9,910.018,0.183344,52776.1,59876.7,59876.7,59876.7,0.171615,0.171616
411|6,0.0617283950617284,54318,4,6,60744.9,910.018,0.183344,30587.8,58314.9,58314.9,58314.9,-0.357802,-0.357802
411|6,0.1851851851851852,48773,5,6,60744.9,910.018,0.183344,8340.15,49985.3,49985.3,49985.3,-0.126572,-0.126573
411|6,0.5555555555555556,29602,6,6,60744.9,910.018,0.183344,2094.72,28594.2,28594.1,28594.2,0.18366,0.183657
411|6,1.66666666666667,12240,7,6,60744.9,910.018,0.183344,1059.42,9199.01,9199,9199.01,1.7093,1.7093
411|6,5,3840,8,6,60744.9,910.018,0.183344,867.149,2538.62,2538.63,2538.62,2.57418,2.57419
411|8,0.0457247370827617,49844,1,8,60744.9,910.018,0.183344,35534.5,54707.2,54707.3,54707.2,-0.464022,-0.464011
411|8,0.1371742112482853,46084,2,8,60744.9,910.018,0.183344,12216.1,52081.3,52081.3,52081.3,-0.601014,-0.601012
411|8,0.411522633744856,29492,3,8,60744.9,910.018,0.183344,2895.45,35255.4,35255.4,35255.4,-0.852401,-0.852403
411|8,1.23456790123457,12168,4,8,60744.9,910.018,0.183344,1205.72,13285.4,13285.4,13285.4,-0.436418,-0.436424
411|8,3.7037037037037,3114,5,8,60744.9,910.018,0.183344,951.649,3740.88,3740.88,3740.88,-0.852392,-0.852397
411|8,11.1111111111111,1024,6,8,60744.9,910.018,0.183344,909.635,1460.91,1460.91,1460.91,-1.45892,-1.45892
411|8,33.3333333333333,882,7,8,60744.9,910.018,0.183344,888.262,991.755,991.756,991.755,-0.523226,-0.523223
411|8,100,778,8,8,60744.9,910.018,0.183344,843.068,859.907,859.909,859.907,-0.443812,-0.443802
411|7,0.0457247370827617,51443,1,7,60744.9,910.018,0.183344,35564.3,54754.5,54754.6,54754.5,-0.315698,-0.315687
411|7,0.1371742112482853,47489,2,7,60744.9,910.018,0.183344,12225.8,52124,52124,52124,-0.464114,-0.464112
411|7,0.411522633744856,28239,3,7,60744.9,910.018,0.183344,2897.71,35283.8,35283.8,35283.8,-1.04108,-1.04108
411|7,1.23456790123457,11458,4,7,60744.9,910.018,0.183344,1206.65,13296.1,13296.1,13296.1,-0.717295,-0.7173
411|7,3.7037037037037,2676,5,7,60744.9,910.018,0.183344,952.388,3743.87,3743.87,3743.87,-1.4509,-1.45091
411|7,11.1111111111111,1026,6,7,60744.9,910.018,0.183344,910.346,1462.09,1462.09,1462.09,-1.45507,-1.45507
411|7,33.3333333333333,928,7,7,60744.9,910.018,0.183344,888.968,992.569,992.569,992.569,-0.307584,-0.307582
411|7,100,848,8,7,60744.9,910.018,0.183344,843.773,860.65,860.652,860.65,-0.068501,-0.0684905
411|9,0.002286236854138,52761,1,9,60744.9,910.018,0.183344,55955.6,55965.8,55966,55965.8,-0.29893,-0.298918
411|9,0.0068587105624142,58591,2,9,60744.9,910.018,0.183344,57889.8,58951.1,58951.2,58951.1,-0.0318969,-0.0318926
411|9,0.0205761316872428,53528,3,9,60744.9,910.018,0.183344,52607.8,59679.9,59679.9,59679.9,-0.53815,-0.538148
411|9,0.0617283950617284,55935,4,9,60744.9,910.018,0.183344,30490.9,58124.3,58124.4,58124.3,-0.196633,-0.196633
411|9,0.1851851851851852,49128,5,9,60744.9,910.018,0.183344,8313.71,49822,49822,49822,-0.0726943,-0.0726952
411|9,0.5555555555555556,28450,6,9,60744.9,910.018,0.183344,2088.04,28500.2,28500.2,28500.2,-0.00917105,-0.00917388
411|9,1.66666666666667,10662,7,9,60744.9,910.018,0.183344,1055.98,9168.21,9168.2,9168.21,0.842429,0.842427
411|9,5,3030,8,9,60744.9,910.018,0.183344,864.185,2529.66,2529.67,2529.66,0.993053,0.993061
411|10,0.002286236854138,53166,1,10,60744.9,910.018,0.183344,55555.3,55552.2,55552.4,55552.2,-0.224232,-0.224219
411|10,0.0068587105624142,61628,2,10,60744.9,910.018,0.183344,57496.4,58538,58538.1,58538,0.275558,0.275564
411|10,0.0205761316872428,54148,3,10,60744.9,910.018,0.183344,52256.8,59269.4,59269.4,59269.4,-0.451101,-0.451099
411|10,0.0617283950617284,54949,4,10,60744.9,910.018,0.183344,30288.5,57726.9,57726.9,57726.9,-0.251208,-0.251207
411|10,0.1851851851851852,46394,5,10,60744.9,910.018,0.183344,8258.55,49481.3,49481.3,49481.3,-0.325613,-0.325613
411|10,0.5555555555555556,30684,6,10,60744.9,910.018,0.183344,2074.1,28304.1,28304.1,28304.1,0.438105,0.438103
411|10,1.66666666666667,13846,7,10,60744.9,910.018,0.183344,1048.8,9103.96,9103.96,9103.96,2.69294,2.69294
411|10,5,3124,8,10,60744.9,910.018,0.183344,858.003,2510.97,2510.97,2510.97,1.22542,1.22543
411|12,0.0457247370827617,47309,1,12,60744.9,910.018,0.183344,32620.4,50072.8,50073,50072.8,-0.288078,-0.288052
411|12,0.1371742112482853,39899,2,12,60744.9,910.018,0.183344,11264.5,47897.2,47897.3,47897.2,-0.871406,-0.871392
411|12,0.411522633744856,26409,3,12,60744.9,910.018,0.183344,2673.91,32475.1,32475.1,32475.1,-0.973734,-0.973725
411|12,1.23456790123457,9114,4,12,60744.9,910.018,0.183344,1113.99,12243.9,12243.9,12243.9,-1.3255,-1.3255
411|12,3.7037037037037,2878,5,12,60744.9,910.018,0.183344,879.253,3447.61,3447.61,3447.61,-0.838457,-0.838451
411|12,11.1111111111111,968,6,12,60744.9,910.018,0.183344,840.036,1345.7,1345.7,1345.7,-1.36135,-1.36134
411|12,33.3333333333333,796,7,12,60744.9,910.018,0.183344,819.066,912.08,912.082,912.08,-0.596723,-0.59671
411|12,100,796,8,12,60744.9,910.018,0.183344,773.929,787.061,787.065,787.061,0.052366,0.05239
411|11,0.0457247370827617,54260,1,11,60744.9,910.018,0.183344,34498.5,53059.5,53059.7,53059.5,0.118073,0.11809
411|11,0.1371742112482853,45084,2,11,60744.9,910.018,0.183344,11877.8,50593.7,50593.8,50593.7,-0.568358,-0.568352
411|11,0.411522633744856,27045,3,11,60744.9,910.018,0.183344,2816.68,34266.9,34266.9,34266.9,-1.09883,-1.09883
411|11,1.23456790123457,12392,4,11,60744.9,910.018,0.183344,1173.11,12915.2,12915.1,12915.2,-0.210128,-0.21013
411|11,3.7037037037037,3032,5,11,60744.9,910.018,0.183344,925.91,3636.61,3636.61,3636.61,-0.845026,-0.845028
411|11,11.1111111111111,1264,6,11,60744.9,910.018,0.183344,884.891,1419.95,1419.95,1419.95,-0.534728,-0.534726
411|11,33.3333333333333,860,7,11,60744.9,910.018,0.183344,863.661,963.428,963.43,963.428,-0.506137,-0.506131
411|11,100,802,8,11,60744.9,910.018,0.183344,818.487,834.008,834.011,834.008,-0.178228,-0.178213
152|8,0.0016767999999999,93531,1,8,96485.2,695.259,0.10151,91978,91472.8,91472.5,91472.8,0.117554,0.117539
152|8,0.0083839999999999,89173,2,8,96485.2,695.259,0.10151,92272.4,92501.2,92501.1,92501.2,-0.187952,-0.187957
152|8,0.04192,74809,3,8,96485.2,695.259,0.10151,63736.7,82302.1,82302.1,82302.1,-0.475531,-0.475536
152|8,0.2096,45160,4,8,96485.2,695.259,0.10151,10493,46829.7,46829.6,46829.7,-0.186039,-0.186052
152|8,1.048,15135,5,8,96485.2,695.259,0.10151,1328.79,12870.5,12870.4,12870.5,0.912737,0.912712
152|8,5.24,2264,6,8,96485.2,695.259,0.10151,729.394,2820.12,2820.11,2820.12,-0.994172,-0.994187
152|8,26.2,818,7,8,96485.2,695.259,0.10151,686.844,1019.73,1019.73,1019.73,-0.937778,-0.937788
152|8,131,656,8,8,96485.2,695.259,0.10151,664.057,712.874,712.872,712.874,-0.363535,-0.363549
152|7,0.0016767999999999,91095,1,7,96485.2,695.259,0.10151,92023.7,91521.4,91521.1,91521.4,-0.024323,-0.0243372
152|7,0.0083839999999999,90851,2,7,96485.2,695.259,0.10151,92316.8,92548.8,92548.7,92548.8,-0.0958254,-0.0958305
152|7,0.04192,78819,3,7,96485.2,695.259,0.10151,63767,82343.9,82343.9,82343.9,-0.223585,-0.22359
152|7,0.2096,44579,4,7,96485.2,695.259,0.10151,10498,46853.4,46853.3,46853.4,-0.253291,-0.253304
152|7,1.048,16869,5,7,96485.2,695.259,0.10151,1329.42,12877,12876.9,12877,1.60819,1.60816
152|7,5.24,2542,6,7,96485.2,695.259,0.10151,729.741,2821.55,2821.54,2821.55,-0.499501,-0.499518
152|7,26.2,990,7,7,96485.2,695.259,0.10151,687.174,1020.26,1020.26,1020.26,-0.140585,-0.140597
152|7,131,662,8,7,96485.2,695.259,0.10151,664.386,713.253,713.251,713.253,-0.327452,-0.327465
152|6,0.0004351999999999,97021,1,6,96485.2,695.259,0.10151,92169,91816.8,91816.6,91816.8,0.296102,0.296087
152|6,0.0021759999999999,93823,2,6,96485.2,695.259,0.10151,94803.1,94447,94447,94447,-0.0345117,-0.0345163
152|6,0.0108799999999999,90270,3,6,96485.2,695.259,0.10151,91782,92805,92805,92805,-0.14269,-0.142692
152|6,0.0543999999999999,68233,4,6,96485.2,695.259,0.10151,53538.4,78718.5,78718.5,78718.5,-0.695691,-0.695696
152|6,0.2719999999999999,39599,5,6,96485.2,695.259,0.10151,7128.02,39768.1,39768,39768.1,-0.0221633,-0.0221783
152|6,1.36,10738,6,6,96485.2,695.259,0.10151,1092.75,9988.22,9988.17,9988.22,0.388513,0.388489
152|6,6.8,2696,7,6,96485.2,695.259,0.10151,708.264,2252.19,2252.18,2252.19,0.98457,0.984545
152|6,34,918,8,6,96485.2,695.259,0.10151,665.583,903.172,903.168,903.172,0.0769162,0.0768972
152|5,0.0004351999999999,94324,1,5,96485.2,695.259,0.10151,92123.3,91768.1,91767.8,91768.1,0.145509,0.145495
152|5,0.0021759999999999,94458,2,5,96485.2,695.259,0.10151,94757.5,94398.5,94398.4,94398.5,0.0032966,0.00329179
152|5,0.0108799999999999,93359,3,5,96485.2,695.259,0.10151,91738.3,92757.9,92757.8,92757.9,0.033856,0.0338537
152|5,0.0543999999999999,70654,4,5,96485.2,695.259,0.10151,53513,78678.7,78678.6,78678.7,-0.532689,-0.532694
152|5,0.2719999999999999,40370,5,5,96485.2,695.259,0.10151,7124.64,39748,39747.9,39748,0.0816417,0.0816263
152|5,1.36,8986,6,5,96485.2,695.259,0.10151,1092.23,9983.15,9983.1,9983.15,-0.516897,-0.516917
152|5,6.8,2416,7,5,96485.2,695.259,0.10151,707.923,2251.03,2251.02,2251.03,0.366165,0.366143
152|5,34,924,8,5,96485.2,695.259,0.10151,665.252,902.692,902.689,902.692,0.110571,0.110552
152|12,0.0014272,79697,1,12,96485.2,695.259,0.10151,87542.9,85917.5,85917,85917.5,-0.37815,-0.378177
152|12,0.007136,67002,2,12,96485.2,695.259,0.10151,88554.7,83112.1,83112,83112.1,-1.01243,-1.01244
152|12,0.03568,48627,3,12,96485.2,695.259,0.10151,66266.7,59533.6,59533.8,59533.6,-0.956429,-0.956411
152|12,0.1784,20494,4,12,96485.2,695.259,0.10151,12673.3,21305.8,21306.1,21305.8,-0.198355,-0.198289
152|12,0.892,5710,5,12,96485.2,695.259,0.10151,1464.12,4697.89,4697.96,4697.89,1.10192,1.10201
152|12,4.46,1250,6,12,96485.2,695.259,0.10151,707.026,1318.53,1318.54,1318.53,-0.251736,-0.251701
152|12,22.3,570,7,12,96485.2,695.259,0.10151,655.13,753.471,753.471,753.471,-1.11733,-1.11733
152|12,111.5,678,8,12,96485.2,695.259,0.10151,631.803,643.294,643.29,643.294,0.242494,0.242469
152|11,0.0014272,86935,1,11,96485.2,695.259,0.10151,90426.7,88957.4,88957.1,88957.4,-0.118737,-0.118755
152|11,0.007136,80844,2,11,96485.2,695.259,0.10151,91379,85952.6,85952.5,85952.6,-0.31045,-0.310451
152|11,0.03568,56954,3,11,96485.2,695.259,0.10151,68356.1,61543.3,61543.7,61543.3,-0.389356,-0.389326
152|11,0.1784,26467,4,11,96485.2,695.259,0.10151,13071.4,22022.2,22022.6,22022.2,1.05042,1.05051
152|11,0.892,6328,5,11,96485.2,695.259,0.10151,1510.12,4855.86,4855.94,4855.86,1.55175,1.55186
152|11,4.46,1324,6,11,96485.2,695.259,0.10151,729.319,1363.04,1363.05,1363.04,-0.139087,-0.139042
152|11,22.3,672,7,11,96485.2,695.259,0.10151,676.025,779.222,779.222,779.222,-0.633969,-0.633964
152|11,111.5,632,8,11,96485.2,695.259,0.10151,652.615,666.054,666.052,666.054,-0.230879,-0.230894
152|10,0.0004479999999999,91021,1,10,96485.2,695.259,0.10151,91591.6,90958.2,90958,90958.2,0.00362028,0.00360455
152|10,0.00224,88793,2,10,96485.2,695.259,0.10151,94214.4,92284,92283.9,92284,-0.197608,-0.197612
152|10,0.0111999999999999,78376,3,10,96485.2,695.259,0.10151,91016.4,83619.9,83620,83619.9,-0.327563,-0.327553
152|10,0.0559999999999999,50978,4,10,96485.2,695.259,0.10151,52011.7,50684.6,50685.1,50684.6,0.0301616,0.0302129
152|10,0.2799999999999999,18817,5,10,96485.2,695.259,0.10151,6787.05,14873.9,14874.2,14873.9,1.37657,1.37668
152|10,1.4,3464,6,10,96485.2,695.259,0.10151,1066.44,3244.13,3244.19,3244.13,0.343214,0.3433
152|10,7,1220,7,10,96485.2,695.259,0.10151,702.816,1088.88,1088.88,1088.88,0.574219,0.574255
152|10,35,690,8,10,96485.2,695.259,0.10151,661.353,720.583,720.582,720.583,-0.193661,-0.193666
152|9,0.0004479999999999,92933,1,9,96485.2,695.259,0.10151,91981.4,91372.7,91372.4,91372.7,0.0892192,0.0892046
152|9,0.00224,84649,2,9,96485.2,695.259,0.10151,94603.1,92690.8,92690.7,92690.8,-0.453216,-0.453219
152|9,0.0111999999999999,78182,3,9,96485.2,695.259,0.10151,91387.8,83984.2,83984.4,83984.2,-0.360867,-0.360856
152|9,0.0559999999999999,55239,4,9,96485.2,695.259,0.10151,52223.2,50904.6,50905.1,50904.6,0.444334,0.44439
152|9,0.2799999999999999,20004,5,9,96485.2,695.259,0.10151,6814.65,14938.5,14938.7,14938.5,1.76086,1.76098
152|9,1.4,4986,6,9,96485.2,695.259,0.10151,1070.79,3258.27,3258.32,3258.27,2.68623,2.68636
152|9,7,1028,7,9,96485.2,695.259,0.10151,705.716,1093.68,1093.68,1093.68,-0.286504,-0.286472
152|9,35,722,8,9,96485.2,695.259,0.10151,664.168,723.866,723.866,723.866,-0.0117668,-0.0117712
152|3,0.0010624,87858,1,3,96485.2,695.259,0.10151,91535.9,91029.2,91028.9,91029.2,-0.181966,-0.181982
152|3,0.005312,88455,2,3,96485.2,695.259,0.10151,93246.8,92678.6,92678.5,92678.6,-0.238061,-0.238067
152|3,0.02656,77137,3,3,96485.2,695.259,0.10151,77844,85386.4,85386.4,85386.4,-0.504642,-0.504642
152|3,0.1328,46188,4,3,96485.2,695.259,0.10151,20036.8,54206.6,54206.7,54206.6,-0.772135,-0.772126
152|3,0.664,17047,5,3,96485.2,695.259,0.10151,2089.95,16332.4,16332.5,16332.4,0.227321,0.227343
152|3,3.32,3062,6,3,96485.2,695.259,0.10151,771.06,3458.4,3458.41,3458.4,-0.581746,-0.581729
152|3,16.6,1382,7,3,96485.2,695.259,0.10151,685.652,1109.57,1109.57,1109.57,1.17279,1.17279
152|3,83,840,8,3,96485.2,695.259,0.10151,660.38,721.617,721.615,721.617,0.748734,0.748721
152|4,0.0010624,92432,1,4,96485.2,695.259,0.10151,91925.5,91444,91443.7,91444,0.056457,0.0564422
152|4,0.005312,90579,2,4,96485.2,695.259,0.10151,93631.5,93087.1,93087.1,93087.1,-0.140749,-0.140753
152|4,0.02656,76034,3,4,96485.2,695.259,0.10151,78161.6,85758.4,85758.4,85758.4,-0.592296,-0.592295
152|4,0.1328,50378,4,4,96485.2,695.259,0.10151,20118.3,54441.8,54442,54441.8,-0.389639,-0.389628
152|4,0.664,19217,5,4,96485.2,695.259,0.10151,2098.45,16403.3,16403.4,16403.3,0.891325,0.891351
152|4,3.32,3728,6,4,96485.2,695.259,0.10151,774.206,3473.47,3473.48,3473.47,0.371939,0.371961
152|4,16.6,1054,7,4,96485.2,695.259,0.10151,688.481,1114.46,1114.46,1114.46,-0.259223,-0.259218
152|4,83,902,8,4,96485.2,695.259,0.10151,663.19,724.905,724.903,724.905,1.11563,1.11561
1056|8,0.0016767999999999,118740,1,8,122610,713.746,0.0353313,119718,119908,119911,119908,-0.0510362,-0.0509168
1056|8,0.0083839999999999,113636,2,8,122610,713.746,0.0353313,118182,121284,121285,121284,-0.329519,-0.329481
1056|8,0.04192,84503,3,8,122610,713.746,0.0353313,81120.5,113234,113235,113234,-1.32576,-1.32575
1056|8,0.2096,42717,4,8,122610,713.746,0.0353313,13187.9,43041.7,43041.8,43041.7,-0.0393683,-0.0393518
1056|8,1.048,4102,5,8,122610,713.746,0.0353313,1520.78,3447.29,3447.3,3447.29,0.963787,0.96381
1056|8,5.24,716,6,8,122610,713.746,0.0353313,759.654,832.48,832.483,832.48,-0.649606,-0.649595
1056|8,26.2,656,7,8,122610,713.746,0.0353313,711.236,713.639,713.644,713.639,-0.368122,-0.368089
1056|8,131,828,8,8,122610,713.746,0.0353313,698.283,698.343,698.359,698.343,0.843646,0.843768
1056|7,0.0016767999999999,121659,1,7,122610,713.746,0.0353313,119746,119937,119939,119937,0.074915,0.075036
1056|7,0.0083839999999999,115654,2,7,122610,713.746,0.0353313,118210,121312,121313,121312,-0.243732,-0.243695
1056|7,0.04192,88699,3,7,122610,713.746,0.0353313,81139.3,113261,113261,113261,-1.13309,-1.13308
1056|7,0.2096,41994,4,7,122610,713.746,0.0353313,13190.9,43051.6,43051.7,43051.6,-0.128173,-0.128158
1056|7,1.048,3906,5,7,122610,713.746,0.0353313,1521.13,3448.08,3448.1,3448.08,0.673935,0.673955
1056|7,5.24,700,6,7,122610,713.746,0.0353313,759.829,832.673,832.675,832.673,-0.739755,-0.739744
1056|7,26.2,682,7,7,122610,713.746,0.0353313,711.401,713.804,713.809,713.804,-0.203098,-0.203065
1056|7,131,978,8,7,122610,713.746,0.0353313,698.447,698.508,698.524,698.508,1.81834,1.81848
1056|6,0.0004351999999999,124775,1,6,122610,713.746,0.0353313,119935,119953,119956,119953,0.20991,0.210034
1056|6,0.0021759999999999,126207,2,6,122610,713.746,0.0353313,121398,121703,121703,121703,0.193356,0.193396
1056|6,0.0108799999999999,119281,3,6,122610,713.746,0.0353313,116861,121674,121674,121674,-0.102773,-0.102763
1056|6,0.0543999999999999,96692,4,6,122610,713.746,0.0353313,67973.1,108113,108113,108113,-0.551924,-0.551921
1056|6,0.2719999999999999,31741,5,6,122610,713.746,0.0353313,8901.64,30255.7,30255.8,30255.7,0.255832,0.25585
1056|6,1.36,2592,6,6,122610,713.746,0.0353313,1222.7,2368.01,2368.02,2368.01,0.473597,0.473624
1056|6,6.8,696,7,6,122610,713.746,0.0353313,738.445,780.587,780.593,780.587,-0.499396,-0.499363
1056|6,34,792,8,6,122610,713.746,0.0353313,700.006,701.347,701.363,701.347,0.587632,0.587748
1056|5,0.0004351999999999,127222,1,5,122610,713.746,0.0353313,119907,119925,119928,119925,0.317803,0.317931
1056|5,0.0021759999999999,128464,2,5,122610,713.746,0.0353313,121370,121674,121675,121674,0.291537,0.29158
1056|5,0.0108799999999999,127679,3,5,122610,713.746,0.0353313,116834,121646,121646,121646,0.259143,0.259155
1056|5,0.0543999999999999,99273,4,5,122610,713.746,0.0353313,67957.5,108088,108088,108088,-0.426089,-0.426085
1056|5,0.2719999999999999,30808,5,5,122610,713.746,0.0353313,8899.59,30248.7,30248.8,30248.7,0.0963402,0.0963593
1056|5,1.36,2194,6,5,122610,713.746,0.0353313,1222.42,2367.47,2367.48,2367.47,-0.366899,-0.366875
1056|5,6.8,672,7,5,122610,713.746,0.0353313,738.273,780.406,780.412,780.406,-0.640143,-0.64011
1056|5,34,838,8,5,122610,713.746,0.0353313,699.842,701.182,701.198,701.182,0.887117,0.88724
1056|12,0.0014272,103621,1,12,122610,713.746,0.0353313,117007,117081,117087,117081,-0.600924,-0.600703
1056|12,0.007136,90392,2,12,122610,713.746,0.0353313,116329,117186,117189,117186,-1.19481,-1.19469
1056|12,0.03568,45926,3,12,122610,713.746,0.0353313,86482.1,89894.2,89896.3,89894.2,-2.55502,-2.55496
1056|12,0.1784,8166,4,12,122610,713.746,0.0353313,16372.1,14939.7,14940,14939.7,-2.35467,-2.35462
1056|12,0.892,754,5,12,122610,713.746,0.0353313,1743.68,1424.24,1424.27,1424.24,-2.29176,-2.29171
1056|12,4.46,634,6,12,122610,713.746,0.0353313,757.716,729.121,729.139,729.121,-0.59629,-0.596186
1056|12,22.3,642,7,12,122610,713.746,0.0353313,695.959,693.858,693.88,693.858,-0.339508,-0.339373
1056|12,111.5,824,8,12,122610,713.746,0.0353313,682.229,682.088,682.121,682.088,0.942329,0.942585
1056|11,0.0014272,105151,1,11,122610,713.746,0.0353313,118787,118863,118866,118863,-0.602907,-0.60276
1056|11,0.007136,95978,2,11,122610,713.746,0.0353313,118073,118942,118944,118942,-1.00889,-1.00882
1056|11,0.03568,58120,3,11,122610,713.746,0.0353313,87771.3,91234.2,91234.9,91234.2,-1.89604,-1.89601
1056|11,0.1784,10642,4,11,122610,713.746,0.0353313,16615.7,15162.1,15162.1,15162.1,-1.54834,-1.54834
1056|11,0.892,906,5,11,122610,713.746,0.0353313,1769.63,1445.44,1445.44,1445.44,-1.81926,-1.81925
1056|11,4.46,610,6,11,122610,713.746,0.0353313,769.012,739.99,739.997,739.99,-0.804296,-0.804257
1056|11,22.3,712,7,11,122610,713.746,0.0353313,706.389,704.258,704.269,704.258,0.0499423,0.0500163
1056|11,111.5,888,8,11,122610,713.746,0.0353313,692.609,692.466,692.489,692.466,1.28167,1.28185
1056|10,0.0004479999999999,119885,1,10,122610,713.746,0.0353313,119578,119590,119593,119590,0.0127581,0.0128941
1056|10,0.00224,122847,2,10,122610,713.746,0.0353313,121025,121182,121183,121182,0.0717474,0.0718028
1056|10,0.0111999999999999,100100,3,10,122610,713.746,0.0353313,116247,117826,117826,117826,-0.786096,-0.786075
1056|10,0.0559999999999999,61989,4,10,122610,713.746,0.0353313,66235.3,68513.3,68513.2,68513.3,-0.497248,-0.497256
1056|10,0.2799999999999999,9934,5,10,122610,713.746,0.0353313,8494.87,7271.7,7271.65,7271.7,1.88745,1.8874
1056|10,1.4,774,6,10,122610,713.746,0.0353313,1193.88,1022.49,1022.49,1022.49,-1.15231,-1.15231
1056|10,7,638,7,10,122610,713.746,0.0353313,734.804,720.641,720.649,720.641,-0.523328,-0.523286
1056|10,35,822,8,10,122610,713.746,0.0353313,697.843,696.843,696.861,696.843,0.815874,0.81601
1056|9,0.0004479999999999,120198,1,9,122610,713.746,0.0353313,119819,119831,119833,119831,0.0158982,0.0160232
1056|9,0.00224,115424,2,9,122610,713.746,0.0353313,121265,121422,121423,121422,-0.258162,-0.258121
1056|9,0.0111999999999999,104040,3,9,122610,713.746,0.0353313,116476,118058,118059,118058,-0.620446,-0.620434
1056|9,0.0559999999999999,62803,4,9,122610,713.746,0.0353313,66365.7,68648.2,68648,68648.2,-0.444606,-0.444624
1056|9,0.2799999999999999,11416,5,9,122610,713.746,0.0353313,8511.6,7286.01,7285.95,7286.01,2.92229,2.92222
1056|9,1.4,788,6,9,122610,713.746,0.0353313,1196.24,1024.5,1024.5,1024.5,-1.09478,-1.09478
1056|9,7,614,7,9,122610,713.746,0.0353313,736.261,722.07,722.076,722.07,-0.683153,-0.683121
1056|9,35,832,8,9,122610,713.746,0.0353313,699.248,698.245,698.262,698.245,0.870419,0.870545
1056|4,0.0010624,123910,1,4,122610,713.746,0.0353313,119746,119828,119831,119828,0.177856,0.177985
1056|4,0.005312,126950,2,4,122610,713.746,0.0353313,120018,121365,121366,121365,0.24043,0.240476
1056|4,0.02656,105914,3,4,122610,713.746,0.0353313,99594.2,116703,116703,116703,-0.483068,-0.483054
1056|4,0.1328,55539,4,4,122610,713.746,0.0353313,25461.5,58820.2,58820.3,58820.2,-0.291223,-0.291217
1056|4,0.664,6766,5,4,122610,713.746,0.0353313,2502.79,5388.87,5388.88,5388.87,1.31086,1.31087
1056|4,3.32,686,6,4,122610,713.746,0.0353313,817.678,923.712,923.715,923.712,-1.20816,-1.20815
1056|4,16.6,742,7,4,122610,713.746,0.0353313,714.138,717.209,717.215,717.209,0.15759,0.15763
1056|4,83,876,8,4,122610,713.746,0.0353313,697.972,698.015,698.032,698.015,1.15862,1.15875
1056|3,0.0010624,130132,1,3,122610,713.746,0.0353313,119505,119588,119591,119588,0.46057,0.460718
1056|3,0.005312,127154,2,3,122610,713.746,0.0353313,119781,121124,121126,121124,0.260056,0.260113
1056|3,0.02656,111063,3,3,122610,713.746,0.0353313,99398.1,116473,116474,116473,-0.242737,-0.242712
1056|3,0.1328,53602,4,3,122610,713.746,0.0353313,25411.4,58704.6,58704.8,58704.6,-0.453779,-0.453762
1056|3,0.664,5384,5,3,122610,713.746,0.0353313,2497.87,5378.28,5378.3,5378.28,0.00543441,0.00545263
1056|3,3.32,738,6,3,122610,713.746,0.0353313,816.069,921.894,921.898,921.894,-0.936297,-0.936277
1056|3,16.6,690,7,3,122610,713.746,0.0353313,712.725,715.79,715.798,715.79,-0.164315,-0.164268
1056|3,83,842,8,3,122610,713.746,0.0353313,696.571,696.613,696.631,696.613,0.948036,0.948175
462|6,0.0006144,102350,1,6,159668,643.492,0.736861,117376,109055,109055,109055,-0.321251,-0.321243
462|6,0.003072,113884,2,6,159668,643.492,0.736861,144974,124616,124616,124616,-0.450004,-0.450005
462|6,0.01536,121365,3,6,159668,643.492,0.736861,143492,117735,117735,117735,0.161097,0.161091
462|6,0.0768,98102,4,6,159668,643.492,0.736861,64303.5,98913.8,98913.6,98913.8,-0.0428651,-0.0428754
462|6,0.384,76259,5,6,159668,643.492,0.736861,6625.97,74366.5,74366.3,74366.5,0.132915,0.1329
462|6,1.92,51729,6,6,159668,643.492,0.736861,983.81,49836.3,49836.2,49836.3,0.198215,0.198196
462|6,9.6,27657,7,6,159668,643.492,0.736861,606.694,29446.1,29446,29446.1,-0.316604,-0.316622
462|6,48,13804,8,6,159668,643.492,0.736861,474.106,14295.3,14295.2,14295.3,-0.178394,-0.178406
462|5,0.0006144,100518,1,5,159668,643.492,0.736861,116927,108661,108661,108661,-0.39156,-0.391552
462|5,0.003072,130424,2,5,159668,643.492,0.736861,144527,124249,124249,124249,0.259693,0.259692
462|5,0.01536,129379,3,5,159668,643.492,0.736861,143078,117411,117410,117411,0.532639,0.532633
462|5,0.0768,104544,4,5,159668,643.492,0.736861,64122.2,98646.5,98646.3,98646.5,0.31234,0.312329
462|5,0.384,71521,5,5,159668,643.492,0.736861,6607.28,74165.5,74165.3,74165.5,-0.186201,-0.186216
462|5,1.92,57664,6,5,159668,643.492,0.736861,980.976,49698.9,49698.7,49698.9,0.836414,0.836393
462|5,9.6,30300,7,5,159668,643.492,0.736861,604.823,29359.4,29359.3,29359.4,0.166963,0.166943
462|5,48,15085,8,5,159668,643.492,0.736861,472.292,14243.6,14243.6,14243.6,0.306678,0.306665
462|4,0.000064,104240,1,4,159668,643.492,0.736861,115575,113078,113078,113078,-0.408384,-0.408374
462|4,0.00032,128947,2,4,159668,643.492,0.736861,143861,134834,134834,134834,-0.228149,-0.228147
462|4,0.0016,136467,3,4,159668,643.492,0.736861,153872,136010,136010,136010,0.0175656,0.0175634
462|4,0.008,138746,4,4,159668,643.492,0.736861,153227,125753,125753,125753,0.539921,0.539916
462|4,0.04,119405,5,4,159668,643.492,0.736861,107157,106918,106918,106918,0.61019,0.61018
462|4,0.2,86679,6,4,159668,643.492,0.736861,17542,81837.4,81837.3,81837.4,0.309014,0.309002
462|4,1,49742,7,4,159668,643.492,0.736861,1610.6,54416.1,54415.9,54416.1,-0.448334,-0.448347
462|4,5,30602,8,4,159668,643.492,0.736861,514.545,28730.3,28730.3,28730.3,0.339471,0.339461
462|3,0.000064,108562,1,3,159668,643.492,0.736861,111745,109544,109544,109544,-0.0468418,-0.0468298
462|3,0.00032,130392,2,3,159668,643.492,0.736861,140031,131410,131410,131410,-0.0404884,-0.0404859
462|3,0.0016,132645,3,3,159668,643.492,0.736861,150049,132776,132776,132776,-0.00516025,-0.00516157
462|3,0.008,136907,4,3,159668,643.492,0.736861,149500,122823,122823,122823,0.59918,0.599175
462|3,0.04,113528,5,3,159668,643.492,0.736861,104550,104427,104427,104427,0.455311,0.455303
462|3,0.2,82203,6,3,159668,643.492,0.736861,17106.1,79891.7,79891.5,79891.7,0.151113,0.151102
462|3,1,54160,7,3,159668,643.492,0.736861,1567.72,53034.4,53034.3,53034.4,0.110789,0.110776
462|3,5,30876,8,3,159668,643.492,0.736861,497.494,27832.4,27832.3,27832.4,0.569764,0.569755
462|9,0.0003648,110763,1,9,159668,643.492,0.736861,115562,117399,117399,117399,-0.295352,-0.295341
462|9,0.001824,99793,2,9,159668,643.492,0.736861,143583,143862,143862,143862,-1.60086,-1.60086
462|9,0.00912,104612,3,9,159668,643.492,0.736861,148960,136008,136008,136008,-1.20631,-1.20631
462|9,0.0456,29106,4,9,159668,643.492,0.736861,98958.6,32585.4,32585.3,32585.4,-0.55661,-0.55663
462|9,0.228,1898,5,9,159668,643.492,0.736861,14672.1,2012.72,2012.72,2012.72,-0.28326,-0.283278
462|9,1.14,602,6,9,159668,643.492,0.736861,1498.73,669.239,669.239,669.239,-0.454013,-0.454014
462|9,5.7,556,7,9,159668,643.492,0.736861,628.011,584.031,584.031,584.031,-0.212672,-0.212669
462|9,28.5,492,8,9,159668,643.492,0.736861,468.055,473.259,473.26,473.259,0.169403,0.169413
462|10,0.0003648,102838,1,10,159668,643.492,0.736861,111732,113730,113730,113730,-0.500391,-0.500379
462|10,0.001824,109527,2,10,159668,643.492,0.736861,139761,140209,140209,140209,-1.14358,-1.14358
462|10,0.00912,75302,3,10,159668,643.492,0.736861,145258,132774,132774,132774,-2.26196,-2.26197
462|10,0.0456,30834,4,10,159668,643.492,0.736861,96551.4,31826.3,31826.2,31826.3,-0.1625,-0.162522
462|10,0.228,1866,5,10,159668,643.492,0.736861,14315.2,1965.84,1965.83,1965.84,-0.252081,-0.252098
462|10,1.14,542,6,10,159668,643.492,0.736861,1461.49,653.327,653.327,653.327,-0.767476,-0.767477
462|10,5.7,526,7,10,159668,643.492,0.736861,611.294,569.202,569.203,569.202,-0.33498,-0.334977
462|10,28.5,550,8,10,159668,643.492,0.736861,452.545,458.467,458.468,458.467,0.84911,0.849123
462|7,0.0000768,94296,1,7,159668,643.492,0.736861,117410,119176,119176,119176,-1.09086,-1.09085
462|7,0.000384,117953,2,7,159668,643.492,0.736861,145691,146267,146267,146267,-1.01165,-1.01165
462|7,0.00192,127709,3,7,159668,643.492,0.736861,155610,155302,155302,155302,-0.928579,-0.928578
462|7,0.0096,104166,4,7,159668,643.492,0.736861,153456,138500,138500,138500,-1.29548,-1.29549
462|7,0.048,34555,5,7,159668,643.492,0.736861,96719.2,30279.4,30279.3,30279.4,0.735935,0.735908
462|7,0.24,2124,6,7,159668,643.492,0.736861,13430,1856.9,1856.89,1856.9,0.711931,0.711911
462|7,1.2,604,7,7,159668,643.492,0.736861,1345.55,629.758,629.758,629.758,-0.183268,-0.183267
462|7,6,570,8,7,159668,643.492,0.736861,509.101,481.439,481.44,481.439,0.789376,0.789387
462|8,0.0000768,101781,1,8,159668,643.492,0.736861,116961,118746,118746,118746,-0.746506,-0.746497
462|8,0.000384,127577,2,8,159668,643.492,0.736861,145242,145837,145837,145837,-0.654333,-0.65433
462|8,0.00192,127445,3,8,159668,643.492,0.736861,155162,154874,154874,154874,-0.925601,-0.925601
462|8,0.0096,110699,4,8,159668,643.492,0.736861,153024,138126,138126,138126,-1.03766,-1.03766
462|8,0.048,35462,5,8,159668,643.492,0.736861,96446.3,30197.6,30197.5,30197.6,0.908581,0.908553
462|8,0.24,2200,6,8,159668,643.492,0.736861,13391.3,1851.78,1851.77,1851.78,0.930571,0.93055
462|8,1.2,518,7,8,159668,643.492,0.736861,1341.4,627.905,627.905,627.905,-0.783943,-0.783942
462|8,6,538,8,8,159668,643.492,0.736861,507.152,479.7,479.701,479.7,0.521191,0.521201
462|11,0.0003712,100654,1,11,159668,643.492,0.736861,101300,103750,103751,103750,-0.155939,-0.155922
462|11,0.001856,107033,2,11,159668,643.492,0.736861,129341,130855,130855,130855,-0.951311,-0.951305
462|11,0.00928,111878,3,11,159668,643.492,0.736861,135034,140432,140432,140432,-1.06258,-1.06257
462|11,0.0464,96908,4,11,159668,643.492,0.736861,88966.7,139219,139219,139219,-1.58822,-1.58822
462|11,0.2319999999999999,62831,5,11,159668,643.492,0.736861,12990.8,88952.8,88952.9,88952.8,-1.53397,-1.53396
462|11,1.16,11954,6,11,159668,643.492,0.736861,1336.1,11758.9,11758.9,11758.9,0.086009,0.0860216
462|11,5.8,712,7,11,159668,643.492,0.736861,564.444,1134.9,1134.9,1134.9,-1.78334,-1.78334
462|11,29,526,8,11,159668,643.492,0.736861,410.234,444.229,444.23,444.229,0.778206,0.778223
462|12,0.0003712,92444,1,12,159668,643.492,0.736861,72935.9,76567.9,76568.4,76567.9,1.08285,1.0829
462|12,0.001856,89758,2,12,159668,643.492,0.736861,101033,103675,103675,103675,-0.701322,-0.701307
462|12,0.00928,86511,3,12,159668,643.492,0.736861,107644,113298,113298,113298,-1.23534,-1.23533
462|12,0.0464,76016,4,12,159668,643.492,0.736861,71339.5,112914,112914,112914,-1.70742,-1.70741
462|12,0.2319999999999999,48569,5,12,159668,643.492,0.736861,10416.9,72145.6,72145.8,72145.6,-1.70658,-1.70657
462|12,1.16,9584,6,12,159668,643.492,0.736861,1065.09,9486.85,9486.88,9486.85,0.0529491,0.0529704
462|12,5.8,838,7,12,159668,643.492,0.736861,440.905,899.166,899.17,899.166,-0.318486,-0.318467
462|12,29,604,8,12,159668,643.492,0.736861,295.367,327.841,327.844,327.841,3.33442,3.33446
1159|8,0.0016767999999999,99593,1,8,155907,645.636,0.580691,122516,122531,122531,122531,-0.978173,-0.978173
1159|8,0.0083839999999999,116325,2,8,155907,645.636,0.580691,140519,144476,144476,144476,-1.01829,-1.01829
1159|8,0.04192,106706,3,8,155907,645.636,0.580691,101140,148851,148851,148851,-1.4797,-1.4797
1159|8,0.2096,68255,4,8,155907,645.636,0.580691,16472,100620,100620,100620,-1.68044,-1.68045
1159|8,1.048,14589,5,8,155907,645.636,0.580691,1667.39,12880.3,12880.3,12880.3,0.688177,0.688154
1159|8,5.24,848,6,8,155907,645.636,0.580691,691.533,1243.43,1243.43,1243.43,-1.53332,-1.53333
1159|8,26.2,548,7,8,155907,645.636,0.580691,602.574,626.326,626.326,626.326,-0.559896,-0.559897
1159|8,131,584,8,8,155907,645.636,0.580691,508.409,508.534,508.534,508.534,0.642973,0.642973
1159|7,0.0016767999999999,101433,1,7,155907,645.636,0.580691,122865,122882,122882,122882,-0.912066,-0.912065
1159|7,0.0083839999999999,119429,2,7,155907,645.636,0.580691,140858,144827,144827,144827,-0.916469,-0.916469
1159|7,0.04192,110627,3,7,155907,645.636,0.580691,101371,149194,149194,149194,-1.35095,-1.35095
1159|7,0.2096,72057,4,7,155907,645.636,0.580691,16509.1,100848,100848,100848,-1.49148,-1.49149
1159|7,1.048,16805,5,7,155907,645.636,0.580691,1671.13,12909.4,12909.4,12909.4,1.56541,1.56538
1159|7,5.24,794,6,7,155907,645.636,0.580691,693.114,1246.29,1246.29,1246.29,-1.75009,-1.7501
1159|7,26.2,548,7,7,155907,645.636,0.580691,604.028,627.846,627.846,627.846,-0.569579,-0.56958
1159|7,131,586,8,7,155907,645.636,0.580691,509.855,509.991,509.991,509.991,0.646066,0.646067
1159|5,0.0004351999999999,97161,1,5,155907,645.636,0.580691,122710,122537,122537,122537,-1.0821,-1.0821
1159|5,0.0021759999999999,125765,2,5,155907,645.636,0.580691,144316,144636,144636,144636,-0.681857,-0.681857
1159|5,0.0108799999999999,136220,3,5,155907,645.636,0.580691,145782,152355,152355,152355,-0.553475,-0.553475
1159|5,0.0543999999999999,114517,4,5,155907,645.636,0.580691,85970.3,149002,149002,149002,-1.20952,-1.20952
1159|5,0.2719999999999999,61943,5,5,155907,645.636,0.580691,11030.5,82161.8,82161.6,82161.8,-1.28532,-1.28533
1159|5,1.36,9970,6,5,155907,645.636,0.580691,1269.98,8199.54,8199.51,8199.54,1.11494,1.11491
1159|5,6.8,728,7,5,155907,645.636,0.580691,634.778,952.57,952.568,952.57,-1.11021,-1.11022
1159|5,34,602,8,5,155907,645.636,0.580691,510.007,521.547,521.547,521.547,0.671231,0.671231
1159|6,0.0004351999999999,95565,1,6,155907,645.636,0.580691,123059,122888,122888,122888,-1.1618,-1.1618
1159|6,0.0021759999999999,128566,2,6,155907,645.636,0.580691,144664,144987,144987,144987,-0.591899,-0.591899
1159|6,0.0108799999999999,138726,3,6,155907,645.636,0.580691,146115,152705,152705,152705,-0.478431,-0.478431
1159|6,0.0543999999999999,118728,4,6,155907,645.636,0.580691,86163.5,149339,149339,149339,-1.07122,-1.07122
1159|6,0.2719999999999999,63450,5,6,155907,645.636,0.580691,11055.3,82347.5,82347.4,82347.5,-1.19862,-1.19863
1159|6,1.36,9870,6,6,155907,645.636,0.580691,1272.88,8218.4,8218.37,8218.4,1.03773,1.03771
1159|6,6.8,754,7,6,155907,645.636,0.580691,636.309,954.881,954.88,954.881,-0.990939,-0.990946
1159|6,34,622,8,6,155907,645.636,0.580691,511.457,523.042,523.042,523.042,0.823665,0.823665
1159|11,0.0014272,100576,1,11,155907,645.636,0.580691,110428,110264,110264,110264,-0.459044,-0.459043
1159|11,0.007136,102398,2,11,155907,645.636,0.580691,129644,131231,131231,131231,-1.14812,-1.14812
1159|11,0.03568,72564,3,11,155907,645.636,0.580691,101556,117244,117243,117244,-1.9912,-1.9912
1159|11,0.1784,17511,4,11,155907,645.636,0.580691,19348.4,27293.7,27293.4,27293.7,-1.86725,-1.86728
1159|11,0.892,1002,5,11,155907,645.636,0.580691,1844.59,2083.26,2083.25,2083.26,-2.58379,-2.58381
1159|11,4.46,496,6,11,155907,645.636,0.580691,654.401,649.332,649.331,649.332,-1.06264,-1.06265
1159|11,22.3,576,7,11,155907,645.636,0.580691,552.943,551.312,551.312,551.312,0.19664,0.19664
1159|11,111.5,544,8,11,155907,645.636,0.580691,458.096,456.921,456.921,456.921,0.810027,0.810028
1159|12,0.0014272,84673,1,12,155907,645.636,0.580691,88418.8,88106.7,88106.7,88106.7,-0.203574,-0.203572
1159|12,0.007136,82237,2,12,155907,645.636,0.580691,108091,109264,109264,109264,-1.29238,-1.29238
1159|12,0.03568,57156,3,12,155907,645.636,0.580691,85628.3,98736.9,98736.7,98736.9,-2.20007,-2.20007
1159|12,0.1784,11396,4,12,155907,645.636,0.580691,16368.6,23063.6,23063.4,23063.6,-2.63365,-2.63367
1159|12,0.892,752,5,12,155907,645.636,0.580691,1560.51,1760.39,1760.37,1760.39,-2.82666,-2.82669
1159|12,4.46,502,6,12,155907,645.636,0.580691,551.768,546.836,546.836,546.836,-0.359565,-0.35957
1159|12,22.3,554,7,12,155907,645.636,0.580691,461.015,459.028,459.028,459.028,0.880156,0.880157
1159|12,111.5,626,8,12,155907,645.636,0.580691,366.794,365.105,365.105,365.105,2.90061,2.90061
1159|9,0.0004479999999999,95841,1,9,155907,645.636,0.580691,121632,121449,121449,121449,-1.10176,-1.10176
1159|9,0.00224,110983,2,9,155907,645.636,0.580691,143221,143425,143425,143425,-1.18208,-1.18208
1159|9,0.0111999999999999,117579,3,9,155907,645.636,0.580691,144411,148380,148380,148380,-1.08483,-1.08484
1159|9,0.0559999999999999,86107,4,9,155907,645.636,0.580691,83427.5,104996,104996,104996,-0.939899,-0.939917
1159|9,0.2799999999999999,21584,5,9,155907,645.636,0.580691,10472.7,14253.9,14253.7,14253.9,2.66982,2.66973
1159|9,1.4,1152,6,9,155907,645.636,0.580691,1229.58,1298.2,1298.19,1298.2,-0.544751,-0.544779
1159|9,7,622,7,9,155907,645.636,0.580691,628.297,623.775,623.774,623.775,-0.0127285,-0.012731
1159|9,35,558,8,9,155907,645.636,0.580691,505.444,504.095,504.095,504.095,0.462615,0.462616
1159|10,0.0004479999999999,85632,1,10,155907,645.636,0.580691,118658,118456,118456,118456,-1.44789,-1.44789
1159|10,0.00224,112052,2,10,155907,645.636,0.580691,140254,140435,140435,140435,-1.0562,-1.0562
1159|10,0.0111999999999999,106618,3,10,155907,645.636,0.580691,141577,145450,145450,145450,-1.39524,-1.39524
1159|10,0.0559999999999999,72910,4,10,155907,645.636,0.580691,81817.5,102958,102958,102958,-1.52473,-1.52475
1159|10,0.2799999999999999,19961,5,10,155907,645.636,0.580691,10270.6,13977.2,13977,13977.2,2.22229,2.22221
1159|10,1.4,1398,6,10,155907,645.636,0.580691,1205.44,1272.57,1272.56,1272.57,0.476127,0.476092
1159|10,7,482,7,10,155907,645.636,0.580691,615.283,610.773,610.772,610.773,-0.940498,-0.9405
1159|10,35,578,8,10,155907,645.636,0.580691,493.082,491.675,491.675,491.675,0.756267,0.756267
1159|4,0.0010624,112128,1,4,155907,645.636,0.580691,121558,121450,121450,121450,-0.401062,-0.401062
1159|4,0.005312,130767,2,4,155907,645.636,0.580691,141745,143472,143472,143472,-0.462791,-0.462791
1159|4,0.02656,137610,3,4,155907,645.636,0.580691,123443,149755,149755,149755,-0.423836,-0.423836
1159|4,0.1328,112132,4,4,155907,645.636,0.580691,31846.7,125882,125882,125882,-0.570754,-0.570753
1159|4,0.664,38749,5,4,155907,645.636,0.580691,2895.5,30238.6,30238.7,30238.6,1.46676,1.46677
1159|4,3.32,2926,6,4,155907,645.636,0.580691,759.395,2547.69,2547.69,2547.69,0.745754,0.745761
1159|4,16.6,542,7,4,155907,645.636,0.580691,602.125,693.822,693.823,693.822,-0.993607,-0.993606
1159|4,83,574,8,4,155907,645.636,0.580691,504.147,507.495,507.495,507.495,0.567589,0.56759
1159|3,0.0010624,108512,1,3,155907,645.636,0.580691,118585,118457,118457,118457,-0.43869,-0.438689
1159|3,0.005312,131884,2,3,155907,645.636,0.580691,138809,140482,140482,140482,-0.319834,-0.319833
1159|3,0.02656,133282,3,3,155907,645.636,0.580691,121021,146798,146798,146798,-0.481186,-0.481186
1159|3,0.1328,105629,4,3,155907,645.636,0.580691,31232.1,123438,123438,123438,-0.753888,-0.753887
1159|3,0.664,36126,5,3,155907,645.636,0.580691,2839.63,29651.7,29651.7,29651.7,1.13786,1.13787
1159|3,3.32,2310,6,3,155907,645.636,0.580691,744.491,2497.39,2497.39,2497.39,-0.376546,-0.37654
1159|3,16.6,688,7,3,155907,645.636,0.580691,589.652,679.36,679.36,679.36,0.0575847,0.0575861
1159|3,83,592,8,3,155907,645.636,0.580691,491.817,494.99,494.99,494.99,0.845175,0.845176
1197|7,0.0016767999999999,74837,1,7,122610,645.636,0.646954,93815.5,93863.7,93862.4,93863.7,-1.05887,-1.05893
1197|7,0.0083839999999999,71977,2,7,122610,645.636,0.646954,109876,102246,102246,102246,-1.54663,-1.54665
1197|7,0.04192,42847,3,7,122610,645.636,0.646954,79603.6,42550.9,42550.9,42550.9,0.036304,0.0362985
1197|7,0.2096,5272,4,7,122610,645.636,0.646954,13104,4392.72,4392.71,4392.72,1.02234,1.02234
1197|7,1.048,660,5,7,122610,645.636,0.646954,1450.63,871.319,871.319,871.319,-1.13163,-1.13163
1197|7,5.24,592,6,7,122610,645.636,0.646954,678.973,645.751,645.75,645.751,-0.374285,-0.374289
1197|7,26.2,544,7,7,122610,645.636,0.646954,598.405,597.405,597.403,597.405,-0.397454,-0.39747
1197|7,131,580,8,7,122610,645.636,0.646954,494.997,497.449,497.442,497.449,0.716345,0.716277
1197|8,0.0016767999999999,74846,1,8,122610,645.636,0.646954,93511.6,93566.3,93565.1,93566.3,-1.04512,-1.04518
1197|8,0.0083839999999999,76735,2,8,122610,645.636,0.646954,109581,101976,101976,101976,-1.29313,-1.29314
1197|8,0.04192,41404,3,8,122610,645.636,0.646954,79401.8,42444.9,42444.9,42444.9,-0.127934,-0.12794
1197|8,0.2096,5378,4,8,122610,645.636,0.646954,13071.3,4381.97,4381.97,4381.97,1.16085,1.16085
1197|8,1.048,706,5,8,122610,645.636,0.646954,1447.02,869.188,869.187,869.188,-0.875792,-0.875793
1197|8,5.24,542,6,8,122610,645.636,0.646954,677.252,644.142,644.141,644.142,-0.712781,-0.712785
1197|8,26.2,550,7,8,122610,645.636,0.646954,596.795,595.827,595.825,595.827,-0.341823,-0.341839
1197|8,131,550,8,8,122610,645.636,0.646954,493.394,495.873,495.866,495.873,0.470946,0.470881
1197|6,0.0004351999999999,82107,1,6,122610,645.636,0.646954,93964,94405.6,94404.3,94405.6,-0.680489,-0.680551
1197|6,0.0021759999999999,94216,2,6,122610,645.636,0.646954,112841,112182,112181,112182,-0.836748,-0.836765
1197|6,0.0108799999999999,78272,3,6,122610,645.636,0.646954,114679,102578,102578,102578,-1.23793,-1.23794
1197|6,0.0543999999999999,33061,4,6,122610,645.636,0.646954,67808.8,31625.3,31625.3,31625.3,0.236624,0.236623
1197|6,0.2719999999999999,2724,5,6,122610,645.636,0.646954,8820.71,3040.67,3040.67,3040.67,-0.526426,-0.526427
1197|6,1.36,578,6,6,122610,645.636,0.646954,1133.47,773.633,773.632,773.633,-1.16406,-1.16406
1197|6,6.8,604,7,6,122610,645.636,0.646954,623.557,604.508,604.506,604.508,-0.00372982,-0.00374659
1197|6,34,546,8,6,122610,645.636,0.646954,496.219,497.797,497.79,497.797,0.418068,0.418004
1197|5,0.0004351999999999,85902,1,5,122610,645.636,0.646954,93659.6,94106.5,94105.2,94106.5,-0.455377,-0.455443
1197|5,0.0021759999999999,97095,2,5,122610,645.636,0.646954,112538,111886,111885,111886,-0.690679,-0.690697
1197|5,0.0108799999999999,87358,3,5,122610,645.636,0.646954,114388,102322,102322,102322,-0.764055,-0.76406
1197|5,0.0543999999999999,36940,4,5,122610,645.636,0.646954,67640.1,31548,31548,31548,0.890879,0.890877
1197|5,0.2719999999999999,2878,5,5,122610,645.636,0.646954,8798.76,3033.23,3033.23,3033.23,-0.258664,-0.258666
1197|5,1.36,646,6,5,122610,645.636,0.646954,1130.59,771.705,771.705,771.705,-0.749618,-0.749623
1197|5,6.8,580,7,5,122610,645.636,0.646954,621.879,602.912,602.91,602.912,-0.169179,-0.169196
1197|5,34,628,8,5,122610,645.636,0.646954,494.612,496.22,496.213,496.22,1.14583,1.14576
1197|12,0.0014272,64032,1,12,122610,645.636,0.646954,63767.4,64674.6,64672,64674.6,-0.0516687,-0.0518798
1197|12,0.007136,55335,2,12,122610,645.636,0.646954,81202.4,78276.8,78275.2,78276.8,-1.53065,-1.53072
1197|12,0.03568,22894,3,12,122610,645.636,0.646954,65049.9,31849.8,31849.6,31849.8,-1.4657,-1.46572
1197|12,0.1784,2488,4,12,122610,645.636,0.646954,12558.8,2287.64,2287.64,2287.64,0.437896,0.437887
1197|12,0.892,422,5,12,122610,645.636,0.646954,1291.52,556.509,556.501,556.509,-1.0629,-1.06294
1197|12,4.46,484,6,12,122610,645.636,0.646954,520.109,479.119,479.111,479.119,0.0437523,0.0436823
1197|12,22.3,418,7,12,122610,645.636,0.646954,439.693,440.787,440.778,440.787,-0.218149,-0.218235
1197|12,111.5,586,8,12,122610,645.636,0.646954,336.338,341.441,341.427,341.441,2.86327,2.86302
1197|10,0.0004479999999999,78110,1,10,122610,645.636,0.646954,90125.1,90665.7,90664.2,90665.7,-0.723329,-0.723401
1197|10,0.00224,84573,2,10,122610,645.636,0.646954,108997,108834,108833,108834,-1.16466,-1.16468
1197|10,0.0111999999999999,58621,3,10,122610,645.636,0.646954,110752,99132.8,99132.8,99132.8,-2.13496,-2.13496
1197|10,0.0559999999999999,24817,4,10,122610,645.636,0.646954,64186.8,21314.4,21314.6,21314.4,0.855131,0.855204
1197|10,0.2799999999999999,1870,5,10,122610,645.636,0.646954,8174.43,1550.55,1550.57,1550.55,1.00889,1.00894
1197|10,1.4,510,6,10,122610,645.636,0.646954,1073.15,646.812,646.811,646.812,-0.951332,-0.951338
1197|10,7,484,7,10,122610,645.636,0.646954,601.068,577.997,577.994,577.997,-0.719422,-0.719442
1197|10,111.5,602,8,10,122610,645.636,0.646954,474.818,477.543,477.535,477.543,1.11685,1.11676
1197|9,0.0004479999999999,78594,1,9,122610,645.636,0.646954,92719.5,93216.2,93214.9,93216.2,-0.819378,-0.819441
1197|9,0.00224,83899,2,9,122610,645.636,0.646954,111585,111369,111368,111369,-1.28872,-1.28874
1197|9,0.0111999999999999,69732,3,9,122610,645.636,0.646954,113224,101306,101306,101306,-1.62829,-1.62829
1197|9,0.0559999999999999,27611,4,9,122610,645.636,0.646954,65592.3,21772.9,21773.2,21772.9,1.39545,1.39554
1197|9,0.2799999999999999,1566,5,9,122610,645.636,0.646954,8353.43,1583.91,1583.93,1583.91,-0.0555045,-0.0554587
1197|9,1.4,560,6,9,122610,645.636,0.646954,1097.11,660.993,660.993,660.993,-0.689268,-0.68927
1197|9,7,566,7,9,122610,645.636,0.646954,615.336,591.458,591.456,591.458,-0.191073,-0.191091
1197|9,35,568,8,9,122610,645.636,0.646954,489.585,491.011,491.004,491.011,0.675295,0.675224
1197|3,0.0010624,83416,1,3,122610,645.636,0.646954,90070.2,90616.9,90615.4,90616.9,-0.415026,-0.415104
1197|3,0.005312,89383,2,3,122610,645.636,0.646954,107876,108097,108096,108097,-0.904487,-0.904509
1197|3,0.02656,58909,3,3,122610,645.636,0.646954,94690.1,94777.3,94777.6,94777.3,-1.97703,-1.97701
1197|3,0.1328,9266,4,3,122610,645.636,0.646954,24584.7,24599.1,24599.7,24599.1,-3.24599,-3.24595
1197|3,0.664,850,5,3,122610,645.636,0.646954,2356.9,2358.28,2358.33,2358.28,-3.20191,-3.20187
1197|3,3.32,606,6,3,122610,645.636,0.646954,712.99,713.646,713.648,713.646,-0.68745,-0.687441
1197|3,16.6,578,7,3,122610,645.636,0.646954,581.172,582.363,582.36,582.363,-0.033157,-0.0331797
1197|3,83,552,8,3,122610,645.636,0.646954,474.926,477.809,477.801,477.809,0.665499,0.665422
1197|4,0.0010624,79953,1,4,122610,645.636,0.646954,92663,93166,93164.7,93166,-0.740802,-0.740867
1197|4,0.005312,90004,2,4,122610,645.636,0.646954,110436,110614,110614,110614,-0.97351,-0.973527
1197|4,0.02656,58715,3,4,122610,645.636,0.646954,96803.6,96855.2,96855.6,96855.2,-2.0572,-2.05719
1197|4,0.1328,7962,4,4,122610,645.636,0.646954,25123,25128.3,25129,25128.3,-3.55786,-3.55782
1197|4,0.664,770,5,4,122610,645.636,0.646954,2408.51,2409.02,2409.08,2409.02,-3.40923,-3.40919
1197|4,3.32,568,6,4,122610,645.636,0.646954,728.904,729.293,729.295,729.293,-1.01073,-1.01072
1197|4,16.6,564,7,4,122610,645.636,0.646954,594.967,595.926,595.924,595.926,-0.238094,-0.238111
1197|4,83,596,8,4,122610,645.636,0.646954,488.598,491.25,491.243,491.25,0.918405,0.918332
1197|11,0.0014272,67698,1,11,122610,645.636,0.646954,82962.7,83522.8,83521,83522.8,-0.989537,-0.989627
1197|11,0.007136,59779,2,11,122610,645.636,0.646954,100001,95950.8,95950.1,95950.8,-1.96936,-1.96939
1197|11,0.03568,23906,3,11,122610,645.636,0.646954,78947.2,38498.9,38499.1,38498.9,-1.97696,-1.97694
1197|11,0.1784,2906,4,11,122610,645.636,0.646954,15176.5,2753.83,2753.86,2753.83,0.278294,0.278339
1197|11,0.892,526,5,11,122610,645.636,0.646954,1560.71,669.918,669.916,669.918,-0.970908,-0.970917
1197|11,4.46,512,6,11,122610,645.636,0.646954,631.225,579.142,579.139,579.142,-0.513017,-0.513039
1197|11,22.3,520,7,11,122610,645.636,0.646954,541.484,540.312,540.307,540.312,-0.164505,-0.164543
1197|11,35,602,8,11,122610,645.636,0.646954,438.567,440.978,440.969,440.978,1.5417,1.54158
