id,time,rlu,plate_row,plate_col,binary_vc,binary_cc,binary_sample,U_estimate,L_estimate,alpha_estimate,popPred_medianCOV,popPred,indivPred_SAEM,indivPred_mode,indWRes_SAEM,indWRes_mode
9|411|9|411|sample|4|274|4|274|70.0,0.0457247370827617,53482,1,4,0,0,1,60744.9,910.018,0.183344,51613.1,54526.6,52188.7,52180.2,0.322376,0.32454
9|411|9|411|sample|4|274|4|274|70.0,0.1371742112482853,45186,2,4,0,0,1,60744.9,910.018,0.183344,48944.4,53135.2,47035.2,47016.1,-0.510254,-0.505172
9|411|9|411|sample|4|274|4|274|70.0,0.411522633744856,36004,3,4,0,0,1,60744.9,910.018,0.183344,41490.8,45145.9,32811.2,32785.2,1.25023,1.26134
9|411|9|411|sample|4|274|4|274|70.0,1.23456790123457,15537,4,4,0,0,1,60744.9,910.018,0.183344,30877.6,30938.8,14881.6,14871.4,0.544055,0.552866
9|411|9|411|sample|4|274|4|274|70.0,3.7037037037037,4302,5,4,0,0,1,60744.9,910.018,0.183344,20015.1,16403.3,4345.05,4349.78,-0.104514,-0.11592
9|411|9|411|sample|4|274|4|274|70.0,11.1111111111111,1258,6,4,0,0,1,60744.9,910.018,0.183344,11603.8,7330.83,1437.05,1440.38,-0.927452,-0.94348
9|411|9|411|sample|4|274|4|274|70.0,33.3333333333333,948,7,4,0,0,1,60744.9,910.018,0.183344,6328.21,3245.63,953.198,954.038,-0.0331817,-0.0385274
9|411|9|411|sample|4|274|4|274|70.0,100,850,8,4,0,0,1,60744.9,910.018,0.183344,3404.68,1651.17,856.723,856.865,-0.0450053,-0.0459534
9|411|9|411|sample|3|274|3|274|70.0,0.0457247370827617,58138,1,3,0,0,1,60744.9,910.018,0.183344,51295,54190.5,50219.7,50100.7,2.04938,2.08502
9|411|9|411|sample|3|274|3|274|70.0,0.1371742112482853,40956,2,3,0,0,1,60744.9,910.018,0.183344,48655.8,52821.9,42747.9,42469.9,-0.542754,-0.461476
9|411|9|411|sample|3|274|3|274|70.0,0.411522633744856,25675,3,3,0,0,1,60744.9,910.018,0.183344,41250,44883.8,25834.3,25410.6,-0.0785309,0.132397
9|411|9|411|sample|3|274|3|274|70.0,1.23456790123457,7926,4,3,0,0,1,60744.9,910.018,0.183344,30699.3,30760.1,8814.25,8515.95,-1.18725,-0.812934
9|411|9|411|sample|3|274|3|274|70.0,3.7037037037037,2156,5,3,0,0,1,60744.9,910.018,0.183344,19899.5,16308.6,2031.54,1953.5,0.523389,0.873187
9|411|9|411|sample|3|274|3|274|70.0,11.1111111111111,986,6,3,0,0,1,60744.9,910.018,0.183344,11536.5,7288.28,982.792,973.692,0.0201892,0.0778074
9|411|9|411|sample|3|274|3|274|70.0,33.3333333333333,960,7,3,0,0,1,60744.9,910.018,0.183344,6290.9,3226.49,887.901,887.235,0.47517,0.47972
9|411|9|411|sample|3|274|3|274|70.0,100,882,8,3,0,0,1,60744.9,910.018,0.183344,3383.7,1640.99,844.819,844.78,0.250394,0.250656
9|411|9|411|sample|5|274|5|274|70.0,0.002286236854138,55169,1,5,0,0,1,60744.9,910.018,0.183344,56150,56719.8,56598.2,56594.8,-0.32902,-0.328274
9|411|9|411|sample|5|274|5|274|70.0,0.0068587105624142,55989,2,5,0,0,1,60744.9,910.018,0.183344,57891.9,59049.4,58685.1,58675.2,-0.599041,-0.596936
9|411|9|411|sample|5|274|5|274|70.0,0.0205761316872428,54885,3,5,0,0,1,60744.9,910.018,0.183344,57115.5,59262.4,58218.7,58190.5,-0.746527,-0.74057
9|411|9|411|sample|5|274|5|274|70.0,0.0617283950617284,49434,4,5,0,0,1,60744.9,910.018,0.183344,54081.3,57574.6,54742.9,54668.4,-1.26281,-1.24673
9|411|9|411|sample|5|274|5|274|70.0,0.1851851851851852,45208,5,5,0,0,1,60744.9,910.018,0.183344,48132.8,52525.6,45722.4,45554.7,-0.145922,-0.0987058
9|411|9|411|sample|5|274|5|274|70.0,0.5555555555555556,30556,6,5,0,0,1,60744.9,910.018,0.183344,38806.3,41747.6,29320.2,29059.7,0.539385,0.658739
9|411|9|411|sample|5|274|5|274|70.0,1.66666666666667,13064,7,5,0,0,1,60744.9,910.018,0.183344,27273.2,26153.9,12093,11880.6,0.975993,1.20892
9|411|9|411|sample|5|274|5|274|70.0,5,2918,8,5,0,0,1,60744.9,910.018,0.183344,16355,12502.6,3394.32,3312.38,-1.39958,-1.1802
9|411|9|411|sample|6|274|6|274|70.0,0.002286236854138,62015,1,6,0,0,1,60744.9,910.018,0.183344,56190.5,56760.7,56650,56646.7,1.23403,1.23484
9|411|9|411|sample|6|274|6|274|70.0,0.0068587105624142,61528,2,6,0,0,1,60744.9,910.018,0.183344,57931.8,59090.1,58758.4,58748.8,0.614608,0.616849
9|411|9|411|sample|6|274|6|274|70.0,0.0205761316872428,61845,3,6,0,0,1,60744.9,910.018,0.183344,57154.3,59302.7,58351.8,58324.4,0.780489,0.786985
9|411|9|411|sample|6|274|6|274|70.0,0.0617283950617284,54318,4,6,0,0,1,60744.9,910.018,0.183344,54117.9,57613.5,55029.9,54957,-0.168481,-0.151426
9|411|9|411|sample|6|274|6|274|70.0,0.1851851851851852,48773,5,6,0,0,1,60744.9,910.018,0.183344,48165.3,52561.1,46329.3,46164,0.684318,0.733171
9|411|9|411|sample|6|274|6|274|70.0,0.5555555555555556,29602,6,6,0,0,1,60744.9,910.018,0.183344,38832.7,41775.9,30286.5,30024.3,-0.289578,-0.180133
9|411|9|411|sample|6|274|6|274|70.0,1.66666666666667,12240,7,6,0,0,1,60744.9,910.018,0.183344,27292,26171.9,12954.2,12731.2,-0.673996,-0.471004
9|411|9|411|sample|6|274|6|274|70.0,5,3840,8,6,0,0,1,60744.9,910.018,0.183344,16366.8,12511.6,3770.68,3678.8,0.188044,0.445619
9|411|9|411|sample|8|274|8|274|70.0,0.0457247370827617,49844,1,8,0,0,1,60744.9,910.018,0.183344,51728.3,54648.3,51599.4,51569.8,-0.442441,-0.435225
9|411|9|411|sample|8|274|8|274|70.0,0.1371742112482853,46084,2,8,0,0,1,60744.9,910.018,0.183344,49048.9,53248.6,45389.2,45319.2,0.198502,0.218814
9|411|9|411|sample|8|274|8|274|70.0,0.411522633744856,29492,3,8,0,0,1,60744.9,910.018,0.183344,41578,45240.7,29799.6,29689.6,-0.132193,-0.0852316
9|411|9|411|sample|8|274|8|274|70.0,1.23456790123457,12168,4,8,0,0,1,60744.9,910.018,0.183344,30942.1,31003.5,11958.4,11875.3,0.212845,0.299166
9|411|9|411|sample|8|274|8|274|70.0,3.7037037037037,3114,5,8,0,0,1,60744.9,910.018,0.183344,20057,16437.6,3070.96,3046.1,0.136199,0.216158
9|411|9|411|sample|8|274|8|274|70.0,11.1111111111111,1024,6,8,0,0,1,60744.9,910.018,0.183344,11628.2,7346.24,1152.69,1149.12,-0.749673,-0.730012
9|411|9|411|sample|8|274|8|274|70.0,33.3333333333333,882,7,8,0,0,1,60744.9,910.018,0.183344,6341.72,3252.56,911.771,911.426,-0.193914,-0.191694
9|411|9|411|sample|8|274|8|274|70.0,100,778,8,8,0,0,1,60744.9,910.018,0.183344,3412.28,1654.85,853.33,853.302,-0.505122,-0.504943
9|411|9|411|sample|7|274|7|274|70.0,0.0457247370827617,51443,1,7,0,0,1,60744.9,910.018,0.183344,51765.7,54687.8,51389.8,51364.6,0.0134689,0.0198429
9|411|9|411|sample|7|274|7|274|70.0,0.1371742112482853,47489,2,7,0,0,1,60744.9,910.018,0.183344,49082.7,53285.3,44819.8,44761.3,0.772019,0.789938
9|411|9|411|sample|7|274|7|274|70.0,0.411522633744856,28239,3,7,0,0,1,60744.9,910.018,0.183344,41606.2,45271.5,28804.7,28716.6,-0.251171,-0.21267
9|411|9|411|sample|7|274|7|274|70.0,1.23456790123457,11458,4,7,0,0,1,60744.9,910.018,0.183344,30963.1,31024.4,11079.7,11019.3,0.411763,0.479987
9|411|9|411|sample|7|274|7|274|70.0,3.7037037037037,2676,5,7,0,0,1,60744.9,910.018,0.183344,20070.5,16448.8,2745.08,2729.94,-0.237013,-0.185768
9|411|9|411|sample|7|274|7|274|70.0,11.1111111111111,1026,6,7,0,0,1,60744.9,910.018,0.183344,11636.1,7351.23,1094.44,1092.77,-0.409163,-0.399481
9|411|9|411|sample|7|274|7|274|70.0,33.3333333333333,928,7,7,0,0,1,60744.9,910.018,0.183344,6346.09,3254.8,905.481,905.366,0.147128,0.147885
9|411|9|411|sample|7|274|7|274|70.0,100,848,8,7,0,0,1,60744.9,910.018,0.183344,3414.74,1656.05,853.304,853.298,-0.0355678,-0.0355274
9|411|9|411|sample|9|274|9|274|70.0,0.002286236854138,52761,1,9,0,0,1,60744.9,910.018,0.183344,56024.9,56593.5,56461.1,56457.1,-0.85386,-0.852991
9|411|9|411|sample|9|274|9|274|70.0,0.0068587105624142,58591,2,9,0,0,1,60744.9,910.018,0.183344,57768.6,58923.6,58527.1,58515.1,0.0142358,0.0169152
9|411|9|411|sample|9|274|9|274|70.0,0.0205761316872428,53528,3,9,0,0,1,60744.9,910.018,0.183344,56995.7,59138.2,58002.6,57968.5,-1.00568,-0.998597
9|411|9|411|sample|9|274|9|274|70.0,0.0617283950617284,55935,4,9,0,0,1,60744.9,910.018,0.183344,53968.5,57454.4,54378.4,54288.3,0.372695,0.394901
9|411|9|411|sample|9|274|9|274|70.0,0.1851851851851852,49128,5,9,0,0,1,60744.9,910.018,0.183344,48032.4,52416,45055,44853.6,1.17206,1.23539
9|411|9|411|sample|9|274|9|274|70.0,0.5555555555555556,28450,6,9,0,0,1,60744.9,910.018,0.183344,38725,41660,28337.5,28029.1,0.0507522,0.191825
9|411|9|411|sample|9|274|9|274|70.0,1.66666666666667,10662,7,9,0,0,1,60744.9,910.018,0.183344,27215.1,26098.2,11270.3,11026.5,-0.65198,-0.39858
9|411|9|411|sample|9|274|9|274|70.0,5,3030,8,9,0,0,1,60744.9,910.018,0.183344,16318.6,12474.8,3059.06,2969.81,-0.0922339,0.195189
9|411|9|411|sample|10|274|10|274|70.0,0.002286236854138,53166,1,10,0,0,1,60744.9,910.018,0.183344,55679.6,56244.6,56133.3,56130,-0.688683,-0.687957
9|411|9|411|sample|10|274|10|274|70.0,0.0068587105624142,61628,2,10,0,0,1,60744.9,910.018,0.183344,57428,58576.2,58242.7,58232.8,0.757776,0.760108
9|411|9|411|sample|10|274|10|274|70.0,0.0205761316872428,54148,3,10,0,0,1,60744.9,910.018,0.183344,56664.9,58794.9,57838.8,57810.7,-0.831812,-0.82589
9|411|9|411|sample|10|274|10|274|70.0,0.0617283950617284,54949,4,10,0,0,1,60744.9,910.018,0.183344,53656.8,57122.6,54525.2,54450.8,0.101198,0.119122
9|411|9|411|sample|10|274|10|274|70.0,0.1851851851851852,46394,5,10,0,0,1,60744.9,910.018,0.183344,47755,52113.3,45851.6,45683,0.153426,0.201839
9|411|9|411|sample|10|274|10|274|70.0,0.5555555555555556,30684,6,10,0,0,1,60744.9,910.018,0.183344,38500.2,41418.2,29889.7,29622.8,0.340312,0.458603
9|411|9|411|sample|10|274|10|274|70.0,1.66666666666667,13846,7,10,0,0,1,60744.9,910.018,0.183344,27054.6,25944.3,12715.5,12489.6,1.08521,1.3237
9|411|9|411|sample|10|274|10|274|70.0,5,3124,8,10,0,0,1,60744.9,910.018,0.183344,16218,12397.9,3679.67,3587.29,-1.53585,-1.3056
9|411|9|411|sample|12|274|12|274|70.0,0.0457247370827617,47309,1,12,0,0,1,60744.9,910.018,0.183344,48071.7,50785.2,47685.3,47667.7,-0.102454,-0.0977028
9|411|9|411|sample|12|274|12|274|70.0,0.1371742112482853,39899,2,12,0,0,1,60744.9,910.018,0.183344,45732.3,49648.1,41669.8,41629.4,-0.54988,-0.537848
9|411|9|411|sample|12|274|12|274|70.0,0.411522633744856,26409,3,12,0,0,1,60744.9,910.018,0.183344,38810.2,42229.1,26717.6,26659.3,-0.147305,-0.119686
9|411|9|411|sample|12|274|12|274|70.0,1.23456790123457,9114,4,12,0,0,1,60744.9,910.018,0.183344,28892.6,28949.9,10210.3,10174.4,-1.28494,-1.24682
9|411|9|411|sample|12|274|12|274|70.0,3.7037037037037,2878,5,12,0,0,1,60744.9,910.018,0.183344,18728.4,15348.9,2516.2,2509.4,1.31921,1.34652
9|411|9|411|sample|12|274|12|274|70.0,11.1111111111111,968,6,12,0,0,1,60744.9,910.018,0.183344,10854.1,6857.21,1013.24,1012.92,-0.280729,-0.278788
9|411|9|411|sample|12|274|12|274|70.0,33.3333333333333,796,7,12,0,0,1,60744.9,910.018,0.183344,5912.91,3032.63,842.841,842.868,-0.315761,-0.315936
9|411|9|411|sample|12|274|12|274|70.0,100,796,8,12,0,0,1,60744.9,910.018,0.183344,3171.07,1537.87,792.342,792.347,0.0253107,0.0252717
9|411|9|411|sample|11|274|11|274|70.0,0.0457247370827617,54260,1,11,0,0,1,60744.9,910.018,0.183344,50428.3,53274.9,50367.1,50357.1,1.00468,1.00743
9|411|9|411|sample|11|274|11|274|70.0,0.1371742112482853,45084,2,11,0,0,1,60744.9,910.018,0.183344,47869.8,51968.5,44456,44433.9,0.18309,0.189613
9|411|9|411|sample|11|274|11|274|70.0,0.411522633744856,27045,3,11,0,0,1,60744.9,910.018,0.183344,40593.9,44170,29365.1,29336.3,-1.01117,-0.999563
9|411|9|411|sample|11|274|11|274|70.0,1.23456790123457,12392,4,11,0,0,1,60744.9,910.018,0.183344,30213.5,30273.4,11920.6,11909.3,0.480114,0.492008
9|411|9|411|sample|11|274|11|274|70.0,3.7037037037037,3032,5,11,0,0,1,60744.9,910.018,0.183344,19584.6,16050.6,3093.47,3096.16,-0.193481,-0.20183
9|411|9|411|sample|11|274|11|274|70.0,11.1111111111111,1264,6,11,0,0,1,60744.9,910.018,0.183344,11353,7172.37,1143.63,1145.34,0.70399,0.693475
9|411|9|411|sample|11|274|11|274|70.0,33.3333333333333,860,7,11,0,0,1,60744.9,910.018,0.183344,6189.27,3174.37,892.152,892.476,-0.21145,-0.213552
9|411|9|411|sample|11|274|11|274|70.0,100,802,8,11,0,0,1,60744.9,910.018,0.183344,3326.52,1613.26,832.113,832.154,-0.20411,-0.204377
9|411|9|411|cc|1|1|274|1|274|69.0,0,868,1,1,0,1,0,60744.9,910.018,0.183344,791.411,791.411,791.411,791.411,0.530127,0.530127
9|411|9|411|cc|2|1|274|1|274|69.0,0,912,2,1,0,1,0,60744.9,910.018,0.183344,830.114,830.114,830.114,830.114,0.555592,0.555592
9|411|9|411|cc|3|1|274|1|274|69.0,0,846,3,1,0,1,0,60744.9,910.018,0.183344,844.126,844.126,844.126,844.126,0.012625,0.012625
9|411|9|411|cc|4|1|274|1|274|69.0,0,900,4,1,0,1,0,60744.9,910.018,0.183344,848.666,848.666,848.666,848.666,0.345029,0.345029
9|411|9|411|cc|5|1|274|1|274|69.0,0,962,5,1,0,1,0,60744.9,910.018,0.183344,848.666,848.666,848.666,848.666,0.761748,0.761748
9|411|9|411|cc|6|1|274|1|274|69.0,0,886,6,1,0,1,0,60744.9,910.018,0.183344,844.126,844.126,844.126,844.126,0.282095,0.282095
9|411|9|411|cc|7|1|274|1|274|69.0,0,922,7,1,0,1,0,60744.9,910.018,0.183344,830.114,830.114,830.114,830.114,0.623442,0.623442
9|411|9|411|cc|8|1|274|1|274|69.0,0,984,8,1,0,1,0,60744.9,910.018,0.183344,791.411,791.411,791.411,791.411,1.33305,1.33305
9|411|9|411|vc|1|2|274|2|274|69.0,0,57888,1,2,1,0,0,60744.9,910.018,0.183344,55417.5,55417.5,55417.5,55417.5,0.580633,0.580633
9|411|9|411|vc|2|2|274|2|274|69.0,0,57026,2,2,1,0,0,60744.9,910.018,0.183344,58001,58001,58001,58001,-0.219134,-0.219134
9|411|9|411|vc|3|2|274|2|274|69.0,0,62361,3,2,1,0,0,60744.9,910.018,0.183344,58936.3,58936.3,58936.3,58936.3,0.757745,0.757745
9|411|9|411|vc|4|2|274|2|274|69.0,0,58423,4,2,1,0,0,60744.9,910.018,0.183344,59239.4,59239.4,59239.4,59239.4,-0.17972,-0.17972
9|411|9|411|vc|5|2|274|2|274|69.0,0,61789,5,2,1,0,0,60744.9,910.018,0.183344,59239.4,59239.4,59239.4,59239.4,0.561296,0.561296
9|411|9|411|vc|6|2|274|2|274|69.0,0,57424,6,2,1,0,0,60744.9,910.018,0.183344,58936.3,58936.3,58936.3,58936.3,-0.334608,-0.334608
9|411|9|411|vc|7|2|274|2|274|69.0,0,54022,7,2,1,0,0,60744.9,910.018,0.183344,58001,58001,58001,58001,-0.894308,-0.894308
9|411|9|411|vc|8|2|274|2|274|69.0,0,54322,8,2,1,0,0,60744.9,910.018,0.183344,55417.5,55417.5,55417.5,55417.5,-0.257473,-0.257473
8|152|8|152|sample|8|322|8|322|65.0,0.0016767999999999,93531,1,8,0,0,1,96485.2,695.259,0.10151,92128,91896.4,89513.8,89528.6,0.589001,0.586727
8|152|8|152|sample|8|322|8|322|65.0,0.0083839999999999,89173,2,8,0,0,1,96485.2,695.259,0.10151,92482,91971.9,85322.6,85363.5,0.591902,0.585345
8|152|8|152|sample|8|322|8|322|65.0,0.04192,74809,3,8,0,0,1,96485.2,695.259,0.10151,87892.4,86977.5,70518.6,70615.6,0.795822,0.776784
8|152|8|152|sample|8|322|8|322|65.0,0.2096,45160,4,8,0,0,1,96485.2,695.259,0.10151,74941.3,73910.7,42444.4,42608.4,0.828248,0.775338
8|152|8|152|sample|8|322|8|322|65.0,1.048,15135,5,8,0,0,1,96485.2,695.259,0.10151,51518.4,51373.4,14047.8,14186.6,0.952078,0.823009
8|152|8|152|sample|8|322|8|322|65.0,5.24,2264,6,8,0,0,1,96485.2,695.259,0.10151,26505.5,27432.6,2541.85,2585.53,-1.00604,-1.1505
8|152|8|152|sample|8|322|8|322|65.0,26.2,818,7,8,0,0,1,96485.2,695.259,0.10151,10929.1,11913,814.25,819.844,0.0256517,-0.0125787
8|152|8|152|sample|8|322|8|322|65.0,131,656,8,8,0,0,1,96485.2,695.259,0.10151,4201.25,4779.47,676.485,676.893,-0.150815,-0.153784
8|152|8|152|sample|7|322|7|322|65.0,0.0016767999999999,91095,1,7,0,0,1,96485.2,695.259,0.10151,92163.7,91932.1,89737.4,89728,0.198562,0.199951
8|152|8|152|sample|7|322|7|322|65.0,0.0083839999999999,90851,2,7,0,0,1,96485.2,695.259,0.10151,92517,92006.7,85870.2,85845.1,0.760858,0.764923
8|152|8|152|sample|7|322|7|322|65.0,0.04192,78819,3,7,0,0,1,96485.2,695.259,0.10151,87925.4,87010.1,71741.2,71685.1,1.29083,1.30208
8|152|8|152|sample|7|322|7|322|65.0,0.2096,44579,4,7,0,0,1,96485.2,695.259,0.10151,74969.3,73938.3,44385.2,44303.4,0.0565861,0.0806304
8|152|8|152|sample|7|322|7|322|65.0,1.048,16869,5,7,0,0,1,96485.2,695.259,0.10151,51537.7,51392.6,15561,15509.6,1.04156,1.08581
8|152|8|152|sample|7|322|7|322|65.0,5.24,2542,6,7,0,0,1,96485.2,695.259,0.10151,26515.5,27442.9,2984.57,2974.47,-1.42996,-1.40078
8|152|8|152|sample|7|322|7|322|65.0,26.2,990,7,7,0,0,1,96485.2,695.259,0.10151,10933.3,11917.5,869.561,868.885,0.801041,0.805811
8|152|8|152|sample|7|322|7|322|65.0,131,662,8,7,0,0,1,96485.2,695.259,0.10151,4202.88,4781.32,680.822,680.805,-0.138241,-0.138121
8|152|8|152|sample|6|322|6|322|65.0,0.0004351999999999,97021,1,6,0,0,1,96485.2,695.259,0.10151,92726,92612.4,91723.9,91713,0.758166,0.759816
8|152|8|152|sample|6|322|6|322|65.0,0.0021759999999999,93823,2,6,0,0,1,96485.2,695.259,0.10151,94226.7,93956,91386,91354.8,0.350078,0.354677
8|152|8|152|sample|6|322|6|322|65.0,0.0108799999999999,90270,3,6,0,0,1,96485.2,695.259,0.10151,92766.2,92191.6,85184.2,85101.9,0.783079,0.796503
8|152|8|152|sample|6|322|6|322|65.0,0.0543999999999999,68233,4,6,0,0,1,96485.2,695.259,0.10151,86694.7,85718.5,68812.2,68631.1,-0.110049,-0.0758343
8|152|8|152|sample|6|322|6|322|65.0,0.2719999999999999,39599,5,6,0,0,1,96485.2,695.259,0.10151,71807.8,70844.4,39950.5,39689.2,-0.113731,-0.0293622
8|152|8|152|sample|6|322|6|322|65.0,1.36,10738,6,6,0,0,1,96485.2,695.259,0.10151,47083.5,47150,12793.3,12621.5,-1.962,-1.82049
8|152|8|152|sample|6|322|6|322|65.0,6.8,2696,7,6,0,0,1,96485.2,695.259,0.10151,23055,24053,2396.63,2354.32,1.12862,1.30373
8|152|8|152|sample|6|322|6|322|65.0,34,918,8,6,0,0,1,96485.2,695.259,0.10151,9170.78,10078.3,801.829,797.041,0.799764,0.834795
8|152|8|152|sample|5|322|5|322|65.0,0.0004351999999999,94324,1,5,0,0,1,96485.2,695.259,0.10151,92690.1,92576.5,91637.1,91616.5,0.384927,0.387975
8|152|8|152|sample|5|322|5|322|65.0,0.0021759999999999,94458,2,5,0,0,1,96485.2,695.259,0.10151,94191,93920.4,91204.7,91145.6,0.468264,0.477074
8|152|8|152|sample|5|322|5|322|65.0,0.0108799999999999,93359,3,5,0,0,1,96485.2,695.259,0.10151,92731.4,92157,84763,84607.1,1.33005,1.35663
8|152|8|152|sample|5|322|5|322|65.0,0.0543999999999999,70654,4,5,0,0,1,96485.2,695.259,0.10151,86662.3,85686.5,67916.8,67574,0.526856,0.595791
8|152|8|152|sample|5|322|5|322|65.0,0.2719999999999999,40370,5,5,0,0,1,96485.2,695.259,0.10151,71780.9,70817.9,38637,38143.9,0.579167,0.753313
8|152|8|152|sample|5|322|5|322|65.0,1.36,8986,6,5,0,0,1,96485.2,695.259,0.10151,47065.9,47132.3,11881.3,11560.7,-2.95764,-2.69658
8|152|8|152|sample|5|322|5|322|65.0,6.8,2416,7,5,0,0,1,96485.2,695.259,0.10151,23046.2,24043.9,2155.51,2078.79,1.05413,1.39721
8|152|8|152|sample|5|322|5|322|65.0,34,924,8,5,0,0,1,96485.2,695.259,0.10151,9167.23,10074.4,772.807,764.59,1.05675,1.11902
8|152|8|152|sample|12|322|12|322|28.0,0.0014272,79697,1,12,0,0,1,96485.2,695.259,0.10151,88723,87728.6,81031.6,81003.3,-0.215886,-0.211369
8|152|8|152|sample|12|322|12|322|28.0,0.007136,67002,2,12,0,0,1,96485.2,695.259,0.10151,89335.8,87306.7,71730.6,71669.4,-0.862526,-0.852071
8|152|8|152|sample|12|322|12|322|28.0,0.03568,48627,3,12,0,0,1,96485.2,695.259,0.10151,85437.9,82022.7,50986.7,50885.1,-0.601746,-0.576961
8|152|8|152|sample|12|322|12|322|28.0,0.1784,20494,4,12,0,0,1,96485.2,695.259,0.10151,73933.4,70139.4,23521.2,23422.1,-1.63211,-1.58504
8|152|8|152|sample|12|322|12|322|28.0,0.892,5710,5,12,0,0,1,96485.2,695.259,0.10151,52186.4,51250.1,5450.95,5412.67,0.523255,0.604074
8|152|8|152|sample|12|322|12|322|28.0,4.46,1250,6,12,0,0,1,96485.2,695.259,0.10151,27610.8,30624.4,1032.37,1027.94,1.33837,1.36843
8|152|8|152|sample|12|322|12|322|28.0,22.3,570,7,12,0,0,1,96485.2,695.259,0.10151,11551.3,15354.1,672.694,672.52,-0.757667,-0.756458
8|152|8|152|sample|12|322|12|322|28.0,111.5,678,8,12,0,0,1,96485.2,695.259,0.10151,4426.41,6957.42,645.288,645.284,0.245076,0.245101
8|152|8|152|sample|11|322|11|322|28.0,0.0014272,86935,1,11,0,0,1,96485.2,695.259,0.10151,90980.2,89960.4,83656.8,83631.6,0.513842,0.517955
8|152|8|152|sample|11|322|11|322|28.0,0.007136,80844,2,11,0,0,1,96485.2,695.259,0.10151,91552.2,89472.8,74750,74695.1,1.06734,1.07775
8|152|8|152|sample|11|322|11|322|28.0,0.03568,56954,3,11,0,0,1,96485.2,695.259,0.10151,87538.9,84039.7,54393.8,54300.7,0.612808,0.636165
8|152|8|152|sample|11|322|11|322|28.0,0.1784,26467,4,11,0,0,1,96485.2,695.259,0.10151,75746.2,71859.2,26423.2,26327.9,0.0211503,0.0673329
8|152|8|152|sample|11|322|11|322|28.0,0.892,6328,5,11,0,0,1,96485.2,695.259,0.10151,53466,52506.7,6674.37,6634.01,-0.589927,-0.523907
8|152|8|152|sample|11|322|11|322|28.0,4.46,1324,6,11,0,0,1,96485.2,695.259,0.10151,28289.8,31377.5,1228.06,1222.63,0.541032,0.572954
8|152|8|152|sample|11|322|11|322|28.0,22.3,672,7,11,0,0,1,96485.2,695.259,0.10151,11837.9,15735,699.074,698.814,-0.196863,-0.195004
8|152|8|152|sample|11|322|11|322|28.0,111.5,632,8,11,0,0,1,96485.2,695.259,0.10151,4539.02,7134.42,661.983,661.977,-0.222537,-0.22249
8|152|8|152|sample|10|322|10|322|28.0,0.0004479999999999,91021,1,10,0,0,1,96485.2,695.259,0.10151,92265.5,91672.3,88208.4,88225.1,0.418403,0.415845
8|152|8|152|sample|10|322|10|322|28.0,0.00224,88793,2,10,0,0,1,96485.2,695.259,0.10151,93754.5,92461.8,83994.3,84034.2,0.749192,0.742623
8|152|8|152|sample|10|322|10|322|28.0,0.0111999999999999,78376,3,10,0,0,1,96485.2,695.259,0.10151,92260.8,89759.5,70846.1,70930.2,1.39037,1.37323
8|152|8|152|sample|10|322|10|322|28.0,0.0559999999999999,50978,4,10,0,0,1,96485.2,695.259,0.10151,86109,82249.1,46673.5,46810.7,1.19674,1.15528
8|152|8|152|sample|10|322|10|322|28.0,0.2799999999999999,18817,5,10,0,0,1,96485.2,695.259,0.10151,71101.1,67627.9,18929.8,19061.9,-0.0747117,-0.161212
8|152|8|152|sample|10|322|10|322|28.0,1.4,3464,6,10,0,0,1,96485.2,695.259,0.10151,46383.6,46701.8,3873.91,3926.3,-1.08899,-1.21542
8|152|8|152|sample|10|322|10|322|28.0,7,1220,7,10,0,0,1,96485.2,695.259,0.10151,22604.9,26295.5,894.903,901.855,2.13514,2.08233
8|152|8|152|sample|10|322|10|322|28.0,35,690,8,10,0,0,1,96485.2,695.259,0.10151,8972.79,12557.1,673.855,674.213,0.119038,0.116374
8|152|8|152|sample|9|322|9|322|28.0,0.0004479999999999,92933,1,9,0,0,1,96485.2,695.259,0.10151,92571.8,91976.6,88778.4,88855.7,0.614132,0.602178
8|152|8|152|sample|9|322|9|322|28.0,0.00224,84649,2,9,0,0,1,96485.2,695.259,0.10151,94058.2,92761.4,84925.9,85110.8,-0.042763,-0.0711596
8|152|8|152|sample|9|322|9|322|28.0,0.0111999999999999,78182,3,9,0,0,1,96485.2,695.259,0.10151,92557.2,90047.8,72450.9,72841.1,1.03515,0.959585
8|152|8|152|sample|9|322|9|322|28.0,0.0559999999999999,55239,4,9,0,0,1,96485.2,695.259,0.10151,86384.8,82512.6,49019.8,49657.7,1.64816,1.46053
8|152|8|152|sample|9|322|9|322|28.0,0.2799999999999999,20004,5,9,0,0,1,96485.2,695.259,0.10151,71328.8,67844.5,21027.2,21650.1,-0.61375,-0.960413
8|152|8|152|sample|9|322|9|322|28.0,1.4,4986,6,9,0,0,1,96485.2,695.259,0.10151,46532.6,46851.8,4659.6,4919.08,0.74941,0.147052
8|152|8|152|sample|9|322|9|322|28.0,7,1028,7,9,0,0,1,96485.2,695.259,0.10151,22678.2,26380.6,998.601,1037.27,0.183673,-0.0568839
8|152|8|152|sample|9|322|9|322|28.0,35,722,8,9,0,0,1,96485.2,695.259,0.10151,9002.57,12598.8,681.436,683.841,0.297831,0.279803
8|152|8|152|sample|3|322|3|322|22.0,0.0010624,87858,1,3,0,0,1,96485.2,695.259,0.10151,91962.4,91903.8,90029.9,90029.5,-0.316638,-0.31658
8|152|8|152|sample|3|322|3|322|22.0,0.005312,88455,2,3,0,0,1,96485.2,695.259,0.10151,92827.8,92694,87195.3,87194.4,0.189544,0.189688
8|152|8|152|sample|3|322|3|322|22.0,0.02656,77137,3,3,0,0,1,96485.2,695.259,0.10151,89596.9,89342.8,74727,74726.3,0.422232,0.422362
8|152|8|152|sample|3|322|3|322|22.0,0.1328,46188,4,3,0,0,1,96485.2,695.259,0.10151,79408.3,79094.3,48014.5,48020.8,-0.493946,-0.495595
8|152|8|152|sample|3|322|3|322|22.0,0.664,17047,5,3,0,0,1,96485.2,695.259,0.10151,58675.1,58656.8,16841.7,16860.8,0.151793,0.137535
8|152|8|152|sample|3|322|3|322|22.0,3.32,3062,6,3,0,0,1,96485.2,695.259,0.10151,32734.5,33263.8,3054.09,3064.53,0.0251254,-0.00802299
8|152|8|152|sample|3|322|3|322|22.0,16.6,1382,7,3,0,0,1,96485.2,695.259,0.10151,14136.6,14859.4,1184.52,1185.86,1.13459,1.12627
8|152|8|152|sample|3|322|3|322|22.0,83,840,8,3,0,0,1,96485.2,695.259,0.10151,5423.62,6040.23,1066.81,1066.88,-1.37297,-1.37334
8|152|8|152|sample|4|322|4|322|22.0,0.0010624,92432,1,4,0,0,1,96485.2,695.259,0.10151,92267.6,92208.8,90514.5,90499,0.278074,0.280366
8|152|8|152|sample|4|322|4|322|22.0,0.005312,90579,2,4,0,0,1,96485.2,695.259,0.10151,93128.5,92994.2,88012.8,87968.3,0.382593,0.389413
8|152|8|152|sample|4|322|4|322|22.0,0.02656,76034,3,4,0,0,1,96485.2,695.259,0.10151,89884.7,89629.7,76313.1,76202.2,-0.0478918,-0.0289068
8|152|8|152|sample|4|322|4|322|22.0,0.1328,50378,4,4,0,0,1,96485.2,695.259,0.10151,79662.7,79347.7,50615.5,50418.4,-0.0610033,-0.0104173
8|152|8|152|sample|4|322|4|322|22.0,0.664,19217,5,4,0,0,1,96485.2,695.259,0.10151,58863,58844.7,19074.7,18907.2,0.0936062,0.205463
8|152|8|152|sample|4|322|4|322|22.0,3.32,3728,6,4,0,0,1,96485.2,695.259,0.10151,32839.6,33370.7,3695.3,3649.85,0.0900877,0.21734
8|152|8|152|sample|4|322|4|322|22.0,16.6,1054,7,4,0,0,1,96485.2,695.259,0.10151,14182.4,14907.6,1249.15,1244.99,-1.09073,-1.06933
8|152|8|152|sample|4|322|4|322|22.0,83,902,8,4,0,0,1,96485.2,695.259,0.10151,5441.63,6060.28,1073.25,1073.05,-1.03359,-1.0325
8|152|8|152|cc|1|1|322|1|322|69.0,0,712,1,1,0,1,0,96485.2,695.259,0.10151,645.088,645.088,645.088,645.088,0.50135,0.50135
8|152|8|152|cc|2|1|322|1|322|69.0,0,712,2,1,0,1,0,96485.2,695.259,0.10151,661.46,661.46,661.46,661.46,0.375221,0.375221
8|152|8|152|cc|3|1|322|1|322|69.0,0,642,3,1,0,1,0,96485.2,695.259,0.10151,667.387,667.387,667.387,667.387,-0.187854,-0.187854
8|152|8|152|cc|4|1|322|1|322|69.0,0,720,4,1,0,1,0,96485.2,695.259,0.10151,669.307,669.307,669.307,669.307,0.37471,0.37471
8|152|8|152|cc|5|1|322|1|322|69.0,0,666,5,1,0,1,0,96485.2,695.259,0.10151,669.307,669.307,669.307,669.307,-0.0244468,-0.0244468
8|152|8|152|cc|6|1|322|1|322|69.0,0,674,6,1,0,1,0,96485.2,695.259,0.10151,667.387,667.387,667.387,667.387,0.0489359,0.0489359
8|152|8|152|cc|7|1|322|1|322|69.0,0,722,7,1,0,1,0,96485.2,695.259,0.10151,661.46,661.46,661.46,661.46,0.449463,0.449463
8|152|8|152|cc|8|1|322|1|322|69.0,0,714,8,1,0,1,0,96485.2,695.259,0.10151,645.088,645.088,645.088,645.088,0.516335,0.516335
8|152|8|152|vc|1|2|322|2|322|69.0,0,94260,1,2,1,0,0,96485.2,695.259,0.10151,91800.2,91800.2,91800.2,91800.2,0.351777,0.351777
8|152|8|152|vc|2|2|322|2|322|69.0,0,95803,2,2,1,0,0,96485.2,695.259,0.10151,94072.2,94072.2,94072.2,94072.2,0.241623,0.241623
8|152|8|152|vc|3|2|322|2|322|69.0,0,99229,3,2,1,0,0,96485.2,695.259,0.10151,94894.7,94894.7,94894.7,94894.7,0.599879,0.599879
8|152|8|152|vc|4|2|322|2|322|69.0,0,96260,4,2,1,0,0,96485.2,695.259,0.10151,95161.2,95161.2,95161.2,95161.2,0.151654,0.151654
8|152|8|152|vc|5|2|322|2|322|69.0,0,93357,5,2,1,0,0,96485.2,695.259,0.10151,95161.2,95161.2,95161.2,95161.2,-0.249016,-0.249016
8|152|8|152|vc|6|2|322|2|322|69.0,0,92328,6,2,1,0,0,96485.2,695.259,0.10151,94894.7,94894.7,94894.7,94894.7,-0.355236,-0.355236
8|152|8|152|vc|7|2|322|2|322|69.0,0,91784,7,2,1,0,0,96485.2,695.259,0.10151,94072.2,94072.2,94072.2,94072.2,-0.319423,-0.319423
8|152|8|152|vc|8|2|322|2|322|69.0,0,89680,8,2,1,0,0,96485.2,695.259,0.10151,91800.2,91800.2,91800.2,91800.2,-0.303215,-0.303215
8|1056|8|1056|sample|8|276|8|276|65.0,0.0016767999999999,118740,1,8,0,0,1,122610,713.746,0.0353313,119883,120764,119200,119183,-0.0508318,-0.0488856
8|1056|8|1056|sample|8|276|8|276|65.0,0.0083839999999999,113636,2,8,0,0,1,122610,713.746,0.0353313,118447,120716,114315,114245,-0.0782021,-0.0701065
8|1056|8|1056|sample|8|276|8|276|65.0,0.04192,84503,3,8,0,0,1,122610,713.746,0.0353313,111929,116845,93348.6,93113.5,-1.24429,-1.21423
8|1056|8|1056|sample|8|276|8|276|65.0,0.2096,42717,4,8,0,0,1,122610,713.746,0.0353313,95238.2,102008,42513.3,42114.2,0.0620303,0.185272
8|1056|8|1056|sample|8|276|8|276|65.0,1.048,4102,5,8,0,0,1,122610,713.746,0.0353313,65418.1,66491.1,4138.79,4041.23,-0.0928348,0.156229
8|1056|8|1056|sample|8|276|8|276|65.0,5.24,716,6,8,0,0,1,122610,713.746,0.0353313,33634.9,27294.8,730.843,729.79,-0.106082,-0.098615
8|1056|8|1056|sample|8|276|8|276|65.0,26.2,656,7,8,0,0,1,122610,713.746,0.0353313,13847.4,8282.59,710.838,710.837,-0.396197,-0.396189
8|1056|8|1056|sample|8|276|8|276|65.0,131,828,8,8,0,0,1,122610,713.746,0.0353313,5305.74,2582.78,704.975,704.975,0.891684,0.891684
8|1056|8|1056|sample|7|276|7|276|65.0,0.0016767999999999,121659,1,7,0,0,1,122610,713.746,0.0353313,119899,120780,119170,119170,0.274923,0.27493
8|1056|8|1056|sample|7|276|7|276|65.0,0.0083839999999999,115654,2,7,0,0,1,122610,713.746,0.0353313,118463,120732,114148,114148,0.173638,0.173643
8|1056|8|1056|sample|7|276|7|276|65.0,0.04192,88699,3,7,0,0,1,122610,713.746,0.0353313,111944,116860,92749,92751.2,-0.573341,-0.573641
8|1056|8|1056|sample|7|276|7|276|65.0,0.2096,41994,4,7,0,0,1,122610,713.746,0.0353313,95250.6,102021,41448.3,41466.9,0.170341,0.164443
8|1056|8|1056|sample|7|276|7|276|65.0,1.048,3906,5,7,0,0,1,122610,713.746,0.0353313,65426.6,66499.8,3855.18,3869.99,0.135526,0.0957486
8|1056|8|1056|sample|7|276|7|276|65.0,5.24,700,6,7,0,0,1,122610,713.746,0.0353313,33639.2,27298.4,727.49,727.82,-0.196829,-0.199156
8|1056|8|1056|sample|7|276|7|276|65.0,26.2,682,7,7,0,0,1,122610,713.746,0.0353313,13849.2,8283.67,710.927,710.927,-0.208982,-0.208985
8|1056|8|1056|sample|7|276|7|276|65.0,131,978,8,7,0,0,1,122610,713.746,0.0353313,5306.44,2583.12,705.068,705.068,1.97811,1.97811
8|1056|8|1056|sample|6|276|6|276|65.0,0.0004351999999999,124775,1,6,0,0,1,122610,713.746,0.0353313,120632,121010,120540,120540,0.462632,0.462623
8|1056|8|1056|sample|6|276|6|276|65.0,0.0021759999999999,126207,2,6,0,0,1,122610,713.746,0.0353313,120655,121696,119723,119724,0.713014,0.712977
8|1056|8|1056|sample|6|276|6|276|65.0,0.0108799999999999,119281,3,6,0,0,1,122610,713.746,0.0353313,118116,120734,112772,112774,0.759426,0.759237
8|1056|8|1056|sample|6|276|6|276|65.0,0.0543999999999999,96692,4,6,0,0,1,122610,713.746,0.0353313,110175,115586,87377.1,87385.3,1.39871,1.39735
8|1056|8|1056|sample|6|276|6|276|65.0,0.2719999999999999,31741,5,6,0,0,1,122610,713.746,0.0353313,91226.6,97737.8,33476.5,33505.7,-0.666523,-0.677165
8|1056|8|1056|sample|6|276|6|276|65.0,1.36,2592,6,6,0,0,1,122610,713.746,0.0353313,59865.7,59375.1,2520.19,2532.7,0.261544,0.215231
8|1056|8|1056|sample|6|276|6|276|65.0,6.8,696,7,6,0,0,1,122610,713.746,0.0353313,29392.7,22718.5,717.276,717.456,-0.153178,-0.154461
8|1056|8|1056|sample|6|276|6|276|65.0,34,792,8,6,0,0,1,122610,713.746,0.0353313,11778.5,6736.56,705.072,705.072,0.630022,0.63002
8|1056|8|1056|sample|5|276|5|276|65.0,0.0004351999999999,127222,1,5,0,0,1,122610,713.746,0.0353313,120616,120994,120499,120499,0.73463,0.734554
8|1056|8|1056|sample|5|276|5|276|65.0,0.0021759999999999,128464,2,5,0,0,1,122610,713.746,0.0353313,120639,121680,119603,119606,0.975342,0.975018
8|1056|8|1056|sample|5|276|5|276|65.0,0.0108799999999999,127679,3,5,0,0,1,122610,713.746,0.0353313,118101,120718,112349,112360,1.79535,1.79389
8|1056|8|1056|sample|5|276|5|276|65.0,0.0543999999999999,99273,4,5,0,0,1,122610,713.746,0.0353313,110160,115571,86075.8,86113.9,2.01123,2.00456
8|1056|8|1056|sample|5|276|5|276|65.0,0.2719999999999999,30808,5,5,0,0,1,122610,713.746,0.0353313,91214.7,97725.1,31633.1,31703.3,-0.334723,-0.362385
8|1056|8|1056|sample|5|276|5|276|65.0,1.36,2194,6,5,0,0,1,122610,713.746,0.0353313,59857.9,59367.3,2214.44,2231.77,-0.0812523,-0.149378
8|1056|8|1056|sample|5|276|5|276|65.0,6.8,672,7,5,0,0,1,122610,713.746,0.0353313,29388.9,22715.5,714.946,715.111,-0.309588,-0.310748
8|1056|8|1056|sample|5|276|5|276|65.0,34,838,8,5,0,0,1,122610,713.746,0.0353313,11776.9,6735.67,704.977,704.977,0.96415,0.964149
8|1056|8|1056|sample|12|276|12|276|28.0,0.0014272,103621,1,12,0,0,1,122610,713.746,0.0353313,118461,118990,111424,111487,-0.921325,-0.928221
8|1056|8|1056|sample|12|276|12|276|28.0,0.007136,90392,2,12,0,0,1,122610,713.746,0.0353313,117302,118629,94151.1,94338.3,-0.524324,-0.549357
8|1056|8|1056|sample|12|276|12|276|28.0,0.03568,45926,3,12,0,0,1,122610,713.746,0.0353313,111515,114393,51413.6,51770.6,-1.38802,-1.46834
8|1056|8|1056|sample|12|276|12|276|28.0,0.1784,8166,4,12,0,0,1,122610,713.746,0.0353313,96292.5,100750,7585.87,7752.8,0.884712,0.618295
8|1056|8|1056|sample|12|276|12|276|28.0,0.892,754,5,12,0,0,1,122610,713.746,0.0353313,67919.1,70772.4,732.262,734.396,0.155244,0.139848
8|1056|8|1056|sample|12|276|12|276|28.0,4.46,634,6,12,0,0,1,122610,713.746,0.0353313,35923.8,34673.4,704.273,704.273,-0.509534,-0.509535
8|1056|8|1056|sample|12|276|12|276|28.0,22.3,642,7,12,0,0,1,122610,713.746,0.0353313,15021,12703.1,702.153,702.153,-0.436664,-0.436664
8|1056|8|1056|sample|12|276|12|276|28.0,111.5,824,8,12,0,0,1,122610,713.746,0.0353313,5751.63,4318.61,696.3,696.3,0.929972,0.929972
8|1056|8|1056|sample|11|276|11|276|28.0,0.0014272,105151,1,11,0,0,1,122610,713.746,0.0353313,119460,119993,113419,113356,-0.959281,-0.95243
8|1056|8|1056|sample|11|276|11|276|28.0,0.007136,95978,2,11,0,0,1,122610,713.746,0.0353313,118282,119620,98113.4,97920.6,-0.285959,-0.260645
8|1056|8|1056|sample|11|276|11|276|28.0,0.03568,58120,3,11,0,0,1,122610,713.746,0.0353313,112444,115346,58074.7,57685.1,0.0101671,0.0982715
8|1056|8|1056|sample|11|276|11|276|28.0,0.1784,10642,4,11,0,0,1,122610,713.746,0.0353313,97094,101589,10870.2,10649.4,-0.252706,-0.00836721
8|1056|8|1056|sample|11|276|11|276|28.0,0.892,906,5,11,0,0,1,122610,713.746,0.0353313,68484.4,71361.5,795.061,790.151,0.766428,0.802401
8|1056|8|1056|sample|11|276|11|276|28.0,4.46,610,6,11,0,0,1,122610,713.746,0.0353313,36223.2,34962.3,710.146,710.145,-0.723815,-0.723811
8|1056|8|1056|sample|11|276|11|276|28.0,22.3,712,7,11,0,0,1,122610,713.746,0.0353313,15146.5,12809.3,708.021,708.021,0.0287892,0.0287892
8|1056|8|1056|sample|11|276|11|276|28.0,111.5,888,8,11,0,0,1,122610,713.746,0.0353313,5800.11,4355,702.168,702.168,1.34898,1.34898
8|1056|8|1056|sample|10|276|10|276|28.0,0.0004479999999999,119885,1,10,0,0,1,122610,713.746,0.0353313,120422,120688,118749,118718,0.1259,0.129367
8|1056|8|1056|sample|10|276|10|276|28.0,0.00224,122847,2,10,0,0,1,122610,713.746,0.0353313,120427,121130,114398,114293,0.971901,0.984903
8|1056|8|1056|sample|10|276|10|276|28.0,0.0111999999999999,100100,3,10,0,0,1,122610,713.746,0.0353313,117837,119540,97809.1,97494.7,0.307726,0.351077
8|1056|8|1056|sample|10|276|10|276|28.0,0.0559999999999999,61989,4,10,0,0,1,122610,713.746,0.0353313,109768,113221,56849.8,56231.4,1.17802,1.33399
8|1056|8|1056|sample|10|276|10|276|28.0,0.2799999999999999,9934,5,10,0,0,1,122610,713.746,0.0353313,90606.9,95139.9,10665.9,10323.6,-0.824739,-0.452095
8|1056|8|1056|sample|10|276|10|276|28.0,1.4,774,6,10,0,0,1,122610,713.746,0.0353313,59156.9,60841.8,828.295,818.066,-0.368732,-0.300837
8|1056|8|1056|sample|10|276|10|276|28.0,7,638,7,10,0,0,1,122610,713.746,0.0353313,28906.8,26963.5,710.212,710.207,-0.521903,-0.521865
8|1056|8|1056|sample|10|276|10|276|28.0,35,822,8,10,0,0,1,122610,713.746,0.0353313,11558.7,9413.32,704.326,704.326,0.853205,0.853205
8|1056|8|1056|sample|9|276|9|276|28.0,0.0004479999999999,120198,1,9,0,0,1,122610,713.746,0.0353313,120557,120823,118945,118960,0.138666,0.13705
8|1056|8|1056|sample|9|276|9|276|28.0,0.00224,115424,2,9,0,0,1,122610,713.746,0.0353313,120562,121265,114738,114787,0.0787033,0.0730175
8|1056|8|1056|sample|9|276|9|276|28.0,0.0111999999999999,104040,3,9,0,0,1,122610,713.746,0.0353313,117968,119673,98554.6,98703.9,0.731322,0.710349
8|1056|8|1056|sample|9|276|9|276|28.0,0.0559999999999999,62803,4,9,0,0,1,122610,713.746,0.0353313,109890,113347,58190.2,58497.6,1.03345,0.959604
8|1056|8|1056|sample|9|276|9|276|28.0,0.2799999999999999,11416,5,9,0,0,1,122610,713.746,0.0353313,90707.6,95245.6,11429.5,11624.8,-0.0142449,-0.217549
8|1056|8|1056|sample|9|276|9|276|28.0,1.4,788,6,9,0,0,1,122610,713.746,0.0353313,59222.7,60909.5,855.216,863.229,-0.450283,-0.501939
8|1056|8|1056|sample|9|276|9|276|28.0,7,614,7,9,0,0,1,122610,713.746,0.0353313,28939.1,26993.6,711.022,711.03,-0.700908,-0.700957
8|1056|8|1056|sample|9|276|9|276|28.0,35,832,8,9,0,0,1,122610,713.746,0.0353313,11571.7,9423.91,705.118,705.118,0.91957,0.91957
8|1056|8|1056|sample|4|276|4|276|22.0,0.0010624,123910,1,4,0,0,1,122610,713.746,0.0353313,120161,120930,120247,120251,0.401085,0.400669
8|1056|8|1056|sample|4|276|4|276|22.0,0.005312,126950,2,4,0,0,1,122610,713.746,0.0353313,119368,121489,118172,118190,0.977814,0.975699
8|1056|8|1056|sample|4|276|4|276|22.0,0.02656,105914,3,4,0,0,1,122610,713.746,0.0353313,114557,119714,104680,104756,0.155024,0.145393
8|1056|8|1056|sample|4|276|4|276|22.0,0.1328,55539,4,4,0,0,1,122610,713.746,0.0353313,101326,110363,58891.1,59089.3,-0.742233,-0.783528
8|1056|8|1056|sample|4|276|4|276|22.0,0.664,6766,5,4,0,0,1,122610,713.746,0.0353313,74825.2,79662.2,6513.96,6593.93,0.438276,0.29612
8|1056|8|1056|sample|4|276|4|276|22.0,3.32,686,6,4,0,0,1,122610,713.746,0.0353313,41745.2,33994.4,735.174,735.716,-0.350635,-0.354402
8|1056|8|1056|sample|4|276|4|276|22.0,16.6,742,7,4,0,0,1,122610,713.746,0.0353313,18034.1,9383.62,719.503,719.503,0.161777,0.161777
8|1056|8|1056|sample|4|276|4|276|22.0,83,876,8,4,0,0,1,122610,713.746,0.0353313,6927.76,2575.35,713.578,713.578,1.17174,1.17174
8|1056|8|1056|sample|3|276|3|276|22.0,0.0010624,130132,1,3,0,0,1,122610,713.746,0.0353313,120026,120795,120049,120052,1.10579,1.1055
8|1056|8|1056|sample|3|276|3|276|22.0,0.005312,127154,2,3,0,0,1,122610,713.746,0.0353313,119235,121354,117741,117753,1.05237,1.05098
8|1056|8|1056|sample|3|276|3|276|22.0,0.02656,111063,3,3,0,0,1,122610,713.746,0.0353313,114429,119581,103284,103333,0.990072,0.983427
8|1056|8|1056|sample|3|276|3|276|22.0,0.1328,53602,4,3,0,0,1,122610,713.746,0.0353313,101213,110241,55542.7,55663.5,-0.455115,-0.48241
8|1056|8|1056|sample|3|276|3|276|22.0,0.664,5384,5,3,0,0,1,122610,713.746,0.0353313,74742.1,79573.8,5273.72,5313.68,0.228923,0.145062
8|1056|8|1056|sample|3|276|3|276|22.0,3.32,738,6,3,0,0,1,122610,713.746,0.0353313,41698.9,33956.6,727.445,727.608,0.075575,0.0744043
8|1056|8|1056|sample|3|276|3|276|22.0,16.6,690,7,3,0,0,1,122610,713.746,0.0353313,18014,9373.16,718.7,718.7,-0.206475,-0.206475
8|1056|8|1056|sample|3|276|3|276|22.0,83,842,8,3,0,0,1,122610,713.746,0.0353313,6919.97,2572.45,712.776,712.776,0.932647,0.932647
8|1056|8|1056|cc|1|1|276|1|276|69.0,0,686,1,1,0,1,0,122610,713.746,0.0353313,695.819,695.819,695.819,695.819,-0.0715285,-0.0715285
8|1056|8|1056|cc|2|1|276|1|276|69.0,0,688,2,1,0,1,0,122610,713.746,0.0353313,701.669,701.669,701.669,701.669,-0.0992527,-0.0992527
8|1056|8|1056|cc|3|1|276|1|276|69.0,0,708,3,1,0,1,0,122610,713.746,0.0353313,703.787,703.787,703.787,703.787,0.0305563,0.0305563
8|1056|8|1056|cc|4|1|276|1|276|69.0,0,700,4,1,0,1,0,122610,713.746,0.0353313,704.473,704.473,704.473,704.473,-0.0324302,-0.0324302
8|1056|8|1056|cc|5|1|276|1|276|69.0,0,734,5,1,0,1,0,122610,713.746,0.0353313,704.473,704.473,704.473,704.473,0.214069,0.214069
8|1056|8|1056|cc|6|1|276|1|276|69.0,0,694,6,1,0,1,0,122610,713.746,0.0353313,703.787,703.787,703.787,703.787,-0.0709816,-0.0709816
8|1056|8|1056|cc|7|1|276|1|276|69.0,0,744,7,1,0,1,0,122610,713.746,0.0353313,701.669,701.669,701.669,701.669,0.307369,0.307369
8|1056|8|1056|cc|8|1|276|1|276|69.0,0,756,8,1,0,1,0,122610,713.746,0.0353313,695.819,695.819,695.819,695.819,0.438378,0.438378
8|1056|8|1056|vc|1|2|276|2|276|69.0,0,125929,1,2,1,0,0,122610,713.746,0.0353313,120538,120538,120538,120538,0.588887,0.588887
8|1056|8|1056|vc|2|2|276|2|276|69.0,0,128067,2,2,1,0,0,122610,713.746,0.0353313,121543,121543,121543,121543,0.706823,0.706823
8|1056|8|1056|vc|3|2|276|2|276|69.0,0,126059,3,2,1,0,0,122610,713.746,0.0353313,121907,121907,121907,121907,0.448538,0.448538
8|1056|8|1056|vc|4|2|276|2|276|69.0,0,129668,4,2,1,0,0,122610,713.746,0.0353313,122024,122024,122024,122024,0.824847,0.824847
8|1056|8|1056|vc|5|2|276|2|276|69.0,0,124889,5,2,1,0,0,122610,713.746,0.0353313,122024,122024,122024,122024,0.309129,0.309129
8|1056|8|1056|vc|6|2|276|2|276|69.0,0,120436,6,2,1,0,0,122610,713.746,0.0353313,121907,121907,121907,121907,-0.158841,-0.158841
8|1056|8|1056|vc|7|2|276|2|276|69.0,0,119889,7,2,1,0,0,122610,713.746,0.0353313,121543,121543,121543,121543,-0.179159,-0.179159
8|1056|8|1056|vc|8|2|276|2|276|69.0,0,107836,8,2,1,0,0,122610,713.746,0.0353313,120538,120538,120538,120538,-1.38745,-1.38745
8|462|8|462|sample|6|292|6|292|55.0,0.0006144,102350,1,6,0,0,1,159668,643.492,0.736861,118319,109238,106898,106788,-0.559511,-0.546494
8|462|8|462|sample|6|292|6|292|55.0,0.003072,113884,2,6,0,0,1,159668,643.492,0.736861,143991,126505,121915,121706,-0.867406,-0.846265
8|462|8|462|sample|6|292|6|292|55.0,0.01536,121365,3,6,0,0,1,159668,643.492,0.736861,149081,122543,115191,114874,0.705433,0.743639
8|462|8|462|sample|6|292|6|292|55.0,0.0768,98102,4,6,0,0,1,159668,643.492,0.736861,139302,107559,97262.3,96854.9,0.113418,0.169155
8|462|8|462|sample|6|292|6|292|55.0,0.384,76259,5,6,0,0,1,159668,643.492,0.736861,110795,86359.7,73794.6,73353.3,0.437138,0.518465
8|462|8|462|sample|6|292|6|292|55.0,1.92,51729,6,6,0,0,1,159668,643.492,0.736861,66935.2,62909.2,49794.2,49399.4,0.504935,0.61272
8|462|8|462|sample|6|292|6|292|55.0,9.6,27657,7,6,0,0,1,159668,643.492,0.736861,29105.6,40694.7,29287.9,29001.6,-0.712598,-0.593057
8|462|8|462|sample|6|292|6|292|55.0,48,13804,8,6,0,0,1,159668,643.492,0.736861,9225.33,21529.7,13901.9,13744.6,-0.0865417,0.0530456
8|462|8|462|sample|5|292|5|292|55.0,0.0006144,100518,1,5,0,0,1,159668,643.492,0.736861,117888,108840,107181,107051,-0.81756,-0.802536
8|462|8|462|sample|5|292|5|292|55.0,0.003072,130424,2,5,0,0,1,159668,643.492,0.736861,143564,126130,122865,122616,0.810173,0.838593
8|462|8|462|sample|5|292|5|292|55.0,0.01536,129379,3,5,0,0,1,159668,643.492,0.736861,148667,122203,116950,116567,1.39885,1.44676
8|462|8|462|sample|5|292|5|292|55.0,0.0768,104544,4,5,0,0,1,159668,643.492,0.736861,138923,107266,99863,99356.8,0.615987,0.686035
8|462|8|462|sample|5|292|5|292|55.0,0.384,71521,5,5,0,0,1,159668,643.492,0.736861,110494,86124.8,77008.5,76440.3,-0.933338,-0.84282
8|462|8|462|sample|5|292|5|292|55.0,1.92,57664,6,5,0,0,1,159668,643.492,0.736861,66749.4,62734.5,53107.2,52573.4,1.1166,1.2598
8|462|8|462|sample|5|292|5|292|55.0,9.6,30300,7,5,0,0,1,159668,643.492,0.736861,29019.4,40574.1,32083.3,31671.6,-0.713577,-0.555757
8|462|8|462|sample|5|292|5|292|55.0,48,15085,8,5,0,0,1,159668,643.492,0.736861,9191.72,21451.3,15687.5,15445.1,-0.476183,-0.288727
8|462|8|462|sample|4|292|4|292|55.0,0.000064,104240,1,4,0,0,1,159668,643.492,0.736861,117022,112630,111761,111724,-0.885443,-0.881355
8|462|8|462|sample|4|292|4|292|55.0,0.00032,128947,2,4,0,0,1,159668,643.492,0.736861,143975,134927,133128,133052,-0.413832,-0.406594
8|462|8|462|sample|4|292|4|292|55.0,0.0016,136467,3,4,0,0,1,159668,643.492,0.736861,152821,137304,134175,134049,0.225112,0.237764
8|462|8|462|sample|4|292|4|292|55.0,0.008,138746,4,4,0,0,1,159668,643.492,0.736861,152947,129346,124405,124217,1.51824,1.54051
8|462|8|462|sample|4|292|4|292|55.0,0.04,119405,5,4,0,0,1,159668,643.492,0.736861,144344,113917,106832,106586,1.54774,1.58168
8|462|8|462|sample|4|292|4|292|55.0,0.2,86679,6,4,0,0,1,159668,643.492,0.736861,120696,92280.4,83316.1,83044.4,0.529253,0.57385
8|462|8|462|sample|4|292|4|292|55.0,1,49742,7,4,0,0,1,159668,643.492,0.736861,78124.9,66263.8,56730.4,56491.5,-1.60518,-1.55674
8|462|8|462|sample|4|292|4|292|55.0,5,30602,8,4,0,0,1,159668,643.492,0.736861,32775.5,38195.1,30534.8,30384.3,0.0281882,0.0917898
8|462|8|462|sample|3|292|3|292|55.0,0.000064,108562,1,3,0,0,1,159668,643.492,0.736861,113332,109079,108380,108379,0.0220506,0.0221619
8|462|8|462|sample|3|292|3|292|55.0,0.00032,130392,2,3,0,0,1,159668,643.492,0.736861,140293,131477,130020,130019,0.0377081,0.0377731
8|462|8|462|sample|3|292|3|292|55.0,0.0016,132645,3,3,0,0,1,159668,643.492,0.736861,149164,134018,131478,131480,0.11698,0.116727
8|462|8|462|sample|3|292|3|292|55.0,0.008,136907,4,3,0,0,1,159668,643.492,0.736861,149360,126313,122293,122306,1.57356,1.57201
8|462|8|462|sample|3|292|3|292|55.0,0.04,113528,5,3,0,0,1,159668,643.492,0.736861,140959,111246,105467,105504,1.00502,1.00005
8|462|8|462|sample|3|292|3|292|55.0,0.2,82203,6,3,0,0,1,159668,643.492,0.736861,117807,90071.7,82736,82813.7,-0.0844564,-0.0966845
8|462|8|462|sample|3|292|3|292|55.0,1,54160,7,3,0,0,1,159668,643.492,0.736861,76127.1,64569.3,56741.1,56861.5,-0.592748,-0.619113
8|462|8|462|sample|3|292|3|292|55.0,5,30876,8,3,0,0,1,159668,643.492,0.736861,31742.1,36990.8,30699.6,30826.1,0.0736435,0.0207377
8|462|8|462|sample|9|292|9|292|32.0,0.0003648,110763,1,9,0,0,1,159668,643.492,0.736861,116735,116910,111494,111478,-0.086263,-0.0843535
8|462|8|462|sample|9|292|9|292|32.0,0.001824,99793,2,9,0,0,1,159668,643.492,0.736861,142905,143505,123162,123104,-2.49875,-2.49369
8|462|8|462|sample|9|292|9|292|32.0,0.00912,104612,3,9,0,0,1,159668,643.492,0.736861,149425,151147,92606.1,92464.3,1.70221,1.72493
8|462|8|462|sample|9|292|9|292|32.0,0.0456,29106,4,9,0,0,1,159668,643.492,0.736861,143204,147524,31642.2,31485.4,-1.02852,-0.969576
8|462|8|462|sample|9|292|9|292|32.0,0.228,1898,5,9,0,0,1,159668,643.492,0.736861,120701,129245,1811.6,1791.83,0.390553,0.483123
8|462|8|462|sample|9|292|9|292|32.0,1.14,602,6,9,0,0,1,159668,643.492,0.736861,79988,90486.4,622.223,622.207,-0.153501,-0.153387
8|462|8|462|sample|9|292|9|292|32.0,5.7,556,7,9,0,0,1,159668,643.492,0.736861,37847.1,44241.1,582.118,582.118,-0.202895,-0.202895
8|462|8|462|sample|9|292|9|292|32.0,28.5,492,8,9,0,0,1,159668,643.492,0.736861,12456.1,14337.1,472.125,472.125,0.165012,0.165012
8|462|8|462|sample|10|292|10|292|32.0,0.0003648,102838,1,10,0,0,1,159668,643.492,0.736861,113054,113224,107927,107949,-0.620208,-0.622661
8|462|8|462|sample|10|292|10|292|32.0,0.001824,109527,2,10,0,0,1,159668,643.492,0.736861,139250,139835,119829,119904,-1.13191,-1.13948
8|462|8|462|sample|10|292|10|292|32.0,0.00912,75302,3,10,0,0,1,159668,643.492,0.736861,145849,147530,89948.1,90127.4,-2.13715,-2.15906
8|462|8|462|sample|10|292|10|292|32.0,0.0456,30834,4,10,0,0,1,159668,643.492,0.736861,139846,144065,30432.4,30615.9,0.169106,0.0913048
8|462|8|462|sample|10|292|10|292|32.0,0.228,1866,5,10,0,0,1,159668,643.492,0.736861,117871,126214,1716.37,1735.03,0.698973,0.607822
8|462|8|462|sample|10|292|10|292|32.0,1.14,542,6,10,0,0,1,159668,643.492,0.736861,78073.6,88320.6,607.297,607.306,-0.499903,-0.499969
8|462|8|462|sample|10|292|10|292|32.0,5.7,526,7,10,0,0,1,159668,643.492,0.736861,36879.3,43109.7,567.232,567.232,-0.323121,-0.323121
8|462|8|462|sample|10|292|10|292|32.0,28.5,550,8,10,0,0,1,159668,643.492,0.736861,12063.3,13885,457.239,457.239,0.777364,0.777364
8|462|8|462|sample|7|292|7|292|32.0,0.0000768,94296,1,7,0,0,1,159668,643.492,0.736861,118774,118839,117200,117193,-2.57243,-2.57179
8|462|8|462|sample|7|292|7|292|32.0,0.000384,117953,2,7,0,0,1,159668,643.492,0.736861,145677,145903,139508,139481,-2.03688,-2.03472
8|462|8|462|sample|7|292|7|292|32.0,0.00192,127709,3,7,0,0,1,159668,643.492,0.736861,154373,155043,134191,134107,-0.63659,-0.62876
8|462|8|462|sample|7|292|7|292|32.0,0.0096,104166,4,7,0,0,1,159668,643.492,0.736861,154063,155895,98140.6,97942.9,0.806658,0.834786
8|462|8|462|sample|7|292|7|292|32.0,0.048,34555,5,7,0,0,1,159668,643.492,0.736861,144339,148823,34779.9,34555.5,-0.0832355,-0.000172442
8|462|8|462|sample|7|292|7|292|32.0,0.24,2124,6,7,0,0,1,159668,643.492,0.736861,118602,127202,2152.43,2120.09,-0.115157,0.0159884
8|462|8|462|sample|7|292|7|292|32.0,1.2,604,7,7,0,0,1,159668,643.492,0.736861,74489.6,84405.2,589.841,589.803,0.1095,0.109796
8|462|8|462|sample|7|292|7|292|32.0,6,570,8,7,0,0,1,159668,643.492,0.736861,30357.8,35495,479.26,479.26,0.750009,0.750009
8|462|8|462|sample|8|292|8|292|32.0,0.0000768,101781,1,8,0,0,1,159668,643.492,0.736861,118341,118406,116803,116798,-1.69282,-1.69238
8|462|8|462|sample|8|292|8|292|32.0,0.000384,127577,2,8,0,0,1,159668,643.492,0.736861,145245,145470,139208,139191,-1.10147,-1.1
8|462|8|462|sample|8|292|8|292|32.0,0.00192,127445,3,8,0,0,1,159668,643.492,0.736861,153944,154612,134172,134119,-0.660747,-0.655806
8|462|8|462|sample|8|292|8|292|32.0,0.0096,110699,4,8,0,0,1,159668,643.492,0.736861,153644,155471,98703.8,98577.3,1.59683,1.61571
8|462|8|462|sample|8|292|8|292|32.0,0.048,35462,5,8,0,0,1,159668,643.492,0.736861,143946,148418,35610.9,35462.3,-0.0538617,-9.94635e-05
8|462|8|462|sample|8|292|8|292|32.0,0.24,2200,6,8,0,0,1,159668,643.492,0.736861,118272,126849,2274.24,2250.71,-0.289936,-0.199417
8|462|8|462|sample|8|292|8|292|32.0,1.2,518,7,8,0,0,1,159668,643.492,0.736861,74268.9,84155,588.235,588.201,-0.543678,-0.543426
8|462|8|462|sample|8|292|8|292|32.0,6,538,8,8,0,0,1,159668,643.492,0.736861,30247.2,35365.7,477.514,477.514,0.500491,0.500491
8|462|8|462|sample|11|292|11|292|22.0,0.0003712,100654,1,11,0,0,1,159668,643.492,0.736861,103024,103196,102479,102472,-0.234072,-0.233202
8|462|8|462|sample|11|292|11|292|22.0,0.001856,107033,2,11,0,0,1,159668,643.492,0.736861,129279,129885,126957,126930,-2.06731,-2.06486
8|462|8|462|sample|11|292|11|292|22.0,0.00928,111878,3,11,0,0,1,159668,643.492,0.736861,136054,137795,127952,127860,-1.65493,-1.64667
8|462|8|462|sample|11|292|11|292|22.0,0.0464,96908,4,11,0,0,1,159668,643.492,0.736861,130555,134896,106408,106164,-1.17404,-1.14651
8|462|8|462|sample|11|292|11|292|22.0,0.2319999999999999,62831,5,11,0,0,1,159668,643.492,0.736861,109850,118311,57333,56932.3,1.24984,1.35017
8|462|8|462|sample|11|292|11|292|22.0,1.16,11954,6,11,0,0,1,159668,643.492,0.736861,72436.4,82536.9,11714.2,11498.7,0.248133,0.479136
8|462|8|462|sample|11|292|11|292|22.0,5.8,712,7,11,0,0,1,159668,643.492,0.736861,33942.3,39756.4,980.377,960.963,-1.69118,-1.58342
8|462|8|462|sample|11|292|11|292|22.0,29,526,8,11,0,0,1,159668,643.492,0.736861,10879.5,12407.3,424.652,424.347,0.867141,0.869917
8|462|8|462|sample|12|292|12|292|22.0,0.0003712,92444,1,12,0,0,1,159668,643.492,0.736861,75762.1,75889.1,75365.7,75366.3,2.96712,2.96701
8|462|8|462|sample|12|292|12|292|22.0,0.001856,89758,2,12,0,0,1,159668,643.492,0.736861,102214,102693,100397,100399,-1.39267,-1.39295
8|462|8|462|sample|12|292|12|292|22.0,0.00928,86511,3,12,0,0,1,159668,643.492,0.736861,109573,110975,103109,103117,-2.11618,-2.11702
8|462|8|462|sample|12|292|12|292|22.0,0.0464,76016,4,12,0,0,1,159668,643.492,0.736861,105710,109225,86322,86342.8,-1.5662,-1.56899
8|462|8|462|sample|12|292|12|292|22.0,0.2319999999999999,48569,5,12,0,0,1,159668,643.492,0.736861,88945.3,95796.7,46691.6,46724.8,0.521746,0.512181
8|462|8|462|sample|12|292|12|292|22.0,1.16,9584,6,12,0,0,1,159668,643.492,0.736861,58337.7,66472.3,9578.68,9595.21,0.00659997,-0.01389
8|462|8|462|sample|12|292|12|292|22.0,5.8,838,7,12,0,0,1,159668,643.492,0.736861,26836.4,31433.4,788.056,789.373,0.346306,0.336939
8|462|8|462|sample|12|292|12|292|22.0,29,604,8,12,0,0,1,159668,643.492,0.736861,8000.66,9124.17,312.476,312.494,2.68846,2.68826
8|462|8|462|cc|1|1|292|1|292|69.0,0,566,1,1,0,1,0,159668,643.492,0.736861,306.42,306.42,306.42,306.42,2.40397,2.40397
8|462|8|462|cc|2|1|292|1|292|69.0,0,562,2,1,0,1,0,159668,643.492,0.736861,416.411,416.411,416.411,416.411,1.25231,1.25231
8|462|8|462|cc|3|1|292|1|292|69.0,0,584,3,1,0,1,0,159668,643.492,0.736861,456.232,456.232,456.232,456.232,1.07141,1.07141
8|462|8|462|cc|4|1|292|1|292|69.0,0,656,4,1,0,1,0,159668,643.492,0.736861,469.135,469.135,469.135,469.135,1.55432,1.55432
8|462|8|462|cc|5|1|292|1|292|69.0,0,696,5,1,0,1,0,159668,643.492,0.736861,469.135,469.135,469.135,469.135,1.88703,1.88703
8|462|8|462|cc|6|1|292|1|292|69.0,0,706,6,1,0,1,0,159668,643.492,0.736861,456.232,456.232,456.232,456.232,2.09445,2.09445
8|462|8|462|cc|7|1|292|1|292|69.0,0,668,7,1,0,1,0,159668,643.492,0.736861,416.411,416.411,416.411,416.411,2.1641,2.1641
8|462|8|462|cc|8|1|292|1|292|69.0,0,710,8,1,0,1,0,159668,643.492,0.736861,306.42,306.42,306.42,306.42,3.73755,3.73755
8|462|8|462|vc|1|2|292|2|292|69.0,0,109457,1,2,1,0,0,159668,643.492,0.736861,103390,103390,103390,103390,0.771496,0.771496
8|462|8|462|vc|2|2|292|2|292|69.0,0,135900,2,2,1,0,0,159668,643.492,0.736861,130681,130681,130681,130681,0.526181,0.526181
8|462|8|462|vc|3|2|292|2|292|69.0,0,145948,3,2,1,0,0,159668,643.492,0.736861,140562,140562,140562,140562,0.505183,0.505183
8|462|8|462|vc|4|2|292|2|292|69.0,0,141437,4,2,1,0,0,159668,643.492,0.736861,143764,143764,143764,143764,-0.213399,-0.213399
8|462|8|462|vc|5|2|292|2|292|69.0,0,134947,5,2,1,0,0,159668,643.492,0.736861,143764,143764,143764,143764,-0.808677,-0.808677
8|462|8|462|vc|6|2|292|2|292|69.0,0,143094,6,2,1,0,0,159668,643.492,0.736861,140562,140562,140562,140562,0.237492,0.237492
8|462|8|462|vc|7|2|292|2|292|69.0,0,130244,7,2,1,0,0,159668,643.492,0.736861,130681,130681,130681,130681,-0.0440909,-0.0440909
8|462|8|462|vc|8|2|292|2|292|69.0,0,95477,8,2,1,0,0,159668,643.492,0.736861,103390,103390,103390,103390,-1.00611,-1.00611
8|1159|8|1159|sample|8|292|8|292|65.0,0.0016767999999999,99593,1,8,0,0,1,155907,645.636,0.580691,122971,123862,122212,122188,-2.43718,-2.43504
8|1159|8|1159|sample|8|292|8|292|65.0,0.0083839999999999,116325,2,8,0,0,1,155907,645.636,0.580691,140866,143708,136793,136693,-1.97226,-1.96407
8|1159|8|1159|sample|8|292|8|292|65.0,0.04192,106706,3,8,0,0,1,155907,645.636,0.580691,139652,147122,122959,122634,-1.74067,-1.71035
8|1159|8|1159|sample|8|292|8|292|65.0,0.2096,68255,4,8,0,0,1,155907,645.636,0.580691,120587,135874,72392.8,71732.5,-0.747964,-0.634293
8|1159|8|1159|sample|8|292|8|292|65.0,1.048,14589,5,8,0,0,1,155907,645.636,0.580691,82748,101735,14192.3,13812.6,0.344105,0.690595
8|1159|8|1159|sample|8|292|8|292|65.0,5.24,848,6,8,0,0,1,155907,645.636,0.580691,41785,52135.2,938.702,918.408,-0.583085,-0.45711
8|1159|8|1159|sample|8|292|8|292|65.0,26.2,548,7,8,0,0,1,155907,645.636,0.580691,16251.6,18204.9,602.231,602.134,-0.416402,-0.415676
8|1159|8|1159|sample|8|292|8|292|65.0,131,584,8,8,0,0,1,155907,645.636,0.580691,5241.74,4991.67,514.434,514.434,0.562684,0.562685
8|1159|8|1159|sample|7|292|7|292|65.0,0.0016767999999999,101433,1,7,0,0,1,155907,645.636,0.580691,123301,124195,122607,122613,-2.27421,-2.27474
8|1159|8|1159|sample|7|292|7|292|65.0,0.0083839999999999,119429,2,7,0,0,1,155907,645.636,0.580691,141189,144037,137383,137408,-1.72265,-1.72474
8|1159|8|1159|sample|7|292|7|292|65.0,0.04192,110627,3,7,0,0,1,155907,645.636,0.580691,139957,147443,124131,124215,-1.43278,-1.44066
8|1159|8|1159|sample|7|292|7|292|65.0,0.2096,72057,4,7,0,0,1,155907,645.636,0.580691,120846,136166,74430.6,74613,-0.41749,-0.448489
8|1159|8|1159|sample|7|292|7|292|65.0,1.048,16805,5,7,0,0,1,155907,645.636,0.580691,82925.7,101953,15382.2,15510.6,1.14526,1.03384
8|1159|8|1159|sample|7|292|7|292|65.0,5.24,794,6,7,0,0,1,155907,645.636,0.580691,41876.2,52249,1011.98,1021.84,-1.35333,-1.40807
8|1159|8|1159|sample|7|292|7|292|65.0,26.2,548,7,7,0,0,1,155907,645.636,0.580691,16288.9,18246.7,604.028,604.1,-0.429747,-0.430285
8|1159|8|1159|sample|7|292|7|292|65.0,131,586,8,7,0,0,1,155907,645.636,0.580691,5255.81,5005.07,515.816,515.816,0.56721,0.567209
8|1159|8|1159|sample|5|292|5|292|65.0,0.0004351999999999,97161,1,5,0,0,1,155907,645.636,0.580691,123724,124096,123552,123555,-2.81306,-2.8133
8|1159|8|1159|sample|5|292|5|292|65.0,0.0021759999999999,125765,2,5,0,0,1,155907,645.636,0.580691,143477,144707,142382,142394,-1.5388,-1.5398
8|1159|8|1159|sample|5|292|5|292|65.0,0.0108799999999999,136220,3,5,0,0,1,155907,645.636,0.580691,147367,150863,142148,142193,-0.549861,-0.553887
8|1159|8|1159|sample|5|292|5|292|65.0,0.0543999999999999,114517,4,5,0,0,1,155907,645.636,0.580691,139523,148193,119430,119569,-0.541579,-0.556318
8|1159|8|1159|sample|5|292|5|292|65.0,0.2719999999999999,61943,5,5,0,0,1,155907,645.636,0.580691,115482,131992,62412.4,62674.4,-0.0981668,-0.152343
8|1159|8|1159|sample|5|292|5|292|65.0,1.36,9970,6,5,0,0,1,155907,645.636,0.580691,74563.6,92620.9,9600.63,9729.01,0.45752,0.294976
8|1159|8|1159|sample|5|292|5|292|65.0,6.8,728,7,5,0,0,1,155907,645.636,0.580691,34766.7,42945.3,745.377,751.105,-0.123236,-0.163356
8|1159|8|1159|sample|5|292|5|292|65.0,34,602,8,5,0,0,1,155907,645.636,0.580691,11890.9,12991.9,514.738,514.763,0.705695,0.705479
8|1159|8|1159|sample|6|292|6|292|65.0,0.0004351999999999,95565,1,6,0,0,1,155907,645.636,0.580691,124056,124429,123894,123887,-3.01132,-3.01082
8|1159|8|1159|sample|6|292|6|292|65.0,0.0021759999999999,128566,2,6,0,0,1,155907,645.636,0.580691,143807,145039,142750,142724,-1.31017,-1.308
8|1159|8|1159|sample|6|292|6|292|65.0,0.0108799999999999,138726,3,6,0,0,1,155907,645.636,0.580691,147688,151192,142611,142515,-0.359181,-0.350601
8|1159|8|1159|sample|6|292|6|292|65.0,0.0543999999999999,118728,4,6,0,0,1,155907,645.636,0.580691,139822,148512,120152,119863,-0.15604,-0.124638
8|1159|8|1159|sample|6|292|6|292|65.0,0.2719999999999999,63450,5,6,0,0,1,155907,645.636,0.580691,115730,132276,63392.9,62875.2,0.011764,0.119349
8|1159|8|1159|sample|6|292|6|292|65.0,1.36,9870,6,6,0,0,1,155907,645.636,0.580691,74726.3,92822.9,10006.2,9780.24,-0.162591,0.109354
8|1159|8|1159|sample|6|292|6|292|65.0,6.8,754,7,6,0,0,1,155907,645.636,0.580691,34846.5,43043.9,762.633,754.037,-0.0606658,-0.000263082
8|1159|8|1159|sample|6|292|6|292|65.0,34,622,8,6,0,0,1,155907,645.636,0.580691,11922.8,13026.8,516.183,516.15,0.854991,0.855282
8|1159|8|1159|sample|11|292|11|292|28.0,0.0014272,100576,1,11,0,0,1,155907,645.636,0.580691,111592,111783,104295,104224,-0.468783,-0.460197
8|1159|8|1159|sample|11|292|11|292|28.0,0.007136,102398,2,11,0,0,1,155907,645.636,0.580691,130012,130612,105325,105107,-0.365441,-0.338844
8|1159|8|1159|sample|11|292|11|292|28.0,0.03568,72564,3,11,0,0,1,155907,645.636,0.580691,130226,131769,68334,67915.9,0.809294,0.894668
8|1159|8|1159|sample|11|292|11|292|28.0,0.1784,17511,4,11,0,0,1,155907,645.636,0.580691,114267,117389,17508.4,17230.5,0.00183151,0.20308
8|1159|8|1159|sample|11|292|11|292|28.0,0.892,1002,5,11,0,0,1,155907,645.636,0.580691,80525.4,84563.3,1115.92,1097.99,-0.674519,-0.572947
8|1159|8|1159|sample|11|292|11|292|28.0,4.46,496,6,11,0,0,1,155907,645.636,0.580691,41789.7,44500.6,585.416,585.384,-0.693292,-0.69306
8|1159|8|1159|sample|11|292|11|292|28.0,22.3,576,7,11,0,0,1,155907,645.636,0.580691,16451.6,17418.9,553.282,553.282,0.179509,0.179509
8|1159|8|1159|sample|11|292|11|292|28.0,111.5,544,8,11,0,0,1,155907,645.636,0.580691,5237.03,5438.95,466.312,466.312,0.647346,0.647346
8|1159|8|1159|sample|12|292|12|292|28.0,0.0014272,84673,1,12,0,0,1,155907,645.636,0.580691,90728.4,90883.6,84109.4,84001.6,0.0878726,0.104818
8|1159|8|1159|sample|12|292|12|292|28.0,0.007136,82237,2,12,0,0,1,155907,645.636,0.580691,109525,110031,86520.8,86179.2,-0.649526,-0.600075
8|1159|8|1159|sample|12|292|12|292|28.0,0.03568,57156,3,12,0,0,1,155907,645.636,0.580691,110810,112124,53850.8,53217.6,0.798937,0.96309
8|1159|8|1159|sample|12|292|12|292|28.0,0.1784,11396,4,12,0,0,1,155907,645.636,0.580691,97522.7,100188,12018.2,11642.3,-0.629,-0.256266
8|1159|8|1159|sample|12|292|12|292|28.0,0.892,752,5,12,0,0,1,155907,645.636,0.580691,68725.8,72172,752.916,734.567,-0.00647156,0.124349
8|1159|8|1159|sample|12|292|12|292|28.0,4.46,502,6,12,0,0,1,155907,645.636,0.580691,35559.3,37866,497.736,497.716,0.034846,0.0350068
8|1159|8|1159|sample|12|292|12|292|28.0,22.3,554,7,12,0,0,1,155907,645.636,0.580691,13859.3,14674.1,466.099,466.099,0.732537,0.732537
8|1159|8|1159|sample|12|292|12|292|28.0,111.5,626,8,12,0,0,1,155907,645.636,0.580691,4257.9,4422.07,379.129,379.129,2.17602,2.17602
8|1159|8|1159|sample|9|292|9|292|28.0,0.0004479999999999,95841,1,9,0,0,1,155907,645.636,0.580691,122689,122790,120237,120203,-2.67141,-2.66844
8|1159|8|1159|sample|9|292|9|292|28.0,0.00224,110983,2,9,0,0,1,155907,645.636,0.580691,142426,142748,133697,133580,-2.23894,-2.22935
8|1159|8|1159|sample|9|292|9|292|28.0,0.0111999999999999,117579,3,9,0,0,1,155907,645.636,0.580691,146268,147153,120152,119830,-0.281905,-0.247341
8|1159|8|1159|sample|9|292|9|292|28.0,0.0559999999999999,86107,4,9,0,0,1,155907,645.636,0.580691,138313,140416,76026.8,75433,1.73629,1.85283
8|1159|8|1159|sample|9|292|9|292|28.0,0.2799999999999999,21584,5,9,0,0,1,155907,645.636,0.580691,114123,117930,20688.9,20277,0.545219,0.811437
8|1159|8|1159|sample|9|292|9|292|28.0,1.4,1152,6,9,0,0,1,155907,645.636,0.580691,73302.5,77406.7,1530.31,1492.22,-1.89089,-1.72522
8|1159|8|1159|sample|9|292|9|292|28.0,7,622,7,9,0,0,1,155907,645.636,0.580691,34002.1,36220.6,600.831,600.595,0.162673,0.164512
8|1159|8|1159|sample|9|292|9|292|28.0,35,558,8,9,0,0,1,155907,645.636,0.580691,11588.1,12214.4,510.147,510.147,0.38807,0.388071
8|1159|8|1159|sample|10|292|10|292|28.0,0.0004479999999999,85632,1,10,0,0,1,155907,645.636,0.580691,119858,119957,117392,117386,-3.56126,-3.5608
8|1159|8|1159|sample|10|292|10|292|28.0,0.00224,112052,2,10,0,0,1,155907,645.636,0.580691,139618,139935,130815,130796,-1.88987,-1.88822
8|1159|8|1159|sample|10|292|10|292|28.0,0.0111999999999999,106618,3,10,0,0,1,155907,645.636,0.580691,143530,144398,117216,117167,-1.19018,-1.18513
8|1159|8|1159|sample|10|292|10|292|28.0,0.0559999999999999,72910,4,10,0,0,1,155907,645.636,0.580691,135764,137829,73323.1,73248.6,-0.0737429,-0.0604976
8|1159|8|1159|sample|10|292|10|292|28.0,0.2799999999999999,19961,5,10,0,0,1,155907,645.636,0.580691,112021,115757,19332.6,19313.1,0.408139,0.4212
8|1159|8|1159|sample|10|292|10|292|28.0,1.4,1398,6,10,0,0,1,155907,645.636,0.580691,71929.9,75957.3,1395.49,1400.62,0.0132095,-0.0137657
8|1159|8|1159|sample|10|292|10|292|28.0,7,482,7,10,0,0,1,155907,645.636,0.580691,33331.9,35506.6,588.144,588.25,-0.821685,-0.822454
8|1159|8|1159|sample|10|292|10|292|28.0,35,578,8,10,0,0,1,155907,645.636,0.580691,11320.7,11932.6,498.376,498.377,0.650395,0.650394
8|1159|8|1159|sample|4|292|4|292|22.0,0.0010624,112128,1,4,0,0,1,155907,645.636,0.580691,122285,123095,122807,122807,-1.14509,-1.14512
8|1159|8|1159|sample|4|292|4|292|22.0,0.005312,130767,2,4,0,0,1,155907,645.636,0.580691,141014,143688,142100,142102,-1.05155,-1.05171
8|1159|8|1159|sample|4|292|4|292|22.0,0.02656,137610,3,4,0,0,1,155907,645.636,0.580691,142031,149335,141723,141732,-0.382659,-0.383439
8|1159|8|1159|sample|4|292|4|292|22.0,0.1328,112132,4,4,0,0,1,155907,645.636,0.580691,127513,143108,112522,112552,-0.0455505,-0.0491522
8|1159|8|1159|sample|4|292|4|292|22.0,0.664,38749,5,4,0,0,1,155907,645.636,0.580691,94095.3,112709,41391.8,41435.6,-0.82601,-0.838844
8|1159|8|1159|sample|4|292|4|292|22.0,3.32,2926,6,4,0,0,1,155907,645.636,0.580691,51594.1,55467.5,2755.13,2761.26,0.58472,0.562851
8|1159|8|1159|sample|4|292|4|292|22.0,16.6,542,7,4,0,0,1,155907,645.636,0.580691,21097.4,16002.4,615.086,615.147,-0.557037,-0.557484
8|1159|8|1159|sample|4|292|4|292|22.0,83,574,8,4,0,0,1,155907,645.636,0.580691,6854.01,3548.36,515.301,515.301,0.474536,0.474535
8|1159|8|1159|sample|3|292|3|292|22.0,0.0010624,108512,1,3,0,0,1,155907,645.636,0.580691,119463,120255,119939,119949,-1.25433,-1.2554
8|1159|8|1159|sample|3|292|3|292|22.0,0.005312,131884,2,3,0,0,1,155907,645.636,0.580691,138234,140856,139110,139169,-0.684736,-0.690036
8|1159|8|1159|sample|3|292|3|292|22.0,0.02656,133282,3,3,0,0,1,155907,645.636,0.580691,139372,146538,138182,138458,-0.467452,-0.492804
8|1159|8|1159|sample|3|292|3|292|22.0,0.1328,105629,4,3,0,0,1,155907,645.636,0.580691,125163,140471,107248,108234,-0.198477,-0.316611
8|1159|8|1159|sample|3|292|3|292|22.0,0.664,36126,5,3,0,0,1,155907,645.636,0.580691,92361.6,110633,35971,37357.4,0.0555177,-0.425235
8|1159|8|1159|sample|3|292|3|292|22.0,3.32,2310,6,3,0,0,1,155907,645.636,0.580691,50628.1,54428.9,2020.25,2203.32,1.22291,0.425491
8|1159|8|1159|sample|3|292|3|292|22.0,16.6,688,7,3,0,0,1,155907,645.636,0.580691,20681.5,15686.9,596.118,597.629,0.707996,0.695744
8|1159|8|1159|sample|3|292|3|292|22.0,83,592,8,3,0,0,1,155907,645.636,0.580691,6695.87,3466.49,503.396,503.399,0.721522,0.721499
8|1159|8|1159|cc|1|1|292|1|292|69.0,0,640,1,1,0,1,0,155907,645.636,0.580691,379.118,379.118,379.118,379.118,2.29954,2.29954
8|1159|8|1159|cc|2|1|292|1|292|69.0,0,616,2,1,0,1,0,155907,645.636,0.580691,466.086,466.086,466.086,466.086,1.24935,1.24935
8|1159|8|1159|cc|3|1|292|1|292|69.0,0,690,3,1,0,1,0,155907,645.636,0.580691,497.572,497.572,497.572,497.572,1.5726,1.5726
8|1159|8|1159|cc|4|1|292|1|292|69.0,0,614,4,1,0,1,0,155907,645.636,0.580691,507.774,507.774,507.774,507.774,0.862707,0.862707
8|1159|8|1159|cc|5|1|292|1|292|69.0,0,622,5,1,0,1,0,155907,645.636,0.580691,507.774,507.774,507.774,507.774,0.927679,0.927679
8|1159|8|1159|cc|6|1|292|1|292|69.0,0,654,6,1,0,1,0,155907,645.636,0.580691,497.572,497.572,497.572,497.572,1.27839,1.27839
8|1159|8|1159|cc|7|1|292|1|292|69.0,0,732,7,1,0,1,0,155907,645.636,0.580691,466.086,466.086,466.086,466.086,2.21606,2.21606
8|1159|8|1159|cc|8|1|292|1|292|69.0,0,670,8,1,0,1,0,155907,645.636,0.580691,379.118,379.118,379.118,379.118,2.56397,2.56397
8|1159|8|1159|vc|1|2|292|2|292|69.0,0,114165,1,2,1,0,0,155907,645.636,0.580691,112601,112601,112601,112601,0.182775,0.182775
8|1159|8|1159|vc|2|2|292|2|292|69.0,0,136148,2,2,1,0,0,155907,645.636,0.580691,133602,133602,133602,133602,0.251158,0.251158
8|1159|8|1159|vc|3|2|292|2|292|69.0,0,149475,3,2,1,0,0,155907,645.636,0.580691,141205,141205,141205,141205,0.772185,0.772185
8|1159|8|1159|vc|4|2|292|2|292|69.0,0,146290,4,2,1,0,0,155907,645.636,0.580691,143669,143669,143669,143669,0.240601,0.240601
8|1159|8|1159|vc|5|2|292|2|292|69.0,0,136813,5,2,1,0,0,155907,645.636,0.580691,143669,143669,143669,143669,-0.629223,-0.629223
8|1159|8|1159|vc|6|2|292|2|292|69.0,0,141806,6,2,1,0,0,155907,645.636,0.580691,141205,141205,141205,141205,0.0561206,0.0561206
8|1159|8|1159|vc|7|2|292|2|292|69.0,0,125865,7,2,1,0,0,155907,645.636,0.580691,133602,133602,133602,133602,-0.763161,-0.763161
8|1159|8|1159|vc|8|2|292|2|292|69.0,0,112168,8,2,1,0,0,155907,645.636,0.580691,112601,112601,112601,112601,-0.0505846,-0.0505846
8|1197|8|1197|sample|7|103|7|103|65.0,0.0016767999999999,74837,1,7,0,0,1,122610,645.636,0.646954,94182.8,94074,85069.4,85028.8,-1.57762,-1.5721
8|1197|8|1197|sample|7|103|7|103|65.0,0.0083839999999999,71977,2,7,0,0,1,122610,645.636,0.646954,110138,109544,79460.9,79339.1,-1.23415,-1.2159
8|1197|8|1197|sample|7|103|7|103|65.0,0.04192,42847,3,7,0,0,1,122610,645.636,0.646954,109852,107533,39748.7,39556.4,1.00732,1.07488
8|1197|8|1197|sample|7|103|7|103|65.0,0.2096,5272,4,7,0,0,1,122610,645.636,0.646954,95047.8,88646.3,5431.44,5359.51,-0.323007,-0.17925
8|1197|8|1197|sample|7|103|7|103|65.0,1.048,660,5,7,0,0,1,122610,645.636,0.646954,65265.9,55012.8,683.653,682.052,-0.173451,-0.161853
8|1197|8|1197|sample|7|103|7|103|65.0,5.24,592,6,7,0,0,1,122610,645.636,0.646954,32963.7,24520.5,632.95,632.949,-0.308939,-0.308931
8|1197|8|1197|sample|7|103|7|103|65.0,26.2,544,7,7,0,0,1,122610,645.636,0.646954,12819.9,8692.8,597.858,597.858,-0.414579,-0.414579
8|1197|8|1197|sample|7|103|7|103|65.0,131,580,8,7,0,0,1,122610,645.636,0.646954,4117.5,2707.87,500.963,500.963,0.644575,0.644575
8|1197|8|1197|sample|8|103|8|103|65.0,0.0016767999999999,74846,1,8,0,0,1,122610,645.636,0.646954,93893.6,93785.1,84893.2,84803.7,-1.55223,-1.54001
8|1197|8|1197|sample|8|103|8|103|65.0,0.0083839999999999,76735,2,8,0,0,1,122610,645.636,0.646954,109854,109262,79509.9,79242,-0.457333,-0.414552
8|1197|8|1197|sample|8|103|8|103|65.0,0.04192,41404,3,8,0,0,1,122610,645.636,0.646954,109585,107272,40044.7,39625.2,0.438756,0.580059
8|1197|8|1197|sample|8|103|8|103|65.0,0.2096,5378,4,8,0,0,1,122610,645.636,0.646954,94820.9,88434.6,5558.96,5404.83,-0.359618,-0.0545842
8|1197|8|1197|sample|8|103|8|103|65.0,1.048,706,5,8,0,0,1,122610,645.636,0.646954,65110.1,54881.5,684.952,681.59,0.154244,0.179209
8|1197|8|1197|sample|8|103|8|103|65.0,5.24,542,6,8,0,0,1,122610,645.636,0.646954,32883.6,24460.9,631.413,631.411,-0.675155,-0.675138
8|1197|8|1197|sample|8|103|8|103|65.0,26.2,550,7,8,0,0,1,122610,645.636,0.646954,12786.9,8670.43,596.319,596.319,-0.356869,-0.356869
8|1197|8|1197|sample|8|103|8|103|65.0,131,550,8,8,0,0,1,122610,645.636,0.646954,4104.85,2699.55,499.425,499.425,0.412848,0.412848
8|1197|8|1197|sample|6|103|6|103|65.0,0.0004351999999999,82107,1,6,0,0,1,122610,645.636,0.646954,94758.6,94734.8,91068,91032,-1.2917,-1.28702
8|1197|8|1197|sample|6|103|6|103|65.0,0.0021759999999999,94216,2,6,0,0,1,122610,645.636,0.646954,112177,112008,98648.3,98522.9,-0.590363,-0.574382
8|1197|8|1197|sample|6|103|6|103|65.0,0.0108799999999999,78272,3,6,0,0,1,122610,645.636,0.646954,115913,115124,76850,76538.4,0.242351,0.296635
8|1197|8|1197|sample|6|103|6|103|65.0,0.0543999999999999,33061,4,6,0,0,1,122610,645.636,0.646954,109951,107105,30946,30559.9,0.876333,1.04894
8|1197|8|1197|sample|6|103|6|103|65.0,0.2719999999999999,2724,5,6,0,0,1,122610,645.636,0.646954,91029.4,83824.8,2982.74,2896.31,-0.83637,-0.568951
8|1197|8|1197|sample|6|103|6|103|65.0,1.36,578,6,6,0,0,1,122610,645.636,0.646954,58715.9,48499.5,641.885,641.07,-0.479537,-0.47364
8|1197|8|1197|sample|6|103|6|103|65.0,6.8,604,7,6,0,0,1,122610,645.636,0.646954,27279.4,19924.8,597.859,597.859,0.0472732,0.047275
8|1197|8|1197|sample|6|103|6|103|65.0,34,546,8,6,0,0,1,122610,645.636,0.646954,9204.26,6180.51,500.963,500.963,0.367291,0.367291
8|1197|8|1197|sample|5|103|5|103|65.0,0.0004351999999999,85902,1,5,0,0,1,122610,645.636,0.646954,94467.6,94443.9,90923.8,90941.6,-0.72501,-0.727437
8|1197|8|1197|sample|5|103|5|103|65.0,0.0021759999999999,97095,2,5,0,0,1,122610,645.636,0.646954,111888,111720,98867.5,98929.5,-0.235569,-0.243662
8|1197|8|1197|sample|5|103|5|103|65.0,0.0108799999999999,87358,3,5,0,0,1,122610,645.636,0.646954,115631,114844,77840.9,77994.8,1.60165,1.57268
8|1197|8|1197|sample|5|103|5|103|65.0,0.0543999999999999,36940,4,5,0,0,1,122610,645.636,0.646954,109688,106849,32341.5,32531.8,1.82591,1.74046
8|1197|8|1197|sample|5|103|5|103|65.0,0.2719999999999999,2878,5,5,0,0,1,122610,645.636,0.646954,90812.1,83624.7,3312.56,3355.23,-1.30039,-1.41449
8|1197|8|1197|sample|5|103|5|103|65.0,1.36,646,6,5,0,0,1,122610,645.636,0.646954,58573.2,48381.6,643.744,644.164,0.0169166,0.0137675
8|1197|8|1197|sample|5|103|5|103|65.0,6.8,580,7,5,0,0,1,122610,645.636,0.646954,27209.2,19873.5,596.322,596.322,-0.12575,-0.125751
8|1197|8|1197|sample|5|103|5|103|65.0,34,628,8,5,0,0,1,122610,645.636,0.646954,9175.99,6161.53,499.425,499.425,1.04957,1.04957
8|1197|8|1197|sample|12|103|12|103|28.0,0.0014272,64032,1,12,0,0,1,122610,645.636,0.646954,65628.5,65778.6,57511.9,57520.9,1.47766,1.47539
8|1197|8|1197|sample|12|103|12|103|28.0,0.007136,55335,2,12,0,0,1,122610,645.636,0.646954,82350.4,82886.5,54758.3,54784.3,0.137144,0.130903
8|1197|8|1197|sample|12|103|12|103|28.0,0.03568,22894,3,12,0,0,1,122610,645.636,0.646954,84193.5,85702.1,24391.2,24424.3,-0.779709,-0.79588
8|1197|8|1197|sample|12|103|12|103|28.0,0.1784,2488,4,12,0,0,1,122610,645.636,0.646954,74340.4,77706.8,2372.07,2378.53,0.440119,0.414833
8|1197|8|1197|sample|12|103|12|103|28.0,0.892,422,5,12,0,0,1,122610,645.636,0.646954,52419.9,57373.3,495.109,495.126,-0.598383,-0.598516
8|1197|8|1197|sample|12|103|12|103|28.0,4.46,484,6,12,0,0,1,122610,645.636,0.646954,27087.9,31021.9,480.694,480.694,0.0273039,0.0273039
8|1197|8|1197|sample|12|103|12|103|28.0,22.3,418,7,12,0,0,1,122610,645.636,0.646954,10504.1,12235.5,445.614,445.614,-0.233119,-0.233119
8|1197|8|1197|sample|12|103|12|103|28.0,111.5,586,8,12,0,0,1,122610,645.636,0.646954,3151.25,3625.21,348.718,348.718,2.13455,2.13455
8|1197|8|1197|sample|10|103|10|103|28.0,0.0004479999999999,78110,1,10,0,0,1,122610,645.636,0.646954,91081.9,91179.2,86480.9,86506.1,-1.26982,-1.27328
8|1197|8|1197|sample|10|103|10|103|28.0,0.00224,84573,2,10,0,0,1,122610,645.636,0.646954,108511,108844,92376.8,92460.2,-1.10915,-1.12001
8|1197|8|1197|sample|10|103|10|103|28.0,0.0111999999999999,58621,3,10,0,0,1,122610,645.636,0.646954,112279,113254,68358.4,68547.3,-1.86234,-1.89332
8|1197|8|1197|sample|10|103|10|103|28.0,0.0559999999999999,24817,4,10,0,0,1,122610,645.636,0.646954,106421,108924,23920.6,24114.6,0.47558,0.369802
8|1197|8|1197|sample|10|103|10|103|28.0,0.2799999999999999,1870,5,10,0,0,1,122610,645.636,0.646954,87832.7,92844.3,1755.43,1781.54,0.527944,0.40398
8|1197|8|1197|sample|10|103|10|103|28.0,1.4,510,6,10,0,0,1,122610,645.636,0.646954,56334.3,62544,614.423,614.471,-0.796178,-0.796521
8|1197|8|1197|sample|10|103|10|103|28.0,7,484,7,10,0,0,1,122610,645.636,0.646954,25999.8,30019.1,578.468,578.468,-0.735448,-0.735448
8|1197|8|1197|sample|10|103|10|103|28.0,111.5,602,8,10,0,0,1,122610,645.636,0.646954,4351.81,5006.35,481.573,481.573,0.993962,0.993962
8|1197|8|1197|sample|9|103|9|103|28.0,0.0004479999999999,78594,1,9,0,0,1,122610,645.636,0.646954,93562.1,93662,88874.3,88866.4,-1.518,-1.51696
8|1197|8|1197|sample|9|103|9|103|28.0,0.00224,83899,2,9,0,0,1,122610,645.636,0.646954,110971,111312,94597.9,94571.7,-1.48534,-1.48212
8|1197|8|1197|sample|9|103|9|103|28.0,0.0111999999999999,69732,3,9,0,0,1,122610,645.636,0.646954,114679,115675,70108.1,70047.6,-0.070163,-0.0589204
8|1197|8|1197|sample|9|103|9|103|28.0,0.0559999999999999,27611,4,9,0,0,1,122610,645.636,0.646954,108655,111209,24723.8,24657.4,1.48424,1.52224
8|1197|8|1197|sample|9|103|9|103|28.0,0.2799999999999999,1566,5,9,0,0,1,122610,645.636,0.646954,89675.9,94792.6,1834.63,1824.12,-1.20478,-1.16178
8|1197|8|1197|sample|9|103|9|103|28.0,1.4,560,6,9,0,0,1,122610,645.636,0.646954,57538.4,63880.7,627.641,627.615,-0.511848,-0.511658
8|1197|8|1197|sample|9|103|9|103|28.0,7,566,7,9,0,0,1,122610,645.636,0.646954,26589.2,30699.6,591.582,591.582,-0.197638,-0.197638
8|1197|8|1197|sample|9|103|9|103|28.0,35,568,8,9,0,0,1,122610,645.636,0.646954,8933.12,10396.1,494.686,494.686,0.600218,0.600218
8|1197|8|1197|sample|3|103|3|103|22.0,0.0010624,83416,1,3,0,0,1,122610,645.636,0.646954,90782.1,91238.2,87489.6,87469.7,-0.610911,-0.608065
8|1197|8|1197|sample|3|103|3|103|22.0,0.005312,89383,2,3,0,0,1,122610,645.636,0.646954,107436,108847,92203.7,92121.2,-0.401652,-0.39024
8|1197|8|1197|sample|3|103|3|103|22.0,0.02656,58909,3,3,0,0,1,122610,645.636,0.646954,109030,112397,58745.8,58543.5,0.0362331,0.0814097
8|1197|8|1197|sample|3|103|3|103|22.0,0.1328,9266,4,3,0,0,1,122610,645.636,0.646954,98122,103616,9354.2,9245.44,-0.111812,0.0263373
8|1197|8|1197|sample|3|103|3|103|22.0,0.664,850,5,3,0,0,1,122610,645.636,0.646954,72442.1,75318.9,643.743,643.071,1.5466,1.55222
8|1197|8|1197|sample|3|103|3|103|22.0,3.32,606,6,3,0,0,1,122610,645.636,0.646954,39690,35687.1,613.529,613.529,-0.0574352,-0.0574352
8|1197|8|1197|sample|3|103|3|103|22.0,16.6,578,7,3,0,0,1,122610,645.636,0.646954,16179.3,11344.4,578.45,578.45,-0.00350459,-0.00350459
8|1197|8|1197|sample|3|103|3|103|22.0,83,552,8,3,0,0,1,122610,645.636,0.646954,5185.81,2918.5,481.558,481.558,0.58141,0.58141
8|1197|8|1197|sample|4|103|4|103|22.0,0.0010624,79953,1,4,0,0,1,122610,645.636,0.646954,93254.1,93722.6,89581.8,89572.7,-1.4107,-1.40951
8|1197|8|1197|sample|4|103|4|103|22.0,0.005312,90004,2,4,0,0,1,122610,645.636,0.646954,109872,111314,93095.9,93058.6,-0.436094,-0.431008
8|1197|8|1197|sample|4|103|4|103|22.0,0.02656,58715,3,4,0,0,1,122610,645.636,0.646954,111361,114799,57082.5,56996.2,0.372712,0.392993
8|1197|8|1197|sample|4|103|4|103|22.0,0.1328,7962,4,4,0,0,1,122610,645.636,0.646954,100181,105790,8006.27,7968.73,-0.064408,-0.0098258
8|1197|8|1197|sample|4|103|4|103|22.0,0.664,770,5,4,0,0,1,122610,645.636,0.646954,73962.3,76899.4,648.168,648.058,0.91127,0.912152
8|1197|8|1197|sample|4|103|4|103|22.0,3.32,568,6,4,0,0,1,122610,645.636,0.646954,40538.3,36449.9,626.642,626.642,-0.444006,-0.444006
8|1197|8|1197|sample|4|103|4|103|22.0,16.6,564,7,4,0,0,1,122610,645.636,0.646954,16546.1,11601.6,591.563,591.563,-0.212949,-0.212949
8|1197|8|1197|sample|4|103|4|103|22.0,83,596,8,4,0,0,1,122610,645.636,0.646954,5327.02,2997.97,494.671,494.671,0.829586,0.829586
8|1197|8|1197|sample|11|103|11|103|28.0,0.0014272,67698,1,11,0,0,1,122610,645.636,0.646954,83908.7,84100.6,73166.2,73179,-0.978149,-0.980277
8|1197|8|1197|sample|11|103|11|103|28.0,0.007136,59779,2,11,0,0,1,122610,645.636,0.646954,100301,100954,65678.3,65713.3,-1.17354,-1.17988
8|1197|8|1197|sample|11|103|11|103|28.0,0.03568,23906,3,11,0,0,1,122610,645.636,0.646954,101206,103020,27996.7,28039.4,-1.86658,-1.8833
8|1197|8|1197|sample|11|103|11|103|28.0,0.1784,2906,4,11,0,0,1,122610,645.636,0.646954,89015,93046,2550.58,2558.28,1.28385,1.25339
8|1197|8|1197|sample|11|103|11|103|28.0,0.892,526,5,11,0,0,1,122610,645.636,0.646954,62767.6,68698.7,591.727,591.744,-0.507752,-0.50788
8|1197|8|1197|sample|11|103|11|103|28.0,4.46,512,6,11,0,0,1,122610,645.636,0.646954,32561.5,37290.4,577.826,577.826,-0.512655,-0.512655
8|1197|8|1197|sample|11|103|11|103|28.0,22.3,520,7,11,0,0,1,122610,645.636,0.646954,12793.7,14902.5,542.746,542.746,-0.180863,-0.180863
8|1197|8|1197|sample|11|103|11|103|28.0,35,602,8,11,0,0,1,122610,645.636,0.646954,8051.24,9369.8,445.85,445.85,1.31804,1.31804
8|1197|8|1197|cc|1|1|103|1|103|69.0,0,606,1,1,0,1,0,122610,645.636,0.646954,348.706,348.706,348.706,348.706,2.3146,2.3146
8|1197|8|1197|cc|2|1|103|1|103|69.0,0,666,2,1,0,1,0,122610,645.636,0.646954,445.598,445.598,445.598,445.598,1.86069,1.86069
8|1197|8|1197|cc|3|1|103|1|103|69.0,0,676,3,1,0,1,0,122610,645.636,0.646954,480.676,480.676,480.676,480.676,1.61302,1.61302
8|1197|8|1197|cc|4|1|103|1|103|69.0,0,624,4,1,0,1,0,122610,645.636,0.646954,492.043,492.043,492.043,492.043,1.08209,1.08209
8|1197|8|1197|cc|5|1|103|1|103|69.0,0,566,5,1,0,1,0,122610,645.636,0.646954,492.043,492.043,492.043,492.043,0.60647,0.60647
8|1197|8|1197|cc|6|1|103|1|103|69.0,0,622,6,1,0,1,0,122610,645.636,0.646954,480.676,480.676,480.676,480.676,1.16708,1.16708
8|1197|8|1197|cc|7|1|103|1|103|69.0,0,690,7,1,0,1,0,122610,645.636,0.646954,445.598,445.598,445.598,445.598,2.0633,2.0633
8|1197|8|1197|cc|8|1|103|1|103|69.0,0,642,8,1,0,1,0,122610,645.636,0.646954,348.706,348.706,348.706,348.706,2.63846,2.63846
8|1197|8|1197|vc|1|2|103|2|103|69.0,0,87946,1,2,1,0,0,122610,645.636,0.646954,84666.5,84666.5,84666.5,84666.5,0.508008,0.508008
8|1197|8|1197|vc|2|2|103|2|103|69.0,0,107862,2,2,1,0,0,122610,645.636,0.646954,103067,103067,103067,103067,0.61161,0.61161
8|1197|8|1197|vc|3|2|103|2|103|69.0,0,103669,3,2,1,0,0,122610,645.636,0.646954,109729,109729,109729,109729,-0.72643,-0.72643
8|1197|8|1197|vc|4|2|103|2|103|69.0,0,103811,4,2,1,0,0,122610,645.636,0.646954,111887,111887,111887,111887,-0.949689,-0.949689
8|1197|8|1197|vc|5|2|103|2|103|69.0,0,109061,5,2,1,0,0,122610,645.636,0.646954,111887,111887,111887,111887,-0.332325,-0.332325
8|1197|8|1197|vc|6|2|103|2|103|69.0,0,103883,6,2,1,0,0,122610,645.636,0.646954,109729,109729,109729,109729,-0.700775,-0.700775
8|1197|8|1197|vc|7|2|103|2|103|69.0,0,108538,7,2,1,0,0,122610,645.636,0.646954,103067,103067,103067,103067,0.697832,0.697832
8|1197|8|1197|vc|8|2|103|2|103|69.0,0,81945,8,2,1,0,0,122610,645.636,0.646954,84666.5,84666.5,84666.5,84666.5,-0.421561,-0.421561
