rep,id,f,h,L_gap,eta_alpha,goes_down,mab_virus,run_id
1,411|4,0.389953,1.528,-7.42225e-07,0.0237031,True,70.0|274,411
1,411|3,0.389953,1.528,-7.68538e-07,0.0237031,True,70.0|274,411
1,411|5,0.389953,1.528,-7.3884e-07,0.0237031,True,70.0|274,411
1,411|6,0.389953,1.528,-7.6839e-07,0.0237031,True,70.0|274,411
1,411|8,0.389953,1.528,-7.71692e-07,0.0237031,True,70.0|274,411
1,411|7,0.389953,1.528,-6.99183e-07,0.0237031,True,70.0|274,411
1,411|9,0.389953,1.528,-7.56921e-07,0.0237031,True,70.0|274,411
1,411|10,0.389953,1.528,-7.8508e-07,0.0237031,True,70.0|274,411
1,411|12,0.389953,1.528,-7.7675e-07,0.0237031,True,70.0|274,411
1,411|11,0.389953,1.528,-7.00597e-07,0.0237031,True,70.0|274,411
1,411|1,0.195435,1.528,1.29183e-06,0.0237031,False,69.0|274,411
1,411|2,0.195435,1.528,1.26146e-06,0.0237031,False,69.0|274,411
1,783|3,0.195435,1.528,-1.58491e-07,0.010685,True,6.0|71,783
1,783|4,0.195435,1.528,-1.47783e-07,0.010685,True,6.0|71,783
1,783|5,0.195435,1.528,-2.17216e-07,0.010685,True,6.0|71,783
1,783|6,0.195435,1.528,-1.76707e-07,0.010685,True,6.0|71,783
1,783|7,0.195435,1.528,-1.38038e-07,0.010685,True,6.0|71,783
1,783|8,0.195435,1.528,-1.37077e-07,0.010685,True,6.0|71,783
1,783|10,0.195435,1.528,-1.87118e-07,0.010685,True,6.0|71,783
1,783|9,0.195435,1.528,-2.46824e-07,0.010685,True,6.0|71,783
1,783|12,0.195435,1.528,-2.05812e-07,0.010685,True,6.0|71,783
1,783|11,0.195435,1.528,-1.98923e-07,0.010685,True,6.0|71,783
1,783|1,0.195437,1.528,5.94595e-07,0.010685,False,69.0|71,783
1,783|2,0.195437,1.528,6.38171e-07,0.010685,False,69.0|71,783
1,491|10,0.195435,1.528,-2.7524e-07,0.0236977,True,6.0|99,491
1,491|9,0.195435,1.528,-2.86118e-07,0.0236977,True,6.0|99,491
1,491|12,0.195435,1.528,-3.1658e-07,0.0236977,True,6.0|99,491
1,491|11,0.195435,1.528,-3.11739e-07,0.0236977,True,6.0|99,491
1,491|4,0.195435,1.528,-1.28202e-06,0.0236977,True,44.0|99,491
1,491|3,0.195435,1.528,-1.27802e-06,0.0236977,True,44.0|99,491
1,491|6,0.195435,1.528,-1.26759e-06,0.0236977,True,44.0|99,491
1,491|5,0.195435,1.528,-1.30817e-06,0.0236977,True,44.0|99,491
1,491|7,0.195436,1.528,2.85224e-06,0.0236977,True,63.0|99,491
1,491|8,0.195436,1.528,2.79852e-06,0.0236977,True,63.0|99,491
1,491|1,0.195435,1.528,7.84241e-07,0.0236977,False,69.0|99,491
1,491|2,0.195435,1.528,7.82986e-07,0.0236977,False,69.0|99,491
1,433|4,0.195435,1.528,-2.82602e-07,0.023698,True,6.0|99,433
1,433|3,0.195435,1.528,-2.72463e-07,0.023698,True,6.0|99,433
1,433|6,0.195435,1.528,-3.57e-07,0.023698,True,6.0|99,433
1,433|5,0.195435,1.528,-2.14678e-07,0.023698,True,6.0|99,433
1,433|8,0.195435,1.528,-2.75373e-07,0.023698,True,6.0|99,433
1,433|7,0.195435,1.528,-2.64409e-07,0.023698,True,6.0|99,433
1,433|10,0.195435,1.528,-3.75939e-07,0.023698,True,6.0|99,433
1,433|9,0.195435,1.528,-3.66313e-07,0.023698,True,6.0|99,433
1,433|11,0.195435,1.528,-3.73102e-07,0.023698,True,6.0|99,433
1,433|12,0.195435,1.528,-3.8034e-07,0.023698,True,6.0|99,433
1,433|1,0.195435,1.528,7.03375e-07,0.023698,False,69.0|99,433
1,433|2,0.195435,1.528,8.4349e-07,0.023698,False,69.0|99,433
1,297|3,0.195435,1.528,-1.56928e-07,0.0236976,True,6.0|71,297
1,297|4,0.195435,1.528,-1.76698e-07,0.0236976,True,6.0|71,297
1,297|5,0.195435,1.528,-1.70183e-07,0.0236976,True,6.0|71,297
1,297|6,0.195435,1.528,-2.55326e-07,0.0236976,True,6.0|71,297
1,297|8,0.195435,1.528,-2.02629e-07,0.0236976,True,6.0|71,297
1,297|7,0.195435,1.528,-1.97141e-07,0.0236976,True,6.0|71,297
1,297|9,0.195435,1.528,-2.08538e-07,0.0236976,True,6.0|71,297
1,297|10,0.195435,1.528,-2.30451e-07,0.0236976,True,6.0|71,297
1,297|12,0.195435,1.528,-2.19078e-07,0.0236976,True,6.0|71,297
1,297|11,0.195435,1.528,-2.33051e-07,0.0236976,True,6.0|71,297
1,297|1,0.195437,1.528,7.46302e-07,0.0236976,False,69.0|71,297
1,297|2,0.195437,1.528,6.4541e-07,0.0236976,False,69.0|71,297
1,183|4,0.604726,1.528,7.85059e-07,0.0237025,True,6.0|233,183
1,183|3,0.604726,1.528,8.47546e-07,0.0237025,True,6.0|233,183
1,183|6,0.604726,1.528,8.27356e-07,0.0237025,True,6.0|233,183
1,183|5,0.604726,1.528,8.10081e-07,0.0237025,True,6.0|233,183
1,183|7,0.604726,1.528,7.96541e-07,0.0237025,True,6.0|233,183
1,183|8,0.604726,1.528,8.15204e-07,0.0237025,True,6.0|233,183
1,183|10,0.604726,1.528,8.23044e-07,0.0237025,True,6.0|233,183
1,183|9,0.604726,1.528,8.85072e-07,0.0237025,True,6.0|233,183
1,183|12,0.604726,1.528,8.09916e-07,0.0237025,True,6.0|233,183
1,183|11,0.604726,1.528,8.13524e-07,0.0237025,True,6.0|233,183
1,183|1,0.195435,1.528,-5.56169e-07,0.0237025,False,69.0|233,183
1,183|2,0.195435,1.528,-5.69737e-07,0.0237025,False,69.0|233,183
1,705|3,0.604726,1.528,8.03648e-07,0.0236975,False,6.0|233,705
1,705|4,0.604726,1.528,7.47675e-07,0.0236975,False,6.0|233,705
1,705|5,0.604726,1.528,8.71878e-07,0.0236975,False,6.0|233,705
1,705|6,0.604726,1.528,7.59863e-07,0.0236975,False,6.0|233,705
1,705|7,0.604726,1.528,8.17903e-07,0.0236975,False,6.0|233,705
1,705|8,0.604726,1.528,8.17222e-07,0.0236975,False,6.0|233,705
1,705|10,0.604726,1.528,8.32239e-07,0.0236975,True,6.0|233,705
1,705|9,0.604726,1.528,8.30332e-07,0.0236975,True,6.0|233,705
1,705|12,0.604726,1.528,8.94958e-07,0.0236975,True,6.0|233,705
1,705|11,0.604726,1.528,8.84215e-07,0.0236975,True,6.0|233,705
1,705|1,0.195435,1.528,-5.93625e-07,0.0236975,False,69.0|233,705
1,705|2,0.195435,1.528,-6.04431e-07,0.0236975,False,69.0|233,705
1,555|4,0.604726,1.528,7.61042e-07,0.023698,True,6.0|233,555
1,555|3,0.604726,1.528,7.72333e-07,0.023698,True,6.0|233,555
1,555|5,0.604726,1.528,8.12459e-07,0.023698,True,6.0|233,555
1,555|6,0.604726,1.528,8.94735e-07,0.023698,True,6.0|233,555
1,555|7,0.604726,1.528,8.09765e-07,0.023698,True,6.0|233,555
1,555|8,0.604726,1.528,8.06831e-07,0.023698,True,6.0|233,555
1,555|9,0.604726,1.528,7.9891e-07,0.023698,True,6.0|233,555
1,555|10,0.604726,1.528,8.70853e-07,0.023698,True,6.0|233,555
1,555|12,0.604726,1.528,8.75162e-07,0.023698,True,6.0|233,555
1,555|11,0.604726,1.528,8.0968e-07,0.023698,True,6.0|233,555
1,555|1,0.195435,1.528,-5.69581e-07,0.023698,False,69.0|233,555
1,555|2,0.195435,1.528,-5.18316e-07,0.023698,False,69.0|233,555
1,394|5,0.195435,1.528,-3.26578e-07,0.0236959,True,6.0|42,394
1,394|6,0.195435,1.528,-3.75497e-07,0.0236959,True,6.0|42,394
1,394|7,0.195435,1.528,-2.61043e-07,0.0236959,True,6.0|42,394
1,394|8,0.195435,1.528,-2.54148e-07,0.0236959,True,6.0|42,394
1,394|10,0.195435,1.528,-2.1852e-07,0.0236959,True,6.0|42,394
1,394|9,0.195435,1.528,-3.1916e-07,0.0236959,True,6.0|42,394
1,394|12,0.195435,1.528,-2.46624e-07,0.0236959,True,6.0|42,394
1,394|11,0.195435,1.528,-2.45753e-07,0.0236959,True,6.0|42,394
1,394|3,0.195436,1.528,8.56065e-09,0.0236959,True,63.0|42,394
1,394|4,0.195436,1.528,3.38512e-08,0.0236959,True,63.0|42,394
1,394|1,0.195444,1.528,-1.04103e-06,0.0236959,False,69.0|42,394
1,394|2,0.195444,1.528,-1.0772e-06,0.0236959,False,69.0|42,394
1,1099|3,3.83788,1.528,2.03887e-09,0.0236991,True,6.0|73,1099
1,1099|4,3.83788,1.528,3.91357e-08,0.0236991,True,6.0|73,1099
1,1099|5,3.83788,1.528,-7.64863e-08,0.0236991,True,6.0|73,1099
1,1099|6,3.83788,1.528,1.38409e-08,0.0236991,True,6.0|73,1099
1,1099|8,3.83788,1.528,-1.23876e-08,0.0236991,True,6.0|73,1099
1,1099|7,3.83788,1.528,-9.06635e-08,0.0236991,True,6.0|73,1099
1,1099|9,3.83788,1.528,-4.1004e-08,0.0236991,True,6.0|73,1099
1,1099|10,3.83788,1.528,-5.74677e-08,0.0236991,True,6.0|73,1099
1,1099|11,3.83788,1.528,-2.79906e-08,0.0236991,True,6.0|73,1099
1,1099|12,3.83788,1.528,-4.63341e-08,0.0236991,True,6.0|73,1099
1,1099|1,0.195433,1.528,-2.16986e-06,0.0236991,False,69.0|73,1099
1,1099|2,0.195433,1.528,-2.15808e-06,0.0236991,False,69.0|73,1099
1,611|4,3.83788,1.528,-6.25072e-08,0.00908676,True,6.0|73,611
1,611|3,3.83788,1.528,-4.25424e-08,0.00908676,True,6.0|73,611
1,611|5,3.83788,1.528,-4.211e-09,0.00908676,True,6.0|73,611
1,611|6,3.83788,1.528,1.90219e-09,0.00908676,True,6.0|73,611
1,611|7,3.83788,1.528,-6.55793e-09,0.00908676,True,6.0|73,611
1,611|8,3.83788,1.528,7.73654e-08,0.00908676,True,6.0|73,611
1,611|9,3.83788,1.528,2.97299e-08,0.00908676,True,6.0|73,611
1,611|10,3.83788,1.528,-8.4231e-09,0.00908676,True,6.0|73,611
1,611|12,3.83788,1.528,-2.96689e-08,0.00908676,True,6.0|73,611
1,611|11,3.83788,1.528,-5.3434e-08,0.00908676,True,6.0|73,611
1,611|1,0.195433,1.528,-2.20255e-06,0.00908676,False,69.0|73,611
1,611|2,0.195433,1.528,-2.1733e-06,0.00908676,False,69.0|73,611
1,84|5,0.942632,1.528,4.16447e-07,0.0237,True,55.0|162,84
1,84|6,0.942632,1.528,3.61682e-07,0.0237,True,55.0|162,84
1,84|4,0.942632,1.528,3.94264e-07,0.0237,True,55.0|162,84
1,84|3,0.942632,1.528,3.56814e-07,0.0237,True,55.0|162,84
1,84|9,0.195435,1.528,-1.23661e-06,0.0237,True,32.0|162,84
1,84|10,0.195435,1.528,-1.19291e-06,0.0237,True,32.0|162,84
1,84|7,0.195435,1.528,-1.19836e-06,0.0237,True,32.0|162,84
1,84|8,0.195435,1.528,-1.10306e-06,0.0237,True,32.0|162,84
1,84|12,0.431012,1.528,1.25168e-06,0.0237,True,22.0|162,84
1,84|11,0.431012,1.528,1.22735e-06,0.0237,True,22.0|162,84
1,84|1,0.195435,1.528,1.11524e-06,0.0237,False,69.0|162,84
1,84|2,0.195435,1.528,1.14842e-06,0.0237,False,69.0|162,84
1,1042|8,0.425032,1.528,7.36446e-07,0.0236947,True,65.0|162,1042
1,1042|7,0.425032,1.528,7.54076e-07,0.0236947,True,65.0|162,1042
1,1042|6,0.425032,1.528,7.68076e-07,0.0236947,True,65.0|162,1042
1,1042|5,0.425032,1.528,8.52197e-07,0.0236947,True,65.0|162,1042
1,1042|12,0.284042,1.528,8.4468e-07,0.0236947,True,28.0|162,1042
1,1042|11,0.284042,1.528,8.53716e-07,0.0236947,True,28.0|162,1042
1,1042|9,0.284042,1.528,7.99786e-07,0.0236947,True,28.0|162,1042
1,1042|10,0.284042,1.528,8.03324e-07,0.0236947,True,28.0|162,1042
1,1042|4,0.431012,1.528,1.18669e-06,0.0236947,True,22.0|162,1042
1,1042|3,0.431012,1.528,1.16909e-06,0.0236947,True,22.0|162,1042
1,1042|1,0.195435,1.528,1.17809e-06,0.0236947,False,69.0|162,1042
1,1042|2,0.195435,1.528,1.17159e-06,0.0236947,False,69.0|162,1042
1,719|5,1.06518,1.528,8.93297e-07,0.0236986,True,55.0|274,719
1,719|6,1.06518,1.528,8.90189e-07,0.0236986,True,55.0|274,719
1,719|3,1.06518,1.528,7.94123e-07,0.0236986,True,55.0|274,719
1,719|4,1.06518,1.528,7.59361e-07,0.0236986,True,55.0|274,719
1,719|10,0.195436,1.528,-1.85953e-06,0.0236986,True,32.0|274,719
1,719|9,0.195436,1.528,-1.90997e-06,0.0236986,True,32.0|274,719
1,719|8,0.195436,1.528,-1.92603e-06,0.0236986,True,32.0|274,719
1,719|7,0.195436,1.528,-1.82833e-06,0.0236986,True,32.0|274,719
1,719|12,0.104518,1.528,-2.87334e-08,0.0236986,True,22.0|274,719
1,719|11,0.104518,1.528,-8.62488e-08,0.0236986,True,22.0|274,719
1,719|1,0.195435,1.528,1.25166e-06,0.0236986,False,69.0|274,719
1,719|2,0.195435,1.528,1.32924e-06,0.0236986,False,69.0|274,719
1,863|7,0.195436,1.528,1.06422e-06,0.0237015,True,65.0|274,863
1,863|8,0.195436,1.528,1.02875e-06,0.0237015,True,65.0|274,863
1,863|6,0.195436,1.528,1.06887e-06,0.0237015,True,65.0|274,863
1,863|5,0.195436,1.528,1.03939e-06,0.0237015,True,65.0|274,863
1,863|11,0.103875,1.528,4.47286e-07,0.0237015,True,28.0|274,863
1,863|12,0.103875,1.528,5.18813e-07,0.0237015,True,28.0|274,863
1,863|9,0.103875,1.528,5.63202e-07,0.0237015,True,28.0|274,863
1,863|10,0.103875,1.528,5.37735e-07,0.0237015,True,28.0|274,863
1,863|3,0.104518,1.528,-7.06728e-08,0.0237015,True,22.0|274,863
1,863|4,0.104518,1.528,-3.60742e-08,0.0237015,True,22.0|274,863
1,863|1,0.195435,1.528,1.33812e-06,0.0237015,False,69.0|274,863
1,863|2,0.195435,1.528,1.31302e-06,0.0237015,False,69.0|274,863
1,488|6,0.195435,1.528,1.39937e-07,0.0236978,True,55.0|322,488
1,488|5,0.195435,1.528,1.54589e-07,0.0236978,True,55.0|322,488
1,488|4,0.195435,1.528,1.09701e-07,0.0236978,True,55.0|322,488
1,488|3,0.195435,1.528,1.58165e-07,0.0236978,True,55.0|322,488
1,488|10,0.195437,1.528,-1.46404e-06,0.0236978,True,32.0|322,488
1,488|9,0.195437,1.528,-1.53405e-06,0.0236978,True,32.0|322,488
1,488|8,0.195437,1.528,-1.48755e-06,0.0236978,True,32.0|322,488
1,488|7,0.195437,1.528,-1.51442e-06,0.0236978,True,32.0|322,488
1,488|11,0.195435,1.528,3.2415e-07,0.0236978,True,22.0|322,488
1,488|12,0.195435,1.528,2.61473e-07,0.0236978,True,22.0|322,488
1,488|1,0.195433,1.528,-9.28542e-08,0.0236978,False,69.0|322,488
1,488|2,0.195433,1.528,-5.70481e-08,0.0236978,False,69.0|322,488
1,152|8,0.195434,1.528,6.41804e-07,0.023697,True,65.0|322,152
1,152|7,0.195434,1.528,6.74292e-07,0.023697,True,65.0|322,152
1,152|6,0.195434,1.528,6.62007e-07,0.023697,True,65.0|322,152
1,152|5,0.195434,1.528,7.02218e-07,0.023697,True,65.0|322,152
1,152|12,0.195436,1.528,3.7628e-07,0.023697,True,28.0|322,152
1,152|11,0.195436,1.528,3.26865e-07,0.023697,True,28.0|322,152
1,152|10,0.195436,1.528,2.88575e-07,0.023697,True,28.0|322,152
1,152|9,0.195436,1.528,3.13202e-07,0.023697,True,28.0|322,152
1,152|3,0.195435,1.528,3.94319e-07,0.023697,True,22.0|322,152
1,152|4,0.195435,1.528,3.16302e-07,0.023697,True,22.0|322,152
1,152|1,0.195433,1.528,-1.27567e-07,0.023697,False,69.0|322,152
1,152|2,0.195433,1.528,-5.13294e-08,0.023697,False,69.0|322,152
1,847|6,0.195435,1.528,-2.3054e-06,0.0151572,True,55.0|69,847
1,847|3,0.195435,1.528,-2.40553e-06,0.0151572,True,55.0|69,847
1,847|4,0.195435,1.528,-2.2398e-06,0.0151572,True,55.0|69,847
1,847|10,0.195436,1.528,-1.53327e-06,0.0151572,True,32.0|69,847
1,847|9,0.195436,1.528,-1.49307e-06,0.0151572,True,32.0|69,847
1,847|7,0.195436,1.528,-1.52666e-06,0.0151572,True,32.0|69,847
1,847|8,0.195436,1.528,-1.43122e-06,0.0151572,True,32.0|69,847
1,847|12,0.195435,1.528,7.46465e-07,0.0151572,True,22.0|69,847
1,847|11,0.195435,1.528,7.38323e-07,0.0151572,True,22.0|69,847
1,847|5,0.195435,1.528,-2.29203e-06,0.0151572,True,55.0|69,847
1,847|1,0.195434,1.528,6.57956e-07,0.0151572,False,69.0|69,847
1,847|2,0.195434,1.528,6.98559e-07,0.0151572,False,69.0|69,847
1,1241|8,0.195435,1.528,1.74451e-06,0.0236936,True,65.0|69,1241
1,1241|7,0.195435,1.528,1.82443e-06,0.0236936,True,65.0|69,1241
1,1241|5,0.195435,1.528,1.8159e-06,0.0236936,True,65.0|69,1241
1,1241|6,0.195435,1.528,1.71705e-06,0.0236936,True,65.0|69,1241
1,1241|11,0.195436,1.528,7.93107e-07,0.0236936,True,28.0|69,1241
1,1241|12,0.195436,1.528,8.13613e-07,0.0236936,True,28.0|69,1241
1,1241|9,0.195436,1.528,7.74392e-07,0.0236936,True,28.0|69,1241
1,1241|10,0.195436,1.528,8.00527e-07,0.0236936,True,28.0|69,1241
1,1241|3,0.195435,1.528,6.94956e-07,0.0236936,True,22.0|69,1241
1,1241|4,0.195435,1.528,7.22628e-07,0.0236936,True,22.0|69,1241
1,1241|1,0.195434,1.528,6.81346e-07,0.0236936,False,69.0|69,1241
1,1241|2,0.195434,1.528,6.33933e-07,0.0236936,False,69.0|69,1241
1,474|5,0.497113,1.528,-1.29394e-06,0.00332329,True,55.0|276,474
1,474|6,0.497113,1.528,-1.33555e-06,0.00332329,True,55.0|276,474
1,474|3,0.497113,1.528,-1.36611e-06,0.00332329,True,55.0|276,474
1,474|4,0.497113,1.528,-1.34463e-06,0.00332329,True,55.0|276,474
1,474|9,0.195436,1.528,9.37711e-07,0.00332329,True,32.0|276,474
1,474|10,0.195436,1.528,9.50695e-07,0.00332329,True,32.0|276,474
1,474|8,0.195436,1.528,8.6335e-07,0.00332329,True,32.0|276,474
1,474|7,0.195436,1.528,8.16129e-07,0.00332329,True,32.0|276,474
1,474|12,0.0897968,1.528,-5.43781e-07,0.00332329,True,22.0|276,474
1,474|11,0.0897968,1.528,-4.77463e-07,0.00332329,True,22.0|276,474
1,474|1,0.195429,1.528,-4.11399e-07,0.00332329,False,69.0|276,474
1,474|2,0.195429,1.528,-4.94144e-07,0.00332329,False,69.0|276,474
1,1056|8,0.10823,1.528,5.68159e-07,0.0410954,True,65.0|276,1056
1,1056|7,0.10823,1.528,5.75287e-07,0.0410954,True,65.0|276,1056
1,1056|6,0.10823,1.528,5.64579e-07,0.0410954,True,65.0|276,1056
1,1056|5,0.10823,1.528,5.85322e-07,0.0410954,True,65.0|276,1056
1,1056|12,0.195436,1.528,-1.89854e-06,0.0410954,True,28.0|276,1056
1,1056|11,0.195436,1.528,-1.85592e-06,0.0410954,True,28.0|276,1056
1,1056|10,0.195436,1.528,-1.88425e-06,0.0410954,True,28.0|276,1056
1,1056|9,0.195436,1.528,-1.8479e-06,0.0410954,True,28.0|276,1056
1,1056|4,0.0897968,1.528,-5.27346e-07,0.0410954,True,22.0|276,1056
1,1056|3,0.0897968,1.528,-6.24005e-07,0.0410954,True,22.0|276,1056
1,1056|1,0.195429,1.528,-5.52036e-07,0.0410954,False,69.0|276,1056
1,1056|2,0.195429,1.528,-5.14496e-07,0.0410954,False,69.0|276,1056
1,462|6,2.16352,1.528,6.30914e-07,0.0236974,True,55.0|292,462
1,462|5,2.16352,1.528,6.37994e-07,0.0236974,True,55.0|292,462
1,462|4,2.16352,1.528,7.03693e-07,0.0236974,True,55.0|292,462
1,462|3,2.16352,1.528,6.55595e-07,0.0236974,True,55.0|292,462
1,462|9,0.0157548,1.528,9.77085e-07,0.0236974,True,32.0|292,462
1,462|10,0.0157548,1.528,1.07737e-06,0.0236974,True,32.0|292,462
1,462|7,0.0157548,1.528,1.01497e-06,0.0236974,True,32.0|292,462
1,462|8,0.0157548,1.528,9.89104e-07,0.0236974,True,32.0|292,462
1,462|11,0.195435,1.528,3.3184e-07,0.0236974,True,22.0|292,462
1,462|12,0.195435,1.528,2.48878e-07,0.0236974,True,22.0|292,462
1,462|1,0.195435,1.528,1.21806e-06,0.0236974,False,69.0|292,462
1,462|2,0.195435,1.528,1.12435e-06,0.0236974,False,69.0|292,462
1,1159|8,0.195435,1.528,9.65802e-07,0.0483188,True,65.0|292,1159
1,1159|7,0.195435,1.528,9.56492e-07,0.0483188,True,65.0|292,1159
1,1159|5,0.195435,1.528,1.05531e-06,0.0483188,True,65.0|292,1159
1,1159|6,0.195435,1.528,9.7778e-07,0.0483188,True,65.0|292,1159
1,1159|11,0.0480231,1.528,1.20601e-06,0.0483188,True,28.0|292,1159
1,1159|12,0.0480231,1.528,1.2117e-06,0.0483188,True,28.0|292,1159
1,1159|9,0.0480231,1.528,1.13416e-06,0.0483188,True,28.0|292,1159
1,1159|10,0.0480231,1.528,1.17325e-06,0.0483188,True,28.0|292,1159
1,1159|4,0.195435,1.528,3.22246e-07,0.0483188,True,22.0|292,1159
1,1159|3,0.195435,1.528,2.73379e-07,0.0483188,True,22.0|292,1159
1,1159|1,0.195435,1.528,1.16165e-06,0.0483188,False,69.0|292,1159
1,1159|2,0.195435,1.528,1.16946e-06,0.0483188,False,69.0|292,1159
1,75|6,0.0158752,1.528,-1.2076e-06,-0.000256632,True,55.0|65,75
1,75|5,0.0158752,1.528,-1.17188e-06,-0.000256632,True,55.0|65,75
1,75|3,0.0158752,1.528,-1.17472e-06,-0.000256632,True,55.0|65,75
1,75|4,0.0158752,1.528,-1.25677e-06,-0.000256632,True,55.0|65,75
1,75|9,0.195435,1.528,-2.34878e-06,-0.000256632,True,32.0|65,75
1,75|10,0.195435,1.528,-2.25435e-06,-0.000256632,True,32.0|65,75
1,75|7,0.195435,1.528,-2.29697e-06,-0.000256632,True,32.0|65,75
1,75|8,0.195435,1.528,-2.30019e-06,-0.000256632,True,32.0|65,75
1,75|12,0.0269411,1.528,3.30572e-07,-0.000256632,True,22.0|65,75
1,75|11,0.0269411,1.528,3.65206e-07,-0.000256632,True,22.0|65,75
1,75|1,0.195433,1.528,-7.77397e-07,-0.000256632,False,69.0|65,75
1,75|2,0.195433,1.528,-8.25699e-07,-0.000256632,False,69.0|65,75
1,1017|7,0.195435,1.528,-1.80417e-06,0.0236978,True,65.0|65,1017
1,1017|8,0.195435,1.528,-1.84556e-06,0.0236978,True,65.0|65,1017
1,1017|5,0.195435,1.528,-1.8052e-06,0.0236978,True,65.0|65,1017
1,1017|6,0.195435,1.528,-1.75016e-06,0.0236978,True,65.0|65,1017
1,1017|12,0.195437,1.528,1.13397e-06,0.0236978,True,28.0|65,1017
1,1017|11,0.195437,1.528,1.12528e-06,0.0236978,True,28.0|65,1017
1,1017|10,0.195437,1.528,1.07916e-06,0.0236978,True,28.0|65,1017
1,1017|9,0.195437,1.528,1.10354e-06,0.0236978,True,28.0|65,1017
1,1017|4,0.0269411,1.528,4.10216e-07,0.0236978,True,22.0|65,1017
1,1017|3,0.0269411,1.528,3.65431e-07,0.0236978,True,22.0|65,1017
1,1017|1,0.195433,1.528,-7.99847e-07,0.0236978,False,69.0|65,1017
1,1017|2,0.195433,1.528,-7.90888e-07,0.0236978,False,69.0|65,1017
1,291|6,0.335155,1.528,-1.82711e-06,0.0582987,True,55.0|103,291
1,291|5,0.335155,1.528,-1.71114e-06,0.0582987,True,55.0|103,291
1,291|4,0.335155,1.528,-1.73285e-06,0.0582987,True,55.0|103,291
1,291|3,0.335155,1.528,-1.77888e-06,0.0582987,True,55.0|103,291
1,291|9,0.195436,1.528,-9.55174e-07,0.0582987,True,32.0|103,291
1,291|10,0.195436,1.528,-1.0499e-06,0.0582987,True,32.0|103,291
1,291|8,0.195436,1.528,-1.00385e-06,0.0582987,True,32.0|103,291
1,291|7,0.195436,1.528,-1.0298e-06,0.0582987,True,32.0|103,291
1,291|11,0.195435,1.528,-4.28476e-07,0.0582987,True,22.0|103,291
1,291|12,0.195435,1.528,-4.53863e-07,0.0582987,True,22.0|103,291
1,291|1,0.195447,1.528,-4.38985e-07,0.0582987,False,69.0|103,291
1,291|2,0.195447,1.528,-4.09468e-07,0.0582987,False,69.0|103,291
1,1197|7,0.195436,1.528,-1.21649e-06,0.0236965,True,65.0|103,1197
1,1197|8,0.195436,1.528,-1.21177e-06,0.0236965,True,65.0|103,1197
1,1197|6,0.195436,1.528,-1.10386e-06,0.0236965,True,65.0|103,1197
1,1197|5,0.195436,1.528,-1.12179e-06,0.0236965,True,65.0|103,1197
1,1197|12,0.195435,1.528,3.37947e-07,0.0236965,True,28.0|103,1197
1,1197|10,0.195435,1.528,3.98912e-07,0.0236965,True,28.0|103,1197
1,1197|9,0.195435,1.528,4.05442e-07,0.0236965,True,28.0|103,1197
1,1197|3,0.195435,1.528,-4.70874e-07,0.0236965,True,22.0|103,1197
1,1197|4,0.195435,1.528,-4.13138e-07,0.0236965,True,22.0|103,1197
1,1197|11,0.195435,1.528,3.94581e-07,0.0236965,True,28.0|103,1197
1,1197|1,0.195447,1.528,-4.76398e-07,0.0236965,False,69.0|103,1197
1,1197|2,0.195447,1.528,-4.21231e-07,0.0236965,False,69.0|103,1197
1,77|6,0.195435,1.528,5.9472e-07,0.0236976,True,55.0|218,77
1,77|5,0.195435,1.528,6.83239e-07,0.0236976,True,55.0|218,77
1,77|3,0.195435,1.528,6.80782e-07,0.0236976,True,55.0|218,77
1,77|4,0.195435,1.528,6.20793e-07,0.0236976,True,55.0|218,77
1,77|9,0.195436,1.528,8.06922e-07,0.0236976,True,32.0|218,77
1,77|10,0.195436,1.528,8.37166e-07,0.0236976,True,32.0|218,77
1,77|8,0.195436,1.528,8.12552e-07,0.0236976,True,32.0|218,77
1,77|7,0.195436,1.528,7.0223e-07,0.0236976,True,32.0|218,77
1,77|12,0.0283311,1.528,-1.92026e-07,0.0236976,True,22.0|218,77
1,77|11,0.0283311,1.528,-1.91877e-07,0.0236976,True,22.0|218,77
1,77|1,0.195436,1.528,-3.96268e-07,0.0236976,False,69.0|218,77
1,77|2,0.195436,1.528,-4.38503e-07,0.0236976,False,69.0|218,77
1,745|7,0.195436,1.528,-4.59595e-07,0.0236973,True,65.0|218,745
1,745|8,0.195436,1.528,-4.82687e-07,0.0236973,True,65.0|218,745
1,745|6,0.195436,1.528,-4.4297e-07,0.0236973,True,65.0|218,745
1,745|5,0.195436,1.528,-5.26493e-07,0.0236973,True,65.0|218,745
1,745|3,0.0283311,1.528,-2.34995e-07,0.0236973,True,22.0|218,745
1,745|11,0.195435,1.528,-1.16178e-06,0.0236973,True,28.0|218,745
1,745|12,0.195435,1.528,-1.19719e-06,0.0236973,True,28.0|218,745
1,745|10,0.195435,1.528,-1.19121e-06,0.0236973,True,28.0|218,745
1,745|9,0.195435,1.528,-1.12214e-06,0.0236973,True,28.0|218,745
1,745|4,0.0283311,1.528,-2.05408e-07,0.0236973,True,22.0|218,745
1,745|1,0.195436,1.528,-3.03329e-07,0.0236973,False,69.0|218,745
1,745|2,0.195436,1.528,-2.88521e-07,0.0236973,False,69.0|218,745
1,322|6,0.00643606,1.528,-5.24432e-07,-0.0300337,True,55.0|174,322
1,322|5,0.00643606,1.528,-4.53315e-07,-0.0300337,True,55.0|174,322
1,322|3,0.00643606,1.528,-4.86409e-07,-0.0300337,True,55.0|174,322
1,322|4,0.00643606,1.528,-5.77091e-07,-0.0300337,True,55.0|174,322
1,322|10,0.195435,1.528,3.00234e-07,-0.0300337,True,32.0|174,322
1,322|9,0.195435,1.528,3.54004e-07,-0.0300337,True,32.0|174,322
1,322|7,0.195435,1.528,3.33085e-07,-0.0300337,True,32.0|174,322
1,322|8,0.195435,1.528,3.1706e-07,-0.0300337,True,32.0|174,322
1,322|12,0.0164357,1.528,3.75294e-07,-0.0300337,True,22.0|174,322
1,322|11,0.0164357,1.528,3.56915e-07,-0.0300337,True,22.0|174,322
1,322|1,0.195433,1.528,-1.42588e-06,-0.0300337,False,69.0|174,322
1,322|2,0.195433,1.528,-1.49773e-06,-0.0300337,False,69.0|174,322
1,1043|6,0.0081899,1.528,-1.3572e-07,0.0236978,True,65.0|174,1043
1,1043|7,0.0081899,1.528,-1.4085e-07,0.0236978,True,65.0|174,1043
1,1043|8,0.0081899,1.528,-8.76468e-08,0.0236978,True,65.0|174,1043
1,1043|5,0.0081899,1.528,-1.27839e-07,0.0236978,True,65.0|174,1043
1,1043|11,0.0110375,1.528,-5.9567e-07,0.0236978,True,28.0|174,1043
1,1043|12,0.0110375,1.528,-5.3609e-07,0.0236978,True,28.0|174,1043
1,1043|10,0.0110375,1.528,-5.6182e-07,0.0236978,True,28.0|174,1043
1,1043|9,0.0110375,1.528,-5.46466e-07,0.0236978,True,28.0|174,1043
1,1043|4,0.0164357,1.528,3.19332e-07,0.0236978,True,22.0|174,1043
1,1043|3,0.0164357,1.528,3.66275e-07,0.0236978,True,22.0|174,1043
1,1043|1,0.195433,1.528,-1.3769e-06,0.0236978,False,69.0|174,1043
1,1043|2,0.195433,1.528,-1.45817e-06,0.0236978,False,69.0|174,1043
1,963|6,0.195435,1.528,-8.58729e-07,0.0236965,True,55.0|319,963
1,963|5,0.195435,1.528,-8.99176e-07,0.0236965,True,55.0|319,963
1,963|4,0.195435,1.528,-9.30407e-07,0.0236965,True,55.0|319,963
1,963|3,0.195435,1.528,-8.47225e-07,0.0236965,True,55.0|319,963
1,963|10,0.00785377,1.528,7.24885e-07,0.0236965,True,32.0|319,963
1,963|9,0.00785377,1.528,7.45141e-07,0.0236965,True,32.0|319,963
1,963|7,0.00785377,1.528,7.33192e-07,0.0236965,True,32.0|319,963
1,963|8,0.00785377,1.528,7.10839e-07,0.0236965,True,32.0|319,963
1,963|11,0.195436,1.528,3.62993e-07,0.0236965,True,22.0|319,963
1,963|12,0.195436,1.528,3.79864e-07,0.0236965,True,22.0|319,963
1,963|1,0.195442,1.528,3.56282e-07,0.0236965,False,69.0|319,963
1,963|2,0.195442,1.528,3.7838e-07,0.0236965,False,69.0|319,963
1,1260|8,0.195435,1.528,9.31238e-07,0.0236959,True,65.0|319,1260
1,1260|7,0.195435,1.528,9.07302e-07,0.0236959,True,65.0|319,1260
1,1260|6,0.195435,1.528,9.35979e-07,0.0236959,True,65.0|319,1260
1,1260|5,0.195435,1.528,9.94771e-07,0.0236959,True,65.0|319,1260
1,1260|11,0.0234279,1.528,2.8145e-07,0.0236959,True,28.0|319,1260
1,1260|12,0.0234279,1.528,2.8393e-07,0.0236959,True,28.0|319,1260
1,1260|10,0.0234279,1.528,2.65759e-07,0.0236959,True,28.0|319,1260
1,1260|9,0.0234279,1.528,1.67855e-07,0.0236959,True,28.0|319,1260
1,1260|4,0.195436,1.528,4.03152e-07,0.0236959,True,22.0|319,1260
1,1260|3,0.195436,1.528,3.84957e-07,0.0236959,True,22.0|319,1260
1,1260|1,0.195442,1.528,3.29312e-07,0.0236959,False,69.0|319,1260
1,1260|2,0.195442,1.528,2.52884e-07,0.0236959,False,69.0|319,1260
