rep,id,U,L,m,e,alpha,k,goes_down,mab_virus,run_id
1,8|84|cc|1|1|162,1,0.155866,1.62129,5.60132,0.0329227,3.08741e-13,False,69.0|162,84
1,8|84|cc|2|1|162,1,5.04678e-06,1.62129,5.60132,0.0329227,3.08741e-13,False,69.0|162,84
1,8|84|cc|3|1|162,1,5.16476e-05,1.62129,5.60132,0.0329227,3.08741e-13,False,69.0|162,84
1,8|84|cc|4|1|162,1,0.000903047,1.62129,5.60132,0.0329227,3.08741e-13,False,69.0|162,84
1,8|84|cc|5|1|162,1,96.2232,1.62129,5.60132,0.0329227,3.08741e-13,False,69.0|162,84
1,8|84|cc|6|1|162,1,9944.21,1.62129,5.60132,0.0329227,3.08741e-13,False,69.0|162,84
1,8|84|cc|7|1|162,1,26933400000000.0,1.62129,5.60132,0.0329227,3.08741e-13,False,69.0|162,84
1,8|84|cc|8|1|162,1,1.33163e-15,1.62129,5.60132,0.0329227,3.08741e-13,False,69.0|162,84
1,8|84|sample|10|162,1,2.92514e-07,1.11474,5.60135,0.0329227,3.08741e-13,True,32.0|162,84
1,8|84|sample|11|162,1,3.92334e-06,0.94374,5.60135,0.0329227,3.08741e-13,True,22.0|162,84
1,8|84|sample|12|162,1,1.92063e-10,0.94374,5.60135,0.0329227,3.08741e-13,True,22.0|162,84
1,8|84|sample|3|162,1,1.60945e-07,0.504156,5.60135,0.0329227,3.08741e-13,True,55.0|162,84
1,8|84|sample|4|162,1,0.000143787,0.504156,5.60135,0.0329227,3.08741e-13,True,55.0|162,84
1,8|84|sample|5|162,1,0.000460312,0.504156,5.60135,0.0329227,3.08741e-13,True,55.0|162,84
1,8|84|sample|6|162,1,3.5237e-10,0.504156,5.60135,0.0329227,3.08741e-13,True,55.0|162,84
1,8|84|sample|7|162,1,0.000200362,1.11474,5.60135,0.0329227,3.08741e-13,True,32.0|162,84
1,8|84|sample|8|162,1,1.63676e-14,1.11474,5.60135,0.0329227,3.08741e-13,True,32.0|162,84
1,8|84|sample|9|162,1,3.64545e-07,1.11474,5.60135,0.0329227,3.08741e-13,True,32.0|162,84
1,8|84|vc|1|2|162,1,0.665543,1.62129,5.60132,0.0329227,3.08741e-13,False,69.0|162,84
1,8|84|vc|2|2|162,1,4395120.0,1.62129,5.60132,0.0329227,3.08741e-13,False,69.0|162,84
1,8|84|vc|3|2|162,1,2.27028e-08,1.62129,5.60132,0.0329227,3.08741e-13,False,69.0|162,84
1,8|84|vc|4|2|162,1,13444.8,1.62129,5.60132,0.0329227,3.08741e-13,False,69.0|162,84
1,8|84|vc|5|2|162,1,318.102,1.62129,5.60132,0.0329227,3.08741e-13,False,69.0|162,84
1,8|84|vc|6|2|162,1,1.915e-08,1.62129,5.60132,0.0329227,3.08741e-13,False,69.0|162,84
1,8|84|vc|7|2|162,1,0.0,1.62129,5.60132,0.0329227,3.08741e-13,False,69.0|162,84
1,8|84|vc|8|2|162,1,2.21541e-07,1.62129,5.60132,0.0329227,3.08741e-13,False,69.0|162,84
1,8|719|cc|1|1|274,1,6.37282,0.419185,5.60132,0.189762,3.08741e-13,False,69.0|274,719
1,8|719|cc|2|1|274,1,0.0,0.419185,5.60132,0.189762,3.08741e-13,False,69.0|274,719
1,8|719|cc|3|1|274,1,281709.0,0.419185,5.60132,0.189762,3.08741e-13,False,69.0|274,719
1,8|719|cc|4|1|274,1,335.159,0.419185,5.60132,0.189762,3.08741e-13,False,69.0|274,719
1,8|719|cc|5|1|274,1,0.0332488,0.419185,5.60132,0.189762,3.08741e-13,False,69.0|274,719
1,8|719|cc|6|1|274,1,1.36121e-05,0.419185,5.60132,0.189762,3.08741e-13,False,69.0|274,719
1,8|719|cc|7|1|274,1,163777.0,0.419185,5.60132,0.189762,3.08741e-13,False,69.0|274,719
1,8|719|cc|8|1|274,1,1020.8,0.419185,5.60132,0.189762,3.08741e-13,False,69.0|274,719
1,8|719|sample|10|274,1,6.49999e-12,1.80514,5.60135,0.189762,3.08741e-13,True,32.0|274,719
1,8|719|sample|11|274,1,6.03679e-05,2.09289,5.60135,0.189762,3.08741e-13,True,22.0|274,719
1,8|719|sample|12|274,1,3.56393e-10,2.09289,5.60135,0.189762,3.08741e-13,True,22.0|274,719
1,8|719|sample|3|274,1,0.00376519,0.533761,5.60135,0.189762,3.08741e-13,True,55.0|274,719
1,8|719|sample|4|274,1,0.0934326,0.533761,5.60135,0.189762,3.08741e-13,True,55.0|274,719
1,8|719|sample|5|274,1,0.0101817,0.533761,5.60135,0.189762,3.08741e-13,True,55.0|274,719
1,8|719|sample|6|274,1,0.000656227,0.533761,5.60135,0.189762,3.08741e-13,True,55.0|274,719
1,8|719|sample|7|274,1,0.0,1.80514,5.60135,0.189762,3.08741e-13,True,32.0|274,719
1,8|719|sample|8|274,1,3.41924e-06,1.80514,5.60135,0.189762,3.08741e-13,True,32.0|274,719
1,8|719|sample|9|274,1,5.53204e-07,1.80514,5.60135,0.189762,3.08741e-13,True,32.0|274,719
1,8|719|vc|1|2|274,1,0.0324877,0.419185,5.60132,0.189762,3.08741e-13,False,69.0|274,719
1,8|719|vc|2|2|274,1,8.80612e-12,0.419185,5.60132,0.189762,3.08741e-13,False,69.0|274,719
1,8|719|vc|3|2|274,1,191741000.0,0.419185,5.60132,0.189762,3.08741e-13,False,69.0|274,719
1,8|719|vc|4|2|274,1,6976150000.0,0.419185,5.60132,0.189762,3.08741e-13,False,69.0|274,719
1,8|719|vc|5|2|274,1,611712.0,0.419185,5.60132,0.189762,3.08741e-13,False,69.0|274,719
1,8|719|vc|6|2|274,1,2.65334,0.419185,5.60132,0.189762,3.08741e-13,False,69.0|274,719
1,8|719|vc|7|2|274,1,4833940000.0,0.419185,5.60132,0.189762,3.08741e-13,False,69.0|274,719
1,8|719|vc|8|2|274,1,3.27739,0.419185,5.60132,0.189762,3.08741e-13,False,69.0|274,719
1,8|488|cc|1|1|322,1,5.11977e-13,0.346028,5.60132,0.189762,3.0874e-13,False,69.0|322,488
1,8|488|cc|2|1|322,1,0.000298486,0.346028,5.60132,0.189762,3.0874e-13,False,69.0|322,488
1,8|488|cc|3|1|322,1,6.32062e-07,0.346028,5.60132,0.189762,3.0874e-13,False,69.0|322,488
1,8|488|cc|4|1|322,1,1.0095e-07,0.346028,5.60132,0.189762,3.0874e-13,False,69.0|322,488
1,8|488|cc|5|1|322,1,7.7607e-05,0.346028,5.60132,0.189762,3.0874e-13,False,69.0|322,488
1,8|488|cc|6|1|322,1,0.0216639,0.346028,5.60132,0.189762,3.0874e-13,False,69.0|322,488
1,8|488|cc|7|1|322,1,10548.6,0.346028,5.60132,0.189762,3.0874e-13,False,69.0|322,488
1,8|488|cc|8|1|322,1,14.301,0.346028,5.60132,0.189762,3.0874e-13,False,69.0|322,488
1,8|488|sample|10|322,1,0.00703868,0.583567,5.60135,0.189762,3.0874e-13,True,32.0|322,488
1,8|488|sample|11|322,1,0.00020271,1.18454,5.60135,0.189762,3.0874e-13,True,22.0|322,488
1,8|488|sample|12|322,1,0.000267226,1.18454,5.60135,0.189762,3.0874e-13,True,22.0|322,488
1,8|488|sample|3|322,1,0.377544,0.238781,5.60135,0.189762,3.0874e-13,True,55.0|322,488
1,8|488|sample|4|322,1,0.742027,0.238781,5.60135,0.189762,3.0874e-13,True,55.0|322,488
1,8|488|sample|5|322,1,0.312743,0.238781,5.60135,0.189762,3.0874e-13,True,55.0|322,488
1,8|488|sample|6|322,1,0.282749,0.238781,5.60135,0.189762,3.0874e-13,True,55.0|322,488
1,8|488|sample|7|322,1,4.68665e-06,0.583567,5.60135,0.189762,3.0874e-13,True,32.0|322,488
1,8|488|sample|8|322,1,0.00156354,0.583567,5.60135,0.189762,3.0874e-13,True,32.0|322,488
1,8|488|sample|9|322,1,2.89872e-05,0.583567,5.60135,0.189762,3.0874e-13,True,32.0|322,488
1,8|488|vc|1|2|322,1,151637.0,0.346028,5.60132,0.189762,3.0874e-13,False,69.0|322,488
1,8|488|vc|2|2|322,1,0.0,0.346028,5.60132,0.189762,3.0874e-13,False,69.0|322,488
1,8|488|vc|3|2|322,1,1.58082,0.346028,5.60132,0.189762,3.0874e-13,False,69.0|322,488
1,8|488|vc|4|2|322,1,2.53351e-07,0.346028,5.60132,0.189762,3.0874e-13,False,69.0|322,488
1,8|488|vc|5|2|322,1,4.03584e-11,0.346028,5.60132,0.189762,3.0874e-13,False,69.0|322,488
1,8|488|vc|6|2|322,1,0.00068556,0.346028,5.60132,0.189762,3.0874e-13,False,69.0|322,488
1,8|488|vc|7|2|322,1,345.834,0.346028,5.60132,0.189762,3.0874e-13,False,69.0|322,488
1,8|488|vc|8|2|322,1,9.10253e-13,0.346028,5.60132,0.189762,3.0874e-13,False,69.0|322,488
1,8|847|cc|1|1|69,1,0.0205691,0.669564,5.60132,0.189762,3.08741e-13,False,69.0|69,847
1,8|847|cc|2|1|69,1,1.39517e-06,0.669564,5.60132,0.189762,3.08741e-13,False,69.0|69,847
1,8|847|cc|3|1|69,1,40.7903,0.669564,5.60132,0.189762,3.08741e-13,False,69.0|69,847
1,8|847|cc|4|1|69,1,2179190000000.0,0.669564,5.60132,0.189762,3.08741e-13,False,69.0|69,847
1,8|847|cc|5|1|69,1,1.50855e-06,0.669564,5.60132,0.189762,3.08741e-13,False,69.0|69,847
1,8|847|cc|6|1|69,1,7.07801,0.669564,5.60132,0.189762,3.08741e-13,False,69.0|69,847
1,8|847|cc|7|1|69,1,21207900.0,0.669564,5.60132,0.189762,3.08741e-13,False,69.0|69,847
1,8|847|cc|8|1|69,1,29645800.0,0.669564,5.60132,0.189762,3.08741e-13,False,69.0|69,847
1,8|847|sample|10|69,1,3.62122e-07,7.58564,5.60135,0.189762,3.08741e-13,True,32.0|69,847
1,8|847|sample|11|69,1,1.84665e-07,1.20277,5.60135,0.189762,3.08741e-13,True,22.0|69,847
1,8|847|sample|12|69,1,9.55255e-05,1.20277,5.60135,0.189762,3.08741e-13,True,22.0|69,847
1,8|847|sample|3|69,1,1.08974e-06,0.499631,5.60135,0.189762,3.08741e-13,True,55.0|69,847
1,8|847|sample|4|69,1,0.000483662,0.499631,5.60135,0.189762,3.08741e-13,True,55.0|69,847
1,8|847|sample|5|69,1,1.25638e-05,0.499631,5.60135,0.189762,3.08741e-13,True,55.0|69,847
1,8|847|sample|6|69,1,2.8734e-10,0.499631,5.60135,0.189762,3.08741e-13,True,55.0|69,847
1,8|847|sample|7|69,1,0.000614719,7.58564,5.60135,0.189762,3.08741e-13,True,32.0|69,847
1,8|847|sample|8|69,1,5.03998e-06,7.58564,5.60135,0.189762,3.08741e-13,True,32.0|69,847
1,8|847|sample|9|69,1,1.23649e-05,7.58564,5.60135,0.189762,3.08741e-13,True,32.0|69,847
1,8|847|vc|1|2|69,1,0.0812327,0.669564,5.60132,0.189762,3.08741e-13,False,69.0|69,847
1,8|847|vc|2|2|69,1,1811110000.0,0.669564,5.60132,0.189762,3.08741e-13,False,69.0|69,847
1,8|847|vc|3|2|69,1,13317600000000.0,0.669564,5.60132,0.189762,3.08741e-13,False,69.0|69,847
1,8|847|vc|4|2|69,1,0.0504025,0.669564,5.60132,0.189762,3.08741e-13,False,69.0|69,847
1,8|847|vc|5|2|69,1,15140.3,0.669564,5.60132,0.189762,3.08741e-13,False,69.0|69,847
1,8|847|vc|6|2|69,1,10902.4,0.669564,5.60132,0.189762,3.08741e-13,False,69.0|69,847
1,8|847|vc|7|2|69,1,0.00211261,0.669564,5.60132,0.189762,3.08741e-13,False,69.0|69,847
1,8|847|vc|8|2|69,1,2.52424e-08,0.669564,5.60132,0.189762,3.08741e-13,False,69.0|69,847
1,8|474|cc|1|1|276,1,413322.0,0.354334,5.60132,0.140472,3.08741e-13,False,69.0|276,474
1,8|474|cc|2|1|276,1,1.31755e-11,0.354334,5.60132,0.140472,3.08741e-13,False,69.0|276,474
1,8|474|cc|3|1|276,1,1.71495e-07,0.354334,5.60132,0.140472,3.08741e-13,False,69.0|276,474
1,8|474|cc|4|1|276,1,66670600.0,0.354334,5.60132,0.140472,3.08741e-13,False,69.0|276,474
1,8|474|cc|5|1|276,1,0.00234978,0.354334,5.60132,0.140472,3.08741e-13,False,69.0|276,474
1,8|474|cc|6|1|276,1,0.319662,0.354334,5.60132,0.140472,3.08741e-13,False,69.0|276,474
1,8|474|cc|7|1|276,1,0.000154621,0.354334,5.60132,0.140472,3.08741e-13,False,69.0|276,474
1,8|474|cc|8|1|276,1,338022.0,0.354334,5.60132,0.140472,3.08741e-13,False,69.0|276,474
1,8|474|sample|10|276,1,8.88455e-09,16.7198,5.60135,0.140472,3.08741e-13,True,32.0|276,474
1,8|474|sample|11|276,1,9.26101e-05,2.36928,5.60135,0.140472,3.08741e-13,True,22.0|276,474
1,8|474|sample|12|276,1,6.81388e-11,2.36928,5.60135,0.140472,3.08741e-13,True,22.0|276,474
1,8|474|sample|3|276,1,2.63068e-05,0.82342,5.60135,0.140472,3.08741e-13,True,55.0|276,474
1,8|474|sample|4|276,1,0.027697,0.82342,5.60135,0.140472,3.08741e-13,True,55.0|276,474
1,8|474|sample|5|276,1,5.55673e-10,0.82342,5.60135,0.140472,3.08741e-13,True,55.0|276,474
1,8|474|sample|6|276,1,2.09063e-08,0.82342,5.60135,0.140472,3.08741e-13,True,55.0|276,474
1,8|474|sample|7|276,1,1.6385e-10,16.7198,5.60135,0.140472,3.08741e-13,True,32.0|276,474
1,8|474|sample|8|276,1,4.75077e-07,16.7198,5.60135,0.140472,3.08741e-13,True,32.0|276,474
1,8|474|sample|9|276,1,1.92823e-05,16.7198,5.60135,0.140472,3.08741e-13,True,32.0|276,474
1,8|474|vc|1|2|276,1,395507.0,0.354334,5.60132,0.140472,3.08741e-13,False,69.0|276,474
1,8|474|vc|2|2|276,1,0.000123995,0.354334,5.60132,0.140472,3.08741e-13,False,69.0|276,474
1,8|474|vc|3|2|276,1,4.34426e-16,0.354334,5.60132,0.140472,3.08741e-13,False,69.0|276,474
1,8|474|vc|4|2|276,1,0.151847,0.354334,5.60132,0.140472,3.08741e-13,False,69.0|276,474
1,8|474|vc|5|2|276,1,5906440.0,0.354334,5.60132,0.140472,3.08741e-13,False,69.0|276,474
1,8|474|vc|6|2|276,1,0.10622,0.354334,5.60132,0.140472,3.08741e-13,False,69.0|276,474
1,8|474|vc|7|2|276,1,552942000.0,0.354334,5.60132,0.140472,3.08741e-13,False,69.0|276,474
1,8|474|vc|8|2|276,1,0.214181,0.354334,5.60132,0.140472,3.08741e-13,False,69.0|276,474
1,8|462|cc|1|1|292,1,60012.7,5.49321,5.60132,0.18976,3.08741e-13,False,69.0|292,462
1,8|462|cc|2|1|292,1,217.937,5.49321,5.60132,0.18976,3.08741e-13,False,69.0|292,462
1,8|462|cc|3|1|292,1,653.192,5.49321,5.60132,0.18976,3.08741e-13,False,69.0|292,462
1,8|462|cc|4|1|292,1,701910000000.0,5.49321,5.60132,0.18976,3.08741e-13,False,69.0|292,462
1,8|462|cc|5|1|292,1,10026100.0,5.49321,5.60132,0.18976,3.08741e-13,False,69.0|292,462
1,8|462|cc|6|1|292,1,0.0,5.49321,5.60132,0.18976,3.08741e-13,False,69.0|292,462
1,8|462|cc|7|1|292,1,62528300.0,5.49321,5.60132,0.18976,3.08741e-13,False,69.0|292,462
1,8|462|cc|8|1|292,1,0.0027446,5.49321,5.60132,0.18976,3.08741e-13,False,69.0|292,462
1,8|462|sample|10|292,1,3.13289e-16,16.0323,5.60135,0.18976,3.08741e-13,True,32.0|292,462
1,8|462|sample|11|292,1,1.99022e-11,1.3467,5.60135,0.18976,3.08741e-13,True,22.0|292,462
1,8|462|sample|12|292,1,0.00109704,1.3467,5.60135,0.18976,3.08741e-13,True,22.0|292,462
1,8|462|sample|3|292,1,8.61449e-07,0.354209,5.60135,0.18976,3.08741e-13,True,55.0|292,462
1,8|462|sample|4|292,1,0.109867,0.354209,5.60135,0.18976,3.08741e-13,True,55.0|292,462
1,8|462|sample|5|292,1,1.70746e-12,0.354209,5.60135,0.18976,3.08741e-13,True,55.0|292,462
1,8|462|sample|6|292,1,1.20079e-07,0.354209,5.60135,0.18976,3.08741e-13,True,55.0|292,462
1,8|462|sample|7|292,1,0.0,16.0323,5.60135,0.18976,3.08741e-13,True,32.0|292,462
1,8|462|sample|8|292,1,0.000899718,16.0323,5.60135,0.18976,3.08741e-13,True,32.0|292,462
1,8|462|sample|9|292,1,3.87935e-08,16.0323,5.60135,0.18976,3.08741e-13,True,32.0|292,462
1,8|462|vc|1|2|292,1,2.91816e-08,5.49321,5.60132,0.18976,3.08741e-13,False,69.0|292,462
1,8|462|vc|2|2|292,1,3.19616e-06,5.49321,5.60132,0.18976,3.08741e-13,False,69.0|292,462
1,8|462|vc|3|2|292,1,31086000000000.0,5.49321,5.60132,0.18976,3.08741e-13,False,69.0|292,462
1,8|462|vc|4|2|292,1,1.40105e-06,5.49321,5.60132,0.18976,3.08741e-13,False,69.0|292,462
1,8|462|vc|5|2|292,1,0.685904,5.49321,5.60132,0.18976,3.08741e-13,False,69.0|292,462
1,8|462|vc|6|2|292,1,0.0,5.49321,5.60132,0.18976,3.08741e-13,False,69.0|292,462
1,8|462|vc|7|2|292,1,353078000000.0,5.49321,5.60132,0.18976,3.08741e-13,False,69.0|292,462
1,8|462|vc|8|2|292,1,1.3017e-08,5.49321,5.60132,0.18976,3.08741e-13,False,69.0|292,462
1,8|75|cc|1|1|65,1,2.90562e-13,0.872478,5.60132,0.189762,3.08838e-13,False,69.0|65,75
1,8|75|cc|2|1|65,1,0.000459682,0.872478,5.60132,0.189762,3.08838e-13,False,69.0|65,75
1,8|75|cc|3|1|65,1,2.30171e-10,0.872478,5.60132,0.189762,3.08838e-13,False,69.0|65,75
1,8|75|cc|4|1|65,1,2131030000.0,0.872478,5.60132,0.189762,3.08838e-13,False,69.0|65,75
1,8|75|cc|5|1|65,1,7170970000000.0,0.872478,5.60132,0.189762,3.08838e-13,False,69.0|65,75
1,8|75|cc|6|1|65,1,1.21672e-07,0.872478,5.60132,0.189762,3.08838e-13,False,69.0|65,75
1,8|75|cc|7|1|65,1,0.830023,0.872478,5.60132,0.189762,3.08838e-13,False,69.0|65,75
1,8|75|cc|8|1|65,1,1214720.0,0.872478,5.60132,0.189762,3.08838e-13,False,69.0|65,75
1,8|75|sample|10|65,1,0.112639,0.428973,5.60135,0.189762,3.08838e-13,True,32.0|65,75
1,8|75|sample|11|65,1,0.0,1.11513,5.60135,0.189762,3.08838e-13,True,22.0|65,75
1,8|75|sample|12|65,1,0.0,1.11513,5.60135,0.189762,3.08838e-13,True,22.0|65,75
1,8|75|sample|3|65,1,1.89277e-07,0.9735,5.60135,0.189762,3.08838e-13,True,55.0|65,75
1,8|75|sample|4|65,1,2.2222e-05,0.9735,5.60135,0.189762,3.08838e-13,True,55.0|65,75
1,8|75|sample|5|65,1,2.24171e-10,0.9735,5.60135,0.189762,3.08838e-13,True,55.0|65,75
1,8|75|sample|6|65,1,0.0,0.9735,5.60135,0.189762,3.08838e-13,True,55.0|65,75
1,8|75|sample|7|65,1,1.59514e-15,0.428973,5.60135,0.189762,3.08838e-13,True,32.0|65,75
1,8|75|sample|8|65,1,0.00677546,0.428973,5.60135,0.189762,3.08838e-13,True,32.0|65,75
1,8|75|sample|9|65,1,0.0764095,0.428973,5.60135,0.189762,3.08838e-13,True,32.0|65,75
1,8|75|vc|1|2|65,1,30222400000000.0,0.872478,5.60132,0.189762,3.08838e-13,False,69.0|65,75
1,8|75|vc|2|2|65,1,198703000.0,0.872478,5.60132,0.189762,3.08838e-13,False,69.0|65,75
1,8|75|vc|3|2|65,1,37053900000.0,0.872478,5.60132,0.189762,3.08838e-13,False,69.0|65,75
1,8|75|vc|4|2|65,1,0.00155213,0.872478,5.60132,0.189762,3.08838e-13,False,69.0|65,75
1,8|75|vc|5|2|65,1,4599720000.0,0.872478,5.60132,0.189762,3.08838e-13,False,69.0|65,75
1,8|75|vc|6|2|65,1,3007960000.0,0.872478,5.60132,0.189762,3.08838e-13,False,69.0|65,75
1,8|75|vc|7|2|65,1,2.17736e-11,0.872478,5.60132,0.189762,3.08838e-13,False,69.0|65,75
1,8|75|vc|8|2|65,1,2.30142e-09,0.872478,5.60132,0.189762,3.08838e-13,False,69.0|65,75
1,8|291|cc|1|1|103,1,13018600.0,0.598792,5.60132,0.207463,3.08741e-13,False,69.0|103,291
1,8|291|cc|2|1|103,1,2.67917e-08,0.598791,5.60132,0.207463,3.08741e-13,False,69.0|103,291
1,8|291|cc|3|1|103,1,30796.4,0.598792,5.60132,0.207463,3.08741e-13,False,69.0|103,291
1,8|291|cc|4|1|103,1,1.21143,0.598792,5.60132,0.207463,3.08741e-13,False,69.0|103,291
1,8|291|cc|5|1|103,1,429960000.0,0.598792,5.60132,0.207463,3.08741e-13,False,69.0|103,291
1,8|291|cc|6|1|103,1,0.0302305,0.598792,5.60132,0.207463,3.08741e-13,False,69.0|103,291
1,8|291|cc|7|1|103,1,2.54716e-07,0.598792,5.60132,0.207463,3.08741e-13,False,69.0|103,291
1,8|291|cc|8|1|103,1,6.06614e-07,0.598792,5.60132,0.207463,3.08741e-13,False,69.0|103,291
1,8|291|sample|10|103,1,1.00518e-08,14.2879,5.60135,0.207463,3.08741e-13,True,32.0|103,291
1,8|291|sample|11|103,1,2.58279e-05,6.77429,5.60135,0.207463,3.08741e-13,True,22.0|103,291
1,8|291|sample|12|103,1,2.64065e-11,6.77429,5.60135,0.207463,3.08741e-13,True,22.0|103,291
1,8|291|sample|3|103,1,8.33798e-16,1.0412,5.60135,0.207463,3.08741e-13,True,55.0|103,291
1,8|291|sample|4|103,1,6.99407e-10,1.0412,5.60135,0.207463,3.08741e-13,True,55.0|103,291
1,8|291|sample|5|103,1,0.0,1.0412,5.60135,0.207463,3.08741e-13,True,55.0|103,291
1,8|291|sample|6|103,1,5.74328e-16,1.0412,5.60135,0.207463,3.08741e-13,True,55.0|103,291
1,8|291|sample|7|103,1,3.93139e-09,14.2879,5.60135,0.207463,3.08741e-13,True,32.0|103,291
1,8|291|sample|8|103,1,4.97826e-05,14.2879,5.60135,0.207463,3.08741e-13,True,32.0|103,291
1,8|291|sample|9|103,1,2.25103e-05,14.2879,5.60135,0.207463,3.08741e-13,True,32.0|103,291
1,8|291|vc|1|2|103,1,34.0094,0.598792,5.60132,0.207463,3.08741e-13,False,69.0|103,291
1,8|291|vc|2|2|103,1,444787000000.0,0.598792,5.60132,0.207463,3.08741e-13,False,69.0|103,291
1,8|291|vc|3|2|103,1,27793300000.0,0.598792,5.60132,0.207463,3.08741e-13,False,69.0|103,291
1,8|291|vc|4|2|103,1,1159430.0,0.598792,5.60132,0.207463,3.08741e-13,False,69.0|103,291
1,8|291|vc|5|2|103,1,0.0563018,0.598792,5.60132,0.207463,3.08741e-13,False,69.0|103,291
1,8|291|vc|6|2|103,1,1.64445,0.598792,5.60132,0.207463,3.08741e-13,False,69.0|103,291
1,8|291|vc|7|2|103,1,0.000799245,0.598792,5.60132,0.207463,3.08741e-13,False,69.0|103,291
1,8|291|vc|8|2|103,1,2.05211e-05,0.598792,5.60132,0.207463,3.08741e-13,False,69.0|103,291
1,8|77|cc|1|1|218,1,0.764287,0.922595,5.60132,0.189762,3.08741e-13,False,69.0|218,77
1,8|77|cc|2|1|218,1,15260.5,0.922594,5.60132,0.189762,3.08741e-13,False,69.0|218,77
1,8|77|cc|3|1|218,1,0.000198574,0.922595,5.60132,0.189762,3.08741e-13,False,69.0|218,77
1,8|77|cc|4|1|218,1,0.00282029,0.922595,5.60132,0.189762,3.08741e-13,False,69.0|218,77
1,8|77|cc|5|1|218,1,0.000150023,0.922595,5.60132,0.189762,3.08741e-13,False,69.0|218,77
1,8|77|cc|6|1|218,1,0.784712,0.922595,5.60132,0.189762,3.08741e-13,False,69.0|218,77
1,8|77|cc|7|1|218,1,13.0271,0.922595,5.60132,0.189762,3.08741e-13,False,69.0|218,77
1,8|77|cc|8|1|218,1,5.07432e-08,0.922594,5.60132,0.189762,3.08741e-13,False,69.0|218,77
1,8|77|sample|10|218,1,0.00916596,1.27234,5.60135,0.189762,3.08741e-13,True,32.0|218,77
1,8|77|sample|11|218,1,2.81247e-10,3.55535,5.60135,0.189762,3.08741e-13,True,22.0|218,77
1,8|77|sample|12|218,1,0.000140216,3.55535,5.60135,0.189762,3.08741e-13,True,22.0|218,77
1,8|77|sample|3|218,1,7.39254e-13,1.24808,5.60135,0.189762,3.08741e-13,True,55.0|218,77
1,8|77|sample|4|218,1,2.00966e-10,1.24808,5.60135,0.189762,3.08741e-13,True,55.0|218,77
1,8|77|sample|5|218,1,0.00808018,1.24808,5.60135,0.189762,3.08741e-13,True,55.0|218,77
1,8|77|sample|6|218,1,0.00113131,1.24808,5.60135,0.189762,3.08741e-13,True,55.0|218,77
1,8|77|sample|7|218,1,0.00390769,1.27234,5.60135,0.189762,3.08741e-13,True,32.0|218,77
1,8|77|sample|8|218,1,1.94708e-07,1.27234,5.60135,0.189762,3.08741e-13,True,32.0|218,77
1,8|77|sample|9|218,1,8.28195e-09,1.27234,5.60135,0.189762,3.08741e-13,True,32.0|218,77
1,8|77|vc|1|2|218,1,4.70242e-13,0.922595,5.60132,0.189762,3.08741e-13,False,69.0|218,77
1,8|77|vc|2|2|218,1,73627100.0,0.922595,5.60132,0.189762,3.08741e-13,False,69.0|218,77
1,8|77|vc|3|2|218,1,3.86233e-14,0.922594,5.60132,0.189762,3.08741e-13,False,69.0|218,77
1,8|77|vc|4|2|218,1,4.51123e-12,0.922595,5.60132,0.189762,3.08741e-13,False,69.0|218,77
1,8|77|vc|5|2|218,1,0.192728,0.922595,5.60132,0.189762,3.08741e-13,False,69.0|218,77
1,8|77|vc|6|2|218,1,3.14453e-07,0.922595,5.60132,0.189762,3.08741e-13,False,69.0|218,77
1,8|77|vc|7|2|218,1,7.71948e-11,0.922594,5.60132,0.189762,3.08741e-13,False,69.0|218,77
1,8|77|vc|8|2|218,1,1.00805e-05,0.922595,5.60132,0.189762,3.08741e-13,False,69.0|218,77
1,8|322|cc|1|1|174,1,8747.54,0.27655,5.60132,0.374801,3.11459e-13,False,69.0|174,322
1,8|322|cc|2|1|174,1,2.59716e-07,0.27655,5.60132,0.374801,3.11459e-13,False,69.0|174,322
1,8|322|cc|3|1|174,1,45400.5,0.27655,5.60132,0.374801,3.11459e-13,False,69.0|174,322
1,8|322|cc|4|1|174,1,0.280348,0.27655,5.60132,0.374801,3.11459e-13,False,69.0|174,322
1,8|322|cc|5|1|174,1,2298370.0,0.27655,5.60132,0.374801,3.11459e-13,False,69.0|174,322
1,8|322|cc|6|1|174,1,0.211563,0.27655,5.60132,0.374801,3.11459e-13,False,69.0|174,322
1,8|322|cc|7|1|174,1,2.80614,0.27655,5.60132,0.374801,3.11459e-13,False,69.0|174,322
1,8|322|cc|8|1|174,1,1.7154e-12,0.27655,5.60132,0.374801,3.11459e-13,False,69.0|174,322
1,8|322|sample|10|174,1,3.68199e-12,20.614,5.60135,0.374801,3.11459e-13,True,32.0|174,322
1,8|322|sample|11|174,1,0.000360213,15.3207,5.60135,0.374801,3.11459e-13,True,22.0|174,322
1,8|322|sample|12|174,1,2.55782e-05,15.3207,5.60135,0.374801,3.11459e-13,True,22.0|174,322
1,8|322|sample|3|174,1,8.34632e-09,1.74532,5.60135,0.374801,3.11459e-13,True,55.0|174,322
1,8|322|sample|4|174,1,1.44834e-11,1.74532,5.60135,0.374801,3.11459e-13,True,55.0|174,322
1,8|322|sample|5|174,1,0.000138476,1.74532,5.60135,0.374801,3.11459e-13,True,55.0|174,322
1,8|322|sample|6|174,1,0.00201033,1.74532,5.60135,0.374801,3.11459e-13,True,55.0|174,322
1,8|322|sample|7|174,1,3.56917e-13,20.614,5.60135,0.374801,3.11459e-13,True,32.0|174,322
1,8|322|sample|8|174,1,1.25871e-11,20.614,5.60135,0.374801,3.11459e-13,True,32.0|174,322
1,8|322|sample|9|174,1,3.31659e-06,20.614,5.60135,0.374801,3.11459e-13,True,32.0|174,322
1,8|322|vc|1|2|174,1,5.13597e-11,0.27655,5.60132,0.374801,3.11459e-13,False,69.0|174,322
1,8|322|vc|2|2|174,1,4.34599e-06,0.27655,5.60132,0.374801,3.11459e-13,False,69.0|174,322
1,8|322|vc|3|2|174,1,77.5667,0.27655,5.60132,0.374801,3.11459e-13,False,69.0|174,322
1,8|322|vc|4|2|174,1,566.836,0.27655,5.60132,0.374801,3.11459e-13,False,69.0|174,322
1,8|322|vc|5|2|174,1,7.46732e-10,0.27655,5.60132,0.374801,3.11459e-13,False,69.0|174,322
1,8|322|vc|6|2|174,1,3.70925e-06,0.27655,5.60132,0.374801,3.11459e-13,False,69.0|174,322
1,8|322|vc|7|2|174,1,1.07994e-08,0.27655,5.60132,0.374801,3.11459e-13,False,69.0|174,322
1,8|322|vc|8|2|174,1,1.63046e-08,0.27655,5.60132,0.374801,3.11459e-13,False,69.0|174,322
1,8|963|cc|1|1|319,1,15.7694,1.3907,5.60132,0.189762,3.08741e-13,False,69.0|319,963
1,8|963|cc|2|1|319,1,408.621,1.3907,5.60132,0.189762,3.08741e-13,False,69.0|319,963
1,8|963|cc|3|1|319,1,8.71766e-09,1.3907,5.60132,0.189762,3.08741e-13,False,69.0|319,963
1,8|963|cc|4|1|319,1,9.13206e-09,1.3907,5.60132,0.189762,3.08741e-13,False,69.0|319,963
1,8|963|cc|5|1|319,1,0.0181815,1.3907,5.60132,0.189762,3.08741e-13,False,69.0|319,963
1,8|963|cc|6|1|319,1,0.0400282,1.3907,5.60132,0.189762,3.08741e-13,False,69.0|319,963
1,8|963|cc|7|1|319,1,0.233083,1.3907,5.60132,0.189762,3.08741e-13,False,69.0|319,963
1,8|963|cc|8|1|319,1,2.45472,1.3907,5.60132,0.189762,3.08741e-13,False,69.0|319,963
1,8|963|sample|10|319,1,0.000416263,20.1339,5.60135,0.189762,3.08741e-13,True,32.0|319,963
1,8|963|sample|11|319,1,1.65828e-15,2.63072,5.60135,0.189762,3.08741e-13,True,22.0|319,963
1,8|963|sample|12|319,1,1.72502e-10,2.63072,5.60135,0.189762,3.08741e-13,True,22.0|319,963
1,8|963|sample|3|319,1,0.00767278,46.4953,5.60135,0.189762,3.08741e-13,True,55.0|319,963
1,8|963|sample|4|319,1,0.0121712,46.4953,5.60135,0.189762,3.08741e-13,True,55.0|319,963
1,8|963|sample|5|319,1,0.00715576,46.4953,5.60135,0.189762,3.08741e-13,True,55.0|319,963
1,8|963|sample|6|319,1,0.00289026,46.4953,5.60135,0.189762,3.08741e-13,True,55.0|319,963
1,8|963|sample|7|319,1,0.00405755,20.1339,5.60135,0.189762,3.08741e-13,True,32.0|319,963
1,8|963|sample|8|319,1,0.0106827,20.1339,5.60135,0.189762,3.08741e-13,True,32.0|319,963
1,8|963|sample|9|319,1,3.56051e-10,20.1339,5.60135,0.189762,3.08741e-13,True,32.0|319,963
1,8|963|vc|1|2|319,1,9.61895,1.3907,5.60132,0.189762,3.08741e-13,False,69.0|319,963
1,8|963|vc|2|2|319,1,0.177285,1.3907,5.60132,0.189762,3.08741e-13,False,69.0|319,963
1,8|963|vc|3|2|319,1,1.54376,1.3907,5.60132,0.189762,3.08741e-13,False,69.0|319,963
1,8|963|vc|4|2|319,1,1774740000.0,1.3907,5.60132,0.189762,3.08741e-13,False,69.0|319,963
1,8|963|vc|5|2|319,1,0.0807051,1.3907,5.60132,0.189762,3.08741e-13,False,69.0|319,963
1,8|963|vc|6|2|319,1,5.56524e-07,1.3907,5.60132,0.189762,3.08741e-13,False,69.0|319,963
1,8|963|vc|7|2|319,1,8.26186e-07,1.3907,5.60132,0.189762,3.08741e-13,False,69.0|319,963
1,8|963|vc|8|2|319,1,1.58568,1.3907,5.60132,0.189762,3.08741e-13,False,69.0|319,963
1,8|1241|cc|1|1|69,1,1.5659e-08,0.669564,5.60132,6.59097e-07,3.08719e-13,False,69.0|69,1241
1,8|1241|cc|2|1|69,1,27242500.0,0.669564,5.60132,6.59097e-07,3.08719e-13,False,69.0|69,1241
1,8|1241|cc|3|1|69,1,2064.04,0.669564,5.60132,6.59097e-07,3.08719e-13,False,69.0|69,1241
1,8|1241|cc|4|1|69,1,23630.3,0.669564,5.60132,6.59097e-07,3.08719e-13,False,69.0|69,1241
1,8|1241|cc|5|1|69,1,2.28311e-07,0.669564,5.60132,6.59097e-07,3.08719e-13,False,69.0|69,1241
1,8|1241|cc|6|1|69,1,5.72499e-07,0.669564,5.60132,6.59097e-07,3.08719e-13,False,69.0|69,1241
1,8|1241|cc|7|1|69,1,20.4441,0.669564,5.60132,6.59097e-07,3.08719e-13,False,69.0|69,1241
1,8|1241|cc|8|1|69,1,237022000.0,0.669564,5.60132,6.59097e-07,3.08719e-13,False,69.0|69,1241
1,8|1241|sample|3|69,1,5.98186e-14,1.20277,5.60135,6.59097e-07,3.08719e-13,True,22.0|69,1241
1,8|1241|sample|4|69,1,0.000803031,1.20277,5.60135,6.59097e-07,3.08719e-13,True,22.0|69,1241
1,8|1241|sample|8|69,1,2.68833e-10,1.20277,5.60135,6.59097e-07,3.08719e-13,True,22.0|69,1241
1,8|1241|vc|1|2|69,1,837760.0,0.669564,5.60132,6.59097e-07,3.08719e-13,False,69.0|69,1241
1,8|1241|vc|2|2|69,1,4.38613e-06,0.669564,5.60132,6.59097e-07,3.08719e-13,False,69.0|69,1241
1,8|1241|vc|3|2|69,1,0.0,0.669564,5.60132,6.59097e-07,3.08719e-13,False,69.0|69,1241
1,8|1241|vc|4|2|69,1,538917.0,0.669564,5.60132,6.59097e-07,3.08719e-13,False,69.0|69,1241
1,8|1241|vc|5|2|69,1,131.458,0.669564,5.60132,6.59097e-07,3.08719e-13,False,69.0|69,1241
1,8|1241|vc|6|2|69,1,4.97339e-08,0.669564,5.60132,6.59097e-07,3.08719e-13,False,69.0|69,1241
1,8|1241|vc|7|2|69,1,7613090000.0,0.669564,5.60132,6.59097e-07,3.08719e-13,False,69.0|69,1241
1,8|1241|vc|8|2|69,1,2.56849e-05,0.669564,5.60132,6.59097e-07,3.08719e-13,False,69.0|69,1241
1,8|1056|cc|1|1|276,1,3.74211e-09,0.354334,5.60132,0.189762,3.08741e-13,False,69.0|276,1056
1,8|1056|cc|2|1|276,1,46851.3,0.354334,5.60132,0.189762,3.08741e-13,False,69.0|276,1056
1,8|1056|cc|3|1|276,1,106959000000.0,0.354334,5.60132,0.189762,3.08741e-13,False,69.0|276,1056
1,8|1056|cc|4|1|276,1,0.00895586,0.354334,5.60132,0.189762,3.08741e-13,False,69.0|276,1056
1,8|1056|cc|5|1|276,1,24079.8,0.354334,5.60132,0.189762,3.08741e-13,False,69.0|276,1056
1,8|1056|cc|6|1|276,1,8.40838e-07,0.354334,5.60132,0.189762,3.08741e-13,False,69.0|276,1056
1,8|1056|cc|7|1|276,1,1075400000.0,0.354334,5.60132,0.189762,3.08741e-13,False,69.0|276,1056
1,8|1056|cc|8|1|276,1,1607800.0,0.354334,5.60132,0.189762,3.08741e-13,False,69.0|276,1056
1,8|1056|sample|3|276,1,2.33559e-06,2.36928,5.60135,0.189762,3.08741e-13,True,22.0|276,1056
1,8|1056|sample|4|276,1,7.61188e-06,2.36928,5.60135,0.189762,3.08741e-13,True,22.0|276,1056
1,8|1056|vc|1|2|276,1,3.05853,0.354334,5.60132,0.189762,3.08741e-13,False,69.0|276,1056
1,8|1056|vc|2|2|276,1,66981.0,0.354334,5.60132,0.189762,3.08741e-13,False,69.0|276,1056
1,8|1056|vc|3|2|276,1,632307.0,0.354334,5.60132,0.189762,3.08741e-13,False,69.0|276,1056
1,8|1056|vc|4|2|276,1,0.000281596,0.354334,5.60132,0.189762,3.08741e-13,False,69.0|276,1056
1,8|1056|vc|5|2|276,1,881.684,0.354334,5.60132,0.189762,3.08741e-13,False,69.0|276,1056
1,8|1056|vc|6|2|276,1,45073.7,0.354334,5.60132,0.189762,3.08741e-13,False,69.0|276,1056
1,8|1056|vc|7|2|276,1,7.92674e-07,0.354334,5.60132,0.189762,3.08741e-13,False,69.0|276,1056
1,8|1056|vc|8|2|276,1,1480.2,0.354334,5.60132,0.189762,3.08741e-13,False,69.0|276,1056
1,8|1159|cc|1|1|292,1,3.66477e-10,5.49321,5.60132,0.189773,3.08741e-13,False,69.0|292,1159
1,8|1159|cc|2|1|292,1,47589.3,5.49321,5.60132,0.189773,3.08741e-13,False,69.0|292,1159
1,8|1159|cc|3|1|292,1,1905.24,5.49321,5.60132,0.189773,3.08741e-13,False,69.0|292,1159
1,8|1159|cc|4|1|292,1,3.91359e-13,5.49321,5.60132,0.189773,3.08741e-13,False,69.0|292,1159
1,8|1159|cc|5|1|292,1,0.0644172,5.49321,5.60132,0.189773,3.08741e-13,False,69.0|292,1159
1,8|1159|cc|6|1|292,1,2.22473e-10,5.49321,5.60132,0.189773,3.08741e-13,False,69.0|292,1159
1,8|1159|cc|7|1|292,1,6.84956e-08,5.49321,5.60132,0.189773,3.08741e-13,False,69.0|292,1159
1,8|1159|cc|8|1|292,1,0.704045,5.49321,5.60132,0.189773,3.08741e-13,False,69.0|292,1159
1,8|1159|sample|3|292,1,7.52489e-07,1.3467,5.60135,0.189773,3.08741e-13,True,22.0|292,1159
1,8|1159|sample|4|292,1,0.0,1.3467,5.60135,0.189773,3.08741e-13,True,22.0|292,1159
1,8|1159|vc|1|2|292,1,6.76691e-07,5.49321,5.60132,0.189773,3.08741e-13,False,69.0|292,1159
1,8|1159|vc|2|2|292,1,3.01587,5.49321,5.60132,0.189773,3.08741e-13,False,69.0|292,1159
1,8|1159|vc|3|2|292,1,29674.8,5.49321,5.60132,0.189773,3.08741e-13,False,69.0|292,1159
1,8|1159|vc|4|2|292,1,7568470000000.0,5.49321,5.60132,0.189773,3.08741e-13,False,69.0|292,1159
1,8|1159|vc|5|2|292,1,1.03194e-06,5.49321,5.60132,0.189773,3.08741e-13,False,69.0|292,1159
1,8|1159|vc|6|2|292,1,269.797,5.49321,5.60132,0.189773,3.08741e-13,False,69.0|292,1159
1,8|1159|vc|7|2|292,1,0.428431,5.49321,5.60132,0.189773,3.08741e-13,False,69.0|292,1159
1,8|1159|vc|8|2|292,1,160948000000000.0,5.49321,5.60132,0.189773,3.08741e-13,False,69.0|292,1159
1,8|1017|cc|1|1|65,1,5.81722e-07,0.872478,5.60132,0.323605,3.08741e-13,False,69.0|65,1017
1,8|1017|cc|2|1|65,1,0.0112355,0.872478,5.60132,0.323605,3.08741e-13,False,69.0|65,1017
1,8|1017|cc|3|1|65,1,9.90529e-10,0.872478,5.60132,0.323605,3.08741e-13,False,69.0|65,1017
1,8|1017|cc|4|1|65,1,7.54198e-14,0.872478,5.60132,0.323605,3.08741e-13,False,69.0|65,1017
1,8|1017|cc|5|1|65,1,189224000.0,0.872478,5.60132,0.323605,3.08741e-13,False,69.0|65,1017
1,8|1017|cc|6|1|65,1,2.01615,0.872478,5.60132,0.323605,3.08741e-13,False,69.0|65,1017
1,8|1017|cc|7|1|65,1,1.42111e-13,0.872478,5.60132,0.323605,3.08741e-13,False,69.0|65,1017
1,8|1017|cc|8|1|65,1,0.0492364,0.872478,5.60132,0.323605,3.08741e-13,False,69.0|65,1017
1,8|1017|sample|3|65,1,7.03716e-11,1.11513,5.60135,0.323605,3.08741e-13,True,22.0|65,1017
1,8|1017|sample|4|65,1,1.36961e-09,1.11513,5.60135,0.323605,3.08741e-13,True,22.0|65,1017
1,8|1017|sample|8|65,1,0.000221171,1.11513,5.60135,0.323605,3.08741e-13,True,22.0|65,1017
1,8|1017|vc|1|2|65,1,8.28071e-05,0.872478,5.60132,0.323605,3.08741e-13,False,69.0|65,1017
1,8|1017|vc|2|2|65,1,0.0390655,0.872478,5.60132,0.323605,3.08741e-13,False,69.0|65,1017
1,8|1017|vc|3|2|65,1,56157.0,0.872478,5.60132,0.323605,3.08741e-13,False,69.0|65,1017
1,8|1017|vc|4|2|65,1,0.00717689,0.872478,5.60132,0.323605,3.08741e-13,False,69.0|65,1017
1,8|1017|vc|5|2|65,1,0.664253,0.872478,5.60132,0.323605,3.08741e-13,False,69.0|65,1017
1,8|1017|vc|6|2|65,1,0.00146834,0.872478,5.60132,0.323605,3.08741e-13,False,69.0|65,1017
1,8|1017|vc|7|2|65,1,304.822,0.872478,5.60132,0.323605,3.08741e-13,False,69.0|65,1017
1,8|1017|vc|8|2|65,1,770.253,0.872478,5.60132,0.323605,3.08741e-13,False,69.0|65,1017
1,8|1197|cc|1|1|103,1,0.0479231,0.598792,5.60132,0.263609,3.08741e-13,False,69.0|103,1197
1,8|1197|cc|2|1|103,1,0.305294,0.598792,5.60132,0.263609,3.08741e-13,False,69.0|103,1197
1,8|1197|cc|3|1|103,1,0.000534156,0.598792,5.60132,0.263609,3.08741e-13,False,69.0|103,1197
1,8|1197|cc|4|1|103,1,1732610.0,0.598792,5.60132,0.263609,3.08741e-13,False,69.0|103,1197
1,8|1197|cc|5|1|103,1,24352200000000.0,0.598792,5.60132,0.263609,3.08741e-13,False,69.0|103,1197
1,8|1197|cc|6|1|103,1,1.51918e-07,0.598792,5.60132,0.263609,3.08741e-13,False,69.0|103,1197
1,8|1197|cc|7|1|103,1,10842.1,0.598792,5.60132,0.263609,3.08741e-13,False,69.0|103,1197
1,8|1197|cc|8|1|103,1,1.74932,0.598792,5.60132,0.263609,3.08741e-13,False,69.0|103,1197
1,8|1197|sample|3|103,1,0.00025978,6.77429,5.60135,0.263609,3.08741e-13,True,22.0|103,1197
1,8|1197|sample|4|103,1,1.62418e-13,6.77429,5.60135,0.263609,3.08741e-13,True,22.0|103,1197
1,8|1197|vc|1|2|103,1,92316200.0,0.598792,5.60132,0.263609,3.08741e-13,False,69.0|103,1197
1,8|1197|vc|2|2|103,1,3437.82,0.598792,5.60132,0.263609,3.08741e-13,False,69.0|103,1197
1,8|1197|vc|3|2|103,1,0.0154364,0.598791,5.60132,0.263609,3.08741e-13,False,69.0|103,1197
1,8|1197|vc|4|2|103,1,6677830000.0,0.598792,5.60132,0.263609,3.08741e-13,False,69.0|103,1197
1,8|1197|vc|5|2|103,1,3.16564e-13,0.598792,5.60132,0.263609,3.08741e-13,False,69.0|103,1197
1,8|1197|vc|6|2|103,1,8.3014e-09,0.598792,5.60132,0.263609,3.08741e-13,False,69.0|103,1197
1,8|1197|vc|7|2|103,1,3669.8,0.598792,5.60132,0.263609,3.08741e-13,False,69.0|103,1197
1,8|1197|vc|8|2|103,1,0.0134436,0.598792,5.60132,0.263609,3.08741e-13,False,69.0|103,1197
1,8|745|cc|1|1|218,1,1.72325e-15,0.922595,5.60132,0.189761,3.08741e-13,False,69.0|218,745
1,8|745|cc|2|1|218,1,1.47738e-11,0.922595,5.60132,0.189761,3.08741e-13,False,69.0|218,745
1,8|745|cc|3|1|218,1,464965000000.0,0.922595,5.60132,0.189761,3.08741e-13,False,69.0|218,745
1,8|745|cc|4|1|218,1,6295860.0,0.922595,5.60132,0.189761,3.08741e-13,False,69.0|218,745
1,8|745|cc|5|1|218,1,0.652193,0.922595,5.60132,0.189761,3.08741e-13,False,69.0|218,745
1,8|745|cc|6|1|218,1,0.0,0.922595,5.60132,0.189761,3.08741e-13,False,69.0|218,745
1,8|745|cc|7|1|218,1,0.0386374,0.922595,5.60132,0.189761,3.08741e-13,False,69.0|218,745
1,8|745|cc|8|1|218,1,2.35598e-05,0.922594,5.60132,0.189761,3.08741e-13,False,69.0|218,745
1,8|745|sample|3|218,1,3.02232e-05,3.55535,5.60135,0.189761,3.08741e-13,True,22.0|218,745
1,8|745|sample|4|218,1,1.02696e-07,3.55535,5.60135,0.189761,3.08741e-13,True,22.0|218,745
1,8|745|sample|5|218,1,1.24486e-05,3.55535,5.60135,0.189761,3.08741e-13,True,22.0|218,745
1,8|745|vc|1|2|218,1,608.302,0.922595,5.60132,0.189761,3.08741e-13,False,69.0|218,745
1,8|745|vc|2|2|218,1,0.000135736,0.922595,5.60132,0.189761,3.08741e-13,False,69.0|218,745
1,8|745|vc|3|2|218,1,425116.0,0.922595,5.60132,0.189761,3.08741e-13,False,69.0|218,745
1,8|745|vc|4|2|218,1,43.7681,0.922595,5.60132,0.189761,3.08741e-13,False,69.0|218,745
1,8|745|vc|5|2|218,1,779.384,0.922594,5.60132,0.189761,3.08741e-13,False,69.0|218,745
1,8|745|vc|6|2|218,1,319.766,0.922595,5.60132,0.189761,3.08741e-13,False,69.0|218,745
1,8|745|vc|7|2|218,1,27.2367,0.922594,5.60132,0.189761,3.08741e-13,False,69.0|218,745
1,8|745|vc|8|2|218,1,8.32792e-06,0.922595,5.60132,0.189761,3.08741e-13,False,69.0|218,745
1,8|1043|cc|1|1|174,1,112.118,0.27655,5.60132,0.189762,3.08741e-13,False,69.0|174,1043
1,8|1043|cc|2|1|174,1,0.000108415,0.27655,5.60132,0.189762,3.08741e-13,False,69.0|174,1043
1,8|1043|cc|3|1|174,1,36511800.0,0.27655,5.60132,0.189762,3.08741e-13,False,69.0|174,1043
1,8|1043|cc|4|1|174,1,10828.4,0.27655,5.60132,0.189762,3.08741e-13,False,69.0|174,1043
1,8|1043|cc|5|1|174,1,279.081,0.27655,5.60132,0.189762,3.08741e-13,False,69.0|174,1043
1,8|1043|cc|6|1|174,1,0.578859,0.27655,5.60132,0.189762,3.08741e-13,False,69.0|174,1043
1,8|1043|cc|7|1|174,1,1.1862e-05,0.27655,5.60132,0.189762,3.08741e-13,False,69.0|174,1043
1,8|1043|cc|8|1|174,1,9.35257e-12,0.27655,5.60132,0.189762,3.08741e-13,False,69.0|174,1043
1,8|1043|sample|3|174,1,0.00179366,15.3207,5.60135,0.189762,3.08741e-13,True,22.0|174,1043
1,8|1043|sample|4|174,1,0.000319098,15.3207,5.60135,0.189762,3.08741e-13,True,22.0|174,1043
1,8|1043|vc|1|2|174,1,1.67743e-11,0.27655,5.60132,0.189762,3.08741e-13,False,69.0|174,1043
1,8|1043|vc|2|2|174,1,1.73036e-13,0.27655,5.60132,0.189762,3.08741e-13,False,69.0|174,1043
1,8|1043|vc|3|2|174,1,0.20085,0.27655,5.60132,0.189762,3.08741e-13,False,69.0|174,1043
1,8|1043|vc|4|2|174,1,0.0767705,0.27655,5.60132,0.189762,3.08741e-13,False,69.0|174,1043
1,8|1043|vc|5|2|174,1,7.80435e-13,0.27655,5.60132,0.189762,3.08741e-13,False,69.0|174,1043
1,8|1043|vc|6|2|174,1,0.02463,0.27655,5.60132,0.189762,3.08741e-13,False,69.0|174,1043
1,8|1043|vc|7|2|174,1,3037720.0,0.27655,5.60132,0.189762,3.08741e-13,False,69.0|174,1043
1,8|1043|vc|8|2|174,1,6.66379e-08,0.27655,5.60132,0.189762,3.08741e-13,False,69.0|174,1043
1,8|1260|cc|1|1|319,1,0.00177298,1.3907,5.60132,0.18969,3.08741e-13,False,69.0|319,1260
1,8|1260|cc|2|1|319,1,4805.74,1.3907,5.60132,0.18969,3.08741e-13,False,69.0|319,1260
1,8|1260|cc|3|1|319,1,7.73058e-13,1.3907,5.60132,0.18969,3.08741e-13,False,69.0|319,1260
1,8|1260|cc|4|1|319,1,7823680000.0,1.3907,5.60132,0.18969,3.08741e-13,False,69.0|319,1260
1,8|1260|cc|5|1|319,1,506629000000.0,1.3907,5.60132,0.18969,3.08741e-13,False,69.0|319,1260
1,8|1260|cc|6|1|319,1,0.718629,1.3907,5.60132,0.18969,3.08741e-13,False,69.0|319,1260
1,8|1260|cc|7|1|319,1,0.083377,1.3907,5.60132,0.18969,3.08741e-13,False,69.0|319,1260
1,8|1260|cc|8|1|319,1,23.3888,1.3907,5.60132,0.18969,3.08741e-13,False,69.0|319,1260
1,8|1260|sample|3|319,1,6.04314e-10,2.63072,5.60135,0.18969,3.08741e-13,True,22.0|319,1260
1,8|1260|sample|4|319,1,2.10772e-09,2.63072,5.60135,0.18969,3.08741e-13,True,22.0|319,1260
1,8|1260|vc|1|2|319,1,490080000000.0,1.3907,5.60132,0.18969,3.08741e-13,False,69.0|319,1260
1,8|1260|vc|2|2|319,1,6.71211e-06,1.3907,5.60132,0.18969,3.08741e-13,False,69.0|319,1260
1,8|1260|vc|3|2|319,1,323.885,1.3907,5.60132,0.18969,3.08741e-13,False,69.0|319,1260
1,8|1260|vc|4|2|319,1,0.0251319,1.3907,5.60132,0.18969,3.08741e-13,False,69.0|319,1260
1,8|1260|vc|5|2|319,1,9909.31,1.3907,5.60132,0.18969,3.08741e-13,False,69.0|319,1260
1,8|1260|vc|6|2|319,1,6.45635e-09,1.3907,5.60132,0.18969,3.08741e-13,False,69.0|319,1260
1,8|1260|vc|7|2|319,1,0.00140835,1.3907,5.60132,0.18969,3.08741e-13,False,69.0|319,1260
1,8|1260|vc|8|2|319,1,0.96151,1.3907,5.60132,0.18969,3.08741e-13,False,69.0|319,1260
1,8|1042|cc|1|1|162,1,880274000000.0,1.62129,5.60132,0.189767,3.08741e-13,False,69.0|162,1042
1,8|1042|cc|2|1|162,1,276.771,1.62129,5.60132,0.189767,3.08741e-13,False,69.0|162,1042
1,8|1042|cc|3|1|162,1,0.077981,1.62129,5.60132,0.189767,3.08741e-13,False,69.0|162,1042
1,8|1042|cc|4|1|162,1,5.22513,1.62129,5.60132,0.189767,3.08741e-13,False,69.0|162,1042
1,8|1042|cc|5|1|162,1,4198.55,1.62129,5.60132,0.189767,3.08741e-13,False,69.0|162,1042
1,8|1042|cc|6|1|162,1,900.718,1.62129,5.60132,0.189767,3.08741e-13,False,69.0|162,1042
1,8|1042|cc|7|1|162,1,0.00300803,1.62129,5.60132,0.189767,3.08741e-13,False,69.0|162,1042
1,8|1042|cc|8|1|162,1,1515400.0,1.62129,5.60132,0.189767,3.08741e-13,False,69.0|162,1042
1,8|1042|sample|3|162,1,2.18515e-07,0.94374,5.60135,0.189767,3.08741e-13,True,22.0|162,1042
1,8|1042|sample|4|162,1,3.93949e-15,0.94374,5.60135,0.189767,3.08741e-13,True,22.0|162,1042
1,8|1042|vc|1|2|162,1,2136460.0,1.62129,5.60132,0.189767,3.08741e-13,False,69.0|162,1042
1,8|1042|vc|2|2|162,1,1.51057e-08,1.62129,5.60132,0.189767,3.08741e-13,False,69.0|162,1042
1,8|1042|vc|3|2|162,1,248.913,1.62129,5.60132,0.189767,3.08741e-13,False,69.0|162,1042
1,8|1042|vc|4|2|162,1,8.50481e-08,1.62129,5.60132,0.189767,3.08741e-13,False,69.0|162,1042
1,8|1042|vc|5|2|162,1,3.0234e-09,1.62129,5.60132,0.189767,3.08741e-13,False,69.0|162,1042
1,8|1042|vc|6|2|162,1,1594.47,1.62129,5.60132,0.189767,3.08741e-13,False,69.0|162,1042
1,8|1042|vc|7|2|162,1,0.9389,1.62129,5.60132,0.189767,3.08741e-13,False,69.0|162,1042
1,8|1042|vc|8|2|162,1,1.10831e-15,1.62129,5.60132,0.189767,3.08741e-13,False,69.0|162,1042
1,8|863|cc|1|1|274,1,95859.2,0.419185,5.60132,0.189762,3.08741e-13,False,69.0|274,863
1,8|863|cc|2|1|274,1,44001900000000.0,0.419185,5.60132,0.189762,3.08741e-13,False,69.0|274,863
1,8|863|cc|3|1|274,1,22485.8,0.419185,5.60132,0.189762,3.08741e-13,False,69.0|274,863
1,8|863|cc|4|1|274,1,26.0902,0.419185,5.60132,0.189762,3.08741e-13,False,69.0|274,863
1,8|863|cc|5|1|274,1,538.796,0.419185,5.60132,0.189762,3.08741e-13,False,69.0|274,863
1,8|863|cc|6|1|274,1,0.0,0.419185,5.60132,0.189762,3.08741e-13,False,69.0|274,863
1,8|863|cc|7|1|274,1,3.72932e+18,0.419185,5.60132,0.189762,3.08741e-13,False,69.0|274,863
1,8|863|cc|8|1|274,1,6.10697e-06,0.419185,5.60132,0.189762,3.08741e-13,False,69.0|274,863
1,8|863|sample|3|274,1,3.40802e-14,2.09289,5.60135,0.189762,3.08741e-13,True,22.0|274,863
1,8|863|sample|4|274,1,3.28707e-05,2.09289,5.60135,0.189762,3.08741e-13,True,22.0|274,863
1,8|863|vc|1|2|274,1,6471120.0,0.419185,5.60132,0.189762,3.08741e-13,False,69.0|274,863
1,8|863|vc|2|2|274,1,3.61407e-06,0.419185,5.60132,0.189762,3.08741e-13,False,69.0|274,863
1,8|863|vc|3|2|274,1,1865520000000000.0,0.419185,5.60132,0.189762,3.08741e-13,False,69.0|274,863
1,8|863|vc|4|2|274,1,0.167701,0.419185,5.60132,0.189762,3.08741e-13,False,69.0|274,863
1,8|863|vc|5|2|274,1,0.00067304,0.419185,5.60132,0.189762,3.08741e-13,False,69.0|274,863
1,8|863|vc|6|2|274,1,1.0667e-11,0.419185,5.60132,0.189762,3.08741e-13,False,69.0|274,863
1,8|863|vc|7|2|274,1,9.58518e-11,0.419185,5.60132,0.189762,3.08741e-13,False,69.0|274,863
1,8|863|vc|8|2|274,1,213.567,0.419185,5.60132,0.189762,3.08741e-13,False,69.0|274,863
1,8|152|cc|1|1|322,1,4973160.0,0.346028,5.60132,0.189762,3.08735e-13,False,69.0|322,152
1,8|152|cc|2|1|322,1,0.000137275,0.346028,5.60132,0.189762,3.08735e-13,False,69.0|322,152
1,8|152|cc|3|1|322,1,35.8156,0.346028,5.60132,0.189762,3.08735e-13,False,69.0|322,152
1,8|152|cc|4|1|322,1,4346450000000.0,0.346028,5.60132,0.189762,3.08735e-13,False,69.0|322,152
1,8|152|cc|5|1|322,1,9.73663e-15,0.346028,5.60132,0.189762,3.08735e-13,False,69.0|322,152
1,8|152|cc|6|1|322,1,5514980.0,0.346028,5.60132,0.189762,3.08735e-13,False,69.0|322,152
1,8|152|cc|7|1|322,1,4.06809e-06,0.346028,5.60132,0.189762,3.08735e-13,False,69.0|322,152
1,8|152|cc|8|1|322,1,4.81978,0.346028,5.60132,0.189762,3.08735e-13,False,69.0|322,152
1,8|152|sample|3|322,1,2.6725e-10,1.18454,5.60135,0.189762,3.08735e-13,True,22.0|322,152
1,8|152|sample|4|322,1,0.000155317,1.18454,5.60135,0.189762,3.08735e-13,True,22.0|322,152
1,8|152|vc|1|2|322,1,1.05404,0.346028,5.60132,0.189762,3.08735e-13,False,69.0|322,152
1,8|152|vc|2|2|322,1,2674.23,0.346028,5.60132,0.189762,3.08735e-13,False,69.0|322,152
1,8|152|vc|3|2|322,1,2.49784e-06,0.346028,5.60132,0.189762,3.08735e-13,False,69.0|322,152
1,8|152|vc|4|2|322,1,0.000889795,0.346028,5.60132,0.189762,3.08735e-13,False,69.0|322,152
1,8|152|vc|5|2|322,1,21.2326,0.346028,5.60132,0.189762,3.08735e-13,False,69.0|322,152
1,8|152|vc|6|2|322,1,3.32716e-09,0.346028,5.60132,0.189762,3.08735e-13,False,69.0|322,152
1,8|152|vc|7|2|322,1,0.0953113,0.346028,5.60132,0.189762,3.08735e-13,False,69.0|322,152
1,8|152|vc|8|2|322,1,3.28391e-08,0.346028,5.60132,0.189762,3.08735e-13,False,69.0|322,152
1,9|411|cc|1|1|274,1,265911000000.0,0.419185,5.60132,0.189762,3.08741e-13,False,69.0|274,411
1,9|411|cc|2|1|274,1,1.36039e-08,0.419185,5.60132,0.189762,3.08741e-13,False,69.0|274,411
1,9|411|cc|3|1|274,1,21015500000.0,0.419185,5.60132,0.189762,3.08741e-13,False,69.0|274,411
1,9|411|cc|4|1|274,1,5.40976,0.419185,5.60132,0.189762,3.08741e-13,False,69.0|274,411
1,9|411|cc|5|1|274,1,4.59553e-11,0.419185,5.60132,0.189762,3.08741e-13,False,69.0|274,411
1,9|411|cc|6|1|274,1,0.000357844,0.419185,5.60132,0.189762,3.08741e-13,False,69.0|274,411
1,9|411|cc|7|1|274,1,7.17689,0.419185,5.60132,0.189762,3.08741e-13,False,69.0|274,411
1,9|411|cc|8|1|274,1,8604120000000.0,0.419185,5.60132,0.189762,3.08741e-13,False,69.0|274,411
1,9|411|sample|10|274,1,0.170344,0.893898,5.60135,0.189762,3.08741e-13,True,70.0|274,411
1,9|411|sample|11|274,1,9.5635e-08,0.893898,5.60135,0.189762,3.08741e-13,True,70.0|274,411
1,9|411|sample|12|274,1,0.00124082,0.893898,5.60135,0.189762,3.08741e-13,True,70.0|274,411
1,9|411|sample|3|274,1,1.02326e-05,0.893898,5.60135,0.189762,3.08741e-13,True,70.0|274,411
1,9|411|sample|4|274,1,7.0494e-07,0.893898,5.60135,0.189762,3.08741e-13,True,70.0|274,411
1,9|411|sample|5|274,1,0.216655,0.893898,5.60135,0.189762,3.08741e-13,True,70.0|274,411
1,9|411|sample|6|274,1,0.172001,0.893898,5.60135,0.189762,3.08741e-13,True,70.0|274,411
1,9|411|sample|7|274,1,8.88342e-11,0.893898,5.60135,0.189762,3.08741e-13,True,70.0|274,411
1,9|411|sample|8|274,1,1.04478e-10,0.893898,5.60135,0.189762,3.08741e-13,True,70.0|274,411
1,9|411|sample|9|274,1,7.05089e-11,0.893898,5.60135,0.189762,3.08741e-13,True,70.0|274,411
1,9|411|vc|1|2|274,1,2473830000000000.0,0.419185,5.60132,0.189762,3.08741e-13,False,69.0|274,411
1,9|411|vc|2|2|274,1,4.05099e-06,0.419185,5.60132,0.189762,3.08741e-13,False,69.0|274,411
1,9|411|vc|3|2|274,1,1.62414e-14,0.419185,5.60132,0.189762,3.08741e-13,False,69.0|274,411
1,9|411|vc|4|2|274,1,6.64963,0.419185,5.60132,0.189762,3.08741e-13,False,69.0|274,411
1,9|411|vc|5|2|274,1,362.21,0.419185,5.60132,0.189762,3.08741e-13,False,69.0|274,411
1,9|411|vc|6|2|274,1,5176980.0,0.419185,5.60132,0.189762,3.08741e-13,False,69.0|274,411
1,9|411|vc|7|2|274,1,0.0716198,0.419185,5.60132,0.189762,3.08741e-13,False,69.0|274,411
1,9|411|vc|8|2|274,1,1651110000.0,0.419185,5.60132,0.189762,3.08741e-13,False,69.0|274,411
