id,eta_f_SAEM,eta_h_SAEM,eta_s_SAEM,eta_L_gap_SAEM,eta_f_mode,eta_h_mode,eta_s_mode,eta_L_gap_mode,mab_virus,run_id
9|411|9|411|sample|4|274|4|274|70.0,0,1.39113e-09,0,2.21673e-09,0,1.87318e-11,0,7.36833e-12,70.0|274,411
9|411|9|411|sample|3|274|3|274|70.0,0,-2.69734e-09,0,1.87372e-09,0,2.04989e-11,0,-1.15694e-11,70.0|274,411
9|411|9|411|sample|5|274|5|274|70.0,0,-6.48476e-10,0,-1.3472e-09,0,-5.98921e-12,0,-1.7339e-11,70.0|274,411
9|411|9|411|sample|6|274|6|274|70.0,0,-4.09435e-09,0,1.85453e-09,0,1.02716e-11,0,-2.68763e-11,70.0|274,411
9|411|9|411|sample|8|274|8|274|70.0,0,-2.85324e-09,0,-1.68214e-09,0,1.12416e-10,0,4.12701e-11,70.0|274,411
9|411|9|411|sample|7|274|7|274|70.0,0,1.50223e-09,0,1.82072e-09,0,-1.2416e-10,0,-2.95e-11,70.0|274,411
9|411|9|411|sample|9|274|9|274|70.0,0,-2.05322e-09,0,-3.34797e-10,0,-1.07988e-11,0,1.36087e-11,70.0|274,411
9|411|9|411|sample|10|274|10|274|70.0,0,1.68245e-09,0,-5.18403e-09,0,4.71229e-11,0,4.06253e-12,70.0|274,411
9|411|9|411|sample|12|274|12|274|70.0,0,-1.84843e-09,0,-1.36335e-09,0,-1.70832e-11,0,-5.33706e-12,70.0|274,411
9|411|9|411|sample|11|274|11|274|70.0,0,1.40809e-09,0,-2.82738e-10,0,3.39084e-12,0,4.97806e-11,70.0|274,411
9|411|9|411|cc|1|1|274|1|274|69.0,0,-7.02591e-09,0,-1.87719e-09,0,1.82583e-11,0,2.39937e-11,69.0|274,411
9|411|9|411|cc|2|1|274|1|274|69.0,0,-1.38582e-09,0,4.68638e-10,0,-1.89615e-11,0,-1.31748e-11,69.0|274,411
9|411|9|411|cc|3|1|274|1|274|69.0,0,1.13897e-09,0,-3.82971e-09,0,3.87907e-11,0,-2.85683e-12,69.0|274,411
9|411|9|411|cc|4|1|274|1|274|69.0,0,1.88503e-09,0,-1.94708e-09,0,-6.4857e-11,0,-2.81712e-11,69.0|274,411
9|411|9|411|cc|5|1|274|1|274|69.0,0,3.38598e-09,0,-3.72699e-09,0,1.38556e-12,0,4.48686e-11,69.0|274,411
9|411|9|411|cc|6|1|274|1|274|69.0,0,-5.04586e-10,0,-1.98958e-09,0,7.39409e-14,0,1.64073e-11,69.0|274,411
9|411|9|411|cc|7|1|274|1|274|69.0,0,-4.43791e-10,0,-1.2928e-09,0,-3.23552e-11,0,-1.63256e-11,69.0|274,411
9|411|9|411|cc|8|1|274|1|274|69.0,0,-6.03174e-09,0,-1.95365e-09,0,1.4136e-11,0,-1.92144e-11,69.0|274,411
9|411|9|411|vc|1|2|274|2|274|69.0,0,-4.28953e-09,0,-1.23942e-09,0,-1.26366e-11,0,-4.42695e-11,69.0|274,411
9|411|9|411|vc|2|2|274|2|274|69.0,0,4.55403e-10,0,1.4509e-11,0,1.92217e-11,0,1.09788e-11,69.0|274,411
9|411|9|411|vc|3|2|274|2|274|69.0,0,1.5613e-09,0,-3.17602e-09,0,-1.584e-11,0,-2.75566e-11,69.0|274,411
9|411|9|411|vc|4|2|274|2|274|69.0,0,-5.40351e-09,0,1.70916e-09,0,3.32354e-11,0,-6.78746e-12,69.0|274,411
9|411|9|411|vc|5|2|274|2|274|69.0,0,3.15376e-10,0,1.1598e-09,0,3.53437e-11,0,-1.46914e-11,69.0|274,411
9|411|9|411|vc|6|2|274|2|274|69.0,0,-2.77892e-09,0,7.84316e-10,0,2.90368e-11,0,-1.55271e-11,69.0|274,411
9|411|9|411|vc|7|2|274|2|274|69.0,0,9.75699e-10,0,1.40228e-09,0,8.58891e-12,0,4.97389e-11,69.0|274,411
9|411|9|411|vc|8|2|274|2|274|69.0,0,-2.7394e-09,0,1.85288e-10,0,1.5266e-11,0,-4.19709e-11,69.0|274,411
8|152|8|152|sample|8|322|8|322|65.0,0,1.39179e-09,0,-4.09569e-10,0,3.12572e-12,0,-2.25233e-11,65.0|322,152
8|152|8|152|sample|7|322|7|322|65.0,0,-2.33558e-09,0,-4.14557e-09,0,-1.913e-11,0,-2.77858e-11,65.0|322,152
8|152|8|152|sample|6|322|6|322|65.0,0,6.42963e-09,0,2.5141e-10,0,1.73688e-11,0,-3.20952e-11,65.0|322,152
8|152|8|152|sample|5|322|5|322|65.0,0,3.23246e-10,0,-2.29658e-09,0,-2.74669e-11,0,3.51976e-11,65.0|322,152
8|152|8|152|sample|12|322|12|322|28.0,0,-3.16603e-09,0,2.86853e-10,0,2.13902e-11,0,-2.05627e-11,28.0|322,152
8|152|8|152|sample|11|322|11|322|28.0,0,-6.53556e-11,0,1.24927e-09,0,3.201e-12,0,-1.69438e-11,28.0|322,152
8|152|8|152|sample|10|322|10|322|28.0,0,-6.2892e-10,0,-9.05483e-10,0,-3.49407e-11,0,2.14091e-11,28.0|322,152
8|152|8|152|sample|9|322|9|322|28.0,0,5.94839e-09,0,1.19843e-09,0,-2.98606e-11,0,1.54903e-11,28.0|322,152
8|152|8|152|sample|3|322|3|322|22.0,0,1.65528e-09,0,3.24951e-09,0,-3.81584e-12,0,3.55289e-11,22.0|322,152
8|152|8|152|sample|4|322|4|322|22.0,0,-2.86145e-09,0,2.59509e-10,0,5.02374e-11,0,-5.17275e-12,22.0|322,152
8|152|8|152|cc|1|1|322|1|322|69.0,0,-9.49741e-10,0,4.75753e-09,0,-3.07171e-11,0,-3.10987e-11,69.0|322,152
8|152|8|152|cc|2|1|322|1|322|69.0,0,-3.9721e-09,0,-1.54635e-09,0,-9.18429e-11,0,-1.81926e-11,69.0|322,152
8|152|8|152|cc|3|1|322|1|322|69.0,0,3.69098e-09,0,2.38077e-09,0,2.10459e-11,0,1.88987e-11,69.0|322,152
8|152|8|152|cc|4|1|322|1|322|69.0,0,4.13467e-09,0,1.26265e-09,0,-3.32737e-12,0,-2.41638e-11,69.0|322,152
8|152|8|152|cc|5|1|322|1|322|69.0,0,-3.57875e-09,0,-1.93101e-09,0,3.38442e-11,0,1.54072e-11,69.0|322,152
8|152|8|152|cc|6|1|322|1|322|69.0,0,-4.68421e-09,0,3.34963e-09,0,-4.02259e-11,0,-3.1477e-12,69.0|322,152
8|152|8|152|cc|7|1|322|1|322|69.0,0,5.85969e-09,0,9.49728e-10,0,-3.4841e-11,0,6.0405e-12,69.0|322,152
8|152|8|152|cc|8|1|322|1|322|69.0,0,-7.5158e-09,0,-2.65839e-09,0,4.70444e-11,0,-2.80025e-11,69.0|322,152
8|152|8|152|vc|1|2|322|2|322|69.0,0,-2.5945e-09,0,-1.12176e-09,0,-2.31797e-11,0,-1.95222e-12,69.0|322,152
8|152|8|152|vc|2|2|322|2|322|69.0,0,-9.56333e-11,0,-6.65432e-10,0,7.16996e-12,0,-2.4162e-11,69.0|322,152
8|152|8|152|vc|3|2|322|2|322|69.0,0,-6.44565e-10,0,6.20016e-10,0,-3.99555e-11,0,1.44453e-11,69.0|322,152
8|152|8|152|vc|4|2|322|2|322|69.0,0,7.29789e-10,0,3.37083e-09,0,2.39128e-12,0,-9.94227e-12,69.0|322,152
8|152|8|152|vc|5|2|322|2|322|69.0,0,-1.64631e-10,0,2.25618e-10,0,3.49651e-12,0,1.5592e-11,69.0|322,152
8|152|8|152|vc|6|2|322|2|322|69.0,0,3.28944e-09,0,-2.89185e-09,0,-2.76539e-11,0,-1.1573e-12,69.0|322,152
8|152|8|152|vc|7|2|322|2|322|69.0,0,4.24037e-09,0,-2.51925e-09,0,-4.76256e-11,0,-7.51044e-12,69.0|322,152
8|152|8|152|vc|8|2|322|2|322|69.0,0,1.21922e-09,0,-2.38716e-09,0,1.75018e-11,0,3.40474e-11,69.0|322,152
8|1056|8|1056|sample|8|276|8|276|65.0,0,-9.814e-10,0,4.15167e-10,0,2.91913e-11,0,-1.0302e-11,65.0|276,1056
8|1056|8|1056|sample|7|276|7|276|65.0,0,4.58108e-09,0,-1.78481e-09,0,-3.52101e-11,0,-1.04805e-12,65.0|276,1056
8|1056|8|1056|sample|6|276|6|276|65.0,0,-7.7638e-09,0,-3.0677e-09,0,-2.16467e-11,0,-2.46452e-11,65.0|276,1056
8|1056|8|1056|sample|5|276|5|276|65.0,0,-6.28241e-11,0,-1.36991e-09,0,-3.27729e-11,0,-3.27871e-12,65.0|276,1056
8|1056|8|1056|sample|12|276|12|276|28.0,0,-1.00256e-08,0,5.0154e-10,0,4.49529e-11,0,2.17923e-11,28.0|276,1056
8|1056|8|1056|sample|11|276|11|276|28.0,0,2.68493e-10,0,-1.73152e-11,0,-2.41265e-11,0,1.16911e-11,28.0|276,1056
8|1056|8|1056|sample|10|276|10|276|28.0,0,1.38588e-09,0,-5.17623e-10,0,1.91802e-11,0,-1.4345e-11,28.0|276,1056
8|1056|8|1056|sample|9|276|9|276|28.0,0,7.06279e-09,0,-1.62845e-09,0,3.41953e-11,0,1.86597e-11,28.0|276,1056
8|1056|8|1056|sample|4|276|4|276|22.0,0,4.81095e-09,0,3.66057e-10,0,-4.90159e-11,0,-6.79989e-12,22.0|276,1056
8|1056|8|1056|sample|3|276|3|276|22.0,0,5.95224e-09,0,3.88081e-09,0,-2.86704e-12,0,-2.07723e-11,22.0|276,1056
8|1056|8|1056|cc|1|1|276|1|276|69.0,0,8.68354e-10,0,-9.13999e-10,0,-4.30789e-12,0,2.01492e-11,69.0|276,1056
8|1056|8|1056|cc|2|1|276|1|276|69.0,0,-6.69276e-10,0,-4.80706e-10,0,3.52851e-11,0,-1.75122e-11,69.0|276,1056
8|1056|8|1056|cc|3|1|276|1|276|69.0,0,-4.24246e-12,0,5.7824e-10,0,1.53626e-11,0,-1.51461e-11,69.0|276,1056
8|1056|8|1056|cc|4|1|276|1|276|69.0,0,-1.80628e-09,0,3.70696e-10,0,-3.94094e-11,0,1.54587e-11,69.0|276,1056
8|1056|8|1056|cc|5|1|276|1|276|69.0,0,-1.29901e-09,0,1.47502e-09,0,-5.02332e-12,0,2.09361e-11,69.0|276,1056
8|1056|8|1056|cc|6|1|276|1|276|69.0,0,-5.49216e-10,0,-9.42481e-10,0,-3.01026e-11,0,7.05747e-12,69.0|276,1056
8|1056|8|1056|cc|7|1|276|1|276|69.0,0,4.25367e-09,0,-2.2517e-09,0,2.24833e-11,0,1.44258e-11,69.0|276,1056
8|1056|8|1056|cc|8|1|276|1|276|69.0,0,-7.68917e-10,0,1.79197e-09,0,3.25797e-11,0,2.41478e-11,69.0|276,1056
8|1056|8|1056|vc|1|2|276|2|276|69.0,0,2.41652e-10,0,-3.04343e-10,0,6.05294e-13,0,2.1112e-11,69.0|276,1056
8|1056|8|1056|vc|2|2|276|2|276|69.0,0,3.88823e-09,0,-3.46475e-10,0,-5.13356e-11,0,1.59552e-11,69.0|276,1056
8|1056|8|1056|vc|3|2|276|2|276|69.0,0,4.95499e-09,0,7.18081e-10,0,2.23639e-11,0,-1.87956e-11,69.0|276,1056
8|1056|8|1056|vc|4|2|276|2|276|69.0,0,3.41855e-09,0,-2.94759e-09,0,1.0129e-11,0,-1.66596e-11,69.0|276,1056
8|1056|8|1056|vc|5|2|276|2|276|69.0,0,-1.62316e-09,0,1.51135e-09,0,-3.03864e-11,0,-3.30935e-12,69.0|276,1056
8|1056|8|1056|vc|6|2|276|2|276|69.0,0,8.73854e-10,0,-4.36577e-10,0,-1.05758e-11,0,-1.45697e-11,69.0|276,1056
8|1056|8|1056|vc|7|2|276|2|276|69.0,0,-7.91988e-09,0,3.47921e-09,0,3.72431e-11,0,-5.86233e-11,69.0|276,1056
8|1056|8|1056|vc|8|2|276|2|276|69.0,0,8.11655e-10,0,-3.77412e-09,0,-2.95093e-11,0,8.06288e-12,69.0|276,1056
8|462|8|462|sample|6|292|6|292|55.0,0,1.97574e-09,0,2.96857e-09,0,3.39682e-11,0,8.11973e-12,55.0|292,462
8|462|8|462|sample|5|292|5|292|55.0,0,-1.68627e-09,0,3.64255e-10,0,3.57258e-11,0,5.98632e-12,55.0|292,462
8|462|8|462|sample|4|292|4|292|55.0,0,1.25161e-09,0,7.59308e-10,0,8.00604e-12,0,1.7764e-11,55.0|292,462
8|462|8|462|sample|3|292|3|292|55.0,0,2.33234e-09,0,-1.85357e-09,0,4.39068e-11,0,-2.83078e-11,55.0|292,462
8|462|8|462|sample|9|292|9|292|32.0,0,-3.11074e-09,0,-1.66785e-09,0,-2.23785e-11,0,1.4571e-11,32.0|292,462
8|462|8|462|sample|10|292|10|292|32.0,0,-1.09821e-10,0,-1.28801e-09,0,3.50031e-12,0,2.21347e-11,32.0|292,462
8|462|8|462|sample|7|292|7|292|32.0,0,-4.07804e-10,0,7.31315e-10,0,-1.76765e-11,0,1.49667e-11,32.0|292,462
8|462|8|462|sample|8|292|8|292|32.0,0,1.80337e-09,0,1.20615e-09,0,-7.13207e-11,0,1.36104e-11,32.0|292,462
8|462|8|462|sample|11|292|11|292|22.0,0,2.2149e-09,0,6.52782e-10,0,-1.00275e-11,0,1.93698e-11,22.0|292,462
8|462|8|462|sample|12|292|12|292|22.0,0,-6.0258e-10,0,9.23892e-10,0,1.36582e-11,0,1.31588e-11,22.0|292,462
8|462|8|462|cc|1|1|292|1|292|69.0,0,-9.82071e-10,0,4.50403e-09,0,-1.28947e-10,0,1.3872e-11,69.0|292,462
8|462|8|462|cc|2|1|292|1|292|69.0,0,-4.51583e-09,0,6.28613e-10,0,1.28102e-11,0,4.59122e-12,69.0|292,462
8|462|8|462|cc|3|1|292|1|292|69.0,0,2.72742e-09,0,3.20668e-10,0,1.78066e-11,0,-1.36664e-11,69.0|292,462
8|462|8|462|cc|4|1|292|1|292|69.0,0,-1.88895e-09,0,6.26905e-10,0,-1.97962e-11,0,-1.82632e-11,69.0|292,462
8|462|8|462|cc|5|1|292|1|292|69.0,0,-1.38482e-09,0,2.22652e-09,0,-2.28524e-11,0,-1.14468e-11,69.0|292,462
8|462|8|462|cc|6|1|292|1|292|69.0,0,2.5609e-09,0,5.48068e-10,0,-3.95424e-11,0,1.92535e-11,69.0|292,462
8|462|8|462|cc|7|1|292|1|292|69.0,0,-5.53486e-10,0,2.19535e-10,0,-1.9857e-11,0,2.81837e-11,69.0|292,462
8|462|8|462|cc|8|1|292|1|292|69.0,0,5.42751e-09,0,6.94061e-10,0,2.48703e-11,0,2.21601e-12,69.0|292,462
8|462|8|462|vc|1|2|292|2|292|69.0,0,2.55423e-09,0,-2.89988e-09,0,-3.02172e-11,0,-1.58829e-12,69.0|292,462
8|462|8|462|vc|2|2|292|2|292|69.0,0,-2.70106e-10,0,1.66617e-09,0,-4.08058e-11,0,6.60982e-12,69.0|292,462
8|462|8|462|vc|3|2|292|2|292|69.0,0,1.11925e-09,0,-1.80114e-09,0,6.0882e-11,0,2.42788e-11,69.0|292,462
8|462|8|462|vc|4|2|292|2|292|69.0,0,3.86802e-10,0,-1.29702e-09,0,2.57518e-11,0,2.05413e-11,69.0|292,462
8|462|8|462|vc|5|2|292|2|292|69.0,0,-3.4021e-09,0,-7.73774e-10,0,3.3916e-11,0,3.42024e-11,69.0|292,462
8|462|8|462|vc|6|2|292|2|292|69.0,0,1.96802e-09,0,2.11377e-09,0,1.87247e-10,0,-6.2268e-12,69.0|292,462
8|462|8|462|vc|7|2|292|2|292|69.0,0,-1.6853e-09,0,3.28425e-09,0,-3.251e-11,0,1.94591e-11,69.0|292,462
8|462|8|462|vc|8|2|292|2|292|69.0,0,-7.09055e-09,0,9.95854e-10,0,1.67066e-12,0,-1.88201e-11,69.0|292,462
8|1159|8|1159|sample|8|292|8|292|65.0,0,-1.0195e-09,0,3.63278e-10,0,4.06735e-11,0,-5.36282e-12,65.0|292,1159
8|1159|8|1159|sample|7|292|7|292|65.0,0,6.64188e-09,0,3.29918e-10,0,1.10352e-11,0,1.14797e-11,65.0|292,1159
8|1159|8|1159|sample|5|292|5|292|65.0,0,-5.59185e-09,0,5.15418e-10,0,3.29772e-11,0,1.35625e-12,65.0|292,1159
8|1159|8|1159|sample|6|292|6|292|65.0,0,4.7705e-09,0,2.60283e-10,0,-5.45901e-11,0,-2.81428e-11,65.0|292,1159
8|1159|8|1159|sample|11|292|11|292|28.0,0,5.5028e-09,0,-1.0897e-09,0,2.39133e-11,0,1.26805e-11,28.0|292,1159
8|1159|8|1159|sample|12|292|12|292|28.0,0,9.1739e-09,0,-6.50023e-10,0,-2.01421e-11,0,-1.30713e-11,28.0|292,1159
8|1159|8|1159|sample|9|292|9|292|28.0,0,-3.9906e-09,0,-2.12586e-10,0,1.82787e-11,0,-3.46123e-12,28.0|292,1159
8|1159|8|1159|sample|10|292|10|292|28.0,0,-5.74965e-09,0,5.71512e-10,0,-4.59419e-11,0,1.14966e-11,28.0|292,1159
8|1159|8|1159|sample|4|292|4|292|22.0,0,-5.60813e-10,0,-5.84363e-10,0,3.88689e-11,0,-2.41824e-11,22.0|292,1159
8|1159|8|1159|sample|3|292|3|292|22.0,0,1.15564e-09,0,1.20784e-09,0,3.23102e-11,0,5.59019e-12,22.0|292,1159
8|1159|8|1159|cc|1|1|292|1|292|69.0,0,1.22664e-09,0,-2.83189e-09,0,2.4003e-11,0,6.71818e-12,69.0|292,1159
8|1159|8|1159|cc|2|1|292|1|292|69.0,0,9.78073e-10,0,1.55848e-09,0,4.60165e-12,0,4.07123e-11,69.0|292,1159
8|1159|8|1159|cc|3|1|292|1|292|69.0,0,-2.5203e-10,0,3.37264e-09,0,-1.16505e-11,0,-1.59539e-11,69.0|292,1159
8|1159|8|1159|cc|4|1|292|1|292|69.0,0,1.77211e-09,0,-2.24439e-09,0,-2.44516e-11,0,3.96483e-12,69.0|292,1159
8|1159|8|1159|cc|5|1|292|1|292|69.0,0,1.03807e-09,0,-3.25722e-10,0,2.38156e-11,0,-4.27214e-13,69.0|292,1159
8|1159|8|1159|cc|6|1|292|1|292|69.0,0,-1.02132e-09,0,-1.24832e-09,0,-3.01807e-11,0,1.66978e-12,69.0|292,1159
8|1159|8|1159|cc|7|1|292|1|292|69.0,0,1.00709e-09,0,-2.13928e-09,0,-3.65001e-11,0,4.52705e-12,69.0|292,1159
8|1159|8|1159|cc|8|1|292|1|292|69.0,0,-1.25831e-09,0,-2.09051e-09,0,2.36255e-12,0,1.71108e-11,69.0|292,1159
8|1159|8|1159|vc|1|2|292|2|292|69.0,0,-2.58458e-09,0,-1.37285e-11,0,4.37053e-11,0,2.37232e-12,69.0|292,1159
8|1159|8|1159|vc|2|2|292|2|292|69.0,0,-1.38488e-09,0,1.34978e-09,0,1.23459e-11,0,-2.83076e-11,69.0|292,1159
8|1159|8|1159|vc|3|2|292|2|292|69.0,0,1.75124e-09,0,3.54351e-09,0,-2.40157e-11,0,-5.94502e-12,69.0|292,1159
8|1159|8|1159|vc|4|2|292|2|292|69.0,0,1.92424e-09,0,4.55217e-10,0,2.498e-13,0,1.56408e-11,69.0|292,1159
8|1159|8|1159|vc|5|2|292|2|292|69.0,0,-2.07587e-09,0,-2.08131e-09,0,8.49165e-12,0,1.6815e-11,69.0|292,1159
8|1159|8|1159|vc|6|2|292|2|292|69.0,0,7.49784e-10,0,3.89776e-09,0,1.1551e-11,0,1.18319e-11,69.0|292,1159
8|1159|8|1159|vc|7|2|292|2|292|69.0,0,-2.43365e-09,0,2.65289e-09,0,3.64864e-12,0,2.76312e-11,69.0|292,1159
8|1159|8|1159|vc|8|2|292|2|292|69.0,0,-3.34354e-09,0,-5.82787e-10,0,-3.98133e-11,0,9.59854e-12,69.0|292,1159
8|1197|8|1197|sample|7|103|7|103|65.0,0,-4.42247e-09,0,1.95849e-09,0,-3.21418e-11,0,-1.15432e-11,65.0|103,1197
8|1197|8|1197|sample|8|103|8|103|65.0,0,1.35908e-09,0,-2.30559e-09,0,-9.94493e-12,0,-2.70002e-11,65.0|103,1197
8|1197|8|1197|sample|6|103|6|103|65.0,0,2.88473e-09,0,-1.67802e-09,0,1.52771e-11,0,-2.27418e-11,65.0|103,1197
8|1197|8|1197|sample|5|103|5|103|65.0,0,-5.4629e-09,0,1.578e-09,0,-3.69407e-11,0,-3.58957e-12,65.0|103,1197
8|1197|8|1197|sample|12|103|12|103|28.0,0,-9.36475e-10,0,3.6845e-09,0,1.01315e-11,0,1.93809e-11,28.0|103,1197
8|1197|8|1197|sample|10|103|10|103|28.0,0,5.14825e-09,0,1.24206e-09,0,1.14468e-11,0,2.46181e-11,28.0|103,1197
8|1197|8|1197|sample|9|103|9|103|28.0,0,-3.6762e-09,0,-2.41959e-09,0,2.86375e-11,0,6.9682e-12,28.0|103,1197
8|1197|8|1197|sample|3|103|3|103|22.0,0,-7.21165e-10,0,4.36592e-09,0,-2.3435e-11,0,1.9627e-11,22.0|103,1197
8|1197|8|1197|sample|4|103|4|103|22.0,0,-1.90692e-09,0,-5.01378e-10,0,-2.4678e-12,0,2.45404e-11,22.0|103,1197
8|1197|8|1197|sample|11|103|11|103|28.0,0,7.62889e-10,0,4.24321e-09,0,-8.51967e-11,0,-4.75753e-12,28.0|103,1197
8|1197|8|1197|cc|1|1|103|1|103|69.0,0,-3.41216e-09,0,-7.60297e-10,0,-1.88205e-11,0,-8.52207e-12,69.0|103,1197
8|1197|8|1197|cc|2|1|103|1|103|69.0,0,2.75718e-10,0,2.07845e-09,0,2.35851e-11,0,2.27125e-11,69.0|103,1197
8|1197|8|1197|cc|3|1|103|1|103|69.0,0,-1.62336e-10,0,-1.30872e-09,0,-4.48543e-11,0,9.82991e-12,69.0|103,1197
8|1197|8|1197|cc|4|1|103|1|103|69.0,0,2.26007e-09,0,-1.30522e-09,0,8.87652e-11,0,2.24771e-11,69.0|103,1197
8|1197|8|1197|cc|5|1|103|1|103|69.0,0,-5.26004e-09,0,-1.154e-09,0,-2.56128e-11,0,2.95231e-11,69.0|103,1197
8|1197|8|1197|cc|6|1|103|1|103|69.0,0,-1.9147e-09,0,9.73172e-10,0,2.16107e-11,0,1.78666e-11,69.0|103,1197
8|1197|8|1197|cc|7|1|103|1|103|69.0,0,-2.24853e-09,0,-1.24483e-10,0,-3.96194e-11,0,-8.38485e-12,69.0|103,1197
8|1197|8|1197|cc|8|1|103|1|103|69.0,0,-4.27141e-10,0,1.3948e-09,0,-2.64315e-11,0,-1.80895e-11,69.0|103,1197
8|1197|8|1197|vc|1|2|103|2|103|69.0,0,7.03451e-09,0,-1.15794e-09,0,1.01057e-11,0,1.87299e-11,69.0|103,1197
8|1197|8|1197|vc|2|2|103|2|103|69.0,0,-1.31142e-09,0,-7.83735e-10,0,-2.51799e-13,0,2.55955e-11,69.0|103,1197
8|1197|8|1197|vc|3|2|103|2|103|69.0,0,-3.89391e-09,0,1.88447e-09,0,-6.95022e-12,0,3.85008e-11,69.0|103,1197
8|1197|8|1197|vc|4|2|103|2|103|69.0,0,-7.41267e-11,0,-1.31909e-09,0,3.3471e-11,0,4.95604e-13,69.0|103,1197
8|1197|8|1197|vc|5|2|103|2|103|69.0,0,2.57728e-09,0,1.17307e-09,0,-1.47504e-11,0,-4.98712e-12,69.0|103,1197
8|1197|8|1197|vc|6|2|103|2|103|69.0,0,-1.33666e-09,0,-1.68762e-09,0,2.30624e-11,0,-3.27969e-11,69.0|103,1197
8|1197|8|1197|vc|7|2|103|2|103|69.0,0,3.3476e-10,0,-6.10847e-10,0,4.9152e-11,0,1.43014e-11,69.0|103,1197
8|1197|8|1197|vc|8|2|103|2|103|69.0,0,-2.8335e-09,0,3.62913e-09,0,2.36238e-11,0,2.95057e-11,69.0|103,1197
