id,U_SAEM,L_SAEM,h_SAEM,f_SAEM,alpha_SAEM,U_mode,L_mode,h_mode,f_mode,alpha_mode,goes_down,mab_virus,run_id
9|411|9|411|sample|4|274|4|274|70.0,52969,769.639,0.159,1.90854,0.256081,52969,769.639,0.159,0.0158563,0.262074,True,70.0|274,411
9|411|9|411|sample|3|274|3|274|70.0,52969,769.639,0.159,0.336002,0.256081,52969,769.639,0.159,0.0095007,0.262074,True,70.0|274,411
9|411|9|411|sample|5|274|5|274|70.0,52969,769.639,0.159,800.509,0.256081,52969,769.639,0.159,0.13774,0.262074,True,70.0|274,411
9|411|9|411|sample|6|274|6|274|70.0,52969,769.639,0.159,456.506,0.256081,52969,769.639,0.159,0.401077,0.262074,True,70.0|274,411
9|411|9|411|sample|8|274|8|274|70.0,52969,769.639,0.159,0.205371,0.256081,52969,769.639,0.159,0.00841274,0.262074,True,70.0|274,411
9|411|9|411|sample|7|274|7|274|70.0,52969,769.639,0.159,13.803,0.256081,52969,769.639,0.159,0.00995741,0.262074,True,70.0|274,411
9|411|9|411|sample|9|274|9|274|70.0,52969,769.639,0.159,27.8494,0.256081,52969,769.639,0.159,0.210194,0.262074,True,70.0|274,411
9|411|9|411|sample|10|274|10|274|70.0,52969,769.639,0.159,753.938,0.256081,52969,769.639,0.159,0.227429,0.262074,True,70.0|274,411
9|411|9|411|sample|12|274|12|274|70.0,52969,769.639,0.159,0.889291,0.256081,52969,769.639,0.159,0.00482422,0.262074,True,70.0|274,411
9|411|9|411|sample|11|274|11|274|70.0,52969,769.639,0.159,1.83408,0.256081,52969,769.639,0.159,0.0100705,0.262074,True,70.0|274,411
9|411|9|411|cc|1|1|274|1|274|69.0,52969,766.878,0.159,47359.6,0.256081,52969,766.878,0.159,1.00041,0.262074,False,69.0|274,411
9|411|9|411|cc|2|1|274|1|274|69.0,52969,766.878,0.159,11527.3,0.256081,52969,766.878,0.159,0.999443,0.262074,False,69.0|274,411
9|411|9|411|cc|3|1|274|1|274|69.0,52969,766.878,0.159,7679.08,0.256081,52969,766.878,0.159,0.999431,0.262074,False,69.0|274,411
9|411|9|411|cc|4|1|274|1|274|69.0,52969,766.878,0.159,235450,0.256081,52969,766.878,0.159,0.871595,0.262074,False,69.0|274,411
9|411|9|411|cc|5|1|274|1|274|69.0,52969,766.878,0.159,156316,0.256081,52969,766.878,0.159,0.999891,0.262074,False,69.0|274,411
9|411|9|411|cc|6|1|274|1|274|69.0,52969,766.878,0.159,445979,0.256081,52969,766.878,0.159,1.00046,0.262074,False,69.0|274,411
9|411|9|411|cc|7|1|274|1|274|69.0,52969,766.878,0.159,5.85393e+06,0.256081,52969,766.878,0.159,1,0.262074,False,69.0|274,411
9|411|9|411|cc|8|1|274|1|274|69.0,52969,766.878,0.159,5.68505e+06,0.256081,52969,766.878,0.159,1.02868,0.262074,False,69.0|274,411
9|411|9|411|vc|1|2|274|2|274|69.0,52969,766.878,0.159,8629.85,0.256081,52969,766.878,0.159,1.00008,0.262074,False,69.0|274,411
9|411|9|411|vc|2|2|274|2|274|69.0,52969,766.878,0.159,104597,0.256081,52969,766.878,0.159,1.00052,0.262074,False,69.0|274,411
9|411|9|411|vc|3|2|274|2|274|69.0,52969,766.878,0.159,169296,0.256081,52969,766.878,0.159,1.00008,0.262074,False,69.0|274,411
9|411|9|411|vc|4|2|274|2|274|69.0,52969,766.878,0.159,18519,0.256081,52969,766.878,0.159,1.00006,0.262074,False,69.0|274,411
9|411|9|411|vc|5|2|274|2|274|69.0,52969,766.878,0.159,4653.3,0.256081,52969,766.878,0.159,1.00076,0.262074,False,69.0|274,411
9|411|9|411|vc|6|2|274|2|274|69.0,52969,766.878,0.159,3.24928e+06,0.256081,52969,766.878,0.159,1.20503,0.262074,False,69.0|274,411
9|411|9|411|vc|7|2|274|2|274|69.0,52969,766.878,0.159,266936,0.256081,52969,766.878,0.159,1.0002,0.262074,False,69.0|274,411
9|411|9|411|vc|8|2|274|2|274|69.0,52969,766.878,0.159,7.42164e+06,0.256081,52969,766.878,0.159,0.999999,0.262074,False,69.0|274,411
14|705|14|705|sample|3|233|3|233|6.0,52969,768.338,0.159,0.00510591,1.76776,52969,768.338,0.159,0.000286362,1.75577,False,6.0|233,705
14|705|14|705|sample|4|233|4|233|6.0,52969,768.338,0.159,0.00908483,1.76776,52969,768.338,0.159,0.000609876,1.75577,False,6.0|233,705
14|705|14|705|sample|5|233|5|233|6.0,52969,768.338,0.159,0.00728503,1.76776,52969,768.338,0.159,0.000568309,1.75577,False,6.0|233,705
14|705|14|705|sample|6|233|6|233|6.0,52969,768.338,0.159,0.0205078,1.76776,52969,768.338,0.159,0.000617847,1.75577,False,6.0|233,705
14|705|14|705|sample|7|233|7|233|6.0,52969,768.338,0.159,0.0056657,1.76776,52969,768.338,0.159,0.000271929,1.75577,False,6.0|233,705
14|705|14|705|sample|8|233|8|233|6.0,52969,768.338,0.159,0.492936,1.76776,52969,768.338,0.159,0.000565958,1.75577,False,6.0|233,705
14|705|14|705|sample|10|233|10|233|6.0,52969,768.338,0.159,9.22438e-06,1.76776,52969,768.338,0.159,2.06507e-07,1.75577,True,6.0|233,705
14|705|14|705|sample|9|233|9|233|6.0,52969,768.338,0.159,1.89076e-06,1.76776,52969,768.338,0.159,2.06604e-07,1.75577,True,6.0|233,705
14|705|14|705|sample|12|233|12|233|6.0,52969,768.338,0.159,6.02622e-05,1.76776,52969,768.338,0.159,1.60741e-06,1.75577,True,6.0|233,705
14|705|14|705|sample|11|233|11|233|6.0,52969,768.338,0.159,2.80781e-06,1.76776,52969,768.338,0.159,2.91147e-07,1.75577,True,6.0|233,705
14|705|14|705|cc|1|1|233|1|233|69.0,52969,766.519,0.159,69493.4,1.76776,52969,766.519,0.159,0.999213,1.75577,False,69.0|233,705
14|705|14|705|cc|2|1|233|1|233|69.0,52969,766.519,0.159,4.68167e+07,1.76776,52969,766.519,0.159,1.00001,1.75577,False,69.0|233,705
14|705|14|705|cc|3|1|233|1|233|69.0,52969,766.519,0.159,171916,1.76776,52969,766.519,0.159,0.999883,1.75577,False,69.0|233,705
14|705|14|705|cc|4|1|233|1|233|69.0,52969,766.519,0.159,272663,1.76776,52969,766.519,0.159,1,1.75577,False,69.0|233,705
14|705|14|705|cc|5|1|233|1|233|69.0,52969,766.519,0.159,14922.5,1.76776,52969,766.519,0.159,0.857561,1.75577,False,69.0|233,705
14|705|14|705|cc|6|1|233|1|233|69.0,52969,766.519,0.159,36515,1.76776,52969,766.519,0.159,1.01547,1.75577,False,69.0|233,705
14|705|14|705|cc|7|1|233|1|233|69.0,52969,766.519,0.159,827836,1.76776,52969,766.519,0.159,1,1.75577,False,69.0|233,705
14|705|14|705|cc|8|1|233|1|233|69.0,52969,766.519,0.159,3855.48,1.76776,52969,766.519,0.159,1,1.75577,False,69.0|233,705
14|705|14|705|vc|1|2|233|2|233|69.0,52969,766.519,0.159,2.43486e+07,1.76776,52969,766.519,0.159,0.999999,1.75577,False,69.0|233,705
14|705|14|705|vc|2|2|233|2|233|69.0,52969,766.519,0.159,66255.9,1.76776,52969,766.519,0.159,1.00011,1.75577,False,69.0|233,705
14|705|14|705|vc|3|2|233|2|233|69.0,52969,766.519,0.159,2.49847e+06,1.76776,52969,766.519,0.159,0.999684,1.75577,False,69.0|233,705
14|705|14|705|vc|4|2|233|2|233|69.0,52969,766.519,0.159,1.43099e+06,1.76776,52969,766.519,0.159,1,1.75577,False,69.0|233,705
14|705|14|705|vc|5|2|233|2|233|69.0,52969,766.519,0.159,1.03713e+06,1.76776,52969,766.519,0.159,0.999999,1.75577,False,69.0|233,705
14|705|14|705|vc|6|2|233|2|233|69.0,52969,766.519,0.159,67204.3,1.76776,52969,766.519,0.159,1.08589,1.75577,False,69.0|233,705
14|705|14|705|vc|7|2|233|2|233|69.0,52969,766.519,0.159,154557,1.76776,52969,766.519,0.159,1,1.75577,False,69.0|233,705
14|705|14|705|vc|8|2|233|2|233|69.0,52969,766.519,0.159,835955,1.76776,52969,766.519,0.159,0.999681,1.75577,False,69.0|233,705
8|152|8|152|sample|8|322|8|322|65.0,52969,769.188,0.159,16308.9,-0.563119,52969,769.188,0.159,0.647026,-0.539038,True,65.0|322,152
8|152|8|152|sample|7|322|7|322|65.0,52969,769.188,0.159,205419,-0.563119,52969,769.188,0.159,0.805935,-0.539038,True,65.0|322,152
8|152|8|152|sample|6|322|6|322|65.0,52969,769.188,0.159,3848.58,-0.563119,52969,769.188,0.159,2.78387,-0.539038,True,65.0|322,152
8|152|8|152|sample|5|322|5|322|65.0,52969,769.188,0.159,11253,-0.563119,52969,769.188,0.159,3.76509,-0.539038,True,65.0|322,152
8|152|8|152|sample|12|322|12|322|28.0,52969,769.284,0.159,1.01852,-0.563119,52969,769.284,0.159,0.00383689,-0.539038,True,28.0|322,152
8|152|8|152|sample|11|322|11|322|28.0,52969,769.284,0.159,62.0742,-0.563119,52969,769.284,0.159,0.04606,-0.539038,True,28.0|322,152
8|152|8|152|sample|10|322|10|322|28.0,52969,769.284,0.159,1920.32,-0.563119,52969,769.284,0.159,0.999809,-0.539038,True,28.0|322,152
8|152|8|152|sample|9|322|9|322|28.0,52969,769.284,0.159,1730.74,-0.563119,52969,769.284,0.159,0.342328,-0.539038,True,28.0|322,152
8|152|8|152|sample|3|322|3|322|22.0,52969,769.489,0.159,1664.66,-0.563119,52969,769.489,0.159,0.413608,-0.539038,True,22.0|322,152
8|152|8|152|sample|4|322|4|322|22.0,52969,769.489,0.159,152.699,-0.563119,52969,769.489,0.159,0.61265,-0.539038,True,22.0|322,152
8|152|8|152|cc|1|1|322|1|322|69.0,52969,766.53,0.159,6768.9,-0.563119,52969,766.53,0.159,1,-0.539038,False,69.0|322,152
8|152|8|152|cc|2|1|322|1|322|69.0,52969,766.53,0.159,178950,-0.563119,52969,766.53,0.159,1,-0.539038,False,69.0|322,152
8|152|8|152|cc|3|1|322|1|322|69.0,52969,766.53,0.159,24364.4,-0.563119,52969,766.53,0.159,1,-0.539038,False,69.0|322,152
8|152|8|152|cc|4|1|322|1|322|69.0,52969,766.53,0.159,6.1081e+06,-0.563119,52969,766.53,0.159,1.10036,-0.539038,False,69.0|322,152
8|152|8|152|cc|5|1|322|1|322|69.0,52969,766.53,0.159,20004.1,-0.563119,52969,766.53,0.159,1,-0.539038,False,69.0|322,152
8|152|8|152|cc|6|1|322|1|322|69.0,52969,766.53,0.159,58902.6,-0.563119,52969,766.53,0.159,0.990109,-0.539038,False,69.0|322,152
8|152|8|152|cc|7|1|322|1|322|69.0,52969,766.53,0.159,295781,-0.563119,52969,766.53,0.159,1,-0.539038,False,69.0|322,152
8|152|8|152|cc|8|1|322|1|322|69.0,52969,766.53,0.159,5.84575e+06,-0.563119,52969,766.53,0.159,0.999999,-0.539038,False,69.0|322,152
8|152|8|152|vc|1|2|322|2|322|69.0,52969,766.53,0.159,50208.5,-0.563119,52969,766.53,0.159,1,-0.539038,False,69.0|322,152
8|152|8|152|vc|2|2|322|2|322|69.0,52969,766.53,0.159,237342,-0.563119,52969,766.53,0.159,1,-0.539038,False,69.0|322,152
8|152|8|152|vc|3|2|322|2|322|69.0,52969,766.53,0.159,25623.8,-0.563119,52969,766.53,0.159,1,-0.539038,False,69.0|322,152
8|152|8|152|vc|4|2|322|2|322|69.0,52969,766.53,0.159,294976,-0.563119,52969,766.53,0.159,1,-0.539038,False,69.0|322,152
8|152|8|152|vc|5|2|322|2|322|69.0,52969,766.53,0.159,34312.6,-0.563119,52969,766.53,0.159,1,-0.539038,False,69.0|322,152
8|152|8|152|vc|6|2|322|2|322|69.0,52969,766.53,0.159,1.23733e+06,-0.563119,52969,766.53,0.159,1,-0.539038,False,69.0|322,152
8|152|8|152|vc|7|2|322|2|322|69.0,52969,766.53,0.159,10533.9,-0.563119,52969,766.53,0.159,1,-0.539038,False,69.0|322,152
8|152|8|152|vc|8|2|322|2|322|69.0,52969,766.53,0.159,111572,-0.563119,52969,766.53,0.159,1,-0.539038,False,69.0|322,152
8|1159|8|1159|sample|8|292|8|292|65.0,52969,769.287,0.159,99391,-0.824648,52969,769.287,0.159,28.413,-0.82135,True,65.0|292,1159
8|1159|8|1159|sample|7|292|7|292|65.0,52969,769.287,0.159,78257.3,-0.824648,52969,769.287,0.159,47.6454,-0.82135,True,65.0|292,1159
8|1159|8|1159|sample|5|292|5|292|65.0,52969,769.287,0.159,2.69928e+06,-0.824648,52969,769.287,0.159,825.302,-0.82135,True,65.0|292,1159
8|1159|8|1159|sample|6|292|6|292|65.0,52969,769.287,0.159,7.15449e+06,-0.824648,52969,769.287,0.159,1184.2,-0.82135,True,65.0|292,1159
8|1159|8|1159|sample|11|292|11|292|28.0,52969,769.308,0.159,445.979,-0.824648,52969,769.308,0.159,0.35909,-0.82135,True,28.0|292,1159
8|1159|8|1159|sample|12|292|12|292|28.0,52969,769.308,0.159,3.90958,-0.824648,52969,769.308,0.159,0.00792282,-0.82135,True,28.0|292,1159
8|1159|8|1159|sample|9|292|9|292|28.0,52969,769.308,0.159,330408,-0.824648,52969,769.308,0.159,35.4087,-0.82135,True,28.0|292,1159
8|1159|8|1159|sample|10|292|10|292|28.0,52969,769.308,0.159,6730.4,-0.824648,52969,769.308,0.159,8.22459,-0.82135,True,28.0|292,1159
8|1159|8|1159|sample|4|292|4|292|22.0,52969,768.947,0.159,425057,-0.824648,52969,768.947,0.159,1311.68,-0.82135,True,22.0|292,1159
8|1159|8|1159|sample|3|292|3|292|22.0,52969,768.947,0.159,123625,-0.824648,52969,768.947,0.159,702.217,-0.82135,True,22.0|292,1159
8|1159|8|1159|cc|1|1|292|1|292|69.0,52969,766.631,0.159,94669.6,-0.824648,52969,766.631,0.159,1.00002,-0.82135,False,69.0|292,1159
8|1159|8|1159|cc|2|1|292|1|292|69.0,52969,766.631,0.159,46608.2,-0.824648,52969,766.631,0.159,1.01085,-0.82135,False,69.0|292,1159
8|1159|8|1159|cc|3|1|292|1|292|69.0,52969,766.631,0.159,28815.5,-0.824648,52969,766.631,0.159,1.00003,-0.82135,False,69.0|292,1159
8|1159|8|1159|cc|4|1|292|1|292|69.0,52969,766.631,0.159,426079,-0.824648,52969,766.631,0.159,0.858308,-0.82135,False,69.0|292,1159
8|1159|8|1159|cc|5|1|292|1|292|69.0,52969,766.631,0.159,569255,-0.824648,52969,766.631,0.159,0.953314,-0.82135,False,69.0|292,1159
8|1159|8|1159|cc|6|1|292|1|292|69.0,52969,766.631,0.159,97725.2,-0.824648,52969,766.631,0.159,1.00045,-0.82135,False,69.0|292,1159
8|1159|8|1159|cc|7|1|292|1|292|69.0,52969,766.631,0.159,667344,-0.824648,52969,766.631,0.159,0.91421,-0.82135,False,69.0|292,1159
8|1159|8|1159|cc|8|1|292|1|292|69.0,52969,766.631,0.159,135219,-0.824648,52969,766.631,0.159,1.00004,-0.82135,False,69.0|292,1159
8|1159|8|1159|vc|1|2|292|2|292|69.0,52969,766.631,0.159,65676.7,-0.824648,52969,766.631,0.159,0.999772,-0.82135,False,69.0|292,1159
8|1159|8|1159|vc|2|2|292|2|292|69.0,52969,766.631,0.159,132119,-0.824648,52969,766.631,0.159,1,-0.82135,False,69.0|292,1159
8|1159|8|1159|vc|3|2|292|2|292|69.0,52969,766.631,0.159,106714,-0.824648,52969,766.631,0.159,1.00013,-0.82135,False,69.0|292,1159
8|1159|8|1159|vc|4|2|292|2|292|69.0,52969,766.631,0.159,33198.4,-0.824648,52969,766.631,0.159,1,-0.82135,False,69.0|292,1159
8|1159|8|1159|vc|5|2|292|2|292|69.0,52969,766.631,0.159,1.03606e+06,-0.824648,52969,766.631,0.159,1.0001,-0.82135,False,69.0|292,1159
8|1159|8|1159|vc|6|2|292|2|292|69.0,52969,766.631,0.159,59270.5,-0.824648,52969,766.631,0.159,0.975733,-0.82135,False,69.0|292,1159
8|1159|8|1159|vc|7|2|292|2|292|69.0,52969,766.631,0.159,132986,-0.824648,52969,766.631,0.159,0.999999,-0.82135,False,69.0|292,1159
8|1159|8|1159|vc|8|2|292|2|292|69.0,52969,766.631,0.159,2.27462e+07,-0.824648,52969,766.631,0.159,0.999563,-0.82135,False,69.0|292,1159
8|1197|8|1197|sample|7|103|7|103|65.0,52969,769.305,0.159,19.8889,-0.800636,52969,769.305,0.159,0.00626204,-0.815817,True,65.0|103,1197
8|1197|8|1197|sample|8|103|8|103|65.0,52969,769.305,0.159,6.93761,-0.800636,52969,769.305,0.159,0.00808912,-0.815817,True,65.0|103,1197
8|1197|8|1197|sample|6|103|6|103|65.0,52969,769.305,0.159,94478.7,-0.800636,52969,769.305,0.159,0.135814,-0.815817,True,65.0|103,1197
8|1197|8|1197|sample|5|103|5|103|65.0,52969,769.305,0.159,9379.49,-0.800636,52969,769.305,0.159,0.350538,-0.815817,True,65.0|103,1197
8|1197|8|1197|sample|12|103|12|103|28.0,52969,769.244,0.159,0.00504501,-0.800636,52969,769.244,0.159,0.000128007,-0.815817,True,28.0|103,1197
8|1197|8|1197|sample|10|103|10|103|28.0,52969,769.244,0.159,13091.1,-0.800636,52969,769.244,0.159,0.0155476,-0.815817,True,28.0|103,1197
8|1197|8|1197|sample|9|103|9|103|28.0,52969,769.244,0.159,12.0304,-0.800636,52969,769.244,0.159,0.0366017,-0.815817,True,28.0|103,1197
8|1197|8|1197|sample|3|103|3|103|22.0,52969,769.4,0.159,111207,-0.800636,52969,769.4,0.159,0.0466377,-0.815817,True,22.0|103,1197
8|1197|8|1197|sample|4|103|4|103|22.0,52969,769.4,0.159,3.75341,-0.800636,52969,769.4,0.159,0.0441327,-0.815817,True,22.0|103,1197
8|1197|8|1197|sample|11|103|11|103|28.0,52969,769.244,0.159,0.141614,-0.800636,52969,769.244,0.159,0.000549227,-0.815817,True,28.0|103,1197
8|1197|8|1197|cc|1|1|103|1|103|69.0,52969,766.479,0.159,58210.8,-0.800636,52969,766.479,0.159,0.998793,-0.815817,False,69.0|103,1197
8|1197|8|1197|cc|2|1|103|1|103|69.0,52969,766.479,0.159,42814,-0.800636,52969,766.479,0.159,1.00007,-0.815817,False,69.0|103,1197
8|1197|8|1197|cc|3|1|103|1|103|69.0,52969,766.479,0.159,3.88102e+06,-0.800636,52969,766.479,0.159,1,-0.815817,False,69.0|103,1197
8|1197|8|1197|cc|4|1|103|1|103|69.0,52969,766.479,0.159,181428,-0.800636,52969,766.479,0.159,1,-0.815817,False,69.0|103,1197
8|1197|8|1197|cc|5|1|103|1|103|69.0,52969,766.479,0.159,154006,-0.800636,52969,766.479,0.159,1.00037,-0.815817,False,69.0|103,1197
8|1197|8|1197|cc|6|1|103|1|103|69.0,52969,766.479,0.159,75129.1,-0.800636,52969,766.479,0.159,1,-0.815817,False,69.0|103,1197
8|1197|8|1197|cc|7|1|103|1|103|69.0,52969,766.479,0.159,1.96084e+06,-0.800636,52969,766.479,0.159,0.999246,-0.815817,False,69.0|103,1197
8|1197|8|1197|cc|8|1|103|1|103|69.0,52969,766.479,0.159,7080.51,-0.800636,52969,766.479,0.159,1.00019,-0.815817,False,69.0|103,1197
8|1197|8|1197|vc|1|2|103|2|103|69.0,52969,766.479,0.159,50727.4,-0.800636,52969,766.479,0.159,1.00012,-0.815817,False,69.0|103,1197
8|1197|8|1197|vc|2|2|103|2|103|69.0,52969,766.479,0.159,1.26892e+06,-0.800636,52969,766.479,0.159,0.999177,-0.815817,False,69.0|103,1197
8|1197|8|1197|vc|3|2|103|2|103|69.0,52969,766.479,0.159,819320,-0.800636,52969,766.479,0.159,1.00029,-0.815817,False,69.0|103,1197
8|1197|8|1197|vc|4|2|103|2|103|69.0,52969,766.479,0.159,2.40356e+07,-0.800636,52969,766.479,0.159,0.999562,-0.815817,False,69.0|103,1197
8|1197|8|1197|vc|5|2|103|2|103|69.0,52969,766.479,0.159,678221,-0.800636,52969,766.479,0.159,0.926585,-0.815817,False,69.0|103,1197
8|1197|8|1197|vc|6|2|103|2|103|69.0,52969,766.479,0.159,7165.7,-0.800636,52969,766.479,0.159,1.00051,-0.815817,False,69.0|103,1197
8|1197|8|1197|vc|7|2|103|2|103|69.0,52969,766.479,0.159,293237,-0.800636,52969,766.479,0.159,0.999996,-0.815817,False,69.0|103,1197
8|1197|8|1197|vc|8|2|103|2|103|69.0,52969,766.479,0.159,783245,-0.800636,52969,766.479,0.159,1.00059,-0.815817,False,69.0|103,1197
