id,time,ysample,plate_row,plate_col,U_estimate,L_estimate,alpha_estimate,popPred_medianCOV,popPred,indivPred_SAEM,indivPred_mode,indWRes_SAEM,indWRes_mode
411|4,0.0457247370827617,53482,1,4,60744.9,910.018,0.183344,56258.7,55778.4,55523.4,55518.7,-0.164008,-0.163638
411|4,0.1371742112482853,45186,2,4,60744.9,910.018,0.183344,57520.9,57353.1,55785.5,55593.5,-0.847562,-0.835078
411|4,0.411522633744856,36004,3,4,60744.9,910.018,0.183344,49964.8,49914.5,42862.6,42077.5,-0.713651,-0.643742
411|4,1.23456790123457,15537,4,4,60744.9,910.018,0.183344,25240.8,25230.6,16344.5,15629.7,-0.220074,-0.0264286
411|4,3.7037037037037,4302,5,4,60744.9,910.018,0.183344,6292.34,6289.8,3762.85,3595.13,0.634114,0.869807
411|4,11.1111111111111,1258,6,4,60744.9,910.018,0.183344,1738.07,1736.32,1327.44,1301.45,-0.227965,-0.145444
411|4,33.3333333333333,948,7,4,60744.9,910.018,0.183344,1007.1,1004.16,945.15,941.57,0.0130188,0.0294767
411|4,100,850,8,4,60744.9,910.018,0.183344,862.9,855.533,847.081,846.961,0.0148181,0.015429
411|3,0.0457247370827617,58138,1,3,60744.9,910.018,0.183344,55891.4,55369.4,54253.7,54268.2,0.319366,0.318082
411|3,0.1371742112482853,40956,2,3,60744.9,910.018,0.183344,57162.7,56954.2,50149.4,50087.7,-0.817689,-0.813203
411|3,0.411522633744856,25675,3,3,60744.9,910.018,0.183344,49658.8,49573.6,27698.8,27557.8,-0.325737,-0.30458
411|3,1.23456790123457,7926,4,3,60744.9,910.018,0.183344,25087,25059.3,7265.06,7209.78,0.404263,0.441421
411|3,3.7037037037037,2156,5,3,60744.9,910.018,0.183344,6254,6247.11,1909.67,1900.06,0.566216,0.591232
411|3,11.1111111111111,986,6,3,60744.9,910.018,0.183344,1727.42,1724.46,1041.5,1040.16,-0.230748,-0.225468
411|3,33.3333333333333,960,7,3,60744.9,910.018,0.183344,1000.82,997.174,899.088,899.06,0.291976,0.292116
411|3,100,882,8,3,60744.9,910.018,0.183344,857.266,849.26,835.442,835.835,0.239545,0.237412
411|5,0.002286236854138,55169,1,5,60744.9,910.018,0.183344,56630.9,56163.8,56137.9,56162.9,-0.0769909,-0.0789378
411|5,0.0068587105624142,55989,2,5,60744.9,910.018,0.183344,59348.5,59191,59176.1,59184.3,-0.240252,-0.240836
411|5,0.0205761316872428,54885,3,5,60744.9,910.018,0.183344,60281.2,60235.8,60187.8,60188.5,-0.393027,-0.393075
411|5,0.0617283950617284,49434,4,5,60744.9,910.018,0.183344,60227.7,60218.5,59905.4,59894.2,-0.779765,-0.779071
411|5,0.1851851851851852,45208,5,5,60744.9,910.018,0.183344,57761.1,57752.3,55815.4,55745.1,-0.847737,-0.843183
411|5,0.5555555555555556,30556,6,5,60744.9,910.018,0.183344,44785.2,44751.5,37747.7,37527.8,-0.849626,-0.82847
411|5,1.66666666666667,13064,7,5,60744.9,910.018,0.183344,17776.3,17729.1,11992.4,11852.8,0.39775,0.454869
411|5,5,2918,8,5,60744.9,910.018,0.183344,3930.47,3898.04,2653.28,2626.96,0.439999,0.488534
411|6,0.002286236854138,62015,1,6,60744.9,910.018,0.183344,56674.2,56212,56186.8,56211.4,0.462705,0.460552
411|6,0.0068587105624142,61528,2,6,60744.9,910.018,0.183344,59391.8,59239.1,59228.1,59235.3,0.173224,0.172659
411|6,0.0205761316872428,61845,3,6,60744.9,910.018,0.183344,60324.5,60283.9,60261.2,60256.8,0.117242,0.117577
411|6,0.0617283950617284,54318,4,6,60744.9,910.018,0.183344,60270.6,60266.4,60125,60080,-0.430843,-0.427826
411|6,0.1851851851851852,48773,5,6,60744.9,910.018,0.183344,57802.3,57798.2,56909.4,56630,-0.63776,-0.618902
411|6,0.5555555555555556,29602,6,6,60744.9,910.018,0.183344,44817.3,44787.2,41329,40333,-1.26547,-1.18656
411|6,1.66666666666667,12240,7,6,60744.9,910.018,0.183344,17789.3,17743.6,14563.9,13785,-0.710625,-0.499086
411|6,5,3840,8,6,60744.9,910.018,0.183344,3933.47,3901.39,3178.52,3015.32,0.919586,1.20787
411|8,0.0457247370827617,49844,1,8,60744.9,910.018,0.183344,56391.6,55926.5,55422.9,55382.9,-0.449015,-0.446123
411|8,0.1371742112482853,46084,2,8,60744.9,910.018,0.183344,57650.6,57497.5,54316.2,53919.1,-0.676062,-0.648186
411|8,0.411522633744856,29492,3,8,60744.9,910.018,0.183344,50075.6,50037.9,37259.1,36017.1,-0.929624,-0.807884
411|8,1.23456790123457,12168,4,8,60744.9,910.018,0.183344,25296.5,25292.6,11971.7,11205.8,0.0729795,0.38215
411|8,3.7037037037037,3114,5,8,60744.9,910.018,0.183344,6306.22,6305.26,2801.8,2648.05,0.491719,0.775966
411|8,11.1111111111111,1024,6,8,60744.9,910.018,0.183344,1741.92,1740.61,1181.85,1158.69,-0.58039,-0.504878
411|8,33.3333333333333,882,7,8,60744.9,910.018,0.183344,1009.37,1006.69,926.281,923.107,-0.206232,-0.192085
411|8,100,778,8,8,60744.9,910.018,0.183344,864.939,857.804,846.435,846.359,-0.347696,-0.347342
411|7,0.0457247370827617,51443,1,7,60744.9,910.018,0.183344,56434.7,55974.4,55326.3,55312.2,-0.313093,-0.312033
411|7,0.1371742112482853,47489,2,7,60744.9,910.018,0.183344,57692.6,57544.3,53462.4,53234.8,-0.498391,-0.48145
411|7,0.411522633744856,28239,3,7,60744.9,910.018,0.183344,50111.6,50077.9,34617.1,33969.5,-0.82159,-0.752233
411|7,1.23456790123457,11458,4,7,60744.9,910.018,0.183344,25314.5,25312.7,10401,10052.4,0.452184,0.622132
411|7,3.7037037037037,2676,5,7,60744.9,910.018,0.183344,6310.72,6310.27,2491.09,2424.24,0.327096,0.45747
411|7,11.1111111111111,1026,6,7,60744.9,910.018,0.183344,1743.17,1742,1135.69,1125.72,-0.419243,-0.384421
411|7,33.3333333333333,928,7,7,60744.9,910.018,0.183344,1010.1,1007.51,920.33,919.032,0.0359473,0.042086
411|7,100,848,8,7,60744.9,910.018,0.183344,865.6,858.54,846.248,846.426,0.00890275,0.00799954
411|9,0.002286236854138,52761,1,9,60744.9,910.018,0.183344,56497.4,56015.1,55988.2,56013.9,-0.257117,-0.259051
411|9,0.0068587105624142,58591,2,9,60744.9,910.018,0.183344,59215,59042.3,59024.7,59033.8,-0.0327799,-0.0334628
411|9,0.0205761316872428,53528,3,9,60744.9,910.018,0.183344,60147.8,60087.2,60025.3,60027.6,-0.482863,-0.483017
411|9,0.0617283950617284,55935,4,9,60744.9,910.018,0.183344,60095.1,60070.9,59667.3,59662.4,-0.279041,-0.278692
411|9,0.1851851851851852,49128,5,9,60744.9,910.018,0.183344,57633.9,57610.7,55138.4,55102.6,-0.486244,-0.48366
411|9,0.5555555555555556,28450,6,9,60744.9,910.018,0.183344,44686.1,44641.1,36016.9,35910.7,-0.93687,-0.92645
411|9,1.66666666666667,10662,7,9,60744.9,910.018,0.183344,17736.3,17684.6,10960.4,10899.4,-0.121174,-0.0969103
411|9,5,3030,8,9,60744.9,910.018,0.183344,3921.2,3887.72,2454.31,2443.63,1.03342,1.05714
411|10,0.002286236854138,53166,1,10,60744.9,910.018,0.183344,56128.6,55604.4,55575.8,55603.7,-0.193421,-0.195559
411|10,0.0068587105624142,61628,2,10,60744.9,910.018,0.183344,58846.2,58631.6,58616.3,58626.5,0.229197,0.228379
411|10,0.0205761316872428,54148,3,10,60744.9,910.018,0.183344,59779.4,59676.9,59644.5,59641.1,-0.411089,-0.410861
411|10,0.0617283950617284,54949,4,10,60744.9,910.018,0.183344,59728.9,59663.1,59474,59416.9,-0.339401,-0.33544
411|10,0.1851851851851852,46394,5,10,60744.9,910.018,0.183344,57282.8,57219.7,56053,55685.3,-0.768669,-0.744287
411|10,0.5555555555555556,30684,6,10,60744.9,910.018,0.183344,44412.4,44336.3,39899,38639.8,-1.03001,-0.918219
411|10,1.66666666666667,13846,7,10,60744.9,910.018,0.183344,17625.9,17561.6,13622.6,12710.2,0.073008,0.397855
411|10,5,3124,8,10,60744.9,910.018,0.183344,3895.6,3859.22,2977.41,2792.1,0.217401,0.524541
411|12,0.0457247370827617,47309,1,12,60744.9,910.018,0.183344,52170.6,51226,50615.3,50630.5,-0.291368,-0.292621
411|12,0.1371742112482853,39899,2,12,60744.9,910.018,0.183344,53533.4,52912.7,49198,49015.2,-0.843066,-0.829571
411|12,0.411522633744856,26409,3,12,60744.9,910.018,0.183344,46557.9,46120.6,32043.4,31463.3,-0.784021,-0.716258
411|12,1.23456790123457,9114,4,12,60744.9,910.018,0.183344,23528.8,23324.2,9676.77,9357.21,-0.258713,-0.115612
411|12,3.7037037037037,2878,5,12,60744.9,910.018,0.183344,5865.56,5814.54,2313.12,2251.85,1.07506,1.22365
411|12,11.1111111111111,968,6,12,60744.9,910.018,0.183344,1619.56,1604.34,1048.27,1039.46,-0.331619,-0.297667
411|12,33.3333333333333,796,7,12,60744.9,910.018,0.183344,937.283,926.415,846.241,845.445,-0.255313,-0.251498
411|12,100,796,8,12,60744.9,910.018,0.183344,800.196,785.708,774.09,774.673,0.121309,0.117994
411|11,0.0457247370827617,54260,1,11,60744.9,910.018,0.183344,54890.9,54255.3,53746.4,53773.8,0.0426252,0.0403302
411|11,0.1371742112482853,45084,2,11,60744.9,910.018,0.183344,56186.8,55867.5,52701,52677.5,-0.6447,-0.642999
411|11,0.411522633744856,27045,3,11,60744.9,910.018,0.183344,48825,48645.2,36006.5,35890.2,-1.10987,-1.099
411|11,1.23456790123457,12392,4,11,60744.9,910.018,0.183344,24668,24592.8,11505.4,11429.6,0.342985,0.374754
411|11,3.7037037037037,3032,5,11,60744.9,910.018,0.183344,6149.55,6130.8,2696.81,2681.56,0.548231,0.576401
411|11,11.1111111111111,1264,6,11,60744.9,910.018,0.183344,1698.42,1692.16,1144.69,1142.54,0.452538,0.461513
411|11,33.3333333333333,860,7,11,60744.9,910.018,0.183344,983.739,978.148,899.292,899.23,-0.188301,-0.188013
411|11,100,802,8,11,60744.9,910.018,0.183344,841.921,832.172,820.914,821.382,-0.0989701,-0.101366
152|8,0.0016767999999999,93531,1,8,96485.2,695.259,0.10151,92715.5,92715.5,92704.9,92711.2,0.0397607,0.0394513
152|8,0.0083839999999999,89173,2,8,96485.2,695.259,0.10151,95193.3,95193.3,95124.6,95119,-0.279159,-0.278911
152|8,0.04192,74809,3,8,96485.2,695.259,0.10151,95764.8,95764.8,94638.4,94506.4,-0.934871,-0.929941
152|8,0.2096,45160,4,8,96485.2,695.259,0.10151,90693.8,90693.8,76111,74678.5,-1.81426,-1.76347
152|8,1.048,15135,5,8,96485.2,695.259,0.10151,46574.9,46574.9,17778.8,16586.8,-0.662517,-0.389903
152|8,5.24,2264,6,8,96485.2,695.259,0.10151,5567.77,5567.77,1889.86,1790.86,0.868872,1.15847
152|8,26.2,818,7,8,96485.2,695.259,0.10151,982.793,982.793,756.267,750.417,0.349517,0.3855
152|8,131,656,8,8,96485.2,695.259,0.10151,685.049,685.049,672.054,671.768,-0.101764,-0.0999967
152|7,0.0016767999999999,91095,1,7,96485.2,695.259,0.10151,92755.1,92755.1,92745.3,92751.9,-0.0793935,-0.0797046
152|7,0.0083839999999999,90851,2,7,96485.2,695.259,0.10151,95233,95233,95177.5,95176.8,-0.20282,-0.202788
152|7,0.04192,78819,3,7,96485.2,695.259,0.10151,95804.3,95804.3,94899,94850,-0.756019,-0.754105
152|7,0.2096,44579,4,7,96485.2,695.259,0.10151,90731.1,90731.1,78649.8,78075.1,-1.9327,-1.91408
152|7,1.048,16869,5,7,96485.2,695.259,0.10151,46594.1,46594.1,20218.6,19616.8,-0.738257,-0.624166
152|7,5.24,2542,6,7,96485.2,695.259,0.10151,5570.07,5570.07,2101.61,2048.27,0.921234,1.05929
152|7,26.2,990,7,7,96485.2,695.259,0.10151,983.202,983.202,769.125,765.966,1.23048,1.25302
152|7,131,662,8,7,96485.2,695.259,0.10151,685.342,685.342,673.057,672.925,-0.0699894,-0.0691657
152|6,0.0004351999999999,97021,1,6,96485.2,695.259,0.10151,92756.2,92756.2,92749.3,92756,0.205493,0.205154
152|6,0.0021759999999999,93823,2,6,96485.2,695.259,0.10151,95251.6,95251.6,95246.9,95248.9,-0.0667003,-0.0667931
152|6,0.0108799999999999,90270,3,6,96485.2,695.259,0.10151,96124.8,96124.8,96081,96077.8,-0.269849,-0.269709
152|6,0.0543999999999999,68233,4,6,96485.2,695.259,0.10151,95890.5,95890.5,95162.7,95099.4,-1.26262,-1.26049
152|6,0.2719999999999999,39599,5,6,96485.2,695.259,0.10151,87698.4,87698.4,78349.4,77623.1,-2.20658,-2.18547
152|6,1.36,10738,6,6,96485.2,695.259,0.10151,35788.5,35788.5,19839.9,19104.8,-2.04431,-1.95139
152|6,6.8,2696,7,6,96485.2,695.259,0.10151,3795.77,3795.77,2053.78,1989.67,1.37422,1.55935
152|6,34,918,8,6,96485.2,695.259,0.10151,851.12,851.119,747.283,743.584,0.977709,1.00366
152|5,0.0004351999999999,94324,1,5,96485.2,695.259,0.10151,92716.5,92716.5,92709.5,92716.3,0.0776995,0.077366
152|5,0.0021759999999999,94458,2,5,96485.2,695.259,0.10151,95212,95212,95206,95208.1,-0.0350555,-0.0351514
152|5,0.0108799999999999,93359,3,5,96485.2,695.259,0.10151,96085.1,96085.1,96021.7,96018.3,-0.123728,-0.123572
152|5,0.0543999999999999,70654,4,5,96485.2,695.259,0.10151,95851.1,95851.1,94798,94729.7,-1.13637,-1.13397
152|5,0.2719999999999999,40370,5,5,96485.2,695.259,0.10151,87662.3,87662.3,74718,74000.8,-2.0509,-2.02754
152|5,1.36,8986,6,5,96485.2,695.259,0.10151,35773.7,35773.7,16567.4,16016.1,-2.03851,-1.9552
152|5,6.8,2416,7,5,96485.2,695.259,0.10151,3794.19,3794.19,1776.51,1731.92,1.57819,1.73089
152|5,34,924,8,5,96485.2,695.259,0.10151,850.756,850.756,730.83,728.287,1.13016,1.14886
152|12,0.0014272,79697,1,12,96485.2,695.259,0.10151,88831.5,88831.5,88800.7,88812.1,-0.457405,-0.457918
152|12,0.007136,67002,2,12,96485.2,695.259,0.10151,91314.8,91314.8,91008.2,90974.1,-1.17692,-1.17569
152|12,0.03568,48627,3,12,96485.2,695.259,0.10151,91978.4,91978.4,87119.6,86460.1,-1.97132,-1.95232
152|12,0.1784,20494,4,12,96485.2,695.259,0.10151,88335.7,88335.7,46365.3,43378.1,-2.48875,-2.35287
152|12,0.892,5710,5,12,96485.2,695.259,0.10151,51210.9,51210.9,5694.23,5109.43,0.012295,0.521354
152|12,4.46,1250,6,12,96485.2,695.259,0.10151,6778.43,6778.43,973.577,935.971,1.22686,1.44791
152|12,22.3,570,7,12,96485.2,695.259,0.10151,1035.9,1035.9,675.992,673.866,-0.668143,-0.656712
152|12,111.5,678,8,12,96485.2,695.259,0.10151,661.688,661.688,641.035,641.01,0.245118,0.245292
152|11,0.0014272,86935,1,11,96485.2,695.259,0.10151,91334.8,91334.8,91309.1,91317.1,-0.213738,-0.214108
152|11,0.007136,80844,2,11,96485.2,695.259,0.10151,93817.7,93817.7,93526.7,93507.3,-0.60504,-0.60424
152|11,0.03568,56954,3,11,96485.2,695.259,0.10151,94474.8,94474.8,89788.5,89415.9,-1.63159,-1.61979
152|11,0.1784,26467,4,11,96485.2,695.259,0.10151,90725.7,90725.7,49090.2,47265.5,-2.05557,-1.96268
152|11,0.892,6328,5,11,96485.2,695.259,0.10151,52596.5,52596.5,6161.02,5775.14,0.120339,0.424914
152|11,4.46,1324,6,11,96485.2,695.259,0.10151,6962.41,6962.41,1020.37,995.318,1.28771,1.42793
152|11,22.3,672,7,11,96485.2,695.259,0.10151,1064.29,1064.29,695.741,694.314,-0.145593,-0.137112
152|11,111.5,632,8,11,96485.2,695.259,0.10151,680.334,680.334,659.203,659.187,-0.175642,-0.175543
152|10,0.0004479999999999,91021,1,10,96485.2,695.259,0.10151,92256.2,92256.2,92246.2,92253.7,-0.0592622,-0.0596205
152|10,0.00224,88793,2,10,96485.2,695.259,0.10151,94751.6,94751.6,94707.8,94708.3,-0.278651,-0.278673
152|10,0.0111999999999999,78376,3,10,96485.2,695.259,0.10151,95623.3,95623.3,94925.4,94882.1,-0.777874,-0.776191
152|10,0.0559999999999999,50978,4,10,96485.2,695.259,0.10151,95364.4,95364.4,84797.7,84194.2,-1.77942,-1.76018
152|10,0.2799999999999999,18817,5,10,96485.2,695.259,0.10151,86830.7,86830.7,29846.7,28647.5,-1.64762,-1.52989
152|10,1.4,3464,6,10,96485.2,695.259,0.10151,34481.3,34481.3,3077.24,2941.53,0.555178,0.784213
152|10,7,1220,7,10,96485.2,695.259,0.10151,3626.49,3626.49,824.441,816.23,2.06131,2.12447
152|10,35,690,8,10,96485.2,695.259,0.10151,837.489,837.489,672.81,672.395,0.108853,0.111543
152|9,0.0004479999999999,92933,1,9,96485.2,695.259,0.10151,92594.2,92594.2,92585.6,92592.6,0.016742,0.0164033
152|9,0.00224,84649,2,9,96485.2,695.259,0.10151,95089.5,95089.5,95059.9,95061.7,-0.488653,-0.488727
152|9,0.0111999999999999,78182,3,9,96485.2,695.259,0.10151,95961.1,95961.1,95495.4,95483.3,-0.80893,-0.808464
152|9,0.0559999999999999,55239,4,9,96485.2,695.259,0.10151,95700.3,95700.3,88391,88201.2,-1.6734,-1.6674
152|9,0.2799999999999999,20004,5,9,96485.2,695.259,0.10151,87136.6,87136.6,38332,37741.5,-2.13229,-2.09585
152|9,1.4,4986,6,9,96485.2,695.259,0.10151,34603.1,34603.1,4178.81,4092.7,0.85558,0.966624
152|9,7,1028,7,9,96485.2,695.259,0.10151,3639.42,3639.42,894.41,889.086,0.643579,0.6731
152|9,35,722,8,9,96485.2,695.259,0.10151,840.557,840.557,679.109,678.855,0.269189,0.270881
152|3,0.0010624,87858,1,3,96485.2,695.259,0.10151,92255.8,92255.8,92246.1,92253.4,-0.212244,-0.212581
152|3,0.005312,88455,2,3,96485.2,695.259,0.10151,94744.4,94744.4,94705.7,94702.7,-0.294486,-0.294352
152|3,0.02656,77137,3,3,96485.2,695.259,0.10151,95500.2,95500.2,94891,94787.6,-0.834797,-0.830838
152|3,0.1328,46188,4,3,96485.2,695.259,0.10151,93319.9,93319.9,84333.5,82945.6,-2.01806,-1.97716
152|3,0.664,17047,5,3,96485.2,695.259,0.10151,64811.8,64811.8,28918,26412.4,-1.83018,-1.58069
152|3,3.32,3062,6,3,96485.2,695.259,0.10151,10896.5,10896.5,2971.74,2700.08,0.134112,0.591244
152|3,16.6,1382,7,3,96485.2,695.259,0.10151,1340.64,1340.64,818.037,801.632,2.96104,3.10713
152|3,83,840,8,3,96485.2,695.259,0.10151,702.493,702.493,672.444,671.562,1.06155,1.06847
152|4,0.0010624,92432,1,4,96485.2,695.259,0.10151,92593.8,92593.8,92584.8,92591.8,-0.00736555,-0.00770005
152|4,0.005312,90579,2,4,96485.2,695.259,0.10151,95082.3,95082.3,95046.8,95047.7,-0.209733,-0.209773
152|4,0.02656,76034,3,4,96485.2,695.259,0.10151,95837.6,95837.6,95272.1,95245.1,-0.900962,-0.89995
152|4,0.1328,50378,4,4,96485.2,695.259,0.10151,93648.6,93648.6,85243,84864,-1.82483,-1.81305
152|4,0.664,19217,5,4,96485.2,695.259,0.10151,65040.1,65040.1,30254.6,29479.3,-1.6266,-1.55207
152|4,3.32,3728,6,4,96485.2,695.259,0.10151,10935,10935,3123.1,3034.1,0.855703,1.01009
152|4,16.6,1054,7,4,96485.2,695.259,0.10151,1345.43,1345.43,829.513,824.125,1.16295,1.19835
152|4,83,902,8,4,96485.2,695.259,0.10151,705.067,705.067,675.4,675.143,1.42962,1.43176
1056|8,0.0016767999999999,118740,1,8,122610,713.746,0.0353313,120660,120660,120599,120608,-0.0687961,-0.0691265
1056|8,0.0083839999999999,113636,2,8,122610,713.746,0.0353313,121926,121926,121032,121042,-0.272671,-0.273007
1056|8,0.04192,84503,3,8,122610,713.746,0.0353313,121970,121970,108378,108471,-0.982933,-0.985932
1056|8,0.2096,42717,4,8,122610,713.746,0.0353313,115293,115293,38439.1,38634.4,0.496311,0.471255
1056|8,1.048,4102,5,8,122610,713.746,0.0353313,59124.5,59124.5,3827.4,3850.2,0.317567,0.289484
1056|8,5.24,716,6,8,122610,713.746,0.0353313,6930.52,6930.52,898.997,900.401,-0.877259,-0.882661
1056|8,26.2,656,7,8,122610,713.746,0.0353313,1090.47,1090.47,720.775,720.874,-0.384034,-0.38457
1056|8,131,828,8,8,122610,713.746,0.0353313,724.488,724.488,702.982,703.037,0.75914,0.758747
1056|7,0.0016767999999999,121659,1,7,122610,713.746,0.0353313,120681,120681,120622,120627,0.0383602,0.0381877
1056|7,0.0083839999999999,115654,2,7,122610,713.746,0.0353313,121947,121947,121088,121023,-0.200231,-0.197957
1056|7,0.04192,88699,3,7,122610,713.746,0.0353313,121990,121990,108877,107959,-0.826947,-0.796014
1056|7,0.2096,41994,4,7,122610,713.746,0.0353313,115312,115312,39478.4,37546,0.284172,0.528304
1056|7,1.048,3906,5,7,122610,713.746,0.0353313,59134.4,59134.4,3949.74,3724.27,-0.0490288,0.215937
1056|7,5.24,700,6,7,122610,713.746,0.0353313,6931.68,6931.68,906.618,892.795,-0.982455,-0.930427
1056|7,26.2,682,7,7,122610,713.746,0.0353313,1090.65,1090.65,721.333,720.542,-0.233023,-0.228576
1056|7,131,978,8,7,122610,713.746,0.0353313,724.611,724.611,703.127,703.131,1.66877,1.66874
1056|6,0.0004351999999999,124775,1,6,122610,713.746,0.0353313,120682,120682,120669,120677,0.151843,0.151523
1056|6,0.0021759999999999,126207,2,6,122610,713.746,0.0353313,121971,121971,121888,121888,0.158098,0.158129
1056|6,0.0108799999999999,119281,3,6,122610,713.746,0.0353313,122399,122399,121048,120987,-0.0651213,-0.0629205
1056|6,0.0543999999999999,96692,4,6,122610,713.746,0.0353313,121879,121879,102462,101719,-0.251272,-0.220501
1056|6,0.2719999999999999,31741,5,6,122610,713.746,0.0353313,111452,111452,28521,27596.4,0.503332,0.669545
1056|6,1.36,2592,6,6,122610,713.746,0.0353313,45463.4,45463.4,2781.3,2694.51,-0.300322,-0.167803
1056|6,6.8,696,7,6,122610,713.746,0.0353313,4697.2,4697.2,832.489,827.289,-0.704643,-0.681898
1056|6,34,792,8,6,122610,713.746,0.0353313,940.599,940.599,709.565,709.313,0.49612,0.497806
1056|5,0.0004351999999999,127222,1,5,122610,713.746,0.0353313,120661,120661,120648,120656,0.243145,0.242819
1056|5,0.0021759999999999,128464,2,5,122610,713.746,0.0353313,121950,121950,121862,121859,0.241737,0.241843
1056|5,0.0108799999999999,127679,3,5,122610,713.746,0.0353313,122378,122378,120932,120837,0.248956,0.252638
1056|5,0.0543999999999999,99273,4,5,122610,713.746,0.0353313,121859,121859,101292,100165,-0.088935,-0.0397413
1056|5,0.2719999999999999,30808,5,5,122610,713.746,0.0353313,111434,111434,27102.5,25825.9,0.609501,0.859952
1056|5,1.36,2194,6,5,122610,713.746,0.0353313,45455.8,45455.8,2648.74,2532.54,-0.757103,-0.589179
1056|5,6.8,672,7,5,122610,713.746,0.0353313,4696.41,4696.41,824.409,817.457,-0.794255,-0.76423
1056|5,34,838,8,5,122610,713.746,0.0353313,940.439,940.439,708.984,708.631,0.777071,0.77957
1056|12,0.0014272,103621,1,12,122610,713.746,0.0353313,118652,118652,118207,118203,-0.550578,-0.550461
1056|12,0.007136,90392,2,12,122610,713.746,0.0353313,119925,119925,112925,112612,-0.890366,-0.880426
1056|12,0.03568,45926,3,12,122610,713.746,0.0353313,120078,120078,58593.9,57160,-0.964429,-0.87671
1056|12,0.1784,8166,4,12,122610,713.746,0.0353313,115095,115095,6925.98,6648.3,0.795425,1.01401
1056|12,0.892,754,5,12,122610,713.746,0.0353313,66653.4,66653.4,1084.49,1066.63,-1.32111,-1.27003
1056|12,4.46,634,6,12,122610,713.746,0.0353313,8693.71,8693.71,723.314,722.318,-0.527736,-0.522543
1056|12,22.3,642,7,12,122610,713.746,0.0353313,1195.07,1195.07,699.466,699.474,-0.350625,-0.350669
1056|12,111.5,824,8,12,122610,713.746,0.0353313,719.569,719.569,690.686,690.785,0.823291,0.822567
1056|11,0.0014272,105151,1,11,122610,713.746,0.0353313,119946,119946,119611,119616,-0.539425,-0.539585
1056|11,0.007136,95978,2,11,122610,713.746,0.0353313,121219,121219,115853,115749,-0.765488,-0.762159
1056|11,0.03568,58120,3,11,122610,713.746,0.0353313,121369,121369,67970.2,67338.2,-0.646514,-0.61071
1056|11,0.1784,10642,4,11,122610,713.746,0.0353313,116330,116330,8973.05,8811.48,0.827202,0.923859
1056|11,0.892,906,5,11,122610,713.746,0.0353313,67368.9,67368.9,1225.79,1215.03,-1.13473,-1.10601
1056|11,4.46,610,6,11,122610,713.746,0.0353313,8787.16,8787.16,738.747,738.136,-0.745508,-0.742559
1056|11,22.3,712,7,11,122610,713.746,0.0353313,1207.97,1207.97,707.492,707.491,0.0272047,0.0272133
1056|11,111.5,888,8,11,122610,713.746,0.0353313,727.418,727.418,698.28,698.347,1.15944,1.15893
1056|10,0.0004479999999999,119885,1,10,122610,713.746,0.0353313,120423,120423,120394,120403,-0.0188696,-0.0191814
1056|10,0.00224,122847,2,10,122610,713.746,0.0353313,121712,121712,121372,121353,0.0542449,0.054917
1056|10,0.0111999999999999,100100,3,10,122610,713.746,0.0353313,122138,122138,116609,116266,-0.631737,-0.620421
1056|10,0.0559999999999999,61989,4,10,122610,713.746,0.0353313,121585,121585,67466.8,65561.4,-0.362215,-0.243087
1056|10,0.2799999999999999,9934,5,10,122610,713.746,0.0353313,110690,110690,8791.04,8327.9,0.578182,0.85748
1056|10,1.4,774,6,10,122610,713.746,0.0353313,43933.5,43933.5,1214.6,1183.95,-1.57746,-1.50472
1056|10,7,638,7,10,122610,713.746,0.0353313,4495.11,4495.11,737.95,736.174,-0.579358,-0.570378
1056|10,35,822,8,10,122610,713.746,0.0353313,926.764,926.764,702.665,702.618,0.724945,0.725279
1056|9,0.0004479999999999,120198,1,9,122610,713.746,0.0353313,120598,120598,120572,120580,-0.0138485,-0.0141367
1056|9,0.00224,115424,2,9,122610,713.746,0.0353313,121887,121887,121591,121575,-0.226319,-0.225746
1056|9,0.0111999999999999,104040,3,9,122610,713.746,0.0353313,122313,122313,117481,117171,-0.510521,-0.500049
1056|9,0.0559999999999999,62803,4,9,122610,713.746,0.0353313,121759,121759,71780.9,69858.3,-0.557992,-0.450563
1056|9,0.2799999999999999,11416,5,9,122610,713.746,0.0353313,110848,110848,9936.3,9400.24,0.66253,0.953846
1056|9,1.4,788,6,9,122610,713.746,0.0353313,43996.3,43996.3,1292.34,1256.2,-1.69966,-1.62214
1056|9,7,614,7,9,122610,713.746,0.0353313,4501.57,4501.57,743.478,741.373,-0.745169,-0.735051
1056|9,35,832,8,9,122610,713.746,0.0353313,928.109,928.109,703.948,703.877,0.776546,0.777049
1056|4,0.0010624,123910,1,4,122610,713.746,0.0353313,120598,120598,120559,120567,0.124036,0.123718
1056|4,0.005312,126950,2,4,122610,713.746,0.0353313,121878,121878,121360,121353,0.205526,0.205794
1056|4,0.02656,105914,3,4,122610,713.746,0.0353313,122155,122155,113916,113764,-0.313417,-0.307901
1056|4,0.1328,55539,4,4,122610,713.746,0.0353313,119145,119145,54251.5,53675.4,0.105861,0.15487
1056|4,0.664,6766,5,4,122610,713.746,0.0353313,82695.4,82695.4,6054.97,5957.63,0.521364,0.602367
1056|4,3.32,686,6,4,122610,713.746,0.0353313,13786.7,13786.7,1037.71,1031.54,-1.46743,-1.45004
1056|4,16.6,742,7,4,122610,713.746,0.0353313,1557,1557,728.54,728.197,0.0789859,0.081034
1056|4,83,876,8,4,122610,713.746,0.0353313,751.395,751.395,703.083,703.114,1.04985,1.04962
1056|3,0.0010624,130132,1,3,122610,713.746,0.0353313,120423,120423,120379,120386,0.361513,0.361234
1056|3,0.005312,127154,2,3,122610,713.746,0.0353313,121703,121703,121113,121070,0.222551,0.224242
1056|3,0.02656,111063,3,3,122610,713.746,0.0353313,121981,121981,112682,111986,-0.0641192,-0.0367599
1056|3,0.1328,53602,4,3,122610,713.746,0.0353313,118975,118975,50343.5,48092.8,0.288702,0.510942
1056|3,0.664,5384,5,3,122610,713.746,0.0353313,82577.4,82577.4,5425.67,5088.09,-0.034081,0.257953
1056|3,3.32,738,6,3,122610,713.746,0.0353313,13767,13767,996.982,975.811,-1.1233,-1.05314
1056|3,16.6,690,7,3,122610,713.746,0.0353313,1554.76,1554.76,725.194,723.978,-0.207438,-0.200594
1056|3,83,842,8,3,122610,713.746,0.0353313,750.306,750.306,701.927,701.912,0.851783,0.851891
462|6,0.0006144,102350,1,6,159668,643.492,0.736861,118358,119386,119412,119386,-0.637544,-0.636721
462|6,0.003072,113884,2,6,159668,643.492,0.736861,146018,146357,146371,146362,-0.990406,-0.990205
462|6,0.01536,121365,3,6,159668,643.492,0.736861,155941,156031,156130,156128,-0.993631,-0.99358
462|6,0.0768,98102,4,6,159668,643.492,0.736861,157588,157597,159277,159276,-1.71392,-1.7139
462|6,0.384,76259,5,6,159668,643.492,0.736861,134537,134545,159014,158997,-2.32235,-2.32211
462|6,1.92,51729,6,6,159668,643.492,0.736861,37983.3,38005.3,151577,151296,-2.93948,-2.93664
462|6,9.6,27657,7,6,159668,643.492,0.736861,3230.78,3238.29,96761.1,94725.5,-3.18651,-3.15908
462|6,48,13804,8,6,159668,643.492,0.736861,604.436,609.682,12591.4,11936.6,0.428759,0.696366
462|5,0.0006144,100518,1,5,159668,643.492,0.736861,117919,118957,118983,118958,-0.692489,-0.691666
462|5,0.003072,130424,2,5,159668,643.492,0.736861,145579,145929,145943,145934,-0.4745,-0.474261
462|5,0.01536,129379,3,5,159668,643.492,0.736861,155502,155603,155702,155700,-0.75442,-0.754358
462|5,0.0768,104544,4,5,159668,643.492,0.736861,157153,157173,158852,158850,-1.52559,-1.52555
462|5,0.384,71521,5,5,159668,643.492,0.736861,134166,134183,158622,158600,-2.45035,-2.45007
462|5,1.92,57664,6,5,159668,643.492,0.736861,37876.4,37901,151713,151369,-2.76628,-2.76242
462|5,9.6,30300,7,5,159668,643.492,0.736861,3221.06,3228.81,100724,98047.5,-3.11965,-3.08298
462|5,48,15085,8,5,159668,643.492,0.736861,602.193,607.495,14066.8,13081,0.322341,0.682088
462|4,0.000064,104240,1,4,159668,643.492,0.736861,116564,117636,117663,117636,-0.50902,-0.508119
462|4,0.00032,128947,2,4,159668,643.492,0.736861,144228,144612,144622,144612,-0.48365,-0.483386
462|4,0.0016,136467,3,4,159668,643.492,0.736861,154242,154377,154382,154379,-0.517828,-0.517741
462|4,0.008,138746,4,4,159668,643.492,0.736861,157458,157512,157539,157537,-0.532335,-0.532284
462|4,0.04,119405,5,4,159668,643.492,0.736861,156955,157009,157452,157439,-1.0783,-1.07802
462|4,0.2,86679,6,4,159668,643.492,0.736861,145756,145884,152842,152648,-1.93169,-1.92847
462|4,1,49742,7,4,159668,643.492,0.736861,72404.8,72597.6,123374,121136,-2.66308,-2.62985
462|4,5,30602,8,4,159668,643.492,0.736861,6884,6947.3,30074.9,27533.1,0.0781433,0.49691
462|3,0.000064,108562,1,3,159668,643.492,0.736861,112820,113985,114014,113985,-0.21337,-0.212284
462|3,0.00032,130392,2,3,159668,643.492,0.736861,140484,140961,140973,140961,-0.334937,-0.334587
462|3,0.0016,132645,3,3,159668,643.492,0.736861,150498,150726,150734,150728,-0.535499,-0.535345
462|3,0.008,136907,4,3,159668,643.492,0.736861,153715,153862,153894,153887,-0.492571,-0.492381
462|3,0.04,113528,5,3,159668,643.492,0.736861,153223,153370,153863,153796,-1.1698,-1.16837
462|3,0.2,82203,6,3,159668,643.492,0.736861,142218,142434,150172,149126,-2.01969,-2.00256
462|3,1,54160,7,3,159668,643.492,0.736861,70525.3,70764.8,132500,119104,-2.63827,-2.43305
462|3,5,30876,8,3,159668,643.492,0.736861,6662.88,6731.69,54579.5,27794.4,-1.93724,0.494289
462|9,0.0003648,110763,1,9,159668,643.492,0.736861,116564,117636,117539,117503,-0.257251,-0.255936
462|9,0.001824,99793,2,9,159668,643.492,0.736861,144226,144610,142077,141866,-1.32805,-1.32337
462|9,0.00912,104612,3,9,159668,643.492,0.736861,154205,154340,118220,116020,-0.513634,-0.438742
462|9,0.0456,29106,4,9,159668,643.492,0.736861,156816,156870,25707.8,24110.2,0.589241,0.923592
462|9,0.228,1898,5,9,159668,643.492,0.736861,146724,146775,2360.9,2232.89,-0.863391,-0.659931
462|9,1.14,602,6,9,159668,643.492,0.736861,68595.3,68655.3,722.135,714.636,-0.710964,-0.673279
462|9,5.7,556,7,9,159668,643.492,0.736861,6952.61,6971.12,588.332,587.883,-0.232613,-0.229546
462|9,28.5,492,8,9,159668,643.492,0.736861,784.033,791.243,474.463,474.335,0.154533,0.155697
462|10,0.0003648,102838,1,10,159668,643.492,0.736861,112820,113985,113900,113863,-0.433349,-0.432039
462|10,0.001824,109527,2,10,159668,643.492,0.736861,140482,140959,138598,138424,-0.935961,-0.931529
462|10,0.00912,75302,3,10,159668,643.492,0.736861,150462,150690,116600,114790,-1.5804,-1.53495
462|10,0.0456,30834,4,10,159668,643.492,0.736861,153088,153235,26030.8,24636.7,0.822551,1.12126
462|10,0.228,1866,5,10,159668,643.492,0.736861,143236,143373,2381.13,2267.8,-0.95276,-0.779768
462|10,1.14,542,6,10,159668,643.492,0.736861,66930.3,67031.7,709.452,702.799,-1.00794,-0.976653
462|10,5.7,526,7,10,159668,643.492,0.736861,6772.13,6795.13,573.73,573.318,-0.351666,-0.348872
462|10,28.5,550,8,10,159668,643.492,0.736861,758.85,766.686,459.762,459.627,0.818931,0.820377
462|7,0.0000768,94296,1,7,159668,643.492,0.736861,118359,119386,119405,119379,-0.938316,-0.937548
462|7,0.000384,117953,2,7,159668,643.492,0.736861,146023,146362,146239,146224,-0.863118,-0.86275
462|7,0.00192,127709,3,7,159668,643.492,0.736861,156036,156126,153762,153646,-0.756091,-0.753281
462|7,0.0096,104166,4,7,159668,643.492,0.736861,159240,159250,126103,124829,-0.776231,-0.738615
462|7,0.048,34555,5,7,159668,643.492,0.736861,158539,158549,29363.7,28255.1,0.788211,0.994031
462|7,0.24,2124,6,7,159668,643.492,0.736861,144438,144522,2613.85,2522.2,-0.826318,-0.695816
462|7,1.2,604,7,7,159668,643.492,0.736861,61712.1,61855.5,700.033,694.85,-0.585484,-0.557834
462|7,6,570,8,7,159668,643.492,0.736861,5271.62,5317.38,486.509,486.159,0.718619,0.722121
462|8,0.0000768,101781,1,8,159668,643.492,0.736861,117919,118958,118978,118951,-0.644933,-0.644088
462|8,0.000384,127577,2,8,159668,643.492,0.736861,145584,145934,145818,145801,-0.558211,-0.557754
462|8,0.00192,127445,3,8,159668,643.492,0.736861,155597,155698,153457,153307,-0.75639,-0.752774
462|8,0.0096,110699,4,8,159668,643.492,0.736861,158801,158822,127082,125415,-0.575243,-0.523583
462|8,0.048,35462,5,8,159668,643.492,0.736861,158102,158122,30503.4,28975.1,0.724779,0.998135
462|8,0.24,2200,6,8,159668,643.492,0.736861,144032,144125,2709.08,2580.91,-0.828919,-0.650645
462|8,1.2,518,7,8,159668,643.492,0.736861,61526.4,61674.5,703.74,696.499,-1.1267,-1.09354
462|8,6,538,8,8,159668,643.492,0.736861,5252.06,5298.3,485.04,484.59,0.45713,0.461411
462|11,0.0003712,100654,1,11,159668,643.492,0.736861,102621,104039,104074,104038,-0.146622,-0.145148
462|11,0.001856,107033,2,11,159668,643.492,0.736861,130283,131014,131013,130994,-0.816751,-0.816209
462|11,0.00928,111878,3,11,159668,643.492,0.736861,140265,140746,140411,140377,-0.906794,-0.905924
462|11,0.0464,96908,4,11,159668,643.492,0.736861,142914,143313,137540,137173,-1.31825,-1.30983
462|11,0.2319999999999999,62831,5,11,159668,643.492,0.736861,133450,133823,80183.4,78159.9,-0.965513,-0.874991
462|11,1.16,11954,6,11,159668,643.492,0.736861,61339,61549.5,10107.2,9613.34,0.812944,1.08311
462|11,5.8,712,7,11,159668,643.492,0.736861,6114.08,6148.37,1082.85,1052.18,-1.48463,-1.40036
462|11,29,526,8,11,159668,643.492,0.736861,681.912,691.339,445.313,443.733,0.754415,0.771746
462|12,0.0003712,92444,1,12,159668,643.492,0.736861,74888.8,76997,77049.1,76996.4,0.891423,0.89509
462|12,0.001856,89758,2,12,159668,643.492,0.736861,102552,103972,103994,103958,-0.610814,-0.609459
462|12,0.00928,86511,3,12,159668,643.492,0.736861,112540,113711,113492,113443,-1.06079,-1.05931
462|12,0.0464,76016,4,12,159668,643.492,0.736861,115304,116390,112245,111891,-1.4402,-1.43062
462|12,0.2319999999999999,48569,5,12,159668,643.492,0.736861,107669,108683,68298,66270.5,-1.28869,-1.19162
462|12,1.16,9584,6,12,159668,643.492,0.736861,49214.7,49726.7,9003.25,8459.38,0.286882,0.591128
462|12,5.8,838,7,12,159668,643.492,0.736861,4812.66,4879.31,910.928,877.233,-0.345182,-0.192578
462|12,29,604,8,12,159668,643.492,0.736861,497.634,511.643,331.925,330.239,3.33637,3.37265
1159|8,0.0016767999999999,99593,1,8,155907,645.636,0.580691,123664,123664,123636,123646,-0.867739,-0.868029
1159|8,0.0083839999999999,116325,2,8,155907,645.636,0.580691,144999,144999,144668,144650,-0.874235,-0.873798
1159|8,0.04192,106706,3,8,155907,645.636,0.580691,152202,152202,146552,146198,-1.21325,-1.2054
1159|8,0.2096,68255,4,8,155907,645.636,0.580691,146035,146035,90127.6,87936.1,-1.08279,-0.998572
1159|8,1.048,14589,5,8,155907,645.636,0.580691,74761.9,74761.9,12141.1,11540,0.897543,1.176
1159|8,5.24,848,6,8,155907,645.636,0.580691,8404.87,8404.87,1343.99,1304.16,-1.60878,-1.5237
1159|8,26.2,548,7,8,155907,645.636,0.580691,1053.91,1053.91,640.246,638.032,-0.612414,-0.599689
1159|8,131,584,8,8,155907,645.636,0.580691,534.79,534.79,514.05,513.985,0.571704,0.572308
1159|7,0.0016767999999999,101433,1,7,155907,645.636,0.580691,124003,124003,123978,123988,-0.811433,-0.811717
1159|7,0.0083839999999999,119429,2,7,155907,645.636,0.580691,145338,145338,145062,145041,-0.788518,-0.787969
1159|7,0.04192,110627,3,7,155907,645.636,0.580691,152540,152540,147821,147397,-1.1228,-1.11319
1159|7,0.2096,72057,4,7,155907,645.636,0.580691,146354,146354,96680.5,93721.5,-1.13638,-1.03138
1159|7,1.048,16805,5,7,155907,645.636,0.580691,74925.2,74925.2,14128.4,13172.2,0.843667,1.22797
1159|7,5.24,794,6,7,155907,645.636,0.580691,8423.54,8423.54,1479.11,1414.25,-2.02351,-1.91411
1159|7,26.2,548,7,7,155907,645.636,0.580691,1056.38,1056.38,649.153,645.531,-0.662761,-0.642444
1159|7,131,586,8,7,155907,645.636,0.580691,536.256,536.256,515.83,515.694,0.571636,0.572888
1159|5,0.0004351999999999,97161,1,5,155907,645.636,0.580691,123665,123665,123653,123663,-0.955976,-0.956287
1159|5,0.0021759999999999,125765,2,5,155907,645.636,0.580691,145027,145027,144995,144997,-0.59182,-0.591877
1159|5,0.0108799999999999,136220,3,5,155907,645.636,0.580691,152713,152713,152205,152178,-0.468654,-0.467943
1159|5,0.0543999999999999,114517,4,5,155907,645.636,0.580691,154367,154367,146103,145668,-0.964703,-0.954264
1159|5,0.2719999999999999,61943,5,5,155907,645.636,0.580691,141138,141138,75063,73160.4,-0.779791,-0.68404
1159|5,1.36,9970,6,5,155907,645.636,0.580691,56560.8,56560.8,8462.56,8104.15,0.792047,1.02355
1159|5,6.8,728,7,5,155907,645.636,0.580691,5349.46,5349.46,1057.43,1035.52,-1.34958,-1.28569
1159|5,34,602,8,5,155907,645.636,0.580691,756.49,756.49,534.919,533.867,0.528072,0.537353
1159|6,0.0004351999999999,95565,1,6,155907,645.636,0.580691,124004,124004,123992,124003,-1.02301,-1.02331
1159|6,0.0021759999999999,128566,2,6,155907,645.636,0.580691,145366,145366,145334,145336,-0.514839,-0.514906
1159|6,0.0108799999999999,138726,3,6,155907,645.636,0.580691,153052,153052,152534,152514,-0.403938,-0.403421
1159|6,0.0543999999999999,118728,4,6,155907,645.636,0.580691,154704,154704,146271,145957,-0.840267,-0.832458
1159|6,0.2719999999999999,63450,5,6,155907,645.636,0.580691,141446,141446,74557.7,73193.7,-0.66466,-0.593904
1159|6,1.36,9870,6,6,155907,645.636,0.580691,56686.4,56686.4,8353.52,8098.83,0.807158,0.97225
1159|6,6.8,754,7,6,155907,645.636,0.580691,5361.97,5361.97,1052.07,1036.52,-1.22714,-1.18007
1159|6,34,622,8,6,155907,645.636,0.580691,758.565,758.565,535.994,535.26,0.675774,0.682424
1159|11,0.0014272,100576,1,11,155907,645.636,0.580691,111849,111849,111633,111635,-0.441935,-0.442017
1159|11,0.007136,102398,2,11,155907,645.636,0.580691,133194,133194,129197,128959,-0.925568,-0.919054
1159|11,0.03568,72564,3,11,155907,645.636,0.580691,140559,140559,92136.1,90173,-0.94779,-0.871282
1159|11,0.1784,17511,4,11,155907,645.636,0.580691,136939,136939,14715.8,13956.2,0.845934,1.13425
1159|11,0.892,1002,5,11,155907,645.636,0.580691,79201.5,79201.5,1504.67,1450.97,-1.45997,-1.35122
1159|11,4.46,496,6,11,155907,645.636,0.580691,9955.57,9955.57,636.315,633.213,-0.937013,-0.920575
1159|11,22.3,576,7,11,155907,645.636,0.580691,1104.42,1104.42,554.544,554.403,0.163256,0.164365
1159|11,111.5,544,8,11,155907,645.636,0.580691,490.438,490.438,463.27,463.324,0.727448,0.726883
1159|12,0.0014272,84673,1,12,155907,645.636,0.580691,90432.4,90432.4,90196.3,90201.6,-0.273219,-0.273464
1159|12,0.007136,82237,2,12,155907,645.636,0.580691,111780,111780,107415,107096,-1.04588,-1.0357
1159|12,0.03568,57156,3,12,155907,645.636,0.580691,119201,119201,70576.3,68359.8,-0.848323,-0.731166
1159|12,0.1784,11396,4,12,155907,645.636,0.580691,116495,116495,9894.99,9252.72,0.674871,1.0303
1159|12,0.892,752,5,12,155907,645.636,0.580691,67377.2,67377.2,1097.54,1054.13,-1.36531,-1.24149
1159|12,4.46,502,6,12,155907,645.636,0.580691,8442.85,8442.85,529.032,526.572,-0.215032,-0.196326
1159|12,22.3,554,7,12,155907,645.636,0.580691,926.858,926.858,464.776,464.701,0.801555,0.802348
1159|12,111.5,626,8,12,155907,645.636,0.580691,396.529,396.529,374.494,374.58,2.76119,2.75966
1159|9,0.0004479999999999,95841,1,9,155907,645.636,0.580691,122618,122618,122596,122607,-0.973792,-0.974102
1159|9,0.00224,110983,2,9,155907,645.636,0.580691,143980,143980,143753,143747,-1.01723,-1.01708
1159|9,0.0111999999999999,117579,3,9,155907,645.636,0.580691,151663,151663,147746,147571,-0.911125,-0.906904
1159|9,0.0559999999999999,86107,4,9,155907,645.636,0.580691,153279,153279,105725,104228,-0.827943,-0.775736
1159|9,0.2799999999999999,21584,5,9,155907,645.636,0.580691,139521,139521,17911.6,17237.2,0.913474,1.12345
1159|9,1.4,1152,6,9,155907,645.636,0.580691,54389.6,54389.6,1739.69,1691.39,-1.48048,-1.39689
1159|9,7,622,7,9,155907,645.636,0.580691,5083.19,5083.19,658.353,655.653,-0.235011,-0.218413
1159|9,35,558,8,9,155907,645.636,0.580691,738.031,738.031,510.829,510.741,0.387814,0.388601
1159|10,0.0004479999999999,85632,1,10,155907,645.636,0.580691,119727,119727,119703,119715,-1.27005,-1.27036
1159|10,0.00224,112052,2,10,155907,645.636,0.580691,141089,141089,140856,140850,-0.912504,-0.912342
1159|10,0.0111999999999999,106618,3,10,155907,645.636,0.580691,148773,148773,144770,144577,-1.17598,-1.17158
1159|10,0.0559999999999999,72910,4,10,155907,645.636,0.580691,150406,150406,102394,100775,-1.28477,-1.23373
1159|10,0.2799999999999999,19961,5,10,155907,645.636,0.580691,136905,136905,16967,16272.3,0.786097,1.00977
1159|10,1.4,1398,6,10,155907,645.636,0.580691,53353.1,53353.1,1662.92,1613.62,-0.697608,-0.584792
1159|10,7,482,7,10,155907,645.636,0.580691,4981.11,4981.11,642.676,639.929,-1.06287,-1.04897
1159|10,35,578,8,10,155907,645.636,0.580691,720.628,720.628,498.657,498.571,0.667285,0.668117
1159|4,0.0010624,112128,1,4,155907,645.636,0.580691,122618,122618,122602,122613,-0.381198,-0.38157
1159|4,0.005312,130767,2,4,155907,645.636,0.580691,143969,143969,143877,143877,-0.406612,-0.406594
1159|4,0.02656,137610,3,4,155907,645.636,0.580691,151468,151468,149903,149821,-0.365932,-0.3637
1159|4,0.1328,112132,4,4,155907,645.636,0.580691,149983,149983,127800,126794,-0.547057,-0.515998
1159|4,0.664,38749,5,4,155907,645.636,0.580691,104020,104020,34369.8,33192.1,0.568162,0.746514
1159|4,3.32,2926,6,4,155907,645.636,0.580691,16867.5,16867.5,3074.73,2968.04,-0.213672,-0.0625371
1159|4,16.6,542,7,4,155907,645.636,0.580691,1599,1599,734.118,728.034,-1.11918,-1.09241
1159|4,83,574,8,4,155907,645.636,0.580691,558.053,558.053,514.608,514.351,0.484922,0.487247
1159|3,0.0010624,108512,1,3,155907,645.636,0.580691,119726,119726,119709,119721,-0.417357,-0.417771
1159|3,0.005312,131884,2,3,155907,645.636,0.580691,141078,141078,140972,140975,-0.287675,-0.287758
1159|3,0.02656,133282,3,3,155907,645.636,0.580691,148581,148581,146785,146748,-0.410506,-0.409476
1159|3,0.1328,105629,4,3,155907,645.636,0.580691,147171,147171,122308,121848,-0.608479,-0.593941
1159|3,0.664,36126,5,3,155907,645.636,0.580691,102070,102070,30300.8,29837.9,0.857146,0.939594
1159|3,3.32,2310,6,3,155907,645.636,0.580691,16546.1,16546.1,2711.32,2671.36,-0.652927,-0.596608
1159|3,16.6,688,7,3,155907,645.636,0.580691,1566.89,1566.89,701.979,699.727,-0.0849992,-0.0715241
1159|3,83,592,8,3,155907,645.636,0.580691,544.894,544.894,501.603,501.542,0.756051,0.756651
1197|7,0.0016767999999999,74837,1,7,122610,645.636,0.646954,94705.4,95186.9,94631.2,94617.3,-0.933281,-0.932761
1197|7,0.0083839999999999,71977,2,7,122610,645.636,0.646954,113369,113528,103384,102938,-1.35549,-1.34201
1197|7,0.04192,42847,3,7,122610,645.636,0.646954,119716,119758,45067,43742.8,-0.21971,-0.0913316
1197|7,0.2096,5272,4,7,122610,645.636,0.646954,115081,115085,4713.1,4529.46,0.525706,0.726552
1197|7,1.048,660,5,7,122610,645.636,0.646954,58982.5,58984.7,889.975,878.544,-1.11325,-1.0712
1197|7,5.24,592,6,7,122610,645.636,0.646954,6739.15,6741.52,647.086,646.432,-0.362024,-0.358075
1197|7,26.2,544,7,7,122610,645.636,0.646954,951.137,952.471,598.7,598.685,-0.387065,-0.386971
1197|7,131,580,8,7,122610,645.636,0.646954,516.047,518.671,501.211,501.275,0.659451,0.658832
1197|8,0.0016767999999999,74846,1,8,122610,645.636,0.646954,94408.7,94895.4,94354.8,94335.1,-0.922518,-0.921778
1197|8,0.0083839999999999,76735,2,8,122610,645.636,0.646954,113072,113236,103352,102803,-1.14911,-1.13141
1197|8,0.04192,41404,3,8,122610,645.636,0.646954,119421,119468,45671.9,44010.8,-0.41679,-0.264176
1197|8,0.2096,5378,4,8,122610,645.636,0.646954,114802,114811,4803.35,4569.95,0.530433,0.783694
1197|8,1.048,706,5,8,122610,645.636,0.646954,58839.5,58844.1,894.186,879.64,-0.906819,-0.850075
1197|8,5.24,542,6,8,122610,645.636,0.646954,6722.51,6725.17,645.881,645.048,-0.683919,-0.679274
1197|8,26.2,550,7,8,122610,645.636,0.646954,948.648,950.026,597.182,597.158,-0.334673,-0.334517
1197|8,131,550,8,8,122610,645.636,0.646954,514.43,517.082,499.676,499.74,0.422421,0.421826
1197|6,0.0004351999999999,82107,1,6,122610,645.636,0.646954,94706.5,95188,95115.5,95124.8,-0.610218,-0.610595
1197|6,0.0021759999999999,94216,2,6,122610,645.636,0.646954,113391,113550,112335,112274,-0.719692,-0.717667
1197|6,0.0108799999999999,78272,3,6,122610,645.636,0.646954,120117,120160,101475,100630,-1.02024,-0.991324
1197|6,0.0543999999999999,33061,4,6,122610,645.636,0.646954,121639,121643,29795.9,28645,0.488571,0.687308
1197|6,0.2719999999999999,2724,5,6,122610,645.636,0.646954,111227,111231,2845.51,2734.58,-0.188471,-0.0170635
1197|6,1.36,578,6,6,122610,645.636,0.646954,44573.8,44589.5,761.597,755.014,-1.03251,-1.00381
1197|6,6.8,604,7,6,122610,645.636,0.646954,4305.86,4311.9,605.033,604.69,-0.00723687,-0.00483874
1197|6,34,546,8,6,122610,645.636,0.646954,685.64,689.127,501.521,501.57,0.372062,0.371623
1197|5,0.0004351999999999,85902,1,5,122610,645.636,0.646954,94409.8,94896.5,94831.8,94841.1,-0.42014,-0.42054
1197|5,0.0021759999999999,97095,2,5,122610,645.636,0.646954,113094,113258,112202,112140,-0.600768,-0.598623
1197|5,0.0108799999999999,87358,3,5,122610,645.636,0.646954,119821,119868,103317,102416,-0.689219,-0.656018
1197|5,0.0543999999999999,36940,4,5,122610,645.636,0.646954,121344,121353,32911.7,31469.3,0.545757,0.775125
1197|5,0.2719999999999999,2878,5,5,122610,645.636,0.646954,110957,110966,3159.67,3011.82,-0.39389,-0.196224
1197|5,1.36,646,6,5,122610,645.636,0.646954,44463.8,44481.4,778.88,770.062,-0.73136,-0.690335
1197|5,6.8,580,7,5,122610,645.636,0.646954,4294.6,4300.83,604.538,604.072,-0.172041,-0.1689
1197|5,34,628,8,5,122610,645.636,0.646954,683.492,687.016,500.036,500.079,1.0734,1.07295
1197|12,0.0014272,64032,1,12,122610,645.636,0.646954,65343.3,66331.6,65612.7,65629.7,-0.107477,-0.108599
1197|12,0.007136,55335,2,12,122610,645.636,0.646954,84016.9,84682.6,71724.3,71601.4,-1.01943,-1.01352
1197|12,0.03568,22894,3,12,122610,645.636,0.646954,90544.1,91091.6,22597.4,22392.4,0.0585056,0.0998274
1197|12,0.1784,2488,4,12,122610,645.636,0.646954,88768,89256,2209.88,2189.25,0.553698,0.600292
1197|12,0.892,422,5,12,122610,645.636,0.646954,51385.2,51667.7,594.5,593.317,-1.22882,-1.2227
1197|12,4.46,484,6,12,122610,645.636,0.646954,6508.38,6547.73,486.772,486.776,-0.0238491,-0.0238819
1197|12,22.3,418,7,12,122610,645.636,0.646954,790.76,797.026,446.217,446.305,-0.263328,-0.264099
1197|12,111.5,586,8,12,122610,645.636,0.646954,359.987,365.431,349.169,349.305,2.77281,2.77024
1197|10,0.0004479999999999,78110,1,10,122610,645.636,0.646954,90965.3,91511.4,91413.3,91422.5,-0.649312,-0.649696
1197|10,0.00224,84573,2,10,122610,645.636,0.646954,109650,109873,108172,108077,-0.973424,-0.970367
1197|10,0.0111999999999999,58621,3,10,122610,645.636,0.646954,116375,116482,91889.2,90739.3,-1.61536,-1.57928
1197|10,0.0559999999999999,24817,4,10,122610,645.636,0.646954,117883,117952,21650.9,20660.6,0.651732,0.896502
1197|10,0.2799999999999999,1870,5,10,122610,645.636,0.646954,107314,107376,2102.29,2019.49,-0.485761,-0.32522
1197|10,1.4,510,6,10,122610,645.636,0.646954,41818.9,41857.3,699.415,694.565,-1.15579,-1.13371
1197|10,7,484,7,10,122610,645.636,0.646954,3990.61,3998.75,583.286,583.048,-0.720163,-0.718717
1197|10,111.5,602,8,10,122610,645.636,0.646954,501.138,504.147,481.833,481.907,1.0437,1.04291
1197|9,0.0004479999999999,78594,1,9,122610,645.636,0.646954,93494.2,93996.7,93900.5,93909.3,-0.727302,-0.727652
1197|9,0.00224,83899,2,9,122610,645.636,0.646954,112179,112359,110679,110598,-1.07963,-1.07716
1197|9,0.0111999999999999,69732,3,9,122610,645.636,0.646954,118903,118967,94541.3,93549.7,-1.17085,-1.13596
1197|9,0.0559999999999999,27611,4,9,122610,645.636,0.646954,120397,120422,22733.5,21838.5,0.956255,1.17805
1197|9,0.2799999999999999,1566,5,9,122610,645.636,0.646954,109602,109625,2199.75,2123.94,-1.26742,-1.15504
1197|9,1.4,560,6,9,122610,645.636,0.646954,42727.4,42750.1,717.484,713.032,-0.937778,-0.916716
1197|9,7,566,7,9,122610,645.636,0.646954,4082.65,4089.2,596.66,596.438,-0.217659,-0.216162
1197|9,35,568,8,9,122610,645.636,0.646954,667.682,671.271,495.142,495.199,0.61683,0.61628
1197|3,0.0010624,83416,1,3,122610,645.636,0.646954,90964.8,91511,91231.7,91235.9,-0.382231,-0.382418
1197|3,0.005312,89383,2,3,122610,645.636,0.646954,109641,109865,104663,104480,-0.651399,-0.644741
1197|3,0.02656,58909,3,3,122610,645.636,0.646954,116225,116332,63082.8,62008.7,-0.295161,-0.222994
1197|3,0.1328,9266,4,3,122610,645.636,0.646954,115351,115418,8179.01,7919.65,0.590859,0.755704
1197|3,0.664,850,5,3,122610,645.636,0.646954,80042,80088.6,1095.02,1077.89,-0.970297,-0.916394
1197|3,3.32,606,6,3,122610,645.636,0.646954,13059.7,13071.7,640.669,639.692,-0.230018,-0.223864
1197|3,16.6,578,7,3,122610,645.636,0.646954,1340.19,1342.93,580.043,580.02,-0.0149002,-0.0147267
1197|3,83,552,8,3,122610,645.636,0.646954,516.255,519.354,481.876,481.949,0.609006,0.608291
1197|4,0.0010624,79953,1,4,122610,645.636,0.646954,93493.8,93996.3,93664.5,93658.6,-0.653154,-0.652915
1197|4,0.005312,90004,2,4,122610,645.636,0.646954,112170,112350,106171,105828,-0.679423,-0.667159
1197|4,0.02656,58715,3,4,122610,645.636,0.646954,118750,118813,59763.5,58049.6,-0.0782664,0.051132
1197|4,0.1328,7962,4,4,122610,645.636,0.646954,117811,117835,7285.65,6930.9,0.41253,0.660941
1197|4,0.664,770,5,4,122610,645.636,0.646954,81748.7,81765.8,1048.07,1025.06,-1.14906,-1.07692
1197|4,3.32,568,6,4,122610,645.636,0.646954,13343.4,13350.5,650.298,648.976,-0.538316,-0.530701
1197|4,16.6,564,7,4,122610,645.636,0.646954,1371.1,1373.3,592.947,592.898,-0.20672,-0.206388
1197|4,83,596,8,4,122610,645.636,0.646954,530.607,533.459,494.96,495.026,0.855715,0.855054
1197|11,0.0014272,67698,1,11,122610,645.636,0.646954,84075.4,84740.4,83738.1,83751.7,-0.854621,-0.855208
1197|11,0.007136,59779,2,11,122610,645.636,0.646954,102746,103089,85836.3,85791.5,-1.35441,-1.35279
1197|11,0.03568,23906,3,11,122610,645.636,0.646954,109224,109450,25054,24986.4,-0.204246,-0.192743
1197|11,0.1784,2906,4,11,122610,645.636,0.646954,106650,106830,2439.28,2432.79,0.842911,0.856884
1197|11,0.892,526,5,11,122610,645.636,0.646954,61736.6,61840.4,699.168,698.801,-1.05701,-1.05529
1197|11,4.46,512,6,11,122610,645.636,0.646954,7851.13,7867.31,584.217,584.226,-0.523032,-0.523087
1197|11,22.3,520,7,11,122610,645.636,0.646954,967.037,970.261,543.228,543.274,-0.180218,-0.18056
1197|11,35,602,8,11,122610,645.636,0.646954,600.423,605.172,446.265,446.356,1.45321,1.45209
