id,U_SAEM,L_SAEM,m_SAEM,e_SAEM,alpha_SAEM,k_SAEM,U_mode,L_mode,m_mode,e_mode,alpha_mode,k_mode,goes_down,mab_virus,run_id
8|84|cc|1|1|162,1,3.20355e-16,0.382255,32.8924,0.142177,3.53579e-16,1,3.1443e-16,0.382255,1.0,0.141944,3.46847e-16,False,69.0|162,84
8|84|cc|2|1|162,1,3.20355e-16,0.382255,22.6648,0.142177,3.53579e-16,1,3.1443e-16,0.382255,1.0,0.141944,3.46847e-16,False,69.0|162,84
8|84|cc|3|1|162,1,3.20355e-16,0.382255,15.3275,0.142177,3.53579e-16,1,3.1443e-16,0.382255,1.0,0.141944,3.46847e-16,False,69.0|162,84
8|84|cc|4|1|162,1,3.20355e-16,0.382255,22.0363,0.142177,3.53579e-16,1,3.1443e-16,0.382255,1.0,0.141944,3.46847e-16,False,69.0|162,84
8|84|cc|5|1|162,1,3.20355e-16,0.382255,85.031,0.142177,3.53579e-16,1,3.1443e-16,0.382255,1.0,0.141944,3.46847e-16,False,69.0|162,84
8|84|cc|6|1|162,1,3.20355e-16,0.382255,23.7833,0.142177,3.53579e-16,1,3.1443e-16,0.382255,1.0,0.141944,3.46847e-16,False,69.0|162,84
8|84|cc|7|1|162,1,3.20355e-16,0.382255,23.2892,0.142177,3.53579e-16,1,3.1443e-16,0.382255,1.0,0.141944,3.46847e-16,False,69.0|162,84
8|84|cc|8|1|162,1,3.20355e-16,0.382255,18.533,0.142177,3.53579e-16,1,3.1443e-16,0.382255,1.0,0.141944,3.46847e-16,False,69.0|162,84
8|84|sample|10|162,1,3.20355e-16,1.4395,2.72942,0.142177,3.53579e-16,1,3.1443e-16,1.4395,2.80085,0.141944,3.46847e-16,True,32.0|162,84
8|84|sample|11|162,1,3.20355e-16,1.56989,1.80489,0.142177,3.53579e-16,1,3.1443e-16,1.56989,1.8263,0.141944,3.46847e-16,True,22.0|162,84
8|84|sample|12|162,1,3.20355e-16,1.56989,2.32561,0.142177,3.53579e-16,1,3.1443e-16,1.56989,2.35869,0.141944,3.46847e-16,True,22.0|162,84
8|84|sample|3|162,1,3.20355e-16,0.74346,1.07955,0.142177,3.53579e-16,1,3.1443e-16,0.74346,1.08173,0.141944,3.46847e-16,True,55.0|162,84
8|84|sample|4|162,1,3.20355e-16,0.74346,1.24084,0.142177,3.53579e-16,1,3.1443e-16,0.74346,1.26232,0.141944,3.46847e-16,True,55.0|162,84
8|84|sample|5|162,1,3.20355e-16,0.74346,1.24246,0.142177,3.53579e-16,1,3.1443e-16,0.74346,1.17408,0.141944,3.46847e-16,True,55.0|162,84
8|84|sample|6|162,1,3.20355e-16,0.74346,0.950884,0.142177,3.53579e-16,1,3.1443e-16,0.74346,1.00257,0.141944,3.46847e-16,True,55.0|162,84
8|84|sample|7|162,1,3.20355e-16,1.4395,2.32573,0.142177,3.53579e-16,1,3.1443e-16,1.4395,2.34153,0.141944,3.46847e-16,True,32.0|162,84
8|84|sample|8|162,1,3.20355e-16,1.4395,2.46213,0.142177,3.53579e-16,1,3.1443e-16,1.4395,2.50181,0.141944,3.46847e-16,True,32.0|162,84
8|84|sample|9|162,1,3.20355e-16,1.4395,2.83208,0.142177,3.53579e-16,1,3.1443e-16,1.4395,2.81816,0.141944,3.46847e-16,True,32.0|162,84
8|84|vc|1|2|162,1,3.20355e-16,0.382255,100.973,0.142177,3.53579e-16,1,3.1443e-16,0.382255,1.0,0.141944,3.46847e-16,False,69.0|162,84
8|84|vc|2|2|162,1,3.20355e-16,0.382255,23.402,0.142177,3.53579e-16,1,3.1443e-16,0.382255,1.0,0.141944,3.46847e-16,False,69.0|162,84
8|84|vc|3|2|162,1,3.20355e-16,0.382255,52.8303,0.142177,3.53579e-16,1,3.1443e-16,0.382255,1.0,0.141944,3.46847e-16,False,69.0|162,84
8|84|vc|4|2|162,1,3.20355e-16,0.382255,169.481,0.142177,3.53579e-16,1,3.1443e-16,0.382255,1.0,0.141944,3.46847e-16,False,69.0|162,84
8|84|vc|5|2|162,1,3.20355e-16,0.382255,41.0511,0.142177,3.53579e-16,1,3.1443e-16,0.382255,1.0,0.141944,3.46847e-16,False,69.0|162,84
8|84|vc|6|2|162,1,3.20355e-16,0.382255,67.2613,0.142177,3.53579e-16,1,3.1443e-16,0.382255,0.999999,0.141944,3.46847e-16,False,69.0|162,84
8|84|vc|7|2|162,1,3.20355e-16,0.382255,104.616,0.142177,3.53579e-16,1,3.1443e-16,0.382255,1.0,0.141944,3.46847e-16,False,69.0|162,84
8|84|vc|8|2|162,1,3.20355e-16,0.382255,44.285,0.142177,3.53579e-16,1,3.1443e-16,0.382255,1.0,0.141944,3.46847e-16,False,69.0|162,84
8|719|cc|1|1|274,1,3.20355e-16,0.299987,118.578,0.142177,3.53579e-16,1,3.1443e-16,0.299987,1.0,0.141943,3.46847e-16,False,69.0|274,719
8|719|cc|2|1|274,1,3.20355e-16,0.299987,87.7351,0.142177,3.53579e-16,1,3.1443e-16,0.299987,1.0,0.141943,3.46847e-16,False,69.0|274,719
8|719|cc|3|1|274,1,3.20355e-16,0.299987,48.7817,0.142177,3.53579e-16,1,3.1443e-16,0.299987,1.0,0.141943,3.46847e-16,False,69.0|274,719
8|719|cc|4|1|274,1,3.20355e-16,0.299987,36.8039,0.142177,3.53579e-16,1,3.1443e-16,0.299987,1.0,0.141943,3.46847e-16,False,69.0|274,719
8|719|cc|5|1|274,1,3.20355e-16,0.299987,17.6793,0.142177,3.53579e-16,1,3.1443e-16,0.299987,1.0,0.141943,3.46847e-16,False,69.0|274,719
8|719|cc|6|1|274,1,3.20355e-16,0.299987,21.9663,0.142177,3.53579e-16,1,3.1443e-16,0.299987,1.0,0.141943,3.46847e-16,False,69.0|274,719
8|719|cc|7|1|274,1,3.20355e-16,0.299987,152.732,0.142177,3.53579e-16,1,3.1443e-16,0.299987,1.0,0.141943,3.46847e-16,False,69.0|274,719
8|719|cc|8|1|274,1,3.20355e-16,0.299987,17.7061,0.142177,3.53579e-16,1,3.1443e-16,0.299987,1.0,0.141943,3.46847e-16,False,69.0|274,719
8|719|sample|10|274,1,3.20355e-16,1.56222,6.40713,0.142177,3.53579e-16,1,3.1443e-16,1.56222,6.58835,0.141943,3.46847e-16,True,32.0|274,719
8|719|sample|11|274,1,3.20355e-16,1.53906,8.76293,0.142177,3.53579e-16,1,3.1443e-16,1.53906,8.85612,0.141943,3.46847e-16,True,22.0|274,719
8|719|sample|12|274,1,3.20355e-16,1.53906,10.1599,0.142177,3.53579e-16,1,3.1443e-16,1.53906,9.83395,0.141943,3.46847e-16,True,22.0|274,719
8|719|sample|3|274,1,3.20355e-16,1.35087,0.886359,0.142177,3.53579e-16,1,3.1443e-16,1.35087,0.927702,0.141943,3.46847e-16,True,55.0|274,719
8|719|sample|4|274,1,3.20355e-16,1.35087,0.859301,0.142177,3.53579e-16,1,3.1443e-16,1.35087,0.900806,0.141943,3.46847e-16,True,55.0|274,719
8|719|sample|5|274,1,3.20355e-16,1.35087,0.975096,0.142177,3.53579e-16,1,3.1443e-16,1.35087,0.946557,0.141943,3.46847e-16,True,55.0|274,719
8|719|sample|6|274,1,3.20355e-16,1.35087,1.02042,0.142177,3.53579e-16,1,3.1443e-16,1.35087,1.06526,0.141943,3.46847e-16,True,55.0|274,719
8|719|sample|7|274,1,3.20355e-16,1.56222,5.94366,0.142177,3.53579e-16,1,3.1443e-16,1.56222,6.45735,0.141943,3.46847e-16,True,32.0|274,719
8|719|sample|8|274,1,3.20355e-16,1.56222,6.39325,0.142177,3.53579e-16,1,3.1443e-16,1.56222,6.55093,0.141943,3.46847e-16,True,32.0|274,719
8|719|sample|9|274,1,3.20355e-16,1.56222,6.35061,0.142177,3.53579e-16,1,3.1443e-16,1.56222,6.703,0.141943,3.46847e-16,True,32.0|274,719
8|719|vc|1|2|274,1,3.20355e-16,0.299987,46.8751,0.142177,3.53579e-16,1,3.1443e-16,0.299987,1.0,0.141943,3.46847e-16,False,69.0|274,719
8|719|vc|2|2|274,1,3.20355e-16,0.299987,16.6128,0.142177,3.53579e-16,1,3.1443e-16,0.299987,1.0,0.141943,3.46847e-16,False,69.0|274,719
8|719|vc|3|2|274,1,3.20355e-16,0.299987,27.0742,0.142177,3.53579e-16,1,3.1443e-16,0.299987,1.0,0.141943,3.46847e-16,False,69.0|274,719
8|719|vc|4|2|274,1,3.20355e-16,0.299987,32.3599,0.142177,3.53579e-16,1,3.1443e-16,0.299987,1.0,0.141943,3.46847e-16,False,69.0|274,719
8|719|vc|5|2|274,1,3.20355e-16,0.299987,18.3887,0.142177,3.53579e-16,1,3.1443e-16,0.299987,1.0,0.141943,3.46847e-16,False,69.0|274,719
8|719|vc|6|2|274,1,3.20355e-16,0.299987,15.2134,0.142177,3.53579e-16,1,3.1443e-16,0.299987,1.0,0.141943,3.46847e-16,False,69.0|274,719
8|719|vc|7|2|274,1,3.20355e-16,0.299987,15.2974,0.142177,3.53579e-16,1,3.1443e-16,0.299987,1.0,0.141943,3.46847e-16,False,69.0|274,719
8|719|vc|8|2|274,1,3.20355e-16,0.299987,53.8666,0.142177,3.53579e-16,1,3.1443e-16,0.299987,1.0,0.141943,3.46847e-16,False,69.0|274,719
8|488|cc|1|1|322,1,3.20355e-16,0.28581,35.9137,0.142179,3.53579e-16,1,3.1443e-16,0.28581,1.0,0.141945,3.46847e-16,False,69.0|322,488
8|488|cc|2|1|322,1,3.20355e-16,0.28581,25.4169,0.142179,3.53579e-16,1,3.1443e-16,0.28581,1.0,0.141945,3.46847e-16,False,69.0|322,488
8|488|cc|3|1|322,1,3.20355e-16,0.28581,23.7415,0.142179,3.53579e-16,1,3.1443e-16,0.28581,0.999999,0.141945,3.46847e-16,False,69.0|322,488
8|488|cc|4|1|322,1,3.20355e-16,0.28581,24.7374,0.142179,3.53579e-16,1,3.1443e-16,0.28581,1.0,0.141945,3.46847e-16,False,69.0|322,488
8|488|cc|5|1|322,1,3.20355e-16,0.28581,25.6724,0.142179,3.53579e-16,1,3.1443e-16,0.28581,1.0,0.141945,3.46847e-16,False,69.0|322,488
8|488|cc|6|1|322,1,3.20355e-16,0.28581,58.9371,0.142179,3.53579e-16,1,3.1443e-16,0.28581,1.0,0.141945,3.46847e-16,False,69.0|322,488
8|488|cc|7|1|322,1,3.20355e-16,0.28581,129.822,0.142179,3.53579e-16,1,3.1443e-16,0.28581,1.0,0.141945,3.46847e-16,False,69.0|322,488
8|488|cc|8|1|322,1,3.20355e-16,0.28581,19.5499,0.142179,3.53579e-16,1,3.1443e-16,0.28581,1.0,0.141945,3.46847e-16,False,69.0|322,488
8|488|sample|10|322,1,3.20355e-16,0.493934,19.7115,0.142179,3.53579e-16,1,3.1443e-16,0.493934,18.6087,0.141945,3.46847e-16,True,32.0|322,488
8|488|sample|11|322,1,3.20355e-16,1.09031,7.8911,0.142179,3.53579e-16,1,3.1443e-16,1.09031,8.35897,0.141945,3.46847e-16,True,22.0|322,488
8|488|sample|12|322,1,3.20355e-16,1.09031,10.7192,0.142179,3.53579e-16,1,3.1443e-16,1.09031,10.7168,0.141945,3.46847e-16,True,22.0|322,488
8|488|sample|3|322,1,3.20355e-16,1.14691,0.320306,0.142179,3.53579e-16,1,3.1443e-16,1.14691,0.326773,0.141945,3.46847e-16,True,55.0|322,488
8|488|sample|4|322,1,3.20355e-16,1.14691,0.275771,0.142179,3.53579e-16,1,3.1443e-16,1.14691,0.29175,0.141945,3.46847e-16,True,55.0|322,488
8|488|sample|5|322,1,3.20355e-16,1.14691,0.293776,0.142179,3.53579e-16,1,3.1443e-16,1.14691,0.29299,0.141945,3.46847e-16,True,55.0|322,488
8|488|sample|6|322,1,3.20355e-16,1.14691,0.274567,0.142179,3.53579e-16,1,3.1443e-16,1.14691,0.27713,0.141945,3.46847e-16,True,55.0|322,488
8|488|sample|7|322,1,3.20355e-16,0.493934,12.5479,0.142179,3.53579e-16,1,3.1443e-16,0.493934,13.0095,0.141945,3.46847e-16,True,32.0|322,488
8|488|sample|8|322,1,3.20355e-16,0.493934,13.1121,0.142179,3.53579e-16,1,3.1443e-16,0.493934,13.7306,0.141945,3.46847e-16,True,32.0|322,488
8|488|sample|9|322,1,3.20355e-16,0.493934,15.6525,0.142179,3.53579e-16,1,3.1443e-16,0.493934,15.8738,0.141945,3.46847e-16,True,32.0|322,488
8|488|vc|1|2|322,1,3.20355e-16,0.28581,40.4741,0.142179,3.53579e-16,1,3.1443e-16,0.28581,1.0,0.141945,3.46847e-16,False,69.0|322,488
8|488|vc|2|2|322,1,3.20355e-16,0.28581,43.7473,0.142179,3.53579e-16,1,3.1443e-16,0.28581,1.0,0.141945,3.46847e-16,False,69.0|322,488
8|488|vc|3|2|322,1,3.20355e-16,0.28581,23.415,0.142179,3.53579e-16,1,3.1443e-16,0.28581,1.0,0.141945,3.46847e-16,False,69.0|322,488
8|488|vc|4|2|322,1,3.20355e-16,0.28581,24.529,0.142179,3.53579e-16,1,3.1443e-16,0.28581,1.0,0.141945,3.46847e-16,False,69.0|322,488
8|488|vc|5|2|322,1,3.20355e-16,0.28581,85.4472,0.142179,3.53579e-16,1,3.1443e-16,0.28581,1.0,0.141945,3.46847e-16,False,69.0|322,488
8|488|vc|6|2|322,1,3.20355e-16,0.28581,234.365,0.142179,3.53579e-16,1,3.1443e-16,0.28581,1.0,0.141945,3.46847e-16,False,69.0|322,488
8|488|vc|7|2|322,1,3.20355e-16,0.28581,47.5954,0.142179,3.53579e-16,1,3.1443e-16,0.28581,1.0,0.141945,3.46847e-16,False,69.0|322,488
8|488|vc|8|2|322,1,3.20355e-16,0.28581,22.7419,0.142179,3.53579e-16,1,3.1443e-16,0.28581,1.0,0.141945,3.46847e-16,False,69.0|322,488
8|847|cc|1|1|69,1,3.20355e-16,0.390557,28.3787,0.142174,3.53579e-16,1,3.1443e-16,0.390557,1.0,0.14194,3.46847e-16,False,69.0|69,847
8|847|cc|2|1|69,1,3.20355e-16,0.390557,250.093,0.142174,3.53579e-16,1,3.1443e-16,0.390557,1.0,0.14194,3.46847e-16,False,69.0|69,847
8|847|cc|3|1|69,1,3.20355e-16,0.390557,18.796,0.142174,3.53579e-16,1,3.1443e-16,0.390557,1.0,0.14194,3.46847e-16,False,69.0|69,847
8|847|cc|4|1|69,1,3.20355e-16,0.390557,45.3058,0.142174,3.53579e-16,1,3.1443e-16,0.390557,1.0,0.14194,3.46847e-16,False,69.0|69,847
8|847|cc|5|1|69,1,3.20355e-16,0.390557,45.8373,0.142174,3.53579e-16,1,3.1443e-16,0.390557,1.0,0.14194,3.46847e-16,False,69.0|69,847
8|847|cc|6|1|69,1,3.20355e-16,0.390557,1158.04,0.142174,3.53579e-16,1,3.1443e-16,0.390557,1.0,0.14194,3.46847e-16,False,69.0|69,847
8|847|cc|7|1|69,1,3.20355e-16,0.390557,134.697,0.142174,3.53579e-16,1,3.1443e-16,0.390557,1.0,0.14194,3.46847e-16,False,69.0|69,847
8|847|cc|8|1|69,1,3.20355e-16,0.390557,12.2005,0.142174,3.53579e-16,1,3.1443e-16,0.390557,1.0,0.14194,3.46847e-16,False,69.0|69,847
8|847|sample|10|69,1,3.20355e-16,1.70835,17.3753,0.142174,3.53579e-16,1,3.1443e-16,1.70835,17.3342,0.14194,3.46847e-16,True,32.0|69,847
8|847|sample|11|69,1,3.20355e-16,1.73376,2.74699,0.142174,3.53579e-16,1,3.1443e-16,1.73376,2.81287,0.14194,3.46847e-16,True,22.0|69,847
8|847|sample|12|69,1,3.20355e-16,1.73376,2.86801,0.142174,3.53579e-16,1,3.1443e-16,1.73376,2.84168,0.14194,3.46847e-16,True,22.0|69,847
8|847|sample|3|69,1,3.20355e-16,0.600478,3.9496,0.142174,3.53579e-16,1,3.1443e-16,0.600478,3.86872,0.14194,3.46847e-16,True,55.0|69,847
8|847|sample|4|69,1,3.20355e-16,0.600478,3.94653,0.142174,3.53579e-16,1,3.1443e-16,0.600478,4.15966,0.14194,3.46847e-16,True,55.0|69,847
8|847|sample|5|69,1,3.20355e-16,0.600478,2.32456,0.142174,3.53579e-16,1,3.1443e-16,0.600478,2.34004,0.14194,3.46847e-16,True,55.0|69,847
8|847|sample|6|69,1,3.20355e-16,0.600478,2.7103,0.142174,3.53579e-16,1,3.1443e-16,0.600478,2.80892,0.14194,3.46847e-16,True,55.0|69,847
8|847|sample|7|69,1,3.20355e-16,1.70835,12.6571,0.142174,3.53579e-16,1,3.1443e-16,1.70835,13.1715,0.14194,3.46847e-16,True,32.0|69,847
8|847|sample|8|69,1,3.20355e-16,1.70835,13.0357,0.142174,3.53579e-16,1,3.1443e-16,1.70835,13.9208,0.14194,3.46847e-16,True,32.0|69,847
8|847|sample|9|69,1,3.20355e-16,1.70835,16.1022,0.142174,3.53579e-16,1,3.1443e-16,1.70835,15.9515,0.14194,3.46847e-16,True,32.0|69,847
8|847|vc|1|2|69,1,3.20355e-16,0.390557,51.26,0.142174,3.53579e-16,1,3.1443e-16,0.390557,1.0,0.14194,3.46847e-16,False,69.0|69,847
8|847|vc|2|2|69,1,3.20355e-16,0.390557,21.5718,0.142174,3.53579e-16,1,3.1443e-16,0.390557,1.0,0.14194,3.46847e-16,False,69.0|69,847
8|847|vc|3|2|69,1,3.20355e-16,0.390557,17.2985,0.142174,3.53579e-16,1,3.1443e-16,0.390557,1.0,0.14194,3.46847e-16,False,69.0|69,847
8|847|vc|4|2|69,1,3.20355e-16,0.390557,79.449,0.142174,3.53579e-16,1,3.1443e-16,0.390557,1.0,0.14194,3.46847e-16,False,69.0|69,847
8|847|vc|5|2|69,1,3.20355e-16,0.390557,57.2079,0.142174,3.53579e-16,1,3.1443e-16,0.390557,1.0,0.14194,3.46847e-16,False,69.0|69,847
8|847|vc|6|2|69,1,3.20355e-16,0.390557,40.573,0.142174,3.53579e-16,1,3.1443e-16,0.390557,1.0,0.14194,3.46847e-16,False,69.0|69,847
8|847|vc|7|2|69,1,3.20355e-16,0.390557,145.742,0.142174,3.53579e-16,1,3.1443e-16,0.390557,1.0,0.14194,3.46847e-16,False,69.0|69,847
8|847|vc|8|2|69,1,3.20355e-16,0.390557,40.6762,0.142174,3.53579e-16,1,3.1443e-16,0.390557,1.0,0.14194,3.46847e-16,False,69.0|69,847
8|474|cc|1|1|276,1,3.20355e-16,1.01256,128.827,0.142177,3.53579e-16,1,3.1443e-16,1.01256,1.0,0.141943,3.46847e-16,False,69.0|276,474
8|474|cc|2|1|276,1,3.20355e-16,1.01256,61.2483,0.142177,3.53579e-16,1,3.1443e-16,1.01256,1.0,0.141943,3.46847e-16,False,69.0|276,474
8|474|cc|3|1|276,1,3.20355e-16,1.01256,20.9148,0.142177,3.53579e-16,1,3.1443e-16,1.01256,1.0,0.141943,3.46847e-16,False,69.0|276,474
8|474|cc|4|1|276,1,3.20355e-16,1.01256,69.2256,0.142177,3.53579e-16,1,3.1443e-16,1.01256,1.0,0.141943,3.46847e-16,False,69.0|276,474
8|474|cc|5|1|276,1,3.20355e-16,1.01256,79.6879,0.142177,3.53579e-16,1,3.1443e-16,1.01256,1.0,0.141943,3.46847e-16,False,69.0|276,474
8|474|cc|6|1|276,1,3.20355e-16,1.01256,67.0554,0.142177,3.53579e-16,1,3.1443e-16,1.01256,1.0,0.141943,3.46847e-16,False,69.0|276,474
8|474|cc|7|1|276,1,3.20355e-16,1.01256,55.5886,0.142177,3.53579e-16,1,3.1443e-16,1.01256,1.0,0.141943,3.46847e-16,False,69.0|276,474
8|474|cc|8|1|276,1,3.20355e-16,1.01256,20.2059,0.142177,3.53579e-16,1,3.1443e-16,1.01256,1.0,0.141943,3.46847e-16,False,69.0|276,474
8|474|sample|10|276,1,3.20355e-16,1.789,48.4377,0.142177,3.53579e-16,1,3.1443e-16,1.789,48.9566,0.141943,3.46847e-16,True,32.0|276,474
8|474|sample|11|276,1,3.20355e-16,1.95309,7.77629,0.142177,3.53579e-16,1,3.1443e-16,1.95309,8.04283,0.141943,3.46847e-16,True,22.0|276,474
8|474|sample|12|276,1,3.20355e-16,1.95309,8.91018,0.142177,3.53579e-16,1,3.1443e-16,1.95309,8.67324,0.141943,3.46847e-16,True,22.0|276,474
8|474|sample|3|276,1,3.20355e-16,1.33398,1.70381,0.142177,3.53579e-16,1,3.1443e-16,1.33398,1.73122,0.141943,3.46847e-16,True,55.0|276,474
8|474|sample|4|276,1,3.20355e-16,1.33398,1.82868,0.142177,3.53579e-16,1,3.1443e-16,1.33398,1.81631,0.141943,3.46847e-16,True,55.0|276,474
8|474|sample|5|276,1,3.20355e-16,1.33398,1.74102,0.142177,3.53579e-16,1,3.1443e-16,1.33398,1.73896,0.141943,3.46847e-16,True,55.0|276,474
8|474|sample|6|276,1,3.20355e-16,1.33398,1.66435,0.142177,3.53579e-16,1,3.1443e-16,1.33398,1.71608,0.141943,3.46847e-16,True,55.0|276,474
8|474|sample|7|276,1,3.20355e-16,1.789,43.931,0.142177,3.53579e-16,1,3.1443e-16,1.789,42.7838,0.141943,3.46847e-16,True,32.0|276,474
8|474|sample|8|276,1,3.20355e-16,1.789,40.2531,0.142177,3.53579e-16,1,3.1443e-16,1.789,41.2306,0.141943,3.46847e-16,True,32.0|276,474
8|474|sample|9|276,1,3.20355e-16,1.789,49.9582,0.142177,3.53579e-16,1,3.1443e-16,1.789,50.2974,0.141943,3.46847e-16,True,32.0|276,474
8|474|vc|1|2|276,1,3.20355e-16,1.01256,59.3211,0.142177,3.53579e-16,1,3.1443e-16,1.01256,1.0,0.141943,3.46847e-16,False,69.0|276,474
8|474|vc|2|2|276,1,3.20355e-16,1.01256,44.5902,0.142177,3.53579e-16,1,3.1443e-16,1.01256,1.0,0.141943,3.46847e-16,False,69.0|276,474
8|474|vc|3|2|276,1,3.20355e-16,1.01256,81.315,0.142177,3.53579e-16,1,3.1443e-16,1.01256,1.0,0.141943,3.46847e-16,False,69.0|276,474
8|474|vc|4|2|276,1,3.20355e-16,1.01256,58.378,0.142177,3.53579e-16,1,3.1443e-16,1.01256,1.0,0.141943,3.46847e-16,False,69.0|276,474
8|474|vc|5|2|276,1,3.20355e-16,1.01256,54.9577,0.142177,3.53579e-16,1,3.1443e-16,1.01256,1.0,0.141943,3.46847e-16,False,69.0|276,474
8|474|vc|6|2|276,1,3.20355e-16,1.01256,47.078,0.142177,3.53579e-16,1,3.1443e-16,1.01256,1.0,0.141943,3.46847e-16,False,69.0|276,474
8|474|vc|7|2|276,1,3.20355e-16,1.01256,721.461,0.142177,3.53579e-16,1,3.1443e-16,1.01256,1.0,0.141943,3.46847e-16,False,69.0|276,474
8|474|vc|8|2|276,1,3.20355e-16,1.01256,47.5563,0.142177,3.53579e-16,1,3.1443e-16,1.01256,1.0,0.141943,3.46847e-16,False,69.0|276,474
8|462|cc|1|1|292,1,3.20355e-16,0.387079,21.3888,0.142173,3.53579e-16,1,3.1443e-16,0.387079,0.999999,0.141939,3.46847e-16,False,69.0|292,462
8|462|cc|2|1|292,1,3.20355e-16,0.387079,71.3495,0.142173,3.53579e-16,1,3.1443e-16,0.387079,1.0,0.141939,3.46847e-16,False,69.0|292,462
8|462|cc|3|1|292,1,3.20355e-16,0.387079,80.8657,0.142173,3.53579e-16,1,3.1443e-16,0.387079,1.0,0.141939,3.46847e-16,False,69.0|292,462
8|462|cc|4|1|292,1,3.20355e-16,0.387079,25.8355,0.142173,3.53579e-16,1,3.1443e-16,0.387079,1.0,0.141939,3.46847e-16,False,69.0|292,462
8|462|cc|5|1|292,1,3.20355e-16,0.387079,21.7291,0.142173,3.53579e-16,1,3.1443e-16,0.387079,1.0,0.141939,3.46847e-16,False,69.0|292,462
8|462|cc|6|1|292,1,3.20355e-16,0.387079,60.4804,0.142173,3.53579e-16,1,3.1443e-16,0.387079,1.0,0.141939,3.46847e-16,False,69.0|292,462
8|462|cc|7|1|292,1,3.20355e-16,0.387079,52.9349,0.142173,3.53579e-16,1,3.1443e-16,0.387079,1.0,0.141939,3.46847e-16,False,69.0|292,462
8|462|cc|8|1|292,1,3.20355e-16,0.387079,29.3872,0.142173,3.53579e-16,1,3.1443e-16,0.387079,0.999999,0.141939,3.46847e-16,False,69.0|292,462
8|462|sample|10|292,1,3.20355e-16,1.96493,39.6198,0.142173,3.53579e-16,1,3.1443e-16,1.96493,41.3902,0.141939,3.46847e-16,True,32.0|292,462
8|462|sample|11|292,1,3.20355e-16,1.47991,4.34912,0.142173,3.53579e-16,1,3.1443e-16,1.47991,4.45702,0.141939,3.46847e-16,True,22.0|292,462
8|462|sample|12|292,1,3.20355e-16,1.47991,5.37447,0.142173,3.53579e-16,1,3.1443e-16,1.47991,5.47498,0.141939,3.46847e-16,True,22.0|292,462
8|462|sample|3|292,1,3.20355e-16,0.566662,1.59623,0.142173,3.53579e-16,1,3.1443e-16,0.566662,1.56573,0.141939,3.46847e-16,True,55.0|292,462
8|462|sample|4|292,1,3.20355e-16,0.566662,1.61493,0.142173,3.53579e-16,1,3.1443e-16,0.566662,1.59861,0.141939,3.46847e-16,True,55.0|292,462
8|462|sample|5|292,1,3.20355e-16,0.566662,0.851015,0.142173,3.53579e-16,1,3.1443e-16,0.566662,0.839515,0.141939,3.46847e-16,True,55.0|292,462
8|462|sample|6|292,1,3.20355e-16,0.566662,1.06814,0.142173,3.53579e-16,1,3.1443e-16,0.566662,1.0405,0.141939,3.46847e-16,True,55.0|292,462
8|462|sample|7|292,1,3.20355e-16,1.96493,33.9001,0.142173,3.53579e-16,1,3.1443e-16,1.96493,35.896,0.141939,3.46847e-16,True,32.0|292,462
8|462|sample|8|292,1,3.20355e-16,1.96493,34.543,0.142173,3.53579e-16,1,3.1443e-16,1.96493,35.1358,0.141939,3.46847e-16,True,32.0|292,462
8|462|sample|9|292,1,3.20355e-16,1.96493,41.8505,0.142173,3.53579e-16,1,3.1443e-16,1.96493,41.9854,0.141939,3.46847e-16,True,32.0|292,462
8|462|vc|1|2|292,1,3.20355e-16,0.387079,90.5697,0.142173,3.53579e-16,1,3.1443e-16,0.387079,1.0,0.141939,3.46847e-16,False,69.0|292,462
8|462|vc|2|2|292,1,3.20355e-16,0.387079,77.5014,0.142173,3.53579e-16,1,3.1443e-16,0.387079,1.0,0.141939,3.46847e-16,False,69.0|292,462
8|462|vc|3|2|292,1,3.20355e-16,0.387079,55.2461,0.142173,3.53579e-16,1,3.1443e-16,0.387079,1.0,0.141939,3.46847e-16,False,69.0|292,462
8|462|vc|4|2|292,1,3.20355e-16,0.387079,23.3866,0.142173,3.53579e-16,1,3.1443e-16,0.387079,1.0,0.141939,3.46847e-16,False,69.0|292,462
8|462|vc|5|2|292,1,3.20355e-16,0.387079,17.0465,0.142173,3.53579e-16,1,3.1443e-16,0.387079,1.0,0.141939,3.46847e-16,False,69.0|292,462
8|462|vc|6|2|292,1,3.20355e-16,0.387079,21.0894,0.142173,3.53579e-16,1,3.1443e-16,0.387079,1.0,0.141939,3.46847e-16,False,69.0|292,462
8|462|vc|7|2|292,1,3.20355e-16,0.387079,45.1241,0.142173,3.53579e-16,1,3.1443e-16,0.387079,1.0,0.141939,3.46847e-16,False,69.0|292,462
8|462|vc|8|2|292,1,3.20355e-16,0.387079,17.8696,0.142173,3.53579e-16,1,3.1443e-16,0.387079,1.0,0.141939,3.46847e-16,False,69.0|292,462
8|75|cc|1|1|65,1,3.20355e-16,0.532297,284.008,0.277396,3.53579e-16,1,3.1443e-16,0.532297,1.0,0.276776,3.46847e-16,False,69.0|65,75
8|75|cc|2|1|65,1,3.20355e-16,0.532297,45.2058,0.277396,3.53579e-16,1,3.1443e-16,0.532297,1.0,0.276776,3.46847e-16,False,69.0|65,75
8|75|cc|3|1|65,1,3.20355e-16,0.532297,60.8308,0.277396,3.53579e-16,1,3.1443e-16,0.532297,1.0,0.276776,3.46847e-16,False,69.0|65,75
8|75|cc|4|1|65,1,3.20355e-16,0.532297,70.8241,0.277396,3.53579e-16,1,3.1443e-16,0.532297,1.0,0.276776,3.46847e-16,False,69.0|65,75
8|75|cc|5|1|65,1,3.20355e-16,0.532297,66.1787,0.277396,3.53579e-16,1,3.1443e-16,0.532297,1.0,0.276776,3.46847e-16,False,69.0|65,75
8|75|cc|6|1|65,1,3.20355e-16,0.532297,65.5211,0.277396,3.53579e-16,1,3.1443e-16,0.532297,1.0,0.276776,3.46847e-16,False,69.0|65,75
8|75|cc|7|1|65,1,3.20355e-16,0.532297,19.3782,0.277396,3.53579e-16,1,3.1443e-16,0.532297,1.0,0.276776,3.46847e-16,False,69.0|65,75
8|75|cc|8|1|65,1,3.20355e-16,0.532297,290.93,0.277396,3.53579e-16,1,3.1443e-16,0.532297,1.0,0.276776,3.46847e-16,False,69.0|65,75
8|75|sample|10|65,1,3.20355e-16,0.93212,0.448613,0.277396,3.53579e-16,1,3.1443e-16,0.93212,0.447006,0.276776,3.46847e-16,True,32.0|65,75
8|75|sample|11|65,1,3.20355e-16,1.34479,12.912,0.277396,3.53579e-16,1,3.1443e-16,1.34479,14.9148,0.276776,3.46847e-16,True,22.0|65,75
8|75|sample|12|65,1,3.20355e-16,1.34479,28.1574,0.277396,3.53579e-16,1,3.1443e-16,1.34479,27.6672,0.276776,3.46847e-16,True,22.0|65,75
8|75|sample|3|65,1,3.20355e-16,164.841,0.204826,0.277396,3.53579e-16,1,3.1443e-16,164.841,0.204301,0.276776,3.46847e-16,True,55.0|65,75
8|75|sample|4|65,1,3.20355e-16,164.841,1.02005,0.277396,3.53579e-16,1,3.1443e-16,164.841,1.01929,0.276776,3.46847e-16,True,55.0|65,75
8|75|sample|5|65,1,3.20355e-16,164.841,0.105967,0.277396,3.53579e-16,1,3.1443e-16,164.841,0.106237,0.276776,3.46847e-16,True,55.0|65,75
8|75|sample|6|65,1,3.20355e-16,164.841,0.106383,0.277396,3.53579e-16,1,3.1443e-16,164.841,0.106351,0.276776,3.46847e-16,True,55.0|65,75
8|75|sample|7|65,1,3.20355e-16,0.93212,0.826923,0.277396,3.53579e-16,1,3.1443e-16,0.93212,0.827542,0.276776,3.46847e-16,True,32.0|65,75
8|75|sample|8|65,1,3.20355e-16,0.93212,0.800885,0.277396,3.53579e-16,1,3.1443e-16,0.93212,0.875486,0.276776,3.46847e-16,True,32.0|65,75
8|75|sample|9|65,1,3.20355e-16,0.93212,0.391474,0.277396,3.53579e-16,1,3.1443e-16,0.93212,0.414557,0.276776,3.46847e-16,True,32.0|65,75
8|75|vc|1|2|65,1,3.20355e-16,0.532297,45.8433,0.277396,3.53579e-16,1,3.1443e-16,0.532297,1.0,0.276776,3.46847e-16,False,69.0|65,75
8|75|vc|2|2|65,1,3.20355e-16,0.532297,30.9586,0.277396,3.53579e-16,1,3.1443e-16,0.532297,1.0,0.276776,3.46847e-16,False,69.0|65,75
8|75|vc|3|2|65,1,3.20355e-16,0.532297,80.513,0.277396,3.53579e-16,1,3.1443e-16,0.532297,1.0,0.276776,3.46847e-16,False,69.0|65,75
8|75|vc|4|2|65,1,3.20355e-16,0.532297,21.5523,0.277396,3.53579e-16,1,3.1443e-16,0.532297,1.0,0.276776,3.46847e-16,False,69.0|65,75
8|75|vc|5|2|65,1,3.20355e-16,0.532297,21.4758,0.277396,3.53579e-16,1,3.1443e-16,0.532297,1.0,0.276776,3.46847e-16,False,69.0|65,75
8|75|vc|6|2|65,1,3.20355e-16,0.532297,31.7942,0.277396,3.53579e-16,1,3.1443e-16,0.532297,1.0,0.276776,3.46847e-16,False,69.0|65,75
8|75|vc|7|2|65,1,3.20355e-16,0.532297,23.174,0.277396,3.53579e-16,1,3.1443e-16,0.532297,1.0,0.276776,3.46847e-16,False,69.0|65,75
8|75|vc|8|2|65,1,3.20355e-16,0.532297,190.834,0.277396,3.53579e-16,1,3.1443e-16,0.532297,1.0,0.276776,3.46847e-16,False,69.0|65,75
8|291|cc|1|1|103,1,3.20355e-16,1.41027,326.631,0.142177,3.53579e-16,1,3.1443e-16,1.41027,1.0,0.141943,3.46847e-16,False,69.0|103,291
8|291|cc|2|1|103,1,3.20355e-16,1.41027,54.3853,0.142177,3.53579e-16,1,3.1443e-16,1.41027,1.0,0.141943,3.46847e-16,False,69.0|103,291
8|291|cc|3|1|103,1,3.20355e-16,1.41027,58.4481,0.142177,3.53579e-16,1,3.1443e-16,1.41027,1.0,0.141943,3.46847e-16,False,69.0|103,291
8|291|cc|4|1|103,1,3.20355e-16,1.41027,43.7552,0.142177,3.53579e-16,1,3.1443e-16,1.41027,1.0,0.141943,3.46847e-16,False,69.0|103,291
8|291|cc|5|1|103,1,3.20355e-16,1.41027,42.6642,0.142177,3.53579e-16,1,3.1443e-16,1.41027,1.0,0.141943,3.46847e-16,False,69.0|103,291
8|291|cc|6|1|103,1,3.20355e-16,1.41027,93.4178,0.142177,3.53579e-16,1,3.1443e-16,1.41027,1.0,0.141943,3.46847e-16,False,69.0|103,291
8|291|cc|7|1|103,1,3.20355e-16,1.41027,40.102,0.142177,3.53579e-16,1,3.1443e-16,1.41027,1.0,0.141943,3.46847e-16,False,69.0|103,291
8|291|cc|8|1|103,1,3.20355e-16,1.41027,50.7293,0.142177,3.53579e-16,1,3.1443e-16,1.41027,1.0,0.141943,3.46847e-16,False,69.0|103,291
8|291|sample|10|103,1,3.20355e-16,1.73901,39.8726,0.142177,3.53579e-16,1,3.1443e-16,1.73901,41.2945,0.141943,3.46847e-16,True,32.0|103,291
8|291|sample|11|103,1,3.20355e-16,1.51788,67.562,0.142177,3.53579e-16,1,3.1443e-16,1.51788,63.1391,0.141943,3.46847e-16,True,22.0|103,291
8|291|sample|12|103,1,3.20355e-16,1.51788,50.1886,0.142177,3.53579e-16,1,3.1443e-16,1.51788,51.2971,0.141943,3.46847e-16,True,22.0|103,291
8|291|sample|3|103,1,3.20355e-16,1.59756,2.11088,0.142177,3.53579e-16,1,3.1443e-16,1.59756,2.1083,0.141943,3.46847e-16,True,55.0|103,291
8|291|sample|4|103,1,3.20355e-16,1.59756,1.92284,0.142177,3.53579e-16,1,3.1443e-16,1.59756,2.06846,0.141943,3.46847e-16,True,55.0|103,291
8|291|sample|5|103,1,3.20355e-16,1.59756,2.14593,0.142177,3.53579e-16,1,3.1443e-16,1.59756,2.30337,0.141943,3.46847e-16,True,55.0|103,291
8|291|sample|6|103,1,3.20355e-16,1.59756,2.17785,0.142177,3.53579e-16,1,3.1443e-16,1.59756,2.25973,0.141943,3.46847e-16,True,55.0|103,291
8|291|sample|7|103,1,3.20355e-16,1.73901,40.5256,0.142177,3.53579e-16,1,3.1443e-16,1.73901,40.5972,0.141943,3.46847e-16,True,32.0|103,291
8|291|sample|8|103,1,3.20355e-16,1.73901,36.174,0.142177,3.53579e-16,1,3.1443e-16,1.73901,35.2835,0.141943,3.46847e-16,True,32.0|103,291
8|291|sample|9|103,1,3.20355e-16,1.73901,37.6191,0.142177,3.53579e-16,1,3.1443e-16,1.73901,38.9535,0.141943,3.46847e-16,True,32.0|103,291
8|291|vc|1|2|103,1,3.20355e-16,1.41027,66.3945,0.142177,3.53579e-16,1,3.1443e-16,1.41027,1.0,0.141943,3.46847e-16,False,69.0|103,291
8|291|vc|2|2|103,1,3.20355e-16,1.41027,20.5657,0.142177,3.53579e-16,1,3.1443e-16,1.41027,1.0,0.141943,3.46847e-16,False,69.0|103,291
8|291|vc|3|2|103,1,3.20355e-16,1.41027,25.4283,0.142177,3.53579e-16,1,3.1443e-16,1.41027,1.0,0.141943,3.46847e-16,False,69.0|103,291
8|291|vc|4|2|103,1,3.20355e-16,1.41027,25.8579,0.142177,3.53579e-16,1,3.1443e-16,1.41027,1.0,0.141943,3.46847e-16,False,69.0|103,291
8|291|vc|5|2|103,1,3.20355e-16,1.41027,54.3625,0.142177,3.53579e-16,1,3.1443e-16,1.41027,1.0,0.141943,3.46847e-16,False,69.0|103,291
8|291|vc|6|2|103,1,3.20355e-16,1.41027,119.141,0.142177,3.53579e-16,1,3.1443e-16,1.41027,1.0,0.141943,3.46847e-16,False,69.0|103,291
8|291|vc|7|2|103,1,3.20355e-16,1.41027,22.87,0.142177,3.53579e-16,1,3.1443e-16,1.41027,1.0,0.141943,3.46847e-16,False,69.0|103,291
8|291|vc|8|2|103,1,3.20355e-16,1.41027,39.1371,0.142177,3.53579e-16,1,3.1443e-16,1.41027,1.0,0.141943,3.46847e-16,False,69.0|103,291
8|77|cc|1|1|218,1,3.20355e-16,0.696048,56.7033,0.142189,3.53578e-16,1,3.1443e-16,0.696048,1.0,0.141956,3.46847e-16,False,69.0|218,77
8|77|cc|2|1|218,1,3.20355e-16,0.696048,158.224,0.142189,3.53578e-16,1,3.1443e-16,0.696048,1.0,0.141956,3.46847e-16,False,69.0|218,77
8|77|cc|3|1|218,1,3.20355e-16,0.696048,49.3709,0.142189,3.53578e-16,1,3.1443e-16,0.696048,1.0,0.141956,3.46847e-16,False,69.0|218,77
8|77|cc|4|1|218,1,3.20355e-16,0.696048,35.717,0.142189,3.53578e-16,1,3.1443e-16,0.696048,1.0,0.141956,3.46847e-16,False,69.0|218,77
8|77|cc|5|1|218,1,3.20355e-16,0.696048,66.2527,0.142189,3.53578e-16,1,3.1443e-16,0.696048,1.0,0.141956,3.46847e-16,False,69.0|218,77
8|77|cc|6|1|218,1,3.20355e-16,0.696048,35.8838,0.142189,3.53578e-16,1,3.1443e-16,0.696048,1.0,0.141956,3.46847e-16,False,69.0|218,77
8|77|cc|7|1|218,1,3.20355e-16,0.696048,53.3174,0.142189,3.53578e-16,1,3.1443e-16,0.696048,1.0,0.141956,3.46847e-16,False,69.0|218,77
8|77|cc|8|1|218,1,3.20355e-16,0.696048,22.1654,0.142189,3.53578e-16,1,3.1443e-16,0.696048,1.0,0.141956,3.46847e-16,False,69.0|218,77
8|77|sample|10|218,1,3.20355e-16,0.944573,29.1519,0.142189,3.53578e-16,1,3.1443e-16,0.944573,29.1473,0.141956,3.46847e-16,True,32.0|218,77
8|77|sample|11|218,1,3.20355e-16,1.48162,25.6033,0.142189,3.53578e-16,1,3.1443e-16,1.48162,25.3039,0.141956,3.46847e-16,True,22.0|218,77
8|77|sample|12|218,1,3.20355e-16,1.48162,28.1018,0.142189,3.53578e-16,1,3.1443e-16,1.48162,27.9911,0.141956,3.46847e-16,True,22.0|218,77
8|77|sample|3|218,1,3.20355e-16,0.998939,374.58,0.142189,3.53578e-16,1,3.1443e-16,0.998939,374.236,0.141956,3.46847e-16,True,55.0|218,77
8|77|sample|4|218,1,3.20355e-16,0.998939,409.022,0.142189,3.53578e-16,1,3.1443e-16,0.998939,350.946,0.141956,3.46847e-16,True,55.0|218,77
8|77|sample|5|218,1,3.20355e-16,0.998939,396.176,0.142189,3.53578e-16,1,3.1443e-16,0.998939,404.331,0.141956,3.46847e-16,True,55.0|218,77
8|77|sample|6|218,1,3.20355e-16,0.998939,468.957,0.142189,3.53578e-16,1,3.1443e-16,0.998939,479.12,0.141956,3.46847e-16,True,55.0|218,77
8|77|sample|7|218,1,3.20355e-16,0.944573,21.5119,0.142189,3.53578e-16,1,3.1443e-16,0.944573,22.4266,0.141956,3.46847e-16,True,32.0|218,77
8|77|sample|8|218,1,3.20355e-16,0.944573,23.3276,0.142189,3.53578e-16,1,3.1443e-16,0.944573,23.1025,0.141956,3.46847e-16,True,32.0|218,77
8|77|sample|9|218,1,3.20355e-16,0.944573,28.5401,0.142189,3.53578e-16,1,3.1443e-16,0.944573,28.8756,0.141956,3.46847e-16,True,32.0|218,77
8|77|vc|1|2|218,1,3.20355e-16,0.696048,19.5001,0.142189,3.53578e-16,1,3.1443e-16,0.696048,1.0,0.141956,3.46847e-16,False,69.0|218,77
8|77|vc|2|2|218,1,3.20355e-16,0.696048,29.8166,0.142189,3.53578e-16,1,3.1443e-16,0.696048,1.0,0.141956,3.46847e-16,False,69.0|218,77
8|77|vc|3|2|218,1,3.20355e-16,0.696048,38.6549,0.142189,3.53578e-16,1,3.1443e-16,0.696048,1.0,0.141956,3.46847e-16,False,69.0|218,77
8|77|vc|4|2|218,1,3.20355e-16,0.696048,99.201,0.142189,3.53578e-16,1,3.1443e-16,0.696048,1.0,0.141956,3.46847e-16,False,69.0|218,77
8|77|vc|5|2|218,1,3.20355e-16,0.696048,105.721,0.142189,3.53578e-16,1,3.1443e-16,0.696048,0.999999,0.141956,3.46847e-16,False,69.0|218,77
8|77|vc|6|2|218,1,3.20355e-16,0.696048,93.2788,0.142189,3.53578e-16,1,3.1443e-16,0.696048,1.0,0.141956,3.46847e-16,False,69.0|218,77
8|77|vc|7|2|218,1,3.20355e-16,0.696048,53.8473,0.142189,3.53578e-16,1,3.1443e-16,0.696048,1.0,0.141956,3.46847e-16,False,69.0|218,77
8|77|vc|8|2|218,1,3.20355e-16,0.696048,81.3502,0.142189,3.53578e-16,1,3.1443e-16,0.696048,1.0,0.141956,3.46847e-16,False,69.0|218,77
8|322|cc|1|1|174,1,3.20355e-16,1.75185,12.4574,0.142175,3.53579e-16,1,3.1443e-16,1.75185,1.0,0.141942,3.46847e-16,False,69.0|174,322
8|322|cc|2|1|174,1,3.20355e-16,1.75185,50.3695,0.142175,3.53579e-16,1,3.1443e-16,1.75185,0.999999,0.141942,3.46847e-16,False,69.0|174,322
8|322|cc|3|1|174,1,3.20355e-16,1.75185,61.5468,0.142175,3.53579e-16,1,3.1443e-16,1.75185,1.0,0.141942,3.46847e-16,False,69.0|174,322
8|322|cc|4|1|174,1,3.20355e-16,1.75185,79.8431,0.142175,3.53579e-16,1,3.1443e-16,1.75185,1.0,0.141942,3.46847e-16,False,69.0|174,322
8|322|cc|5|1|174,1,3.20355e-16,1.75185,105.117,0.142175,3.53579e-16,1,3.1443e-16,1.75185,1.0,0.141942,3.46847e-16,False,69.0|174,322
8|322|cc|6|1|174,1,3.20355e-16,1.75185,29.6432,0.142175,3.53579e-16,1,3.1443e-16,1.75185,1.0,0.141942,3.46847e-16,False,69.0|174,322
8|322|cc|7|1|174,1,3.20355e-16,1.75185,38.6554,0.142175,3.53579e-16,1,3.1443e-16,1.75185,1.0,0.141942,3.46847e-16,False,69.0|174,322
8|322|cc|8|1|174,1,3.20355e-16,1.75185,61.1178,0.142175,3.53579e-16,1,3.1443e-16,1.75185,1.0,0.141942,3.46847e-16,False,69.0|174,322
8|322|sample|10|174,1,3.20355e-16,1.74581,80.5345,0.142175,3.53579e-16,1,3.1443e-16,1.74581,91.7522,0.141942,3.46847e-16,True,32.0|174,322
8|322|sample|11|174,1,3.20355e-16,1.61022,55.8199,0.142175,3.53579e-16,1,3.1443e-16,1.61022,56.3724,0.141942,3.46847e-16,True,22.0|174,322
8|322|sample|12|174,1,3.20355e-16,1.61022,69.9456,0.142175,3.53579e-16,1,3.1443e-16,1.61022,68.6483,0.141942,3.46847e-16,True,22.0|174,322
8|322|sample|3|174,1,3.20355e-16,0.914366,249.687,0.142175,3.53579e-16,1,3.1443e-16,0.914366,243.253,0.141942,3.46847e-16,True,55.0|174,322
8|322|sample|4|174,1,3.20355e-16,0.914366,179.273,0.142175,3.53579e-16,1,3.1443e-16,0.914366,172.933,0.141942,3.46847e-16,True,55.0|174,322
8|322|sample|5|174,1,3.20355e-16,0.914366,188.842,0.142175,3.53579e-16,1,3.1443e-16,0.914366,213.178,0.141942,3.46847e-16,True,55.0|174,322
8|322|sample|6|174,1,3.20355e-16,0.914366,220.285,0.142175,3.53579e-16,1,3.1443e-16,0.914366,204.89,0.141942,3.46847e-16,True,55.0|174,322
8|322|sample|7|174,1,3.20355e-16,1.74581,63.8086,0.142175,3.53579e-16,1,3.1443e-16,1.74581,67.365,0.141942,3.46847e-16,True,32.0|174,322
8|322|sample|8|174,1,3.20355e-16,1.74581,60.6261,0.142175,3.53579e-16,1,3.1443e-16,1.74581,63.4658,0.141942,3.46847e-16,True,32.0|174,322
8|322|sample|9|174,1,3.20355e-16,1.74581,65.4374,0.142175,3.53579e-16,1,3.1443e-16,1.74581,69.41,0.141942,3.46847e-16,True,32.0|174,322
8|322|vc|1|2|174,1,3.20355e-16,1.75185,58.0897,0.142175,3.53579e-16,1,3.1443e-16,1.75185,1.0,0.141942,3.46847e-16,False,69.0|174,322
8|322|vc|2|2|174,1,3.20355e-16,1.75185,28.6044,0.142175,3.53579e-16,1,3.1443e-16,1.75185,1.0,0.141942,3.46847e-16,False,69.0|174,322
8|322|vc|3|2|174,1,3.20355e-16,1.75185,21.5613,0.142175,3.53579e-16,1,3.1443e-16,1.75185,1.0,0.141942,3.46847e-16,False,69.0|174,322
8|322|vc|4|2|174,1,3.20355e-16,1.75185,53.5529,0.142175,3.53579e-16,1,3.1443e-16,1.75185,1.0,0.141942,3.46847e-16,False,69.0|174,322
8|322|vc|5|2|174,1,3.20355e-16,1.75185,14.5714,0.142175,3.53579e-16,1,3.1443e-16,1.75185,1.0,0.141942,3.46847e-16,False,69.0|174,322
8|322|vc|6|2|174,1,3.20355e-16,1.75185,35.7027,0.142175,3.53579e-16,1,3.1443e-16,1.75185,1.0,0.141942,3.46847e-16,False,69.0|174,322
8|322|vc|7|2|174,1,3.20355e-16,1.75185,33.2876,0.142175,3.53579e-16,1,3.1443e-16,1.75185,1.0,0.141942,3.46847e-16,False,69.0|174,322
8|322|vc|8|2|174,1,3.20355e-16,1.75185,112.849,0.142175,3.53579e-16,1,3.1443e-16,1.75185,1.0,0.141942,3.46847e-16,False,69.0|174,322
8|963|cc|1|1|319,1,3.20355e-16,0.449146,13.2726,0.209909,3.53579e-16,1,3.1443e-16,0.449146,1.0,0.206119,3.46847e-16,False,69.0|319,963
8|963|cc|2|1|319,1,3.20355e-16,0.449146,194.206,0.209909,3.53579e-16,1,3.1443e-16,0.449146,1.0,0.206119,3.46847e-16,False,69.0|319,963
8|963|cc|3|1|319,1,3.20355e-16,0.449146,52.7908,0.209909,3.53579e-16,1,3.1443e-16,0.449146,1.0,0.206119,3.46847e-16,False,69.0|319,963
8|963|cc|4|1|319,1,3.20355e-16,0.449146,37.9288,0.209909,3.53579e-16,1,3.1443e-16,0.449146,1.0,0.206119,3.46847e-16,False,69.0|319,963
8|963|cc|5|1|319,1,3.20355e-16,0.449146,85.0484,0.209909,3.53579e-16,1,3.1443e-16,0.449146,1.0,0.206119,3.46847e-16,False,69.0|319,963
8|963|cc|6|1|319,1,3.20355e-16,0.449146,28.527,0.209909,3.53579e-16,1,3.1443e-16,0.449146,1.0,0.206119,3.46847e-16,False,69.0|319,963
8|963|cc|7|1|319,1,3.20355e-16,0.449146,31.9433,0.209909,3.53579e-16,1,3.1443e-16,0.449146,1.0,0.206119,3.46847e-16,False,69.0|319,963
8|963|cc|8|1|319,1,3.20355e-16,0.449146,32.0789,0.209909,3.53579e-16,1,3.1443e-16,0.449146,1.0,0.206119,3.46847e-16,False,69.0|319,963
8|963|sample|10|319,1,3.20355e-16,1.65551,66.0175,0.209909,3.53579e-16,1,3.1443e-16,1.65551,70.1236,0.206119,3.46847e-16,True,32.0|319,963
8|963|sample|11|319,1,3.20355e-16,1.54008,12.0715,0.209909,3.53579e-16,1,3.1443e-16,1.54008,12.1124,0.206119,3.46847e-16,True,22.0|319,963
8|963|sample|12|319,1,3.20355e-16,1.54008,12.4765,0.209909,3.53579e-16,1,3.1443e-16,1.54008,12.8665,0.206119,3.46847e-16,True,22.0|319,963
8|963|sample|3|319,1,3.20355e-16,1.37342,498.729,0.209909,3.53579e-16,1,3.1443e-16,1.37342,489.571,0.206119,3.46847e-16,True,55.0|319,963
8|963|sample|4|319,1,3.20355e-16,1.37342,477.523,0.209909,3.53579e-16,1,3.1443e-16,1.37342,502.056,0.206119,3.46847e-16,True,55.0|319,963
8|963|sample|5|319,1,3.20355e-16,1.37342,585.541,0.209909,3.53579e-16,1,3.1443e-16,1.37342,582.756,0.206119,3.46847e-16,True,55.0|319,963
8|963|sample|6|319,1,3.20355e-16,1.37342,745.022,0.209909,3.53579e-16,1,3.1443e-16,1.37342,815.016,0.206119,3.46847e-16,True,55.0|319,963
8|963|sample|7|319,1,3.20355e-16,1.65551,74.5764,0.209909,3.53579e-16,1,3.1443e-16,1.65551,69.5689,0.206119,3.46847e-16,True,32.0|319,963
8|963|sample|8|319,1,3.20355e-16,1.65551,60.1223,0.209909,3.53579e-16,1,3.1443e-16,1.65551,58.2324,0.206119,3.46847e-16,True,32.0|319,963
8|963|sample|9|319,1,3.20355e-16,1.65551,74.024,0.209909,3.53579e-16,1,3.1443e-16,1.65551,76.2827,0.206119,3.46847e-16,True,32.0|319,963
8|963|vc|1|2|319,1,3.20355e-16,0.449146,25.6787,0.209909,3.53579e-16,1,3.1443e-16,0.449146,1.0,0.206119,3.46847e-16,False,69.0|319,963
8|963|vc|2|2|319,1,3.20355e-16,0.449146,67.6203,0.209909,3.53579e-16,1,3.1443e-16,0.449146,1.0,0.206119,3.46847e-16,False,69.0|319,963
8|963|vc|3|2|319,1,3.20355e-16,0.449146,21.1034,0.209909,3.53579e-16,1,3.1443e-16,0.449146,1.0,0.206119,3.46847e-16,False,69.0|319,963
8|963|vc|4|2|319,1,3.20355e-16,0.449146,18.2987,0.209909,3.53579e-16,1,3.1443e-16,0.449146,1.0,0.206119,3.46847e-16,False,69.0|319,963
8|963|vc|5|2|319,1,3.20355e-16,0.449146,36.3009,0.209909,3.53579e-16,1,3.1443e-16,0.449146,1.0,0.206119,3.46847e-16,False,69.0|319,963
8|963|vc|6|2|319,1,3.20355e-16,0.449146,184.422,0.209909,3.53579e-16,1,3.1443e-16,0.449146,1.0,0.206119,3.46847e-16,False,69.0|319,963
8|963|vc|7|2|319,1,3.20355e-16,0.449146,29.3362,0.209909,3.53579e-16,1,3.1443e-16,0.449146,1.0,0.206119,3.46847e-16,False,69.0|319,963
8|963|vc|8|2|319,1,3.20355e-16,0.449146,254.866,0.209909,3.53579e-16,1,3.1443e-16,0.449146,1.0,0.206119,3.46847e-16,False,69.0|319,963
8|1241|cc|1|1|69,1,3.20355e-16,0.390557,30.1026,0.142177,3.53579e-16,1,3.1443e-16,0.390557,1.0,0.141943,3.46847e-16,False,69.0|69,1241
8|1241|cc|2|1|69,1,3.20355e-16,0.390557,28.5192,0.142177,3.53579e-16,1,3.1443e-16,0.390557,1.0,0.141943,3.46847e-16,False,69.0|69,1241
8|1241|cc|3|1|69,1,3.20355e-16,0.390557,31.3593,0.142177,3.53579e-16,1,3.1443e-16,0.390557,1.0,0.141943,3.46847e-16,False,69.0|69,1241
8|1241|cc|4|1|69,1,3.20355e-16,0.390557,33.0956,0.142177,3.53579e-16,1,3.1443e-16,0.390557,1.0,0.141943,3.46847e-16,False,69.0|69,1241
8|1241|cc|5|1|69,1,3.20355e-16,0.390557,14.1497,0.142177,3.53579e-16,1,3.1443e-16,0.390557,1.0,0.141943,3.46847e-16,False,69.0|69,1241
8|1241|cc|6|1|69,1,3.20355e-16,0.390557,33.766,0.142177,3.53579e-16,1,3.1443e-16,0.390557,1.0,0.141943,3.46847e-16,False,69.0|69,1241
8|1241|cc|7|1|69,1,3.20355e-16,0.390557,65.0564,0.142177,3.53579e-16,1,3.1443e-16,0.390557,1.0,0.141943,3.46847e-16,False,69.0|69,1241
8|1241|cc|8|1|69,1,3.20355e-16,0.390557,29.3484,0.142177,3.53579e-16,1,3.1443e-16,0.390557,1.0,0.141943,3.46847e-16,False,69.0|69,1241
8|1241|sample|3|69,1,3.20355e-16,1.73376,2.06672,0.142177,3.53579e-16,1,3.1443e-16,1.73376,2.05677,0.141943,3.46847e-16,True,22.0|69,1241
8|1241|sample|4|69,1,3.20355e-16,1.73376,2.05917,0.142177,3.53579e-16,1,3.1443e-16,1.73376,2.08904,0.141943,3.46847e-16,True,22.0|69,1241
8|1241|sample|8|69,1,3.20355e-16,1.73376,126.079,0.142177,3.53579e-16,1,3.1443e-16,1.73376,3.10666,0.141943,3.46847e-16,True,22.0|69,1241
8|1241|vc|1|2|69,1,3.20355e-16,0.390557,87.6201,0.142177,3.53579e-16,1,3.1443e-16,0.390557,1.0,0.141943,3.46847e-16,False,69.0|69,1241
8|1241|vc|2|2|69,1,3.20355e-16,0.390557,70.5038,0.142177,3.53579e-16,1,3.1443e-16,0.390557,1.0,0.141943,3.46847e-16,False,69.0|69,1241
8|1241|vc|3|2|69,1,3.20355e-16,0.390557,22.7527,0.142177,3.53579e-16,1,3.1443e-16,0.390557,1.0,0.141943,3.46847e-16,False,69.0|69,1241
8|1241|vc|4|2|69,1,3.20355e-16,0.390557,15.7668,0.142177,3.53579e-16,1,3.1443e-16,0.390557,1.0,0.141943,3.46847e-16,False,69.0|69,1241
8|1241|vc|5|2|69,1,3.20355e-16,0.390557,30.1771,0.142177,3.53579e-16,1,3.1443e-16,0.390557,1.0,0.141943,3.46847e-16,False,69.0|69,1241
8|1241|vc|6|2|69,1,3.20355e-16,0.390557,40.7307,0.142177,3.53579e-16,1,3.1443e-16,0.390557,0.999999,0.141943,3.46847e-16,False,69.0|69,1241
8|1241|vc|7|2|69,1,3.20355e-16,0.390557,435.214,0.142177,3.53579e-16,1,3.1443e-16,0.390557,1.0,0.141943,3.46847e-16,False,69.0|69,1241
8|1241|vc|8|2|69,1,3.20355e-16,0.390557,30.0393,0.142177,3.53579e-16,1,3.1443e-16,0.390557,1.0,0.141943,3.46847e-16,False,69.0|69,1241
8|1056|cc|1|1|276,1,3.20355e-16,1.01256,27.3626,0.0844871,3.53579e-16,1,3.1443e-16,1.01256,1.0,0.0772575,3.46847e-16,False,69.0|276,1056
8|1056|cc|2|1|276,1,3.20355e-16,1.01256,20.2942,0.0844871,3.53579e-16,1,3.1443e-16,1.01256,1.0,0.0772575,3.46847e-16,False,69.0|276,1056
8|1056|cc|3|1|276,1,3.20355e-16,1.01256,31.9668,0.0844871,3.53579e-16,1,3.1443e-16,1.01256,1.0,0.0772575,3.46847e-16,False,69.0|276,1056
8|1056|cc|4|1|276,1,3.20355e-16,1.01256,11.9053,0.0844871,3.53579e-16,1,3.1443e-16,1.01256,1.0,0.0772575,3.46847e-16,False,69.0|276,1056
8|1056|cc|5|1|276,1,3.20355e-16,1.01256,24.838,0.0844871,3.53579e-16,1,3.1443e-16,1.01256,1.0,0.0772575,3.46847e-16,False,69.0|276,1056
8|1056|cc|6|1|276,1,3.20355e-16,1.01256,114.248,0.0844871,3.53579e-16,1,3.1443e-16,1.01256,1.0,0.0772575,3.46847e-16,False,69.0|276,1056
8|1056|cc|7|1|276,1,3.20355e-16,1.01256,46.0031,0.0844871,3.53579e-16,1,3.1443e-16,1.01256,1.0,0.0772575,3.46847e-16,False,69.0|276,1056
8|1056|cc|8|1|276,1,3.20355e-16,1.01256,20.5961,0.0844871,3.53579e-16,1,3.1443e-16,1.01256,1.0,0.0772575,3.46847e-16,False,69.0|276,1056
8|1056|sample|3|276,1,3.20355e-16,1.95309,8.21344,0.0844871,3.53579e-16,1,3.1443e-16,1.95309,8.11632,0.0772575,3.46847e-16,True,22.0|276,1056
8|1056|sample|4|276,1,3.20355e-16,1.95309,7.25524,0.0844871,3.53579e-16,1,3.1443e-16,1.95309,7.22734,0.0772575,3.46847e-16,True,22.0|276,1056
8|1056|vc|1|2|276,1,3.20355e-16,1.01256,21.3872,0.0844871,3.53579e-16,1,3.1443e-16,1.01256,1.0,0.0772575,3.46847e-16,False,69.0|276,1056
8|1056|vc|2|2|276,1,3.20355e-16,1.01256,17.879,0.0844871,3.53579e-16,1,3.1443e-16,1.01256,1.0,0.0772575,3.46847e-16,False,69.0|276,1056
8|1056|vc|3|2|276,1,3.20355e-16,1.01256,49.3035,0.0844871,3.53579e-16,1,3.1443e-16,1.01256,1.0,0.0772575,3.46847e-16,False,69.0|276,1056
8|1056|vc|4|2|276,1,3.20355e-16,1.01256,115.594,0.0844871,3.53579e-16,1,3.1443e-16,1.01256,0.999999,0.0772575,3.46847e-16,False,69.0|276,1056
8|1056|vc|5|2|276,1,3.20355e-16,1.01256,43.7475,0.0844871,3.53579e-16,1,3.1443e-16,1.01256,1.0,0.0772575,3.46847e-16,False,69.0|276,1056
8|1056|vc|6|2|276,1,3.20355e-16,1.01256,43.9642,0.0844871,3.53579e-16,1,3.1443e-16,1.01256,1.0,0.0772575,3.46847e-16,False,69.0|276,1056
8|1056|vc|7|2|276,1,3.20355e-16,1.01256,55.9975,0.0844871,3.53579e-16,1,3.1443e-16,1.01256,1.0,0.0772575,3.46847e-16,False,69.0|276,1056
8|1056|vc|8|2|276,1,3.20355e-16,1.01256,43.8621,0.0844871,3.53579e-16,1,3.1443e-16,1.01256,1.0,0.0772575,3.46847e-16,False,69.0|276,1056
8|1159|cc|1|1|292,1,3.20355e-16,0.387079,32.6522,0.133653,3.53579e-16,1,3.1443e-16,0.387079,1.0,0.133021,3.46847e-16,False,69.0|292,1159
8|1159|cc|2|1|292,1,3.20355e-16,0.387079,80.7989,0.133653,3.53579e-16,1,3.1443e-16,0.387079,1.0,0.133021,3.46847e-16,False,69.0|292,1159
8|1159|cc|3|1|292,1,3.20355e-16,0.387079,38.465,0.133653,3.53579e-16,1,3.1443e-16,0.387079,1.0,0.133021,3.46847e-16,False,69.0|292,1159
8|1159|cc|4|1|292,1,3.20355e-16,0.387079,35.7826,0.133653,3.53579e-16,1,3.1443e-16,0.387079,1.0,0.133021,3.46847e-16,False,69.0|292,1159
8|1159|cc|5|1|292,1,3.20355e-16,0.387079,62.6983,0.133653,3.53579e-16,1,3.1443e-16,0.387079,1.0,0.133021,3.46847e-16,False,69.0|292,1159
8|1159|cc|6|1|292,1,3.20355e-16,0.387079,24.728,0.133653,3.53579e-16,1,3.1443e-16,0.387079,1.0,0.133021,3.46847e-16,False,69.0|292,1159
8|1159|cc|7|1|292,1,3.20355e-16,0.387079,28.0091,0.133653,3.53579e-16,1,3.1443e-16,0.387079,1.0,0.133021,3.46847e-16,False,69.0|292,1159
8|1159|cc|8|1|292,1,3.20355e-16,0.387079,84.5964,0.133653,3.53579e-16,1,3.1443e-16,0.387079,1.0,0.133021,3.46847e-16,False,69.0|292,1159
8|1159|sample|3|292,1,3.20355e-16,1.47991,3.48142,0.133653,3.53579e-16,1,3.1443e-16,1.47991,3.37528,0.133021,3.46847e-16,True,22.0|292,1159
8|1159|sample|4|292,1,3.20355e-16,1.47991,3.0475,0.133653,3.53579e-16,1,3.1443e-16,1.47991,3.14059,0.133021,3.46847e-16,True,22.0|292,1159
8|1159|vc|1|2|292,1,3.20355e-16,0.387079,27.4656,0.133653,3.53579e-16,1,3.1443e-16,0.387079,1.0,0.133021,3.46847e-16,False,69.0|292,1159
8|1159|vc|2|2|292,1,3.20355e-16,0.387079,24.3186,0.133653,3.53579e-16,1,3.1443e-16,0.387079,0.999999,0.133021,3.46847e-16,False,69.0|292,1159
8|1159|vc|3|2|292,1,3.20355e-16,0.387079,36.5127,0.133653,3.53579e-16,1,3.1443e-16,0.387079,1.0,0.133021,3.46847e-16,False,69.0|292,1159
8|1159|vc|4|2|292,1,3.20355e-16,0.387079,58.6718,0.133653,3.53579e-16,1,3.1443e-16,0.387079,1.0,0.133021,3.46847e-16,False,69.0|292,1159
8|1159|vc|5|2|292,1,3.20355e-16,0.387079,62.7998,0.133653,3.53579e-16,1,3.1443e-16,0.387079,1.0,0.133021,3.46847e-16,False,69.0|292,1159
8|1159|vc|6|2|292,1,3.20355e-16,0.387079,79.0843,0.133653,3.53579e-16,1,3.1443e-16,0.387079,1.0,0.133021,3.46847e-16,False,69.0|292,1159
8|1159|vc|7|2|292,1,3.20355e-16,0.387079,26.8743,0.133653,3.53579e-16,1,3.1443e-16,0.387079,1.0,0.133021,3.46847e-16,False,69.0|292,1159
8|1159|vc|8|2|292,1,3.20355e-16,0.387079,11.4357,0.133653,3.53579e-16,1,3.1443e-16,0.387079,1.0,0.133021,3.46847e-16,False,69.0|292,1159
8|1017|cc|1|1|65,1,3.20355e-16,0.532297,110.807,0.142143,3.53579e-16,1,3.1443e-16,0.532297,1.0,0.141909,3.46847e-16,False,69.0|65,1017
8|1017|cc|2|1|65,1,3.20355e-16,0.532297,39.8552,0.142143,3.53579e-16,1,3.1443e-16,0.532297,1.0,0.141909,3.46847e-16,False,69.0|65,1017
8|1017|cc|3|1|65,1,3.20355e-16,0.532297,27.8651,0.142143,3.53579e-16,1,3.1443e-16,0.532297,1.0,0.141909,3.46847e-16,False,69.0|65,1017
8|1017|cc|4|1|65,1,3.20355e-16,0.532297,38.1959,0.142143,3.53579e-16,1,3.1443e-16,0.532297,1.0,0.141909,3.46847e-16,False,69.0|65,1017
8|1017|cc|5|1|65,1,3.20355e-16,0.532297,21.9351,0.142143,3.53579e-16,1,3.1443e-16,0.532297,1.0,0.141909,3.46847e-16,False,69.0|65,1017
8|1017|cc|6|1|65,1,3.20355e-16,0.532297,36.6319,0.142143,3.53579e-16,1,3.1443e-16,0.532297,1.0,0.141909,3.46847e-16,False,69.0|65,1017
8|1017|cc|7|1|65,1,3.20355e-16,0.532297,19.6369,0.142143,3.53579e-16,1,3.1443e-16,0.532297,1.0,0.141909,3.46847e-16,False,69.0|65,1017
8|1017|cc|8|1|65,1,3.20355e-16,0.532297,60.8043,0.142143,3.53579e-16,1,3.1443e-16,0.532297,1.0,0.141909,3.46847e-16,False,69.0|65,1017
8|1017|sample|3|65,1,3.20355e-16,1.34479,22.5081,0.142143,3.53579e-16,1,3.1443e-16,1.34479,22.7987,0.141909,3.46847e-16,True,22.0|65,1017
8|1017|sample|4|65,1,3.20355e-16,1.34479,18.8993,0.142143,3.53579e-16,1,3.1443e-16,1.34479,18.7348,0.141909,3.46847e-16,True,22.0|65,1017
8|1017|sample|8|65,1,3.20355e-16,1.34479,2.33342,0.142143,3.53579e-16,1,3.1443e-16,1.34479,1.87362,0.141909,3.46847e-16,True,22.0|65,1017
8|1017|vc|1|2|65,1,3.20355e-16,0.532297,21.5588,0.142143,3.53579e-16,1,3.1443e-16,0.532297,1.0,0.141909,3.46847e-16,False,69.0|65,1017
8|1017|vc|2|2|65,1,3.20355e-16,0.532297,31.8241,0.142143,3.53579e-16,1,3.1443e-16,0.532297,1.0,0.141909,3.46847e-16,False,69.0|65,1017
8|1017|vc|3|2|65,1,3.20355e-16,0.532297,79.6794,0.142143,3.53579e-16,1,3.1443e-16,0.532297,1.0,0.141909,3.46847e-16,False,69.0|65,1017
8|1017|vc|4|2|65,1,3.20355e-16,0.532297,27.1575,0.142143,3.53579e-16,1,3.1443e-16,0.532297,1.0,0.141909,3.46847e-16,False,69.0|65,1017
8|1017|vc|5|2|65,1,3.20355e-16,0.532297,21.4422,0.142143,3.53579e-16,1,3.1443e-16,0.532297,1.0,0.141909,3.46847e-16,False,69.0|65,1017
8|1017|vc|6|2|65,1,3.20355e-16,0.532297,56.3199,0.142143,3.53579e-16,1,3.1443e-16,0.532297,1.0,0.141909,3.46847e-16,False,69.0|65,1017
8|1017|vc|7|2|65,1,3.20355e-16,0.532297,33.0407,0.142143,3.53579e-16,1,3.1443e-16,0.532297,1.0,0.141909,3.46847e-16,False,69.0|65,1017
8|1017|vc|8|2|65,1,3.20355e-16,0.532297,33.7367,0.142143,3.53579e-16,1,3.1443e-16,0.532297,1.0,0.141909,3.46847e-16,False,69.0|65,1017
8|1197|cc|1|1|103,1,3.20355e-16,1.41027,116.816,0.142179,3.53579e-16,1,3.1443e-16,1.41027,1.0,0.141945,3.46847e-16,False,69.0|103,1197
8|1197|cc|2|1|103,1,3.20355e-16,1.41027,128.108,0.142179,3.53579e-16,1,3.1443e-16,1.41027,1.0,0.141945,3.46847e-16,False,69.0|103,1197
8|1197|cc|3|1|103,1,3.20355e-16,1.41027,68.6994,0.142179,3.53579e-16,1,3.1443e-16,1.41027,1.0,0.141945,3.46847e-16,False,69.0|103,1197
8|1197|cc|4|1|103,1,3.20355e-16,1.41027,16.1288,0.142179,3.53579e-16,1,3.1443e-16,1.41027,1.0,0.141945,3.46847e-16,False,69.0|103,1197
8|1197|cc|5|1|103,1,3.20355e-16,1.41027,154.388,0.142179,3.53579e-16,1,3.1443e-16,1.41027,1.0,0.141945,3.46847e-16,False,69.0|103,1197
8|1197|cc|6|1|103,1,3.20355e-16,1.41027,45.754,0.142179,3.53579e-16,1,3.1443e-16,1.41027,1.0,0.141945,3.46847e-16,False,69.0|103,1197
8|1197|cc|7|1|103,1,3.20355e-16,1.41027,26.6705,0.142179,3.53579e-16,1,3.1443e-16,1.41027,1.0,0.141945,3.46847e-16,False,69.0|103,1197
8|1197|cc|8|1|103,1,3.20355e-16,1.41027,43.5672,0.142179,3.53579e-16,1,3.1443e-16,1.41027,1.0,0.141945,3.46847e-16,False,69.0|103,1197
8|1197|sample|3|103,1,3.20355e-16,1.51788,34.0859,0.142179,3.53579e-16,1,3.1443e-16,1.51788,33.2636,0.141945,3.46847e-16,True,22.0|103,1197
8|1197|sample|4|103,1,3.20355e-16,1.51788,36.0695,0.142179,3.53579e-16,1,3.1443e-16,1.51788,35.5996,0.141945,3.46847e-16,True,22.0|103,1197
8|1197|vc|1|2|103,1,3.20355e-16,1.41027,82.156,0.142179,3.53579e-16,1,3.1443e-16,1.41027,1.0,0.141945,3.46847e-16,False,69.0|103,1197
8|1197|vc|2|2|103,1,3.20355e-16,1.41027,22.6634,0.142179,3.53579e-16,1,3.1443e-16,1.41027,1.0,0.141945,3.46847e-16,False,69.0|103,1197
8|1197|vc|3|2|103,1,3.20355e-16,1.41027,101.893,0.142179,3.53579e-16,1,3.1443e-16,1.41027,1.0,0.141945,3.46847e-16,False,69.0|103,1197
8|1197|vc|4|2|103,1,3.20355e-16,1.41027,47.432,0.142179,3.53579e-16,1,3.1443e-16,1.41027,1.0,0.141945,3.46847e-16,False,69.0|103,1197
8|1197|vc|5|2|103,1,3.20355e-16,1.41027,30.3978,0.142179,3.53579e-16,1,3.1443e-16,1.41027,1.0,0.141945,3.46847e-16,False,69.0|103,1197
8|1197|vc|6|2|103,1,3.20355e-16,1.41027,25.4135,0.142179,3.53579e-16,1,3.1443e-16,1.41027,1.0,0.141945,3.46847e-16,False,69.0|103,1197
8|1197|vc|7|2|103,1,3.20355e-16,1.41027,37.2354,0.142179,3.53579e-16,1,3.1443e-16,1.41027,1.0,0.141945,3.46847e-16,False,69.0|103,1197
8|1197|vc|8|2|103,1,3.20355e-16,1.41027,330.385,0.142179,3.53579e-16,1,3.1443e-16,1.41027,1.0,0.141945,3.46847e-16,False,69.0|103,1197
8|745|cc|1|1|218,1,3.20355e-16,0.696048,71.6107,0.142177,3.53579e-16,1,3.1443e-16,0.696048,1.0,0.141943,3.46847e-16,False,69.0|218,745
8|745|cc|2|1|218,1,3.20355e-16,0.696048,33.1347,0.142177,3.53579e-16,1,3.1443e-16,0.696048,1.0,0.141943,3.46847e-16,False,69.0|218,745
8|745|cc|3|1|218,1,3.20355e-16,0.696048,20.1899,0.142177,3.53579e-16,1,3.1443e-16,0.696048,1.0,0.141943,3.46847e-16,False,69.0|218,745
8|745|cc|4|1|218,1,3.20355e-16,0.696048,33.0159,0.142177,3.53579e-16,1,3.1443e-16,0.696048,1.0,0.141943,3.46847e-16,False,69.0|218,745
8|745|cc|5|1|218,1,3.20355e-16,0.696048,39.6614,0.142177,3.53579e-16,1,3.1443e-16,0.696048,1.0,0.141943,3.46847e-16,False,69.0|218,745
8|745|cc|6|1|218,1,3.20355e-16,0.696048,22.1432,0.142177,3.53579e-16,1,3.1443e-16,0.696048,1.0,0.141943,3.46847e-16,False,69.0|218,745
8|745|cc|7|1|218,1,3.20355e-16,0.696048,18.7375,0.142177,3.53579e-16,1,3.1443e-16,0.696048,1.0,0.141943,3.46847e-16,False,69.0|218,745
8|745|cc|8|1|218,1,3.20355e-16,0.696048,857.522,0.142177,3.53579e-16,1,3.1443e-16,0.696048,1.0,0.141943,3.46847e-16,False,69.0|218,745
8|745|sample|3|218,1,3.20355e-16,1.48162,23.8272,0.142177,3.53579e-16,1,3.1443e-16,1.48162,23.0551,0.141943,3.46847e-16,True,22.0|218,745
8|745|sample|4|218,1,3.20355e-16,1.48162,21.6129,0.142177,3.53579e-16,1,3.1443e-16,1.48162,21.2009,0.141943,3.46847e-16,True,22.0|218,745
8|745|sample|5|218,1,3.20355e-16,1.48162,257.546,0.142177,3.53579e-16,1,3.1443e-16,1.48162,17.6412,0.141943,3.46847e-16,True,22.0|218,745
8|745|vc|1|2|218,1,3.20355e-16,0.696048,31.2682,0.142177,3.53579e-16,1,3.1443e-16,0.696048,1.0,0.141943,3.46847e-16,False,69.0|218,745
8|745|vc|2|2|218,1,3.20355e-16,0.696048,122.616,0.142177,3.53579e-16,1,3.1443e-16,0.696048,1.0,0.141943,3.46847e-16,False,69.0|218,745
8|745|vc|3|2|218,1,3.20355e-16,0.696048,53.3368,0.142177,3.53579e-16,1,3.1443e-16,0.696048,1.0,0.141943,3.46847e-16,False,69.0|218,745
8|745|vc|4|2|218,1,3.20355e-16,0.696048,46.352,0.142177,3.53579e-16,1,3.1443e-16,0.696048,1.0,0.141943,3.46847e-16,False,69.0|218,745
8|745|vc|5|2|218,1,3.20355e-16,0.696048,15.3592,0.142177,3.53579e-16,1,3.1443e-16,0.696048,1.0,0.141943,3.46847e-16,False,69.0|218,745
8|745|vc|6|2|218,1,3.20355e-16,0.696048,75.0352,0.142177,3.53579e-16,1,3.1443e-16,0.696048,1.0,0.141943,3.46847e-16,False,69.0|218,745
8|745|vc|7|2|218,1,3.20355e-16,0.696048,113.244,0.142177,3.53579e-16,1,3.1443e-16,0.696048,1.0,0.141943,3.46847e-16,False,69.0|218,745
8|745|vc|8|2|218,1,3.20355e-16,0.696048,18.5182,0.142177,3.53579e-16,1,3.1443e-16,0.696048,1.0,0.141943,3.46847e-16,False,69.0|218,745
8|1043|cc|1|1|174,1,3.20355e-16,1.75185,96.5655,0.142177,3.53579e-16,1,3.1443e-16,1.75185,1.0,0.141943,3.46847e-16,False,69.0|174,1043
8|1043|cc|2|1|174,1,3.20355e-16,1.75185,42.8811,0.142177,3.53579e-16,1,3.1443e-16,1.75185,0.999999,0.141943,3.46847e-16,False,69.0|174,1043
8|1043|cc|3|1|174,1,3.20355e-16,1.75185,44.289,0.142177,3.53579e-16,1,3.1443e-16,1.75185,1.0,0.141943,3.46847e-16,False,69.0|174,1043
8|1043|cc|4|1|174,1,3.20355e-16,1.75185,12.965,0.142177,3.53579e-16,1,3.1443e-16,1.75185,1.0,0.141943,3.46847e-16,False,69.0|174,1043
8|1043|cc|5|1|174,1,3.20355e-16,1.75185,36.7247,0.142177,3.53579e-16,1,3.1443e-16,1.75185,1.0,0.141943,3.46847e-16,False,69.0|174,1043
8|1043|cc|6|1|174,1,3.20355e-16,1.75185,20.1987,0.142177,3.53579e-16,1,3.1443e-16,1.75185,1.0,0.141943,3.46847e-16,False,69.0|174,1043
8|1043|cc|7|1|174,1,3.20355e-16,1.75185,75.7281,0.142177,3.53579e-16,1,3.1443e-16,1.75185,1.0,0.141943,3.46847e-16,False,69.0|174,1043
8|1043|cc|8|1|174,1,3.20355e-16,1.75185,53.1438,0.142177,3.53579e-16,1,3.1443e-16,1.75185,1.0,0.141943,3.46847e-16,False,69.0|174,1043
8|1043|sample|3|174,1,3.20355e-16,1.61022,40.7583,0.142177,3.53579e-16,1,3.1443e-16,1.61022,41.6959,0.141943,3.46847e-16,True,22.0|174,1043
8|1043|sample|4|174,1,3.20355e-16,1.61022,44.5238,0.142177,3.53579e-16,1,3.1443e-16,1.61022,45.0292,0.141943,3.46847e-16,True,22.0|174,1043
8|1043|vc|1|2|174,1,3.20355e-16,1.75185,34.5057,0.142177,3.53579e-16,1,3.1443e-16,1.75185,1.0,0.141943,3.46847e-16,False,69.0|174,1043
8|1043|vc|2|2|174,1,3.20355e-16,1.75185,229.539,0.142177,3.53579e-16,1,3.1443e-16,1.75185,1.0,0.141943,3.46847e-16,False,69.0|174,1043
8|1043|vc|3|2|174,1,3.20355e-16,1.75185,40.6675,0.142177,3.53579e-16,1,3.1443e-16,1.75185,1.0,0.141943,3.46847e-16,False,69.0|174,1043
8|1043|vc|4|2|174,1,3.20355e-16,1.75185,208.726,0.142177,3.53579e-16,1,3.1443e-16,1.75185,1.0,0.141943,3.46847e-16,False,69.0|174,1043
8|1043|vc|5|2|174,1,3.20355e-16,1.75185,40.8349,0.142177,3.53579e-16,1,3.1443e-16,1.75185,1.0,0.141943,3.46847e-16,False,69.0|174,1043
8|1043|vc|6|2|174,1,3.20355e-16,1.75185,53.7852,0.142177,3.53579e-16,1,3.1443e-16,1.75185,1.0,0.141943,3.46847e-16,False,69.0|174,1043
8|1043|vc|7|2|174,1,3.20355e-16,1.75185,23.1988,0.142177,3.53579e-16,1,3.1443e-16,1.75185,1.0,0.141943,3.46847e-16,False,69.0|174,1043
8|1043|vc|8|2|174,1,3.20355e-16,1.75185,57.8879,0.142177,3.53579e-16,1,3.1443e-16,1.75185,1.0,0.141943,3.46847e-16,False,69.0|174,1043
8|1260|cc|1|1|319,1,3.20355e-16,0.449146,52.947,0.142177,3.53579e-16,1,3.1443e-16,0.449146,1.0,0.141943,3.46847e-16,False,69.0|319,1260
8|1260|cc|2|1|319,1,3.20355e-16,0.449146,17.5948,0.142177,3.53579e-16,1,3.1443e-16,0.449146,1.0,0.141943,3.46847e-16,False,69.0|319,1260
8|1260|cc|3|1|319,1,3.20355e-16,0.449146,44.3404,0.142177,3.53579e-16,1,3.1443e-16,0.449146,1.0,0.141943,3.46847e-16,False,69.0|319,1260
8|1260|cc|4|1|319,1,3.20355e-16,0.449146,23.9234,0.142177,3.53579e-16,1,3.1443e-16,0.449146,1.0,0.141943,3.46847e-16,False,69.0|319,1260
8|1260|cc|5|1|319,1,3.20355e-16,0.449146,57.3369,0.142177,3.53579e-16,1,3.1443e-16,0.449146,1.0,0.141943,3.46847e-16,False,69.0|319,1260
8|1260|cc|6|1|319,1,3.20355e-16,0.449146,160.554,0.142177,3.53579e-16,1,3.1443e-16,0.449146,1.0,0.141943,3.46847e-16,False,69.0|319,1260
8|1260|cc|7|1|319,1,3.20355e-16,0.449146,23.4945,0.142177,3.53579e-16,1,3.1443e-16,0.449146,1.0,0.141943,3.46847e-16,False,69.0|319,1260
8|1260|cc|8|1|319,1,3.20355e-16,0.449146,26.9014,0.142177,3.53579e-16,1,3.1443e-16,0.449146,1.0,0.141943,3.46847e-16,False,69.0|319,1260
8|1260|sample|3|319,1,3.20355e-16,1.54008,12.1775,0.142177,3.53579e-16,1,3.1443e-16,1.54008,11.7566,0.141943,3.46847e-16,True,22.0|319,1260
8|1260|sample|4|319,1,3.20355e-16,1.54008,13.3006,0.142177,3.53579e-16,1,3.1443e-16,1.54008,13.3057,0.141943,3.46847e-16,True,22.0|319,1260
8|1260|vc|1|2|319,1,3.20355e-16,0.449146,31.7222,0.142177,3.53579e-16,1,3.1443e-16,0.449146,1.0,0.141943,3.46847e-16,False,69.0|319,1260
8|1260|vc|2|2|319,1,3.20355e-16,0.449146,77.68,0.142177,3.53579e-16,1,3.1443e-16,0.449146,1.0,0.141943,3.46847e-16,False,69.0|319,1260
8|1260|vc|3|2|319,1,3.20355e-16,0.449146,172.258,0.142177,3.53579e-16,1,3.1443e-16,0.449146,1.0,0.141943,3.46847e-16,False,69.0|319,1260
8|1260|vc|4|2|319,1,3.20355e-16,0.449146,39.718,0.142177,3.53579e-16,1,3.1443e-16,0.449146,1.0,0.141943,3.46847e-16,False,69.0|319,1260
8|1260|vc|5|2|319,1,3.20355e-16,0.449146,30.9778,0.142177,3.53579e-16,1,3.1443e-16,0.449146,1.0,0.141943,3.46847e-16,False,69.0|319,1260
8|1260|vc|6|2|319,1,3.20355e-16,0.449146,79.8497,0.142177,3.53579e-16,1,3.1443e-16,0.449146,1.0,0.141943,3.46847e-16,False,69.0|319,1260
8|1260|vc|7|2|319,1,3.20355e-16,0.449146,27.934,0.142177,3.53579e-16,1,3.1443e-16,0.449146,1.0,0.141943,3.46847e-16,False,69.0|319,1260
8|1260|vc|8|2|319,1,3.20355e-16,0.449146,38.5741,0.142177,3.53579e-16,1,3.1443e-16,0.449146,1.0,0.141943,3.46847e-16,False,69.0|319,1260
8|1042|cc|1|1|162,1,3.20355e-16,0.382255,29.7162,0.142178,3.53579e-16,1,3.1443e-16,0.382255,1.0,0.141944,3.46847e-16,False,69.0|162,1042
8|1042|cc|2|1|162,1,3.20355e-16,0.382255,19.5199,0.142178,3.53579e-16,1,3.1443e-16,0.382255,1.0,0.141944,3.46847e-16,False,69.0|162,1042
8|1042|cc|3|1|162,1,3.20355e-16,0.382255,23.5517,0.142178,3.53579e-16,1,3.1443e-16,0.382255,1.0,0.141944,3.46847e-16,False,69.0|162,1042
8|1042|cc|4|1|162,1,3.20355e-16,0.382255,55.921,0.142178,3.53579e-16,1,3.1443e-16,0.382255,1.0,0.141944,3.46847e-16,False,69.0|162,1042
8|1042|cc|5|1|162,1,3.20355e-16,0.382255,23.5639,0.142178,3.53579e-16,1,3.1443e-16,0.382255,1.0,0.141944,3.46847e-16,False,69.0|162,1042
8|1042|cc|6|1|162,1,3.20355e-16,0.382255,46.5999,0.142178,3.53579e-16,1,3.1443e-16,0.382255,1.0,0.141944,3.46847e-16,False,69.0|162,1042
8|1042|cc|7|1|162,1,3.20355e-16,0.382255,33.7213,0.142178,3.53579e-16,1,3.1443e-16,0.382255,1.0,0.141944,3.46847e-16,False,69.0|162,1042
8|1042|cc|8|1|162,1,3.20355e-16,0.382255,127.892,0.142178,3.53579e-16,1,3.1443e-16,0.382255,1.0,0.141944,3.46847e-16,False,69.0|162,1042
8|1042|sample|3|162,1,3.20355e-16,1.56989,1.62773,0.142178,3.53579e-16,1,3.1443e-16,1.56989,1.65494,0.141944,3.46847e-16,True,22.0|162,1042
8|1042|sample|4|162,1,3.20355e-16,1.56989,1.57101,0.142178,3.53579e-16,1,3.1443e-16,1.56989,1.56242,0.141944,3.46847e-16,True,22.0|162,1042
8|1042|vc|1|2|162,1,3.20355e-16,0.382255,25.9761,0.142178,3.53579e-16,1,3.1443e-16,0.382255,0.999999,0.141944,3.46847e-16,False,69.0|162,1042
8|1042|vc|2|2|162,1,3.20355e-16,0.382255,30.2488,0.142178,3.53579e-16,1,3.1443e-16,0.382255,1.0,0.141944,3.46847e-16,False,69.0|162,1042
8|1042|vc|3|2|162,1,3.20355e-16,0.382255,65.9256,0.142178,3.53579e-16,1,3.1443e-16,0.382255,1.0,0.141944,3.46847e-16,False,69.0|162,1042
8|1042|vc|4|2|162,1,3.20355e-16,0.382255,24.9537,0.142178,3.53579e-16,1,3.1443e-16,0.382255,1.0,0.141944,3.46847e-16,False,69.0|162,1042
8|1042|vc|5|2|162,1,3.20355e-16,0.382255,99.4093,0.142178,3.53579e-16,1,3.1443e-16,0.382255,1.0,0.141944,3.46847e-16,False,69.0|162,1042
8|1042|vc|6|2|162,1,3.20355e-16,0.382255,31.0621,0.142178,3.53579e-16,1,3.1443e-16,0.382255,1.0,0.141944,3.46847e-16,False,69.0|162,1042
8|1042|vc|7|2|162,1,3.20355e-16,0.382255,34.7864,0.142178,3.53579e-16,1,3.1443e-16,0.382255,0.999999,0.141944,3.46847e-16,False,69.0|162,1042
8|1042|vc|8|2|162,1,3.20355e-16,0.382255,28.2098,0.142178,3.53579e-16,1,3.1443e-16,0.382255,1.0,0.141944,3.46847e-16,False,69.0|162,1042
8|863|cc|1|1|274,1,3.20355e-16,0.299987,48.5124,0.142179,3.53579e-16,1,3.1443e-16,0.299987,1.0,0.141945,3.46847e-16,False,69.0|274,863
8|863|cc|2|1|274,1,3.20355e-16,0.299987,23.9174,0.142179,3.53579e-16,1,3.1443e-16,0.299987,1.0,0.141945,3.46847e-16,False,69.0|274,863
8|863|cc|3|1|274,1,3.20355e-16,0.299987,36.0215,0.142179,3.53579e-16,1,3.1443e-16,0.299987,1.0,0.141945,3.46847e-16,False,69.0|274,863
8|863|cc|4|1|274,1,3.20355e-16,0.299987,69.7594,0.142179,3.53579e-16,1,3.1443e-16,0.299987,1.0,0.141945,3.46847e-16,False,69.0|274,863
8|863|cc|5|1|274,1,3.20355e-16,0.299987,15.7226,0.142179,3.53579e-16,1,3.1443e-16,0.299987,1.0,0.141945,3.46847e-16,False,69.0|274,863
8|863|cc|6|1|274,1,3.20355e-16,0.299987,14.8912,0.142179,3.53579e-16,1,3.1443e-16,0.299987,1.0,0.141945,3.46847e-16,False,69.0|274,863
8|863|cc|7|1|274,1,3.20355e-16,0.299987,65.2308,0.142179,3.53579e-16,1,3.1443e-16,0.299987,1.0,0.141945,3.46847e-16,False,69.0|274,863
8|863|cc|8|1|274,1,3.20355e-16,0.299987,37.4009,0.142179,3.53579e-16,1,3.1443e-16,0.299987,1.0,0.141945,3.46847e-16,False,69.0|274,863
8|863|sample|3|274,1,3.20355e-16,1.53906,9.31141,0.142179,3.53579e-16,1,3.1443e-16,1.53906,8.78552,0.141945,3.46847e-16,True,22.0|274,863
8|863|sample|4|274,1,3.20355e-16,1.53906,7.11974,0.142179,3.53579e-16,1,3.1443e-16,1.53906,7.52311,0.141945,3.46847e-16,True,22.0|274,863
8|863|vc|1|2|274,1,3.20355e-16,0.299987,59.3916,0.142179,3.53579e-16,1,3.1443e-16,0.299987,1.0,0.141945,3.46847e-16,False,69.0|274,863
8|863|vc|2|2|274,1,3.20355e-16,0.299987,14.9588,0.142179,3.53579e-16,1,3.1443e-16,0.299987,1.0,0.141945,3.46847e-16,False,69.0|274,863
8|863|vc|3|2|274,1,3.20355e-16,0.299987,22.9884,0.142179,3.53579e-16,1,3.1443e-16,0.299987,1.0,0.141945,3.46847e-16,False,69.0|274,863
8|863|vc|4|2|274,1,3.20355e-16,0.299987,20.4953,0.142179,3.53579e-16,1,3.1443e-16,0.299987,1.0,0.141945,3.46847e-16,False,69.0|274,863
8|863|vc|5|2|274,1,3.20355e-16,0.299987,22.6568,0.142179,3.53579e-16,1,3.1443e-16,0.299987,1.0,0.141945,3.46847e-16,False,69.0|274,863
8|863|vc|6|2|274,1,3.20355e-16,0.299987,19.4339,0.142179,3.53579e-16,1,3.1443e-16,0.299987,1.0,0.141945,3.46847e-16,False,69.0|274,863
8|863|vc|7|2|274,1,3.20355e-16,0.299987,30.3548,0.142179,3.53579e-16,1,3.1443e-16,0.299987,1.0,0.141945,3.46847e-16,False,69.0|274,863
8|863|vc|8|2|274,1,3.20355e-16,0.299987,82.0115,0.142179,3.53579e-16,1,3.1443e-16,0.299987,1.0,0.141945,3.46847e-16,False,69.0|274,863
8|152|cc|1|1|322,1,3.20355e-16,0.28581,23.7211,0.142177,3.53579e-16,1,3.1443e-16,0.28581,1.0,0.141944,3.46847e-16,False,69.0|322,152
8|152|cc|2|1|322,1,3.20355e-16,0.28581,18.1802,0.142177,3.53579e-16,1,3.1443e-16,0.28581,1.0,0.141944,3.46847e-16,False,69.0|322,152
8|152|cc|3|1|322,1,3.20355e-16,0.28581,10.3086,0.142177,3.53579e-16,1,3.1443e-16,0.28581,1.0,0.141944,3.46847e-16,False,69.0|322,152
8|152|cc|4|1|322,1,3.20355e-16,0.28581,44.815,0.142177,3.53579e-16,1,3.1443e-16,0.28581,1.0,0.141944,3.46847e-16,False,69.0|322,152
8|152|cc|5|1|322,1,3.20355e-16,0.28581,25.7831,0.142177,3.53579e-16,1,3.1443e-16,0.28581,1.0,0.141944,3.46847e-16,False,69.0|322,152
8|152|cc|6|1|322,1,3.20355e-16,0.28581,26.9511,0.142177,3.53579e-16,1,3.1443e-16,0.28581,1.0,0.141944,3.46847e-16,False,69.0|322,152
8|152|cc|7|1|322,1,3.20355e-16,0.28581,23.2521,0.142177,3.53579e-16,1,3.1443e-16,0.28581,1.0,0.141944,3.46847e-16,False,69.0|322,152
8|152|cc|8|1|322,1,3.20355e-16,0.28581,46.3408,0.142177,3.53579e-16,1,3.1443e-16,0.28581,1.0,0.141944,3.46847e-16,False,69.0|322,152
8|152|sample|3|322,1,3.20355e-16,1.09031,6.12197,0.142177,3.53579e-16,1,3.1443e-16,1.09031,6.19277,0.141944,3.46847e-16,True,22.0|322,152
8|152|sample|4|322,1,3.20355e-16,1.09031,5.41885,0.142177,3.53579e-16,1,3.1443e-16,1.09031,5.46633,0.141944,3.46847e-16,True,22.0|322,152
8|152|vc|1|2|322,1,3.20355e-16,0.28581,19.2889,0.142177,3.53579e-16,1,3.1443e-16,0.28581,1.0,0.141944,3.46847e-16,False,69.0|322,152
8|152|vc|2|2|322,1,3.20355e-16,0.28581,55.5294,0.142177,3.53579e-16,1,3.1443e-16,0.28581,1.0,0.141944,3.46847e-16,False,69.0|322,152
8|152|vc|3|2|322,1,3.20355e-16,0.28581,93.1836,0.142177,3.53579e-16,1,3.1443e-16,0.28581,1.0,0.141944,3.46847e-16,False,69.0|322,152
8|152|vc|4|2|322,1,3.20355e-16,0.28581,46.5942,0.142177,3.53579e-16,1,3.1443e-16,0.28581,1.0,0.141944,3.46847e-16,False,69.0|322,152
8|152|vc|5|2|322,1,3.20355e-16,0.28581,28.9748,0.142177,3.53579e-16,1,3.1443e-16,0.28581,1.0,0.141944,3.46847e-16,False,69.0|322,152
8|152|vc|6|2|322,1,3.20355e-16,0.28581,27.1009,0.142177,3.53579e-16,1,3.1443e-16,0.28581,1.0,0.141944,3.46847e-16,False,69.0|322,152
8|152|vc|7|2|322,1,3.20355e-16,0.28581,45.5696,0.142177,3.53579e-16,1,3.1443e-16,0.28581,1.0,0.141944,3.46847e-16,False,69.0|322,152
8|152|vc|8|2|322,1,3.20355e-16,0.28581,43.3753,0.142177,3.53579e-16,1,3.1443e-16,0.28581,1.0,0.141944,3.46847e-16,False,69.0|322,152
9|411|cc|1|1|274,1,3.20355e-16,0.299987,39.7742,0.142177,3.53579e-16,1,3.1443e-16,0.299987,1.0,0.141943,3.46847e-16,False,69.0|274,411
9|411|cc|2|1|274,1,3.20355e-16,0.299987,30.7929,0.142177,3.53579e-16,1,3.1443e-16,0.299987,1.0,0.141943,3.46847e-16,False,69.0|274,411
9|411|cc|3|1|274,1,3.20355e-16,0.299987,45.5757,0.142177,3.53579e-16,1,3.1443e-16,0.299987,1.0,0.141943,3.46847e-16,False,69.0|274,411
9|411|cc|4|1|274,1,3.20355e-16,0.299987,66.4456,0.142177,3.53579e-16,1,3.1443e-16,0.299987,1.0,0.141943,3.46847e-16,False,69.0|274,411
9|411|cc|5|1|274,1,3.20355e-16,0.299987,27.8402,0.142177,3.53579e-16,1,3.1443e-16,0.299987,1.0,0.141943,3.46847e-16,False,69.0|274,411
9|411|cc|6|1|274,1,3.20355e-16,0.299987,26.8328,0.142177,3.53579e-16,1,3.1443e-16,0.299987,1.0,0.141943,3.46847e-16,False,69.0|274,411
9|411|cc|7|1|274,1,3.20355e-16,0.299987,44.91,0.142177,3.53579e-16,1,3.1443e-16,0.299987,1.0,0.141943,3.46847e-16,False,69.0|274,411
9|411|cc|8|1|274,1,3.20355e-16,0.299987,31.719,0.142177,3.53579e-16,1,3.1443e-16,0.299987,1.0,0.141943,3.46847e-16,False,69.0|274,411
9|411|sample|10|274,1,3.20355e-16,1.48759,1.38387,0.142177,3.53579e-16,1,3.1443e-16,1.48759,1.43487,0.141943,3.46847e-16,True,70.0|274,411
9|411|sample|11|274,1,3.20355e-16,1.48759,2.11208,0.142177,3.53579e-16,1,3.1443e-16,1.48759,2.12937,0.141943,3.46847e-16,True,70.0|274,411
9|411|sample|12|274,1,3.20355e-16,1.48759,2.61903,0.142177,3.53579e-16,1,3.1443e-16,1.48759,2.56787,0.141943,3.46847e-16,True,70.0|274,411
9|411|sample|3|274,1,3.20355e-16,1.48759,2.97975,0.142177,3.53579e-16,1,3.1443e-16,1.48759,2.92677,0.141943,3.46847e-16,True,70.0|274,411
9|411|sample|4|274,1,3.20355e-16,1.48759,1.69878,0.142177,3.53579e-16,1,3.1443e-16,1.48759,1.64926,0.141943,3.46847e-16,True,70.0|274,411
9|411|sample|5|274,1,3.20355e-16,1.48759,1.40188,0.142177,3.53579e-16,1,3.1443e-16,1.48759,1.5106,0.141943,3.46847e-16,True,70.0|274,411
9|411|sample|6|274,1,3.20355e-16,1.48759,1.4118,0.142177,3.53579e-16,1,3.1443e-16,1.48759,1.41748,0.141943,3.46847e-16,True,70.0|274,411
9|411|sample|7|274,1,3.20355e-16,1.48759,2.2261,0.142177,3.53579e-16,1,3.1443e-16,1.48759,2.29586,0.141943,3.46847e-16,True,70.0|274,411
9|411|sample|8|274,1,3.20355e-16,1.48759,2.1684,0.142177,3.53579e-16,1,3.1443e-16,1.48759,2.14196,0.141943,3.46847e-16,True,70.0|274,411
9|411|sample|9|274,1,3.20355e-16,1.48759,1.67718,0.142177,3.53579e-16,1,3.1443e-16,1.48759,1.65799,0.141943,3.46847e-16,True,70.0|274,411
9|411|vc|1|2|274,1,3.20355e-16,0.299987,20.9679,0.142177,3.53579e-16,1,3.1443e-16,0.299987,1.0,0.141943,3.46847e-16,False,69.0|274,411
9|411|vc|2|2|274,1,3.20355e-16,0.299987,41.9266,0.142177,3.53579e-16,1,3.1443e-16,0.299987,0.999999,0.141943,3.46847e-16,False,69.0|274,411
9|411|vc|3|2|274,1,3.20355e-16,0.299987,69.0762,0.142177,3.53579e-16,1,3.1443e-16,0.299987,0.999999,0.141943,3.46847e-16,False,69.0|274,411
9|411|vc|4|2|274,1,3.20355e-16,0.299987,41.6882,0.142177,3.53579e-16,1,3.1443e-16,0.299987,1.0,0.141943,3.46847e-16,False,69.0|274,411
9|411|vc|5|2|274,1,3.20355e-16,0.299987,22.7661,0.142177,3.53579e-16,1,3.1443e-16,0.299987,1.0,0.141943,3.46847e-16,False,69.0|274,411
9|411|vc|6|2|274,1,3.20355e-16,0.299987,63.3276,0.142177,3.53579e-16,1,3.1443e-16,0.299987,1.0,0.141943,3.46847e-16,False,69.0|274,411
9|411|vc|7|2|274,1,3.20355e-16,0.299987,12.6613,0.142177,3.53579e-16,1,3.1443e-16,0.299987,1.0,0.141943,3.46847e-16,False,69.0|274,411
9|411|vc|8|2|274,1,3.20355e-16,0.299987,61.193,0.142177,3.53579e-16,1,3.1443e-16,0.299987,1.0,0.141943,3.46847e-16,False,69.0|274,411
