rep,id,eta_f,eta_h,eta_L_gap,eta_eta_alpha,goes_down,mab_virus,run_id
1,411|4,0.223019,0,0,0,True,70.0|274,411
1,411|3,-0.456435,0,0,0,True,70.0|274,411
1,411|5,0.108551,0,0,0,True,70.0|274,411
1,411|6,0.980148,0,0,0,True,70.0|274,411
1,411|8,-0.277546,0,0,0,True,70.0|274,411
1,411|7,-0.237973,0,0,0,True,70.0|274,411
1,411|9,-0.0482451,0,0,0,True,70.0|274,411
1,411|10,0.050362,0,0,0,True,70.0|274,411
1,411|12,-0.25797,0,0,0,True,70.0|274,411
1,411|11,-0.107027,0,0,0,True,70.0|274,411
1,411|1,0.368231,0,0,0,False,69.0|274,411
1,411|2,-0.610686,0,0,0,False,69.0|274,411
1,783|3,4.09993,0,0,0,True,6.0|71,783
1,783|4,4.29859,0,0,0,True,6.0|71,783
1,783|5,3.5647,0,0,0,True,6.0|71,783
1,783|6,3.62158,0,0,0,True,6.0|71,783
1,783|7,-2.11921,0,0,0,True,6.0|71,783
1,783|8,-2.0316,0,0,0,True,6.0|71,783
1,783|10,4.04823,0,0,0,True,6.0|71,783
1,783|9,4.27664,0,0,0,True,6.0|71,783
1,783|12,-3.39951,0,0,0,True,6.0|71,783
1,783|11,-3.27685,0,0,0,True,6.0|71,783
1,783|1,0.327624,0,0,0,False,69.0|71,783
1,783|2,0.0638046,0,0,0,False,69.0|71,783
1,491|10,-2.28119,0,0,0,True,6.0|99,491
1,491|9,-2.18446,0,0,0,True,6.0|99,491
1,491|12,-0.30925,0,0,0,True,6.0|99,491
1,491|11,-0.071864,0,0,0,True,6.0|99,491
1,491|4,-0.589198,0,0,0,True,44.0|99,491
1,491|3,-0.307584,0,0,0,True,44.0|99,491
1,491|6,0.565046,0,0,0,True,44.0|99,491
1,491|5,0.329042,0,0,0,True,44.0|99,491
1,491|7,-0.0108055,0,0,0,True,63.0|99,491
1,491|8,0.223743,0,0,0,True,63.0|99,491
1,491|1,1.25006,0,0,0,False,69.0|99,491
1,491|2,-1.03155,0,0,0,False,69.0|99,491
1,433|4,-0.713977,0,0,0,True,6.0|99,433
1,433|3,-0.873613,0,0,0,True,6.0|99,433
1,433|6,2.58882,0,0,0,True,6.0|99,433
1,433|5,2.66398,0,0,0,True,6.0|99,433
1,433|8,-1.88816,0,0,0,True,6.0|99,433
1,433|7,-1.90037,0,0,0,True,6.0|99,433
1,433|10,0.429514,0,0,0,True,6.0|99,433
1,433|9,0.261057,0,0,0,True,6.0|99,433
1,433|11,1.93636,0,0,0,True,6.0|99,433
1,433|12,2.41748,0,0,0,True,6.0|99,433
1,433|1,-3.26315,0,0,0,False,69.0|99,433
1,433|2,-0.915452,0,0,0,False,69.0|99,433
1,297|3,-0.160925,0,0,0,True,6.0|71,297
1,297|4,0.393208,0,0,0,True,6.0|71,297
1,297|5,-3.16923,0,0,0,True,6.0|71,297
1,297|6,-3.2684,0,0,0,True,6.0|71,297
1,297|8,-2.26739,0,0,0,True,6.0|71,297
1,297|7,-2.41909,0,0,0,True,6.0|71,297
1,297|9,-2.68308,0,0,0,True,6.0|71,297
1,297|10,-2.8945,0,0,0,True,6.0|71,297
1,297|12,1.86531,0,0,0,True,6.0|71,297
1,297|11,1.70883,0,0,0,True,6.0|71,297
1,297|1,0.87249,0,0,0,False,69.0|71,297
1,297|2,-0.0602408,0,0,0,False,69.0|71,297
1,183|4,-0.729354,0,0,0,True,6.0|233,183
1,183|3,-0.672571,0,0,0,True,6.0|233,183
1,183|6,-1.36326,0,0,0,True,6.0|233,183
1,183|5,-1.56867,0,0,0,True,6.0|233,183
1,183|7,-0.26485,0,0,0,True,6.0|233,183
1,183|8,-0.604134,0,0,0,True,6.0|233,183
1,183|10,-1.88842,0,0,0,True,6.0|233,183
1,183|9,-1.45775,0,0,0,True,6.0|233,183
1,183|12,0.232156,0,0,0,True,6.0|233,183
1,183|11,0.587271,0,0,0,True,6.0|233,183
1,183|1,-1.80984,0,0,0,False,69.0|233,183
1,183|2,-0.0607953,0,0,0,False,69.0|233,183
1,705|3,-0.352983,0,0,0,False,6.0|233,705
1,705|4,-0.181159,0,0,0,False,6.0|233,705
1,705|5,0.111694,0,0,0,False,6.0|233,705
1,705|6,-0.818023,0,0,0,False,6.0|233,705
1,705|7,-0.918514,0,0,0,False,6.0|233,705
1,705|8,0.126353,0,0,0,False,6.0|233,705
1,705|10,-1.17512,0,0,0,True,6.0|233,705
1,705|9,-1.09771,0,0,0,True,6.0|233,705
1,705|12,-1.25774,0,0,0,True,6.0|233,705
1,705|11,-0.934749,0,0,0,True,6.0|233,705
1,705|1,-0.967568,0,0,0,False,69.0|233,705
1,705|2,1.69999,0,0,0,False,69.0|233,705
1,555|4,2.01256,0,0,0,True,6.0|233,555
1,555|3,2.53602,0,0,0,True,6.0|233,555
1,555|5,2.68402,0,0,0,True,6.0|233,555
1,555|6,2.72701,0,0,0,True,6.0|233,555
1,555|7,-1.00279,0,0,0,True,6.0|233,555
1,555|8,-0.885262,0,0,0,True,6.0|233,555
1,555|9,2.75703,0,0,0,True,6.0|233,555
1,555|10,2.56822,0,0,0,True,6.0|233,555
1,555|12,-1.64442,0,0,0,True,6.0|233,555
1,555|11,-1.68345,0,0,0,True,6.0|233,555
1,555|1,0.758816,0,0,0,False,69.0|233,555
1,555|2,0.373542,0,0,0,False,69.0|233,555
1,394|5,-0.329852,0,0,0,True,6.0|42,394
1,394|6,-0.197677,0,0,0,True,6.0|42,394
1,394|7,2.26749,0,0,0,True,6.0|42,394
1,394|8,2.32395,0,0,0,True,6.0|42,394
1,394|10,-2.94755,0,0,0,True,6.0|42,394
1,394|9,-3.00215,0,0,0,True,6.0|42,394
1,394|12,-0.287794,0,0,0,True,6.0|42,394
1,394|11,0.233749,0,0,0,True,6.0|42,394
1,394|3,-0.12401,0,0,0,True,63.0|42,394
1,394|4,-0.0156798,0,0,0,True,63.0|42,394
1,394|1,-0.97492,0,0,0,False,69.0|42,394
1,394|2,0.994481,0,0,0,False,69.0|42,394
1,1099|3,-3.28449,0,0,0,True,6.0|73,1099
1,1099|4,-3.02754,0,0,0,True,6.0|73,1099
1,1099|5,-2.49408,0,0,0,True,6.0|73,1099
1,1099|6,-2.0714,0,0,0,True,6.0|73,1099
1,1099|8,1.41142,0,0,0,True,6.0|73,1099
1,1099|7,0.0346063,0,0,0,True,6.0|73,1099
1,1099|9,-2.93609,0,0,0,True,6.0|73,1099
1,1099|10,-1.69308,0,0,0,True,6.0|73,1099
1,1099|11,0.46264,0,0,0,True,6.0|73,1099
1,1099|12,0.521482,0,0,0,True,6.0|73,1099
1,1099|1,-0.764981,0,0,0,False,69.0|73,1099
1,1099|2,0.978323,0,0,0,False,69.0|73,1099
1,611|4,1.95451,0,0,0,True,6.0|73,611
1,611|3,2.6256,0,0,0,True,6.0|73,611
1,611|5,0.310422,0,0,0,True,6.0|73,611
1,611|6,1.19173,0,0,0,True,6.0|73,611
1,611|7,3.58401,0,0,0,True,6.0|73,611
1,611|8,3.09118,0,0,0,True,6.0|73,611
1,611|9,-2.04287,0,0,0,True,6.0|73,611
1,611|10,-1.22322,0,0,0,True,6.0|73,611
1,611|12,2.97507,0,0,0,True,6.0|73,611
1,611|11,2.73626,0,0,0,True,6.0|73,611
1,611|1,-0.872936,0,0,0,False,69.0|73,611
1,611|2,2.10481,0,0,0,False,69.0|73,611
1,84|5,0.830492,0,0,0,True,55.0|162,84
1,84|6,0.500245,0,0,0,True,55.0|162,84
1,84|4,0.16939,0,0,0,True,55.0|162,84
1,84|3,-0.555765,0,0,0,True,55.0|162,84
1,84|9,-0.110294,0,0,0,True,32.0|162,84
1,84|10,-0.0654483,0,0,0,True,32.0|162,84
1,84|7,0.400896,0,0,0,True,32.0|162,84
1,84|8,0.0827526,0,0,0,True,32.0|162,84
1,84|12,-0.19492,0,0,0,True,22.0|162,84
1,84|11,0.0268539,0,0,0,True,22.0|162,84
1,84|1,-0.0115053,0,0,0,False,69.0|162,84
1,84|2,0.80238,0,0,0,False,69.0|162,84
1,1042|8,-0.0309814,0,0,0,True,65.0|162,1042
1,1042|7,0.0499773,0,0,0,True,65.0|162,1042
1,1042|6,0.352165,0,0,0,True,65.0|162,1042
1,1042|5,0.213937,0,0,0,True,65.0|162,1042
1,1042|12,-0.128597,0,0,0,True,28.0|162,1042
1,1042|11,-0.11535,0,0,0,True,28.0|162,1042
1,1042|9,0.180593,0,0,0,True,28.0|162,1042
1,1042|10,-0.0320409,0,0,0,True,28.0|162,1042
1,1042|4,0.000480625,0,0,0,True,22.0|162,1042
1,1042|3,-0.0237593,0,0,0,True,22.0|162,1042
1,1042|1,-0.588642,0,0,0,False,69.0|162,1042
1,1042|2,-0.977458,0,0,0,False,69.0|162,1042
1,719|5,-0.0168039,0,0,0,True,55.0|274,719
1,719|6,-0.055011,0,0,0,True,55.0|274,719
1,719|3,-0.0569043,0,0,0,True,55.0|274,719
1,719|4,-0.0367377,0,0,0,True,55.0|274,719
1,719|10,0.00660898,0,0,0,True,32.0|274,719
1,719|9,-0.0447199,0,0,0,True,32.0|274,719
1,719|8,-0.101787,0,0,0,True,32.0|274,719
1,719|7,-0.0251237,0,0,0,True,32.0|274,719
1,719|12,-0.0470161,0,0,0,True,22.0|274,719
1,719|11,-0.116227,0,0,0,True,22.0|274,719
1,719|1,0.837592,0,0,0,False,69.0|274,719
1,719|2,1.71996,0,0,0,False,69.0|274,719
1,863|7,0.166458,0,0,0,True,65.0|274,863
1,863|8,0.0178963,0,0,0,True,65.0|274,863
1,863|6,-0.187198,0,0,0,True,65.0|274,863
1,863|5,-0.172966,0,0,0,True,65.0|274,863
1,863|11,-0.0720505,0,0,0,True,28.0|274,863
1,863|12,0.180482,0,0,0,True,28.0|274,863
1,863|9,-0.0807596,0,0,0,True,28.0|274,863
1,863|10,0.196939,0,0,0,True,28.0|274,863
1,863|3,-0.0461188,0,0,0,True,22.0|274,863
1,863|4,0.252323,0,0,0,True,22.0|274,863
1,863|1,-0.69291,0,0,0,False,69.0|274,863
1,863|2,0.952193,0,0,0,False,69.0|274,863
1,488|6,0.207943,0,0,0,True,55.0|322,488
1,488|5,0.0825413,0,0,0,True,55.0|322,488
1,488|4,-0.356015,0,0,0,True,55.0|322,488
1,488|3,-0.316157,0,0,0,True,55.0|322,488
1,488|10,0.742843,0,0,0,True,32.0|322,488
1,488|9,0.623217,0,0,0,True,32.0|322,488
1,488|8,-0.416416,0,0,0,True,32.0|322,488
1,488|7,-0.400186,0,0,0,True,32.0|322,488
1,488|11,0.0605151,0,0,0,True,22.0|322,488
1,488|12,-0.12667,0,0,0,True,22.0|322,488
1,488|1,-0.235872,0,0,0,False,69.0|322,488
1,488|2,-1.51212,0,0,0,False,69.0|322,488
1,152|8,-0.280649,0,0,0,True,65.0|322,152
1,152|7,-0.0106277,0,0,0,True,65.0|322,152
1,152|6,-0.0630631,0,0,0,True,65.0|322,152
1,152|5,0.0193798,0,0,0,True,65.0|322,152
1,152|12,-0.222115,0,0,0,True,28.0|322,152
1,152|11,0.0818567,0,0,0,True,28.0|322,152
1,152|10,-0.126815,0,0,0,True,28.0|322,152
1,152|9,0.0560782,0,0,0,True,28.0|322,152
1,152|3,0.113019,0,0,0,True,22.0|322,152
1,152|4,0.120542,0,0,0,True,22.0|322,152
1,152|1,-1.77981,0,0,0,False,69.0|322,152
1,152|2,-2.57994,0,0,0,False,69.0|322,152
1,847|6,0.736369,0,0,0,True,55.0|69,847
1,847|3,-0.86967,0,0,0,True,55.0|69,847
1,847|4,-0.802418,0,0,0,True,55.0|69,847
1,847|10,-0.215676,0,0,0,True,32.0|69,847
1,847|9,0.0219929,0,0,0,True,32.0|69,847
1,847|7,0.0350821,0,0,0,True,32.0|69,847
1,847|8,0.334888,0,0,0,True,32.0|69,847
1,847|12,-0.0165699,0,0,0,True,22.0|69,847
1,847|11,-0.226736,0,0,0,True,22.0|69,847
1,847|5,0.688498,0,0,0,True,55.0|69,847
1,847|1,-4.0596,0,0,0,False,69.0|69,847
1,847|2,-0.175532,0,0,0,False,69.0|69,847
1,1241|8,-0.097129,0,0,0,True,65.0|69,1241
1,1241|7,-0.112008,0,0,0,True,65.0|69,1241
1,1241|5,0.0987648,0,0,0,True,65.0|69,1241
1,1241|6,-0.0778803,0,0,0,True,65.0|69,1241
1,1241|11,-0.331863,0,0,0,True,28.0|69,1241
1,1241|12,0.0892867,0,0,0,True,28.0|69,1241
1,1241|9,0.241879,0,0,0,True,28.0|69,1241
1,1241|10,-0.00232375,0,0,0,True,28.0|69,1241
1,1241|3,0.0675413,0,0,0,True,22.0|69,1241
1,1241|4,0.0885157,0,0,0,True,22.0|69,1241
1,1241|1,-1.53675,0,0,0,False,69.0|69,1241
1,1241|2,-0.291696,0,0,0,False,69.0|69,1241
1,474|5,0.18282,0,0,0,True,55.0|276,474
1,474|6,-0.274104,0,0,0,True,55.0|276,474
1,474|3,-0.0187045,0,0,0,True,55.0|276,474
1,474|4,0.00059251,0,0,0,True,55.0|276,474
1,474|9,-0.149386,0,0,0,True,32.0|276,474
1,474|10,-0.186658,0,0,0,True,32.0|276,474
1,474|8,0.084555,0,0,0,True,32.0|276,474
1,474|7,0.0638527,0,0,0,True,32.0|276,474
1,474|12,0.178758,0,0,0,True,22.0|276,474
1,474|11,0.0839004,0,0,0,True,22.0|276,474
1,474|1,-1.5786,0,0,0,False,69.0|276,474
1,474|2,0.811395,0,0,0,False,69.0|276,474
1,1056|8,-0.0866306,0,0,0,True,65.0|276,1056
1,1056|7,-0.0595125,0,0,0,True,65.0|276,1056
1,1056|6,-0.0437123,0,0,0,True,65.0|276,1056
1,1056|5,-0.0232998,0,0,0,True,65.0|276,1056
1,1056|12,-0.472187,0,0,0,True,28.0|276,1056
1,1056|11,-0.332833,0,0,0,True,28.0|276,1056
1,1056|10,0.303728,0,0,0,True,28.0|276,1056
1,1056|9,0.284919,0,0,0,True,28.0|276,1056
1,1056|4,-0.0432174,0,0,0,True,22.0|276,1056
1,1056|3,0.161885,0,0,0,True,22.0|276,1056
1,1056|1,0.164277,0,0,0,False,69.0|276,1056
1,1056|2,-0.547515,0,0,0,False,69.0|276,1056
1,462|6,0.521151,0,0,0,True,55.0|292,462
1,462|5,0.42852,0,0,0,True,55.0|292,462
1,462|4,-0.867441,0,0,0,True,55.0|292,462
1,462|3,-0.94261,0,0,0,True,55.0|292,462
1,462|9,-0.102118,0,0,0,True,32.0|292,462
1,462|10,-0.215809,0,0,0,True,32.0|292,462
1,462|7,-0.0551041,0,0,0,True,32.0|292,462
1,462|8,0.326349,0,0,0,True,32.0|292,462
1,462|11,-0.253658,0,0,0,True,22.0|292,462
1,462|12,-0.311339,0,0,0,True,22.0|292,462
1,462|1,0.269637,0,0,0,False,69.0|292,462
1,462|2,0.975388,0,0,0,False,69.0|292,462
1,1159|8,-0.116024,0,0,0,True,65.0|292,1159
1,1159|7,0.0661155,0,0,0,True,65.0|292,1159
1,1159|5,-0.00126495,0,0,0,True,65.0|292,1159
1,1159|6,0.00739025,0,0,0,True,65.0|292,1159
1,1159|11,-0.264759,0,0,0,True,28.0|292,1159
1,1159|12,-0.664716,0,0,0,True,28.0|292,1159
1,1159|9,0.20951,0,0,0,True,28.0|292,1159
1,1159|10,0.291448,0,0,0,True,28.0|292,1159
1,1159|4,0.153564,0,0,0,True,22.0|292,1159
1,1159|3,0.112658,0,0,0,True,22.0|292,1159
1,1159|1,-0.16009,0,0,0,False,69.0|292,1159
1,1159|2,-1.32329,0,0,0,False,69.0|292,1159
1,75|6,-0.299802,0,0,0,True,55.0|65,75
1,75|5,-0.159675,0,0,0,True,55.0|65,75
1,75|3,-0.346,0,0,0,True,55.0|65,75
1,75|4,-0.395724,0,0,0,True,55.0|65,75
1,75|9,0.229889,0,0,0,True,32.0|65,75
1,75|10,0.200543,0,0,0,True,32.0|65,75
1,75|7,-0.566433,0,0,0,True,32.0|65,75
1,75|8,-0.945356,0,0,0,True,32.0|65,75
1,75|12,-0.133373,0,0,0,True,22.0|65,75
1,75|11,0.0718835,0,0,0,True,22.0|65,75
1,75|1,-0.275475,0,0,0,False,69.0|65,75
1,75|2,0.862206,0,0,0,False,69.0|65,75
1,1017|7,-0.302529,0,0,0,True,65.0|65,1017
1,1017|8,-0.594393,0,0,0,True,65.0|65,1017
1,1017|5,0.109955,0,0,0,True,65.0|65,1017
1,1017|6,-0.0337455,0,0,0,True,65.0|65,1017
1,1017|12,0.109768,0,0,0,True,28.0|65,1017
1,1017|11,0.0239124,0,0,0,True,28.0|65,1017
1,1017|10,0.173397,0,0,0,True,28.0|65,1017
1,1017|9,-0.00736997,0,0,0,True,28.0|65,1017
1,1017|4,-0.160298,0,0,0,True,22.0|65,1017
1,1017|3,0.152158,0,0,0,True,22.0|65,1017
1,1017|1,-1.14972,0,0,0,False,69.0|65,1017
1,1017|2,-0.206829,0,0,0,False,69.0|65,1017
1,291|6,-0.327793,0,0,0,True,55.0|103,291
1,291|5,-0.171171,0,0,0,True,55.0|103,291
1,291|4,0.188413,0,0,0,True,55.0|103,291
1,291|3,0.0686083,0,0,0,True,55.0|103,291
1,291|9,-0.10653,0,0,0,True,32.0|103,291
1,291|10,-0.245411,0,0,0,True,32.0|103,291
1,291|8,-0.0458762,0,0,0,True,32.0|103,291
1,291|7,-0.240709,0,0,0,True,32.0|103,291
1,291|11,-0.338749,0,0,0,True,22.0|103,291
1,291|12,0.0414416,0,0,0,True,22.0|103,291
1,291|1,-1.55196,0,0,0,False,69.0|103,291
1,291|2,-1.06878,0,0,0,False,69.0|103,291
1,1197|7,-0.138957,0,0,0,True,65.0|103,1197
1,1197|8,-0.168317,0,0,0,True,65.0|103,1197
1,1197|6,-0.13562,0,0,0,True,65.0|103,1197
1,1197|5,0.0789314,0,0,0,True,65.0|103,1197
1,1197|12,0.0467007,0,0,0,True,28.0|103,1197
1,1197|10,-0.106354,0,0,0,True,28.0|103,1197
1,1197|9,0.289071,0,0,0,True,28.0|103,1197
1,1197|3,0.0677073,0,0,0,True,22.0|103,1197
1,1197|4,0.0279458,0,0,0,True,22.0|103,1197
1,1197|11,-0.125732,0,0,0,True,28.0|103,1197
1,1197|1,2.11309,0,0,0,False,69.0|103,1197
1,1197|2,2.4658,0,0,0,False,69.0|103,1197
1,77|6,-0.0304396,0,0,0,True,55.0|218,77
1,77|5,0.404569,0,0,0,True,55.0|218,77
1,77|3,0.667852,0,0,0,True,55.0|218,77
1,77|4,-0.00549385,0,0,0,True,55.0|218,77
1,77|9,-0.0548406,0,0,0,True,32.0|218,77
1,77|10,-0.465115,0,0,0,True,32.0|218,77
1,77|8,0.341053,0,0,0,True,32.0|218,77
1,77|7,0.447399,0,0,0,True,32.0|218,77
1,77|12,-0.142592,0,0,0,True,22.0|218,77
1,77|11,-0.137659,0,0,0,True,22.0|218,77
1,77|1,-1.67902,0,0,0,False,69.0|218,77
1,77|2,-0.0480044,0,0,0,False,69.0|218,77
1,745|7,-0.553997,0,0,0,True,65.0|218,745
1,745|8,0.254921,0,0,0,True,65.0|218,745
1,745|6,0.565509,0,0,0,True,65.0|218,745
1,745|5,0.405529,0,0,0,True,65.0|218,745
1,745|3,0.21254,0,0,0,True,22.0|218,745
1,745|11,-0.546667,0,0,0,True,28.0|218,745
1,745|12,-0.269311,0,0,0,True,28.0|218,745
1,745|10,0.0304647,0,0,0,True,28.0|218,745
1,745|9,0.247885,0,0,0,True,28.0|218,745
1,745|4,-0.0341718,0,0,0,True,22.0|218,745
1,745|1,-0.507804,0,0,0,False,69.0|218,745
1,745|2,-1.72716,0,0,0,False,69.0|218,745
1,322|6,-0.199556,0,0,0,True,55.0|174,322
1,322|5,0.137515,0,0,0,True,55.0|174,322
1,322|3,-0.34245,0,0,0,True,55.0|174,322
1,322|4,0.371587,0,0,0,True,55.0|174,322
1,322|10,-0.399553,0,0,0,True,32.0|174,322
1,322|9,-0.00926753,0,0,0,True,32.0|174,322
1,322|7,-0.0565156,0,0,0,True,32.0|174,322
1,322|8,0.260239,0,0,0,True,32.0|174,322
1,322|12,0.0895585,0,0,0,True,22.0|174,322
1,322|11,-0.125593,0,0,0,True,22.0|174,322
1,322|1,0.765762,0,0,0,False,69.0|174,322
1,322|2,-1.08422,0,0,0,False,69.0|174,322
1,1043|6,0.189536,0,0,0,True,65.0|174,1043
1,1043|7,-0.418848,0,0,0,True,65.0|174,1043
1,1043|8,0.145422,0,0,0,True,65.0|174,1043
1,1043|5,0.429339,0,0,0,True,65.0|174,1043
1,1043|11,-0.339066,0,0,0,True,28.0|174,1043
1,1043|12,-0.378239,0,0,0,True,28.0|174,1043
1,1043|10,0.222478,0,0,0,True,28.0|174,1043
1,1043|9,0.259438,0,0,0,True,28.0|174,1043
1,1043|4,0.0577814,0,0,0,True,22.0|174,1043
1,1043|3,0.25984,0,0,0,True,22.0|174,1043
1,1043|1,0.548117,0,0,0,False,69.0|174,1043
1,1043|2,0.0808359,0,0,0,False,69.0|174,1043
1,963|6,-0.335977,0,0,0,True,55.0|319,963
1,963|5,0.222723,0,0,0,True,55.0|319,963
1,963|4,0.188062,0,0,0,True,55.0|319,963
1,963|3,0.143827,0,0,0,True,55.0|319,963
1,963|10,0.0276892,0,0,0,True,32.0|319,963
1,963|9,-0.130117,0,0,0,True,32.0|319,963
1,963|7,-0.35782,0,0,0,True,32.0|319,963
1,963|8,0.210089,0,0,0,True,32.0|319,963
1,963|11,-0.249326,0,0,0,True,22.0|319,963
1,963|12,0.405884,0,0,0,True,22.0|319,963
1,963|1,-1.36946,0,0,0,False,69.0|319,963
1,963|2,0.396074,0,0,0,False,69.0|319,963
1,1260|8,-0.60036,0,0,0,True,65.0|319,1260
1,1260|7,-0.849681,0,0,0,True,65.0|319,1260
1,1260|6,0.614534,0,0,0,True,65.0|319,1260
1,1260|5,0.742891,0,0,0,True,65.0|319,1260
1,1260|11,-0.501464,0,0,0,True,28.0|319,1260
1,1260|12,-0.286161,0,0,0,True,28.0|319,1260
1,1260|10,0.237332,0,0,0,True,28.0|319,1260
1,1260|9,0.431038,0,0,0,True,28.0|319,1260
1,1260|4,-0.370566,0,0,0,True,22.0|319,1260
1,1260|3,0.360299,0,0,0,True,22.0|319,1260
1,1260|1,-1.72744,0,0,0,False,69.0|319,1260
1,1260|2,0.098986,0,0,0,False,69.0|319,1260
