id,time,ysample,plate_row,plate_col,U_estimate,L_estimate,alpha_estimate,popPred_medianCOV,popPred,indivPred_SAEM,indivPred_mode,indWRes_SAEM,indWRes_mode
411|4,0.0457247370827617,53482,1,4,60744.9,910.018,0.183344,52227,52227,50439.3,50481,0.676115,0.666304
411|4,0.1371742112482853,45186,2,4,60744.9,910.018,0.183344,49234.3,49234.3,45102.4,45153.8,0.0207529,0.00798218
411|4,0.411522633744856,36004,3,4,60744.9,910.018,0.183344,40566.5,40566.5,32303.2,32312.7,1.27672,1.27306
411|4,1.23456790123457,15537,4,4,60744.9,910.018,0.183344,28248.8,28248.8,15761.1,15666.9,-0.155874,-0.0908528
411|4,3.7037037037037,4302,5,4,60744.9,910.018,0.183344,16548.5,16548.5,4521.66,4409.99,-0.49344,-0.248091
411|4,11.1111111111111,1258,6,4,60744.9,910.018,0.183344,8610.68,8610.68,1282.12,1248.22,-0.151626,0.0626935
411|4,33.3333333333333,948,7,4,60744.9,910.018,0.183344,4334.78,4334.79,906.913,903.533,0.326283,0.353963
411|4,100,850,8,4,60744.9,910.018,0.183344,2282.97,2282.97,850.254,850.1,-0.00210403,-0.000824886
411|3,0.0457247370827617,58138,1,3,60744.9,910.018,0.183344,51905.1,51905.1,47325.4,47281.4,2.559,2.57176
411|3,0.1371742112482853,40956,2,3,60744.9,910.018,0.183344,48944.1,48944.1,39329.9,39192.9,0.462048,0.502728
411|3,0.411522633744856,25675,3,3,60744.9,910.018,0.183344,40331,40331,24213.3,23928.9,0.669193,0.808711
411|3,1.23456790123457,7926,4,3,60744.9,910.018,0.183344,28085.7,28085.7,9159.94,8846.85,-1.44356,-1.1133
411|3,3.7037037037037,2156,5,3,60744.9,910.018,0.183344,16453,16453,2217.84,2086.28,-0.255874,0.303027
411|3,11.1111111111111,986,6,3,60744.9,910.018,0.183344,8560.71,8560.71,983.861,965.753,0.0161147,0.154415
411|3,33.3333333333333,960,7,3,60744.9,910.018,0.183344,4309.23,4309.23,885.996,885.022,0.59643,0.604701
411|3,100,882,8,3,60744.9,910.018,0.183344,2268.9,2268.9,844.548,844.52,0.311015,0.311255
411|5,0.002286236854138,55169,1,5,60744.9,910.018,0.183344,56391,56391,56291.3,56260,-0.223686,-0.217567
411|5,0.0068587105624142,55989,2,5,60744.9,910.018,0.183344,58307.6,58307.6,58060.6,57981.3,-0.400431,-0.385622
411|5,0.0205761316872428,54885,3,5,60744.9,910.018,0.183344,57720.3,57720.3,57122.5,56932.5,-0.439538,-0.403545
411|5,0.0617283950617284,49434,4,5,60744.9,910.018,0.183344,54704.7,54704.7,53262,52838.7,-0.805956,-0.722532
411|5,0.1851851851851852,45208,5,5,60744.9,910.018,0.183344,48187.6,48187.6,44771.5,43956.5,0.10912,0.318627
411|5,0.5555555555555556,30556,6,5,60744.9,910.018,0.183344,37414.2,37414.2,30201.8,29054.5,0.130547,0.574902
411|5,1.66666666666667,13064,7,5,60744.9,910.018,0.183344,24334.5,24334.5,13300.3,12444.6,-0.193635,0.541045
411|5,5,2918,8,5,60744.9,910.018,0.183344,13118.3,13118.3,3261.64,3058.21,-1.02922,-0.443816
411|6,0.002286236854138,62015,1,6,60744.9,910.018,0.183344,56431.7,56431.7,56252.4,56268.2,1.14937,1.1459
411|6,0.0068587105624142,61528,2,6,60744.9,910.018,0.183344,58347.8,58347.8,57908.3,57943.3,0.701489,0.694289
411|6,0.0205761316872428,61845,3,6,60744.9,910.018,0.183344,57759.5,57759.5,56725.4,56797.2,1.01268,0.997228
411|6,0.0617283950617284,54318,4,6,60744.9,910.018,0.183344,54741.7,54741.7,52400.8,52531.6,0.410228,0.381294
411|6,0.1851851851851852,48773,5,6,60744.9,910.018,0.183344,48220.2,48220.2,43301.3,43484.4,1.41389,1.36089
411|6,0.5555555555555556,29602,6,6,60744.9,910.018,0.183344,37439.6,37439.6,28694.3,28817.4,0.35182,0.302843
411|6,1.66666666666667,12240,7,6,60744.9,910.018,0.183344,24351.3,24351.3,13089.3,13012.2,-0.706724,-0.646232
411|6,5,3840,8,6,60744.9,910.018,0.183344,13127.8,13127.8,3912.88,3771.79,-0.186208,0.180004
411|8,0.0457247370827617,49844,1,8,60744.9,910.018,0.183344,52343.5,52343.5,48942.4,49350,0.206398,0.112162
411|8,0.1371742112482853,46084,2,8,60744.9,910.018,0.183344,49339.4,49339.4,42027.7,42734.4,1.07954,0.876876
411|8,0.411522633744856,29492,3,8,60744.9,910.018,0.183344,40651.7,40651.7,27797.3,28561.4,0.677701,0.362368
411|8,1.23456790123457,12168,4,8,60744.9,910.018,0.183344,28307.8,28307.8,12018.8,12258.3,0.134735,-0.0800479
411|8,3.7037037037037,3114,5,8,60744.9,910.018,0.183344,16583.1,16583.1,3242.3,3088.79,-0.38625,0.0791193
411|8,11.1111111111111,1024,6,8,60744.9,910.018,0.183344,8628.77,8628.77,1137.27,1071.15,-0.77437,-0.335773
411|8,33.3333333333333,882,7,8,60744.9,910.018,0.183344,4344.04,4344.04,903.163,896.029,-0.1685,-0.112267
411|8,100,778,8,8,60744.9,910.018,0.183344,2288.06,2288.06,852.108,851.737,-0.612029,-0.609129
411|7,0.0457247370827617,51443,1,7,60744.9,910.018,0.183344,52381.3,52381.3,49013.5,49153,0.555381,0.522019
411|7,0.1371742112482853,47489,2,7,60744.9,910.018,0.183344,49373.5,49373.4,42055.6,42275.6,1.44508,1.37945
411|7,0.411522633744856,28239,3,7,60744.9,910.018,0.183344,40679.3,40679.3,27590,27782.8,0.261421,0.18252
411|7,1.23456790123457,11458,4,7,60744.9,910.018,0.183344,28327,28327,11470,11456.1,-0.0113345,0.00181422
411|7,3.7037037037037,2676,5,7,60744.9,910.018,0.183344,16594.3,16594.3,2824.16,2729.45,-0.501835,-0.186301
411|7,11.1111111111111,1026,6,7,60744.9,910.018,0.183344,8634.63,8634.63,1040.76,1017.45,-0.10716,0.063024
411|7,33.3333333333333,928,7,7,60744.9,910.018,0.183344,4347.03,4347.03,895.199,893.69,0.262638,0.275013
411|7,100,848,8,7,60744.9,910.018,0.183344,2289.71,2289.71,852.315,852.273,-0.0356299,-0.0352855
411|9,0.002286236854138,52761,1,9,60744.9,910.018,0.183344,56265.5,56265.5,56063.8,56072.2,-0.660951,-0.662533
411|9,0.0068587105624142,58591,2,9,60744.9,910.018,0.183344,58183.4,58183.4,57688.7,57705.6,0.175524,0.172184
411|9,0.0205761316872428,53528,3,9,60744.9,910.018,0.183344,57599.3,57599.3,56433.8,56464,-0.577725,-0.583423
411|9,0.0617283950617284,55935,4,9,60744.9,910.018,0.183344,54590.6,54590.6,51948,51991.1,0.860447,0.850463
411|9,0.1851851851851852,49128,5,9,60744.9,910.018,0.183344,48087.1,48087.1,42523.5,42550.9,1.73745,1.72914
411|9,0.5555555555555556,28450,6,9,60744.9,910.018,0.183344,37335.8,37335.8,27444.7,27376.1,0.407058,0.435938
411|9,1.66666666666667,10662,7,9,60744.9,910.018,0.183344,24282.7,24282.7,11683.6,11496.2,-0.947996,-0.786176
411|9,5,3030,8,9,60744.9,910.018,0.183344,13089.1,13089.1,3110.65,2975.08,-0.251604,0.177981
411|10,0.002286236854138,53166,1,10,60744.9,910.018,0.183344,55918.7,55918.7,55817.3,55821.2,-0.53289,-0.533645
411|10,0.0068587105624142,61628,2,10,60744.9,910.018,0.183344,57840.4,57840.4,57589.4,57596.2,0.786971,0.785562
411|10,0.0205761316872428,54148,3,10,60744.9,910.018,0.183344,57265,57265,56658.7,56667.6,-0.497206,-0.498895
411|10,0.0617283950617284,54949,4,10,60744.9,910.018,0.183344,54275.4,54275.4,52818.8,52823,0.452227,0.451304
411|10,0.1851851851851852,46394,5,10,60744.9,910.018,0.183344,47809.4,47809.4,44388.4,44365,0.505708,0.511866
411|10,0.5555555555555556,30684,6,10,60744.9,910.018,0.183344,37119.1,37119.1,29973,29885.8,0.26404,0.297247
411|10,1.66666666666667,13846,7,10,60744.9,910.018,0.183344,24139.6,24139.6,13307.5,13175.3,0.441005,0.554565
411|10,5,3124,8,10,60744.9,910.018,0.183344,13008.4,13008.4,3347.58,3273.74,-0.654745,-0.447057
411|12,0.0457247370827617,47309,1,12,60744.9,910.018,0.183344,48644.2,48644.2,44494.9,44904.9,0.707897,0.599293
411|12,0.1371742112482853,39899,2,12,60744.9,910.018,0.183344,46003.9,46003.9,37394.3,38064.3,0.748055,0.538453
411|12,0.411522633744856,26409,3,12,60744.9,910.018,0.183344,37946.1,37946.1,23796.8,24429.7,1.21643,0.898312
411|12,1.23456790123457,9114,4,12,60744.9,910.018,0.183344,26433.2,26433.2,10003.8,10122.9,-0.957462,-1.07349
411|12,3.7037037037037,2878,5,12,60744.9,910.018,0.183344,15484.9,15484.9,2867.39,2710.57,0.0354615,0.587031
411|12,11.1111111111111,968,6,12,60744.9,910.018,0.183344,8054.47,8054.47,1096.59,1029.81,-0.901298,-0.451895
411|12,33.3333333333333,796,7,12,60744.9,910.018,0.183344,4050.37,4050.37,851.238,841.014,-0.456477,-0.374783
411|12,100,796,8,12,60744.9,910.018,0.183344,2126.35,2126.35,792.814,791.893,0.0275,0.0354779
411|11,0.0457247370827617,54260,1,11,60744.9,910.018,0.183344,51028.3,51028.3,47981,47823.3,1.46595,1.50768
411|11,0.1371742112482853,45084,2,11,60744.9,910.018,0.183344,48153.5,48153.5,41529.2,41215.3,0.957268,1.04964
411|11,0.411522633744856,27045,3,11,60744.9,910.018,0.183344,39689.8,39689.8,27825.9,27413.1,-0.311945,-0.149235
411|11,1.23456790123457,12392,4,11,60744.9,910.018,0.183344,27641.3,27641.3,12227,11983.8,0.146587,0.369683
411|11,3.7037037037037,3032,5,11,60744.9,910.018,0.183344,16192.7,16192.7,3296.19,3281.68,-0.78409,-0.743858
411|11,11.1111111111111,1264,6,11,60744.9,910.018,0.183344,8424.59,8424.59,1119.06,1134.27,1.00192,0.88854
411|11,33.3333333333333,860,7,11,60744.9,910.018,0.183344,4239.63,4239.63,881.205,883.855,-0.171488,-0.19255
411|11,100,802,8,11,60744.9,910.018,0.183344,2230.57,2230.57,830.648,830.843,-0.240358,-0.241954
152|8,0.0016767999999999,93531,1,8,96485.2,695.259,0.10151,92468,92307.3,91071.3,91020.6,0.304089,0.310527
152|8,0.0083839999999999,89173,2,8,96485.2,695.259,0.10151,93209.6,92799.1,88767.1,88572.8,0.0514713,0.076289
152|8,0.04192,74809,3,8,96485.2,695.259,0.10151,88944.7,88100.5,76318.6,75723.6,-0.222456,-0.13583
152|8,0.2096,45160,4,8,96485.2,695.259,0.10151,74835.3,73827.9,47646.7,46585.1,-0.584593,-0.342587
152|8,1.048,15135,5,8,96485.2,695.259,0.10151,47670.2,47712.8,15032.2,14458.2,0.0748855,0.511703
152|8,5.24,2264,6,8,96485.2,695.259,0.10151,21006.1,22029.4,2339.46,2304.6,-0.298935,-0.162817
152|8,26.2,818,7,8,96485.2,695.259,0.10151,7357.78,8168.4,776.305,781.846,0.364499,0.314708
152|8,131,656,8,8,96485.2,695.259,0.10151,2594.86,2976.2,673.94,674.613,-0.170286,-0.176577
152|7,0.0016767999999999,91095,1,7,96485.2,695.259,0.10151,92503.8,92343.1,91119.3,91085.4,-0.00300576,0.00118762
152|7,0.0083839999999999,90851,2,7,96485.2,695.259,0.10151,93244.8,92834.2,88848.4,88707.9,0.253731,0.271967
152|7,0.04192,78819,3,7,96485.2,695.259,0.10151,88978,88133.5,76538.5,76089.2,0.335111,0.403487
152|7,0.2096,44579,4,7,96485.2,695.259,0.10151,74863.3,73855.5,48333.1,47514.3,-0.870138,-0.691953
152|7,1.048,16869,5,7,96485.2,695.259,0.10151,47688,47730.6,16101.8,15646.4,0.52268,0.856413
152|7,5.24,2542,6,7,96485.2,695.259,0.10151,21014,22037.7,2789.55,2761.32,-0.847219,-0.757061
152|7,26.2,990,7,7,96485.2,695.259,0.10151,7360.56,8171.49,839.322,846.672,1.25611,1.1884
152|7,131,662,8,7,96485.2,695.259,0.10151,2595.87,2977.35,679.038,680.228,-0.161042,-0.172119
152|6,0.0004351999999999,97021,1,6,96485.2,695.259,0.10151,92889.7,92820.1,92143,92174.9,0.596083,0.591989
152|6,0.0021759999999999,93823,2,6,96485.2,695.259,0.10151,94623.5,94431.1,92177.1,92264.7,0.201052,0.190171
152|6,0.0108799999999999,90270,3,6,96485.2,695.259,0.10151,93573.4,93100,86094.5,86300.8,0.54587,0.517676
152|6,0.0543999999999999,68233,4,6,96485.2,695.259,0.10151,87723,86805.8,68333.7,68658.4,-0.0165618,-0.069626
152|6,0.2719999999999999,39599,5,6,96485.2,695.259,0.10151,71228.9,70300.2,37298.6,37432.7,0.688782,0.646342
152|6,1.36,10738,6,6,96485.2,695.259,0.10151,42670.9,42945.6,11687.7,11532.5,-0.880968,-0.746462
152|6,6.8,2696,7,6,96485.2,695.259,0.10151,17762.5,18804.5,2667.24,2561.03,0.102223,0.496217
152|6,34,918,8,6,96485.2,695.259,0.10151,6043.9,6762.6,942.384,914.122,-0.188939,0.030638
152|5,0.0004351999999999,94324,1,5,96485.2,695.259,0.10151,92853.7,92784.1,92164.5,92122.9,0.263824,0.269025
152|5,0.0021759999999999,94458,2,5,96485.2,695.259,0.10151,94587.7,94395.4,92327.9,92174.9,0.259779,0.278894
152|5,0.0108799999999999,93359,3,5,96485.2,695.259,0.10151,93538.4,93065.1,86589.9,86091.9,0.879914,0.950082
152|5,0.0543999999999999,70654,4,5,96485.2,695.259,0.10151,87690.2,86773.3,69333.5,68134.8,0.21406,0.415498
152|5,0.2719999999999999,40370,5,5,96485.2,695.259,0.10151,71202.3,70273.9,37834.2,36470.9,0.748668,1.19359
152|5,1.36,8986,6,5,96485.2,695.259,0.10151,42654.9,42929.5,11055.2,10715.1,-2.02436,-1.74285
152|5,6.8,2416,7,5,96485.2,695.259,0.10151,17755.8,18797.4,2210.05,2266.01,0.854538,0.609852
152|5,34,924,8,5,96485.2,695.259,0.10151,6041.56,6759.98,825.799,852.704,0.826868,0.588554
152|12,0.0014272,79697,1,12,96485.2,695.259,0.10151,89025.2,88247.1,81655.9,81928,-0.26993,-0.306403
152|12,0.007136,67002,2,12,96485.2,695.259,0.10151,89994.6,88189.1,71574.4,72024.6,-0.71815,-0.783971
152|12,0.03568,48627,3,12,96485.2,695.259,0.10151,86450.9,83030.3,48902.9,49302.1,-0.0632147,-0.153427
152|12,0.1784,20494,4,12,96485.2,695.259,0.10151,74071.5,70064.6,21366.6,21340.7,-0.451462,-0.438571
152|12,0.892,5710,5,12,96485.2,695.259,0.10151,48856.7,48476.4,5487.37,5303.08,0.419701,0.79141
152|12,4.46,1250,6,12,96485.2,695.259,0.10151,22266.6,26040.5,1333.36,1264.84,-0.509603,-0.0942228
152|12,22.3,570,7,12,96485.2,695.259,0.10151,7887.98,11495.3,729.567,717.36,-1.44714,-1.34963
152|12,111.5,678,8,12,96485.2,695.259,0.10151,2741.73,4696.66,651.122,649.587,0.260105,0.275315
152|11,0.0014272,86935,1,11,96485.2,695.259,0.10151,91289.1,90491.3,85308.3,85569.5,0.214617,0.1796
152|11,0.007136,80844,2,11,96485.2,695.259,0.10151,92226.6,90376.3,76966.4,77444.9,0.56665,0.493671
152|11,0.03568,56954,3,11,96485.2,695.259,0.10151,88575.9,85071.2,55886.6,56428.5,0.214276,0.10448
152|11,0.1784,26467,4,11,96485.2,695.259,0.10151,75887.1,71781.9,26319.2,26423.3,0.0623706,0.0183541
152|11,0.892,6328,5,11,96485.2,695.259,0.10151,50054.2,49664.6,6602.25,6390.92,-0.436079,-0.103114
152|11,4.46,1324,6,11,96485.2,695.259,0.10151,22814,26680.6,1346.02,1263.78,-0.133697,0.382493
152|11,22.3,672,7,11,96485.2,695.259,0.10151,8083.61,11780.4,723.442,712.515,-0.468834,-0.372525
152|11,111.5,632,8,11,96485.2,695.259,0.10151,2811.46,4816.1,663.959,663.09,-0.305919,-0.297822
152|10,0.0004479999999999,91021,1,10,96485.2,695.259,0.10151,92431.3,92008.2,89598.3,89427.2,0.178763,0.200645
152|10,0.00224,88793,2,10,96485.2,695.259,0.10151,94155.3,93106.7,86524.8,86003.6,0.295056,0.365047
152|10,0.0111999999999999,78376,3,10,96485.2,695.259,0.10151,93072.5,90767.2,74389,73096.7,0.602676,0.81203
152|10,0.0559999999999999,50978,4,10,96485.2,695.259,0.10151,87127,83158.1,49610.5,47548.3,0.30888,0.807943
152|10,0.2799999999999999,18817,5,10,96485.2,695.259,0.10151,70467.5,66884.4,19873.4,18563.5,-0.586592,0.150393
152|10,1.4,3464,6,10,96485.2,695.259,0.10151,41933.9,43073,4090.36,3971.9,-1.5387,-1.28061
152|10,7,1220,7,10,96485.2,695.259,0.10151,17361.3,21578.3,961.319,1000.54,1.97874,1.63542
152|10,35,690,8,10,96485.2,695.259,0.10151,5900.24,9094.52,681.227,688.341,0.0827684,0.0155638
152|9,0.0004479999999999,92933,1,9,96485.2,695.259,0.10151,92738,92313.5,90078.8,90162.3,0.356724,0.345968
152|9,0.00224,84649,2,9,96485.2,695.259,0.10151,94460.3,93408.3,87298.2,87448.3,-0.341584,-0.360322
152|9,0.0111999999999999,78182,3,9,96485.2,695.259,0.10151,93371.4,91058.6,75800.5,75971.9,0.353334,0.32717
152|9,0.0559999999999999,55239,4,9,96485.2,695.259,0.10151,87405.9,83424.3,51887.2,51848,0.724222,0.733236
152|9,0.2799999999999999,20004,5,9,96485.2,695.259,0.10151,70693.1,67098.5,22093.6,21714.4,-1.04638,-0.871089
152|9,1.4,4986,6,9,96485.2,695.259,0.10151,42068.5,43211.3,5004.68,4735.27,-0.0383013,0.540341
152|9,7,1028,7,9,96485.2,695.259,0.10151,17417.5,21648.1,1115.52,1058.23,-0.606299,-0.217038
152|9,35,722,8,9,96485.2,695.259,0.10151,5919.82,9124.7,696.916,691.106,0.233597,0.289086
152|3,0.0010624,87858,1,3,96485.2,695.259,0.10151,92228.9,97088.7,95480.2,95482.5,-0.899046,-0.899293
152|3,0.005312,88455,2,3,96485.2,695.259,0.10151,93428.7,95398.6,90299.2,89994,-0.229937,-0.192531
152|3,0.02656,77137,3,3,96485.2,695.259,0.10151,90611.8,91521.6,76264.6,75348.7,0.128652,0.266905
152|3,0.1328,46188,4,3,96485.2,695.259,0.10151,79915.9,80438.5,46941,45627.9,-0.17965,0.13744
152|3,0.664,17047,5,3,96485.2,695.259,0.10151,55984.4,56347.4,16417.9,15929.2,0.42062,0.769476
152|3,3.32,3062,6,3,96485.2,695.259,0.10151,27239.4,27503.5,3687.15,3726.64,-1.68296,-1.77262
152|3,16.6,1382,7,3,96485.2,695.259,0.10151,9924.85,10125.9,1114.96,1157.87,1.85061,1.51348
152|3,83,840,8,3,96485.2,695.259,0.10151,3389.86,3564.39,754.061,766.289,0.764399,0.649399
152|4,0.0010624,92432,1,4,96485.2,695.259,0.10151,92534.9,97006.4,95780.3,95826.2,-0.393702,-0.398911
152|4,0.005312,90579,2,4,96485.2,695.259,0.10151,93731.3,95317.2,91447.1,91298.6,-0.106883,-0.0887462
152|4,0.02656,76034,3,4,96485.2,695.259,0.10151,90902.7,91443.4,79506.3,78966.3,-0.491316,-0.417722
152|4,0.1328,50378,4,4,96485.2,695.259,0.10151,80171.8,80369.7,52104.6,51104.2,-0.371521,-0.159278
152|4,0.664,19217,5,4,96485.2,695.259,0.10151,56163.7,56299.2,19012,18402.2,0.11886,0.487602
152|4,3.32,3728,6,4,96485.2,695.259,0.10151,27326.9,27480,3871.04,3796.1,-0.36895,-0.178693
152|4,16.6,1054,7,4,96485.2,695.259,0.10151,9957,10117.3,1047.62,1053.65,0.0461244,0.00251356
152|4,83,902,8,4,96485.2,695.259,0.10151,3401.1,3561.36,733.819,736.965,1.52008,1.48791
1056|8,0.0016767999999999,118740,1,8,122610,713.746,0.0353313,120326,120621,118856,118851,-0.0109572,-0.0105723
1056|8,0.0083839999999999,113636,2,8,122610,713.746,0.0353313,119381,120197,113264,113280,0.0369918,0.0354669
1056|8,0.04192,84503,3,8,122610,713.746,0.0353313,113271,115124,90977.1,91081.8,-0.801208,-0.813234
1056|8,0.2096,42717,4,8,122610,713.746,0.0353313,95103.3,97551.6,40577.7,40606.4,0.589437,0.58111
1056|8,1.048,4102,5,8,122610,713.746,0.0353313,60518.9,60410.2,4290.88,4115.02,-0.444666,-0.0318234
1056|8,5.24,716,6,8,122610,713.746,0.0353313,26620.9,24142.7,743.017,734.925,-0.24241,-0.170902
1056|8,26.2,656,7,8,122610,713.746,0.0353313,9266.82,7488.89,710.82,710.792,-0.504748,-0.504506
1056|8,131,828,8,8,122610,713.746,0.0353313,3212.49,2446.37,704.927,704.927,1.13864,1.13864
1056|7,0.0016767999999999,121659,1,7,122610,713.746,0.0353313,120342,120637,119136,118873,0.238731,0.264241
1056|7,0.0083839999999999,115654,2,7,122610,713.746,0.0353313,119396,120213,114278,113313,0.135754,0.232847
1056|7,0.04192,88699,3,7,122610,713.746,0.0353313,113286,115139,93931.6,91115.1,-0.627314,-0.29856
1056|7,0.2096,41994,4,7,122610,713.746,0.0353313,95115.7,97564.3,43913.2,40426.4,-0.489105,0.433508
1056|7,1.048,3906,5,7,122610,713.746,0.0353313,60526.7,60418,3925.07,3916.12,-0.0485856,-0.0258421
1056|7,5.24,700,6,7,122610,713.746,0.0353313,26624.3,24145.8,718.21,729.287,-0.166662,-0.265673
1056|7,26.2,682,7,7,122610,713.746,0.0353313,9268.03,7489.87,710.864,710.874,-0.265753,-0.26584
1056|7,131,978,8,7,122610,713.746,0.0353313,3212.91,2446.69,705.02,705.02,2.52535,2.52535
1056|6,0.0004351999999999,124775,1,6,122610,713.746,0.0353313,120845,120963,120514,120434,0.398592,0.406372
1056|6,0.0021759999999999,126207,2,6,122610,713.746,0.0353313,121164,121517,119701,119392,0.612742,0.643541
1056|6,0.0108799999999999,119281,3,6,122610,713.746,0.0353313,119145,120097,113008,111899,0.62568,0.743589
1056|6,0.0543999999999999,96692,4,6,122610,713.746,0.0353313,111484,113528,88940.2,85891,0.981177,1.41537
1056|6,0.2719999999999999,31741,5,6,122610,713.746,0.0353313,90489.8,92777.9,35958.7,32900.3,-1.30924,-0.392805
1056|6,1.36,2592,6,6,122610,713.746,0.0353313,54239.1,53538.1,2518.9,2572.22,0.272477,0.0724532
1056|6,6.8,696,7,6,122610,713.746,0.0353313,22606.3,20108.7,712.871,717.583,-0.155079,-0.197637
1056|6,34,792,8,6,122610,713.746,0.0353313,7704.9,6131.35,705.02,705.024,0.804656,0.804621
1056|5,0.0004351999999999,127222,1,5,122610,713.746,0.0353313,120829,120947,120462,120423,0.632685,0.636517
1056|5,0.0021759999999999,128464,2,5,122610,713.746,0.0353313,121148,121501,119540,119396,0.841684,0.856277
1056|5,0.0108799999999999,127679,3,5,122610,713.746,0.0353313,119130,120081,112440,111945,1.52757,1.58412
1056|5,0.0543999999999999,99273,4,5,122610,713.746,0.0353313,111469,113513,87228.9,85925.6,1.5542,1.74836
1056|5,0.2719999999999999,30808,5,5,122610,713.746,0.0353313,90478.1,92765.8,33531.7,32284.1,-0.905727,-0.509547
1056|5,1.36,2194,6,5,122610,713.746,0.0353313,54232.1,53531.1,2178.2,2187.71,0.0663428,0.0263161
1056|5,6.8,672,7,5,122610,713.746,0.0353313,22603.4,20106.1,712.104,712.961,-0.368868,-0.376487
1056|5,34,838,8,5,122610,713.746,0.0353313,7703.89,6130.55,704.927,704.928,1.23116,1.23115
1056|12,0.0014272,103621,1,12,122610,713.746,0.0353313,118865,118865,111384,110631,-0.785544,-0.714145
1056|12,0.007136,90392,2,12,122610,713.746,0.0353313,118168,118168,93992.6,91871.7,-0.431374,-0.181347
1056|12,0.03568,45926,3,12,122610,713.746,0.0353313,112839,112839,51310,48324.9,-1.17625,-0.556131
1056|12,0.1784,8166,4,12,122610,713.746,0.0353313,96472.7,96473,7971.71,7818.54,0.259107,0.471888
1056|12,0.892,754,5,12,122610,713.746,0.0353313,63574.8,63574.8,753.813,813.73,0.00166468,-0.507494
1056|12,4.46,634,6,12,122610,713.746,0.0353313,28938,28937.7,703.802,703.977,-0.64639,-0.647917
1056|12,22.3,642,7,12,122610,713.746,0.0353313,10204,10203.8,701.681,701.682,-0.553627,-0.553629
1056|12,111.5,824,8,12,122610,713.746,0.0353313,3499.15,3499.04,695.838,695.838,1.1946,1.1946
1056|11,0.0014272,105151,1,11,122610,713.746,0.0353313,119866,119866,114158,112963,-0.88932,-0.779471
1056|11,0.007136,95978,2,11,122610,713.746,0.0353313,119155,119155,100256,96694.1,-0.480657,-0.0834082
1056|11,0.03568,58120,3,11,122610,713.746,0.0353313,113778,113778,62105.9,55731.7,-0.720697,0.480769
1056|11,0.1784,10642,4,11,122610,713.746,0.0353313,97274.9,97275.2,12685,10714.3,-1.75201,-0.0728325
1056|11,0.892,906,5,11,122610,713.746,0.0353313,64103.4,64103.4,799.683,882.584,0.912941,0.18918
1056|11,4.46,610,6,11,122610,713.746,0.0353313,29178.8,29178.6,709.656,709.853,-0.918446,-0.920112
1056|11,22.3,712,7,11,122610,713.746,0.0353313,10289.2,10289,707.539,707.539,0.0411804,0.0411797
1056|11,111.5,888,8,11,122610,713.746,0.0353313,3528.61,3528.5,701.696,701.696,1.72821,1.72821
1056|10,0.0004479999999999,119885,1,10,122610,713.746,0.0353313,120638,120638,118940,118803,0.089602,0.102713
1056|10,0.00224,122847,2,10,122610,713.746,0.0353313,120943,120943,115008,114522,0.768343,0.819436
1056|10,0.0111999999999999,100100,3,10,122610,713.746,0.0353313,118875,118875,99483.9,98000.7,0.0697632,0.241274
1056|10,0.0559999999999999,61989,4,10,122610,713.746,0.0353313,111068,111068,59502.4,56767.7,0.469104,1.03204
1056|10,0.2799999999999999,9934,5,10,122610,713.746,0.0353313,89798,89798.3,11070.6,10195.1,-1.11047,-0.27597
1056|10,1.4,774,6,10,122610,713.746,0.0353313,53465.5,53465.4,774.695,794.85,-0.00608151,-0.179695
1056|10,7,638,7,10,122610,713.746,0.0353313,22161.9,22161.6,709.694,709.703,-0.660727,-0.660804
1056|10,35,822,8,10,122610,713.746,0.0353313,7542.94,7542.76,703.85,703.85,1.09406,1.09406
1056|9,0.0004479999999999,120198,1,9,122610,713.746,0.0353313,120774,120774,119153,119044,0.0988548,0.109297
1056|9,0.00224,115424,2,9,122610,713.746,0.0353313,121078,121078,115410,115019,0.00133651,0.0396705
1056|9,0.0111999999999999,104040,3,9,122610,713.746,0.0353313,119007,119007,100436,99231.4,0.404273,0.545851
1056|9,0.0559999999999999,62803,4,9,122610,713.746,0.0353313,111191,111191,61339,59097.4,0.26798,0.703812
1056|9,0.2799999999999999,11416,5,9,122610,713.746,0.0353313,89897.7,89897.9,12173.1,11502.1,-0.675447,-0.0811285
1056|9,1.4,788,6,9,122610,713.746,0.0353313,53524.9,53524.8,797.899,830.56,-0.0851188,-0.357096
1056|9,7,614,7,9,122610,713.746,0.0353313,22186.6,22186.3,710.486,710.505,-0.888631,-0.888788
1056|9,35,832,8,9,122610,713.746,0.0353313,7551.42,7551.23,704.641,704.641,1.17857,1.17857
1056|4,0.0010624,123910,1,4,122610,713.746,0.0353313,120509,120927,120429,120269,0.325877,0.341293
1056|4,0.005312,126950,2,4,122610,713.746,0.0353313,120142,121438,118889,118137,0.764389,0.840985
1056|4,0.02656,105914,3,4,122610,713.746,0.0353313,115856,119361,107076,104020,-0.122273,0.205136
1056|4,0.1328,55539,4,4,122610,713.746,0.0353313,101974,108473,63007.8,56769.2,-1.33127,-0.243147
1056|4,0.664,6766,5,4,122610,713.746,0.0353313,71386,74026.5,6780.07,6629.01,-0.0218197,0.217005
1056|4,3.32,686,6,4,122610,713.746,0.0353313,34708.9,28655.6,718.755,753.517,-0.299656,-0.6008
1056|4,16.6,742,7,4,122610,713.746,0.0353313,12610.4,7445.44,710.487,710.535,0.290234,0.289774
1056|4,83,876,8,4,122610,713.746,0.0353313,4266.68,2083.17,704.647,704.646,1.58568,1.58569
1056|3,0.0010624,130132,1,3,122610,713.746,0.0353313,120374,120791,120120,120093,0.939709,0.942512
1056|3,0.005312,127154,2,3,122610,713.746,0.0353313,120008,121303,117885,117797,0.886388,0.895444
1056|3,0.02656,111063,3,3,122610,713.746,0.0353313,115728,119229,103148,102969,0.864524,0.885581
1056|3,0.1328,53602,4,3,122610,713.746,0.0353313,101861,108353,54167,54095.1,-0.116991,-0.102228
1056|3,0.664,5384,5,3,122610,713.746,0.0353313,71306.9,73944.5,5413.19,5352.55,-0.0557187,0.0606482
1056|3,3.32,738,6,3,122610,713.746,0.0353313,34670.4,28623.8,732.187,729.257,0.0526131,0.0793115
1056|3,16.6,690,7,3,122610,713.746,0.0353313,12596.4,7437.16,709.709,709.704,-0.181633,-0.181588
1056|3,83,842,8,3,122610,713.746,0.0353313,4261.89,2080.83,703.857,703.856,1.27919,1.2792
462|6,0.0006144,102350,1,6,159668,643.492,0.736861,118574,118574,117483,117254,-1.45212,-1.43294
462|6,0.003072,113884,2,6,159668,643.492,0.736861,144714,144714,140261,139353,-2.12153,-2.06183
462|6,0.01536,121365,3,6,159668,643.492,0.736861,150548,150548,136903,134449,-1.2803,-1.09771
462|6,0.0768,98102,4,6,159668,643.492,0.736861,140824,140824,112768,108874,-1.46591,-1.11501
462|6,0.384,76259,5,6,159668,643.492,0.736861,108596,108596,78764.2,75305,-0.357787,0.142461
462|6,1.92,51729,6,6,159668,643.492,0.736861,58766.8,58766.8,49371.4,47276.9,0.535076,1.05475
462|6,9.6,27657,7,6,159668,643.492,0.736861,21489.1,21489.1,28656,27644.6,-0.387712,0.00497478
462|6,48,13804,8,6,159668,643.492,0.736861,5796.85,5796.85,14358.3,13982.5,-0.421886,-0.139398
462|5,0.0006144,100518,1,5,159668,643.492,0.736861,118142,118142,117231,117049,-1.60721,-1.59216
462|5,0.003072,130424,2,5,159668,643.492,0.736861,144285,144285,140547,139817,-0.812571,-0.757852
462|5,0.01536,129379,3,5,159668,643.492,0.736861,150130,150130,138515,136492,-0.744089,-0.587858
462|5,0.0768,104544,4,5,159668,643.492,0.736861,140441,140441,116039,112753,-1.11672,-0.820624
462|5,0.384,71521,5,5,159668,643.492,0.736861,108301,108301,82407.7,79587.5,-1.48652,-1.14021
462|5,1.92,57664,6,5,159668,643.492,0.736861,58603.7,58603.7,52235.2,50775.5,1.16525,1.52063
462|5,9.6,30300,7,5,159668,643.492,0.736861,21425.4,21425.4,30546,30085,-0.0896757,0.0795607
462|5,48,15085,8,5,159668,643.492,0.736861,5775.72,5775.73,15387.5,15388.3,-0.215355,-0.215882
462|4,0.000064,104240,1,4,159668,643.492,0.736861,117090,117090,116884,116874,-1.21949,-1.21865
462|4,0.00032,128947,2,4,159668,643.492,0.736861,144188,144188,143298,143252,-1.12992,-1.12667
462|4,0.0016,136467,3,4,159668,643.492,0.736861,153372,153372,150147,149972,-1.02812,-1.01615
462|4,0.008,138746,4,4,159668,643.492,0.736861,154131,154131,144059,143517,-0.416099,-0.375051
462|4,0.04,119405,5,4,159668,643.492,0.736861,146074,146074,122579,121444,-0.291981,-0.189262
462|4,0.2,86679,6,4,159668,643.492,0.736861,120648,120648,88916.9,87516.5,-0.283333,-0.107717
462|4,1,49742,7,4,159668,643.492,0.736861,72509.7,72509.7,55688.2,54547.3,-1.19788,-0.988114
462|4,5,30602,8,4,159668,643.492,0.736861,26031.6,26031.6,28973,28287.6,0.625456,0.909723
462|3,0.000064,108562,1,3,159668,643.492,0.736861,113398,113398,113222,113183,-0.463896,-0.460159
462|3,0.00032,130392,2,3,159668,643.492,0.736861,140501,140501,139732,139560,-0.754099,-0.741111
462|3,0.0016,132645,3,3,159668,643.492,0.736861,149701,149701,146905,146288,-1.09526,-1.05232
462|3,0.008,136907,4,3,159668,643.492,0.736861,150517,150517,141724,139959,-0.383432,-0.246028
462|3,0.04,113528,5,3,159668,643.492,0.736861,142649,142649,121894,118637,-0.773889,-0.485482
462|3,0.2,82203,6,3,159668,643.492,0.736861,117760,117760,89640.3,86425.8,-0.934061,-0.549955
462|3,1,54160,7,3,159668,643.492,0.736861,70655.5,70655.5,56787.8,54991.4,-0.519221,-0.1696
462|3,5,30876,8,3,159668,643.492,0.736861,25210.9,25210.9,29703.2,29142.7,0.439404,0.661675
462|9,0.0003648,110763,1,9,159668,643.492,0.736861,116923,116923,112677,112502,-0.19148,-0.174231
462|9,0.001824,99793,2,9,159668,643.492,0.736861,143456,143456,125879,125153,-2.3369,-2.285
462|9,0.00912,104612,3,9,159668,643.492,0.736861,150645,150645,95507.2,93638.2,1.07362,1.31969
462|9,0.0456,29106,4,9,159668,643.492,0.736861,144927,144927,31787.8,30229.9,-0.93995,-0.413871
462|9,0.228,1898,5,9,159668,643.492,0.736861,120293,120293,1879.21,1852.42,0.0887149,0.217642
462|9,1.14,602,6,9,159668,643.492,0.736861,73496.9,73496.9,623.303,624.03,-0.21117,-0.218241
462|9,5.7,556,7,9,159668,643.492,0.736861,29623.2,29623.2,582.109,582.109,-0.2685,-0.268502
462|9,28.5,492,8,9,159668,643.492,0.736861,8202.22,8202.22,472.124,472.124,0.227086,0.227085
462|10,0.0003648,102838,1,10,159668,643.492,0.736861,113236,113236,108842,108830,-0.621684,-0.620436
462|10,0.001824,109527,2,10,159668,643.492,0.736861,139788,139788,121579,121474,-1.11768,-1.10887
462|10,0.00912,75302,3,10,159668,643.492,0.736861,147039,147039,90710.8,90305.1,-1.9125,-1.87046
462|10,0.0456,30834,4,10,159668,643.492,0.736861,141528,141528,29392.9,28861.9,0.545521,0.760047
462|10,0.228,1866,5,10,159668,643.492,0.736861,117472,117472,1933.81,1862.12,-0.313025,0.0184725
462|10,1.14,542,6,10,159668,643.492,0.736861,71737.9,71737.9,610.604,610.224,-0.68771,-0.684129
462|10,5.7,526,7,10,159668,643.492,0.736861,28865.7,28865.7,567.225,567.225,-0.429759,-0.429758
462|10,28.5,550,8,10,159668,643.492,0.736861,7943.62,7943.62,457.239,457.239,1.07595,1.07595
462|7,0.0000768,94296,1,7,159668,643.492,0.736861,118851,118851,117767,117689,-2.24685,-2.24082
462|7,0.000384,117953,2,7,159668,643.492,0.736861,145916,145916,141251,140902,-1.86081,-1.83749
462|7,0.00192,127709,3,7,159668,643.492,0.736861,154984,154984,138149,136912,-0.852476,-0.758267
462|7,0.0096,104166,4,7,159668,643.492,0.736861,155345,155345,103837,100673,0.0356924,0.390913
462|7,0.048,34555,5,7,159668,643.492,0.736861,146073,146073,37414,34275.4,-0.853439,0.0909816
462|7,0.24,2124,6,7,159668,643.492,0.736861,118048,118048,2297.2,2105.51,-0.696382,0.0797898
462|7,1.2,604,7,7,159668,643.492,0.736861,68165.4,68165.4,590.631,591.194,0.136424,0.130611
462|7,6,570,8,7,159668,643.492,0.736861,23625.5,23625.5,479.259,479.259,1.0293,1.0293
462|8,0.0000768,101781,1,8,159668,643.492,0.736861,118418,118418,117443,117311,-1.50337,-1.49243
462|8,0.000384,127577,2,8,159668,643.492,0.736861,145484,145484,141274,140703,-1.0938,-1.05242
462|8,0.00192,127445,3,8,159668,643.492,0.736861,154554,154554,139262,137272,-0.957284,-0.807517
462|8,0.0096,110699,4,8,159668,643.492,0.736861,154923,154923,107192,102200,0.368714,0.936923
462|8,0.048,35462,5,8,159668,643.492,0.736861,145675,145675,40342,35838,-1.35231,-0.117098
462|8,0.24,2200,6,8,159668,643.492,0.736861,117721,117721,2100.58,2178.96,0.429769,0.0883243
462|8,1.2,518,7,8,159668,643.492,0.736861,67963.4,67963.4,587.608,589.031,-0.712269,-0.7259
462|8,6,538,8,8,159668,643.492,0.736861,23539.4,23539.4,477.513,477.513,0.687329,0.687328
462|11,0.0003712,100654,1,11,159668,643.492,0.736861,103192,103191,102840,102808,-0.239498,-0.236022
462|11,0.001856,107033,2,11,159668,643.492,0.736861,129783,129782,128222,128072,-1.86367,-1.85259
462|11,0.00928,111878,3,11,159668,643.492,0.736861,137172,137171,131417,130853,-1.67694,-1.6355
462|11,0.0464,96908,4,11,159668,643.492,0.736861,132126,132122,113555,111874,-1.65238,-1.50781
462|11,0.2319999999999999,62831,5,11,159668,643.492,0.736861,109432,109427,64529.6,61833.5,-0.295685,0.181151
462|11,1.16,11954,6,11,159668,643.492,0.736861,66466.8,66467.4,12000.4,11358.2,-0.0419658,0.568022
462|11,5.8,712,7,11,159668,643.492,0.736861,26515.4,26519.8,740.815,783.454,-0.258993,-0.62122
462|11,29,526,8,11,159668,643.492,0.736861,7152.19,7154.78,417.009,417.53,1.31855,1.31151
462|12,0.0003712,92444,1,12,159668,643.492,0.736861,75887.8,75887.6,75504.3,75522.3,2.52306,2.51979
462|12,0.001856,89758,2,12,159668,643.492,0.736861,102614,102614,100792,100869,-1.23325,-1.24089
462|12,0.00928,86511,3,12,159668,643.492,0.736861,110475,110474,103748,103988,-1.87191,-1.89365
462|12,0.0464,76016,4,12,159668,643.492,0.736861,106983,106980,86361.9,86877,-1.34838,-1.40718
462|12,0.2319999999999999,48569,5,12,159668,643.492,0.736861,88607.9,88604.2,45354.9,45658,0.793345,0.713816
462|12,1.16,9584,6,12,159668,643.492,0.736861,53530.7,53531.2,9636.95,9309.23,-0.0590413,0.316563
462|12,5.8,838,7,12,159668,643.492,0.736861,20964.7,20968.2,1021.08,914.826,-1.34609,-0.606721
462|12,29,604,8,12,159668,643.492,0.736861,5259.77,5261.67,322.945,316.898,3.78001,3.88927
1159|8,0.0016767999999999,99593,1,8,155907,645.636,0.580691,123427,123435,121938,121900,-2.06616,-2.06328
1159|8,0.0083839999999999,116325,2,8,155907,645.636,0.580691,141978,141980,135977,135798,-1.63024,-1.6175
1159|8,0.04192,106706,3,8,155907,645.636,0.580691,141330,141330,121370,120738,-1.36224,-1.3103
1159|8,0.2096,68255,4,8,155907,645.636,0.580691,120416,120416,71148,69838.1,-0.457087,-0.254779
1159|8,1.048,14589,5,8,155907,645.636,0.580691,76531.3,76531.4,14341.9,13648.3,0.188294,0.751839
1159|8,5.24,848,6,8,155907,645.636,0.580691,33017.6,33017.8,965.687,937.887,-0.897574,-0.698637
1159|8,26.2,548,7,8,155907,645.636,0.580691,10794.5,10794.7,602.288,602.224,-0.548232,-0.547625
1159|8,131,584,8,8,155907,645.636,0.580691,3090.94,3091.15,514.434,514.436,0.762247,0.762225
1159|7,0.0016767999999999,101433,1,7,155907,645.636,0.580691,123758,123766,122413,122478,-1.93248,-1.93743
1159|7,0.0083839999999999,119429,2,7,155907,645.636,0.580691,142304,142306,136869,137095,-1.43736,-1.45361
1159|7,0.04192,110627,3,7,155907,645.636,0.580691,141638,141639,123396,123992,-1.16686,-1.21541
1159|7,0.2096,72057,4,7,155907,645.636,0.580691,120675,120675,74446.2,75234.1,-0.360873,-0.474894
1159|7,1.048,16805,5,7,155907,645.636,0.580691,76695.6,76695.6,15639.4,15558.1,0.816815,0.878201
1159|7,5.24,794,6,7,155907,645.636,0.580691,33089.6,33089.8,970.976,912.594,-1.34497,-0.938042
1159|7,26.2,548,7,7,155907,645.636,0.580691,10819.3,10819.5,603.352,603.031,-0.558448,-0.555371
1159|7,131,586,8,7,155907,645.636,0.580691,3099.24,3099.45,515.814,515.816,0.768017,0.767998
1159|5,0.0004351999999999,97161,1,5,155907,645.636,0.580691,123943,123952,123516,123436,-2.40593,-2.40018
1159|5,0.0021759999999999,125765,2,5,155907,645.636,0.580691,144083,144086,142298,141962,-1.31078,-1.28719
1159|5,0.0108799999999999,136220,3,5,155907,645.636,0.580691,148653,148654,142204,141010,-0.474745,-0.383233
1159|5,0.0543999999999999,114517,4,5,155907,645.636,0.580691,141183,141183,120557,117208,-0.564877,-0.258803
1159|5,0.2719999999999999,61943,5,5,155907,645.636,0.580691,114547,114547,65270.1,60623.9,-0.572635,0.244291
1159|5,1.36,9970,6,5,155907,645.636,0.580691,67531.4,67531.8,10126,9728.84,-0.165939,0.26647
1159|5,6.8,728,7,5,155907,645.636,0.580691,26682.9,26683.4,689.332,780.358,0.362366,-0.456283
1159|5,34,602,8,5,155907,645.636,0.580691,7705.9,7706.42,514.461,514.975,0.959161,0.953051
1159|6,0.0004351999999999,95565,1,6,155907,645.636,0.580691,124276,124284,123773,123773,-2.5698,-2.56981
1159|6,0.0021759999999999,128566,2,6,155907,645.636,0.580691,144414,144417,142324,142314,-1.09062,-1.08985
1159|6,0.0108799999999999,138726,3,6,155907,645.636,0.580691,148977,148978,141478,141407,-0.219433,-0.213921
1159|6,0.0543999999999999,118728,4,6,155907,645.636,0.580691,141486,141486,117980,117705,0.0714442,0.0980238
1159|6,0.2719999999999999,63450,5,6,155907,645.636,0.580691,114793,114793,61567.5,61092.7,0.343323,0.433227
1159|6,1.36,9870,6,6,155907,645.636,0.580691,67678.7,67679.1,9890.49,9809.56,-0.0222843,0.0662574
1159|6,6.8,754,7,6,155907,645.636,0.580691,26744.2,26744.7,769.761,778.378,-0.13848,-0.212768
1159|6,34,622,8,6,155907,645.636,0.580691,7726.58,7727.1,516.205,516.306,1.15723,1.15602
1159|11,0.0014272,100576,1,11,155907,645.636,0.580691,111973,111826,105568,105736,-0.532828,-0.549869
1159|11,0.007136,102398,2,11,155907,645.636,0.580691,130973,130510,107758,108209,-0.560506,-0.605136
1159|11,0.03568,72564,3,11,155907,645.636,0.580691,131774,130736,70170.7,70721.6,0.383355,0.292831
1159|11,0.1784,17511,4,11,155907,645.636,0.580691,114480,113105,17316,17142.9,0.123808,0.236012
1159|11,0.892,1002,5,11,155907,645.636,0.580691,75358.6,75221.9,1105.14,1017.6,-0.719077,-0.114976
1159|11,4.46,496,6,11,155907,645.636,0.580691,33616.5,34910.8,585.849,585.256,-0.920859,-0.915265
1159|11,22.3,576,7,11,155907,645.636,0.580691,11103.4,12168.6,553.289,553.29,0.239827,0.239825
1159|11,111.5,544,8,11,155907,645.636,0.580691,3111.56,3555.92,466.342,466.343,0.892445,0.892433
1159|12,0.0014272,84673,1,12,155907,645.636,0.580691,91039.8,90925.5,85137.6,85119.7,-0.0614172,-0.0590629
1159|12,0.007136,82237,2,12,155907,645.636,0.580691,110336,109951,88366.1,88223.6,-0.780791,-0.76387
1159|12,0.03568,57156,3,12,155907,645.636,0.580691,112129,111250,54850,54414.8,0.471592,0.565026
1159|12,0.1784,11396,4,12,155907,645.636,0.580691,97706,96536.1,11738.1,11399.2,-0.315998,-0.00300117
1159|12,0.892,752,5,12,155907,645.636,0.580691,64316.8,64202.4,766.61,745.781,-0.128679,0.0556775
1159|12,4.46,502,6,12,155907,645.636,0.580691,28605,29707.4,498.012,497.953,0.0444053,0.0450614
1159|12,22.3,554,7,12,155907,645.636,0.580691,9353.94,10251.7,466.13,466.131,1.01002,1.01001
1159|12,111.5,626,8,12,155907,645.636,0.580691,2529.86,2891.32,379.183,379.184,3.11168,3.11165
1159|9,0.0004479999999999,95841,1,9,155907,645.636,0.580691,122910,122834,121136,121088,-2.35435,-2.35083
1159|9,0.00224,110983,2,9,155907,645.636,0.580691,143037,142778,136264,136054,-2.0928,-2.07865
1159|9,0.0111999999999999,117579,3,9,155907,645.636,0.580691,147559,146889,125673,124948,-0.726299,-0.665083
1159|9,0.0559999999999999,86107,4,9,155907,645.636,0.580691,139953,138640,82944.7,81267.4,0.429011,0.670028
1159|9,0.2799999999999999,21584,5,9,155907,645.636,0.580691,113102,111794,22304.9,20981.9,-0.357631,0.31707
1159|9,1.4,1152,6,9,155907,645.636,0.580691,66225.4,66648.1,1273.35,1191.23,-0.766637,-0.259719
1159|9,7,622,7,9,155907,645.636,0.580691,26011.4,27416.2,597.753,597.663,0.245854,0.246789
1159|9,35,558,8,9,155907,645.636,0.580691,7489.83,8324.3,510.164,510.165,0.526325,0.526317
1159|10,0.0004479999999999,85632,1,10,155907,645.636,0.580691,120075,120001,118104,118011,-3.09962,-3.09315
1159|10,0.00224,112052,2,10,155907,645.636,0.580691,140217,139964,132691,132314,-1.75438,-1.7272
1159|10,0.0111999999999999,106618,3,10,155907,645.636,0.580691,144796,144139,120725,119557,-1.31749,-1.22018
1159|10,0.0559999999999999,72910,4,10,155907,645.636,0.580691,137375,136086,76694.6,74555.7,-0.555001,-0.24821
1159|10,0.2799999999999999,19961,5,10,155907,645.636,0.580691,111018,109734,19802.9,18906.8,0.0881072,0.614476
1159|10,1.4,1398,6,10,155907,645.636,0.580691,64985.4,65400.5,1366.46,1419.67,0.189427,-0.126593
1159|10,7,482,7,10,155907,645.636,0.580691,25498.7,26875.9,588.376,590.66,-1.08776,-1.10882
1159|10,35,578,8,10,155907,645.636,0.580691,7317.04,8132.3,498.399,498.408,0.885947,0.885844
1159|4,0.0010624,112128,1,4,155907,645.636,0.580691,122640,122640,121941,122014,-0.907364,-0.913537
1159|4,0.005312,130767,2,4,155907,645.636,0.580691,141929,141928,139081,139358,-0.674383,-0.69544
1159|4,0.02656,137610,3,4,155907,645.636,0.580691,143645,143642,133671,134530,0.332403,0.258215
1159|4,0.1328,112132,4,4,155907,645.636,0.580691,128331,128326,99370.1,101205,1.44666,1.21627
1159|4,0.664,38749,5,4,155907,645.636,0.580691,89758.5,89756.7,36892.8,38008.1,0.56182,0.217743
1159|4,3.32,2926,6,4,155907,645.636,0.580691,42854.5,42859,3206.59,2976.33,-0.852808,-0.163048
1159|4,16.6,542,7,4,155907,645.636,0.580691,14679.2,14683.6,614.765,605.396,-0.726744,-0.638446
1159|4,83,574,8,4,155907,645.636,0.580691,4141.32,4143.22,510.159,510.142,0.702425,0.702627
1159|3,0.0010624,108512,1,3,155907,645.636,0.580691,119811,119810,119186,119146,-1.00971,-1.00622
1159|3,0.005312,131884,2,3,155907,645.636,0.580691,139132,139130,136573,136395,-0.387275,-0.373051
1159|3,0.02656,133282,3,3,155907,645.636,0.580691,140956,140953,131905,131266,0.117772,0.173205
1159|3,0.1328,105629,4,3,155907,645.636,0.580691,125966,125961,98956.8,97342.2,0.759489,0.958844
1159|3,0.664,36126,5,3,155907,645.636,0.580691,88104.8,88103,36079.5,34682.7,0.014382,0.464276
1159|3,3.32,2310,6,3,155907,645.636,0.580691,42052.1,42056.5,2356.05,2390.41,-0.181379,-0.312938
1159|3,16.6,688,7,3,155907,645.636,0.580691,14389.9,14394.1,587.364,589.126,1.02999,1.01036
1159|3,83,592,8,3,155907,645.636,0.580691,4045.78,4047.63,498.37,498.371,1.04212,1.04211
1197|7,0.0016767999999999,74837,1,7,122610,645.636,0.646954,94531.4,94558,87219.9,86839.4,-1.59808,-1.55573
1197|7,0.0083839999999999,71977,2,7,122610,645.636,0.646954,111006,111015,83651,82395.9,-1.57048,-1.42285
1197|7,0.04192,42847,3,7,122610,645.636,0.646954,111170,111172,42650.5,40927.3,0.0515484,0.524453
1197|7,0.2096,5272,4,7,122610,645.636,0.646954,94913,94913.2,5364.84,5206.69,-0.178672,0.129152
1197|7,1.048,660,5,7,122610,645.636,0.646954,60372.9,60373,674.182,685.835,-0.134586,-0.24281
1197|7,5.24,592,6,7,122610,645.636,0.646954,26075.7,26076.2,632.946,632.974,-0.402499,-0.402758
1197|7,26.2,544,7,7,122610,645.636,0.646954,8558.23,8558.9,597.895,597.895,-0.546407,-0.546413
1197|7,131,580,8,7,122610,645.636,0.646954,2472.07,2472.77,501.101,501.103,0.875806,0.875784
1197|8,0.0016767999999999,74846,1,8,122610,645.636,0.646954,94241.1,94268,87247.3,86379.7,-1.59996,-1.50288
1197|8,0.0083839999999999,76735,2,8,122610,645.636,0.646954,110720,110729,84357.4,81616.3,-1.0169,-0.672936
1197|8,0.04192,41404,3,8,122610,645.636,0.646954,110900,110902,43725.8,40267.4,-0.594196,0.315547
1197|8,0.2096,5378,4,8,122610,645.636,0.646954,94686.4,94686.8,5353.07,5317.52,0.048082,0.117335
1197|8,1.048,706,5,8,122610,645.636,0.646954,60228.8,60229,662.283,699.463,0.419065,0.0607539
1197|8,5.24,542,6,8,122610,645.636,0.646954,26012.3,26012.9,631.403,631.498,-0.879996,-0.880861
1197|8,26.2,550,7,8,122610,645.636,0.646954,8536.21,8536.9,596.358,596.359,-0.470644,-0.470651
1197|8,131,550,8,8,122610,645.636,0.646954,2464.48,2465.18,499.565,499.567,0.560696,0.560675
1197|6,0.0004351999999999,82107,1,6,122610,645.636,0.646954,94926.5,94953.2,92535.9,92149.1,-1.26902,-1.22706
1197|6,0.0021759999999999,94216,2,6,122610,645.636,0.646954,112650,112659,102820,101298,-0.942756,-0.787599
1197|6,0.0108799999999999,78272,3,6,122610,645.636,0.646954,116924,116926,84743.4,80603.7,-0.85943,-0.325455
1197|6,0.0543999999999999,33061,4,6,122610,645.636,0.646954,111258,111258,36708.8,32061.5,-1.10952,0.34738
1197|6,0.2719999999999999,2724,5,6,122610,645.636,0.646954,90293.7,90293.9,2969.1,2707.41,-0.795667,0.0582219
1197|6,1.36,578,6,6,122610,645.636,0.646954,53191.1,53192.1,634.806,639.128,-0.557493,-0.59767
1197|6,6.8,604,7,6,122610,645.636,0.646954,20966.3,20967.9,597.895,597.896,0.0618966,0.0618797
1197|6,34,546,8,6,122610,645.636,0.646954,6002.61,6004.3,501.101,501.103,0.498392,0.49837
1197|5,0.0004351999999999,85902,1,5,122610,645.636,0.646954,94635,94662.1,92366.7,92182.5,-0.788082,-0.767149
1197|5,0.0021759999999999,97095,2,5,122610,645.636,0.646954,112361,112370,103000,102255,-0.645868,-0.568516
1197|5,0.0108799999999999,87358,3,5,122610,645.636,0.646954,116639,116642,85746.1,83646.4,0.211577,0.499338
1197|5,0.0543999999999999,36940,4,5,122610,645.636,0.646954,110992,110993,37992,35529.7,-0.309329,0.442978
1197|5,0.2719999999999999,2878,5,5,122610,645.636,0.646954,90078.1,90078.5,2961.38,2918.38,-0.271273,-0.133032
1197|5,1.36,646,6,5,122610,645.636,0.646954,53061.8,53063,632.217,634.279,0.135573,0.115084
1197|5,6.8,580,7,5,122610,645.636,0.646954,20912.3,20914,596.358,596.359,-0.166073,-0.16608
1197|5,34,628,8,5,122610,645.636,0.646954,5984.18,5985.89,499.565,499.567,1.42783,1.42781
1197|12,0.0014272,64032,1,12,122610,645.636,0.646954,65853.8,65853.8,60162.4,58847.8,0.72208,0.988801
1197|12,0.007136,55335,2,12,122610,645.636,0.646954,82959.5,82959.5,60406.3,56131.6,-0.942528,-0.159221
1197|12,0.03568,22894,3,12,122610,645.636,0.646954,85194.2,85194.2,28933.1,23772,-2.32182,-0.40926
1197|12,0.1784,2488,4,12,122610,645.636,0.646954,74479.9,74479.9,2881.16,2397.81,-1.30932,0.350115
1197|12,0.892,422,5,12,122610,645.636,0.646954,49063.9,49063.9,498.193,507.137,-0.848193,-0.939495
1197|12,4.46,484,6,12,122610,645.636,0.646954,21810.5,21810.5,480.686,480.706,0.0375383,0.037316
1197|12,22.3,418,7,12,122610,645.636,0.646954,7120.48,7120.48,445.609,445.609,-0.324102,-0.324102
1197|12,111.5,586,8,12,122610,645.636,0.646954,1902.69,1902.69,348.722,348.722,3.09643,3.09643
1197|10,0.0004479999999999,78110,1,10,122610,645.636,0.646954,91246.2,91246.2,87727.3,87725.7,-1.23403,-1.23385
1197|10,0.00224,84573,2,10,122610,645.636,0.646954,108976,108976,94883,94837.5,-1.22369,-1.21887
1197|10,0.0111999999999999,58621,3,10,122610,645.636,0.646954,113269,113269,70310.1,70120.9,-1.8687,-1.84337
1197|10,0.0559999999999999,24817,4,10,122610,645.636,0.646954,107682,107682,23373.1,23182,0.684294,0.781145
1197|10,0.2799999999999999,1870,5,10,122610,645.636,0.646954,87048.1,87048.1,1865.6,1861.82,0.0208882,0.0389233
1197|10,1.4,510,6,10,122610,645.636,0.646954,50908.2,50908.2,619.733,620.139,-1.09118,-1.09483
1197|10,7,484,7,10,122610,645.636,0.646954,19918.9,19918.9,578.457,578.458,-0.974602,-0.974615
1197|10,111.5,602,8,10,122610,645.636,0.646954,2627.5,2627.5,481.564,481.565,1.36299,1.36299
1197|9,0.0004479999999999,78594,1,9,122610,645.636,0.646954,93730.7,93730.7,90501.9,90557,-1.48137,-1.48733
1197|9,0.00224,83899,2,9,122610,645.636,0.646954,111446,111446,98459.3,98619.9,-1.66571,-1.68136
1197|9,0.0111999999999999,69732,3,9,122610,645.636,0.646954,115690,115690,75097.9,75313.8,-0.803519,-0.83346
1197|9,0.0559999999999999,27611,4,9,122610,645.636,0.646954,109942,109942,26062.3,25807.9,0.6597,0.775499
1197|9,0.2799999999999999,1566,5,9,122610,645.636,0.646954,88874.6,88874.6,1760.57,1594.75,-0.966513,-0.154
1197|9,1.4,560,6,9,122610,645.636,0.646954,51996.2,51996.2,628.084,627.238,-0.672094,-0.664233
1197|9,7,566,7,9,122610,645.636,0.646954,20370.4,20370.4,591.564,591.563,-0.26065,-0.26065
1197|9,35,568,8,9,122610,645.636,0.646954,5811.33,5811.33,494.677,494.677,0.819077,0.819077
1197|3,0.0010624,83416,1,3,122610,645.636,0.646954,91046,91046,86197.8,85677.7,-0.363243,-0.297102
1197|3,0.005312,89383,2,3,122610,645.636,0.646954,108133,108133,89125.6,87277.3,0.0325116,0.271578
1197|3,0.02656,58909,3,3,122610,645.636,0.646954,110268,110268,56248.4,52867.4,0.530709,1.28141
1197|3,0.1328,9266,4,3,122610,645.636,0.646954,98750.7,98750.7,10763.2,9908.68,-1.50262,-0.697879
1197|3,0.664,850,5,3,122610,645.636,0.646954,69109.6,69109.6,704.09,754.923,1.35085,0.845103
1197|3,3.32,606,6,3,122610,645.636,0.646954,32989.2,32989.2,613.531,613.612,-0.0752996,-0.0761041
1197|3,16.6,578,7,3,122610,645.636,0.646954,11295,11295,578.451,578.451,-0.00465598,-0.00465621
1197|3,83,552,8,3,122610,645.636,0.646954,3174.24,3174.24,481.564,481.565,0.79713,0.797129
1197|4,0.0010624,79953,1,4,122610,645.636,0.646954,93525.1,93525.1,88193.4,87853.1,-1.05181,-1.01224
1197|4,0.005312,90004,2,4,122610,645.636,0.646954,110584,110584,89817.3,88621.5,0.0234046,0.175613
1197|4,0.02656,58715,3,4,122610,645.636,0.646954,112625,112625,54174.6,52198.7,0.940007,1.39963
1197|4,0.1328,7962,4,4,122610,645.636,0.646954,100823,100823,8424.7,8393.19,-0.585801,-0.547839
1197|4,0.664,770,5,4,122610,645.636,0.646954,70559.7,70559.7,654.818,683.318,1.11113,0.816377
1197|4,3.32,568,6,4,122610,645.636,0.646954,33694.2,33694.2,626.64,626.642,-0.5796,-0.579619
1197|4,16.6,564,7,4,122610,645.636,0.646954,11551.1,11551.1,591.563,591.563,-0.281042,-0.281042
1197|4,83,596,8,4,122610,645.636,0.646954,3260.66,3260.66,494.677,494.677,1.13186,1.13186
1197|11,0.0014272,67698,1,11,122610,645.636,0.646954,84194.8,84194.8,73900.1,73356.1,-0.943682,-0.867249
1197|11,0.007136,59779,2,11,122610,645.636,0.646954,101041,101041,64719.7,63213.3,-0.857542,-0.610174
1197|11,0.03568,23906,3,11,122610,645.636,0.646954,102408,102408,25367.4,24117.4,-0.639264,-0.0971516
1197|11,0.1784,2906,4,11,122610,645.636,0.646954,89181,89181,2800.92,2772.04,0.358396,0.460911
1197|11,0.892,526,5,11,122610,645.636,0.646954,58748.3,58748.3,625.54,635.5,-0.984798,-1.07399
1197|11,4.46,512,6,11,122610,645.636,0.646954,26217.4,26217.4,578.016,578.227,-0.681426,-0.683475
1197|11,22.3,520,7,11,122610,645.636,0.646954,8672.43,8672.43,542.733,542.735,-0.242448,-0.242468
1197|11,35,602,8,11,122610,645.636,0.646954,5237.67,5237.67,445.845,445.846,1.83265,1.83265
