id,eta_f_SAEM,eta_h_SAEM,eta_s_SAEM,eta_L_gap_SAEM,eta_f_mode,eta_h_mode,eta_s_mode,eta_L_gap_mode,mab_virus,run_id
9|411|9|411|sample|4|274|4|274|70.0,0.561785,8.39081e-09,0,8.08339e-09,0.58283,2.04614e-13,0,2.08722e-13,70.0|274,411
9|411|9|411|sample|3|274|3|274|70.0,0.0250496,-4.33016e-09,0,-7.16624e-09,0.0265562,3.41727e-13,0,-4.52971e-14,70.0|274,411
9|411|9|411|sample|5|274|5|274|70.0,0.668375,2.8774e-09,0,-7.95908e-09,0.671497,3.42282e-13,0,1.24789e-13,70.0|274,411
9|411|9|411|sample|6|274|6|274|70.0,0.769539,-1.95247e-09,0,-1.94211e-09,0.749348,3.42837e-13,0,4.44089e-14,70.0|274,411
9|411|9|411|sample|8|274|8|274|70.0,0.331843,2.11497e-09,0,7.35365e-09,0.321381,-1.81855e-13,0,-2.21156e-13,70.0|274,411
9|411|9|411|sample|7|274|7|274|70.0,0.255782,-3.1682e-09,0,-3.06437e-09,0.251412,-3.06977e-13,0,8.43769e-14,70.0|274,411
9|411|9|411|sample|9|274|9|274|70.0,0.606127,-1.60202e-10,0,2.22034e-09,0.598851,-1.14353e-13,0,-8.43769e-14,70.0|274,411
9|411|9|411|sample|10|274|10|274|70.0,0.740545,2.95421e-09,0,-3.3495e-09,0.734173,-4.01901e-14,0,-4.54747e-13,70.0|274,411
9|411|9|411|sample|12|274|12|274|70.0,0.212019,-3.71376e-09,0,4.08842e-09,0.219797,5.19584e-14,0,4.98268e-13,70.0|274,411
9|411|9|411|sample|11|274|11|274|70.0,0.350753,-1.34862e-09,0,-6.4132e-10,0.344064,-2.99094e-13,0,-2.71783e-13,70.0|274,411
9|411|9|411|cc|1|1|274|1|274|69.0,-0.084856,-4.01645e-09,0,-3.80547e-09,-5.61605e-07,-6.21725e-15,0,-1.68754e-14,69.0|274,411
9|411|9|411|cc|2|1|274|1|274|69.0,-0.0727669,2.07325e-09,0,7.88438e-09,-1.40996e-07,1.77636e-15,0,-1.9984e-14,69.0|274,411
9|411|9|411|cc|3|1|274|1|274|69.0,-0.0749887,4.18339e-09,0,-3.19253e-09,-1.70074e-07,-2.39808e-14,0,-1.55431e-15,69.0|274,411
9|411|9|411|cc|4|1|274|1|274|69.0,-0.0607635,5.39186e-10,0,1.38471e-09,-3.28466e-07,-1.95399e-14,0,1.9984e-15,69.0|274,411
9|411|9|411|cc|5|1|274|1|274|69.0,0.0376847,4.02568e-09,0,-4.70717e-09,1.91003e-07,8.88178e-15,0,1.77636e-15,69.0|274,411
9|411|9|411|cc|6|1|274|1|274|69.0,-0.0599085,1.88011e-10,0,1.26159e-09,-2.38484e-07,-1.33227e-14,0,-3.33067e-15,69.0|274,411
9|411|9|411|cc|7|1|274|1|274|69.0,-0.0920539,-9.6201e-10,0,-4.65788e-09,-5.92841e-08,8.88178e-15,0,-2.19824e-14,69.0|274,411
9|411|9|411|cc|8|1|274|1|274|69.0,0.0327833,4.9043e-10,0,3.77566e-09,3.24004e-07,3.55271e-15,0,-7.10543e-15,69.0|274,411
9|411|9|411|vc|1|2|274|2|274|69.0,0.194371,-3.65216e-09,0,-2.15117e-09,-4.53696e-07,2.26485e-14,0,-2.44249e-15,69.0|274,411
9|411|9|411|vc|2|2|274|2|274|69.0,0.0458279,3.11589e-09,0,-1.00442e-09,5.35174e-07,-5.32907e-15,0,8.88178e-16,69.0|274,411
9|411|9|411|vc|3|2|274|2|274|69.0,-0.157627,-3.75759e-10,0,-6.47315e-10,7.85749e-09,1.19904e-14,0,-9.54792e-15,69.0|274,411
9|411|9|411|vc|4|2|274|2|274|69.0,-0.0122084,1.10142e-09,0,-1.80316e-09,-1.41821e-07,-1.42109e-14,0,3.10862e-15,69.0|274,411
9|411|9|411|vc|5|2|274|2|274|69.0,-0.160623,-3.32089e-09,0,2.09784e-09,-8.04354e-07,-7.10543e-15,0,-2.44249e-15,69.0|274,411
9|411|9|411|vc|6|2|274|2|274|69.0,-0.0973483,-2.47669e-09,0,-9.78116e-10,2.69428e-07,-1.28786e-14,0,1.19904e-14,69.0|274,411
9|411|9|411|vc|7|2|274|2|274|69.0,-0.00196373,-2.75107e-09,0,6.97912e-10,-0.00199012,9.23706e-13,0,-2.83173e-12,69.0|274,411
9|411|9|411|vc|8|2|274|2|274|69.0,0.152865,1.99049e-09,0,-1.43085e-10,-2.32813e-07,-5.32907e-15,0,1.55431e-14,69.0|274,411
8|152|8|152|sample|8|322|8|322|65.0,0.224839,-3.37295e-09,0,7.27817e-09,0.213206,1.75637e-13,0,-3.1275e-13,65.0|322,152
8|152|8|152|sample|7|322|7|322|65.0,0.321691,2.35278e-09,0,-1.03301e-08,0.316792,1.55431e-15,0,3.05311e-14,65.0|322,152
8|152|8|152|sample|6|322|6|322|65.0,0.353799,-6.48592e-09,0,5.55286e-09,0.354236,1.65201e-13,0,1.46438e-13,65.0|322,152
8|152|8|152|sample|5|322|5|322|65.0,0.250043,2.5471e-10,0,5.22908e-09,0.247095,-2.84217e-13,0,-3.38951e-13,65.0|322,152
8|152|8|152|sample|12|322|12|322|28.0,-0.92588,-9.27226e-09,0,5.03855e-09,-0.950011,-2.74447e-13,0,-3.25961e-13,28.0|322,152
8|152|8|152|sample|11|322|11|322|28.0,-0.749935,-7.0882e-09,0,-5.16939e-09,-0.758657,1.35669e-13,0,1.5099e-14,28.0|322,152
8|152|8|152|sample|10|322|10|322|28.0,-0.752951,-3.35852e-10,0,5.68927e-09,-0.770715,2.16938e-13,0,4.82281e-13,28.0|322,152
8|152|8|152|sample|9|322|9|322|28.0,-0.600254,3.75638e-09,0,-6.57716e-09,-0.601288,-3.67484e-14,0,-1.47438e-13,28.0|322,152
8|152|8|152|sample|3|322|3|322|22.0,-0.0142204,-1.82037e-09,0,-1.46745e-09,-0.0289062,4.4853e-14,0,-1.71196e-13,22.0|322,152
8|152|8|152|sample|4|322|4|322|22.0,0.103435,1.67043e-09,0,-1.03822e-09,0.0932435,-2.58682e-14,0,1.84519e-13,22.0|322,152
8|152|8|152|cc|1|1|322|1|322|69.0,-0.0101513,-3.64889e-09,0,2.00285e-09,8.4645e-08,1.15463e-14,0,-3.10862e-15,69.0|322,152
8|152|8|152|cc|2|1|322|1|322|69.0,-0.0811012,2.01387e-09,0,5.65397e-10,4.60143e-08,1.37668e-14,0,-1.33227e-15,69.0|322,152
8|152|8|152|cc|3|1|322|1|322|69.0,-0.083442,-2.99465e-09,0,-8.08594e-10,-2.15076e-07,8.88178e-16,0,1.33227e-14,69.0|322,152
8|152|8|152|cc|4|1|322|1|322|69.0,-0.00980139,-3.24634e-09,0,2.29122e-09,-0.00995417,5.20473e-13,0,1.57785e-12,69.0|322,152
8|152|8|152|cc|5|1|322|1|322|69.0,-0.00510328,-1.94089e-09,0,-1.7556e-10,-0.00521466,3.30669e-12,0,-1.04183e-12,69.0|322,152
8|152|8|152|cc|6|1|322|1|322|69.0,-0.131431,-3.64254e-09,0,-6.69949e-10,-3.62418e-07,-1.24345e-14,0,7.54952e-15,69.0|322,152
8|152|8|152|cc|7|1|322|1|322|69.0,0.0200399,3.92891e-09,0,-3.09279e-09,-1.0908e-07,1.77636e-15,0,4.88498e-15,69.0|322,152
8|152|8|152|cc|8|1|322|1|322|69.0,0.0234689,-4.56154e-09,0,-1.07261e-09,-1.78644e-07,-2.26485e-14,0,-1.33227e-15,69.0|322,152
8|152|8|152|vc|1|2|322|2|322|69.0,-0.0699902,1.75549e-09,0,-5.8246e-10,-2.0532e-07,-1.77636e-15,0,1.33227e-15,69.0|322,152
8|152|8|152|vc|2|2|322|2|322|69.0,-0.119622,2.65023e-09,0,-3.89487e-09,-3.38207e-07,4.44089e-16,0,-7.10543e-15,69.0|322,152
8|152|8|152|vc|3|2|322|2|322|69.0,-0.134869,-5.04233e-09,0,3.29472e-09,3.17581e-07,-7.10543e-15,0,1.33227e-15,69.0|322,152
8|152|8|152|vc|4|2|322|2|322|69.0,-0.0788482,4.01007e-09,0,1.63801e-10,-1.26097e-07,-1.77636e-15,0,-1.42109e-14,69.0|322,152
8|152|8|152|vc|5|2|322|2|322|69.0,-0.0137983,2.54872e-09,0,2.30503e-09,-1.85076e-07,6.66134e-15,0,-2.22045e-15,69.0|322,152
8|152|8|152|vc|6|2|322|2|322|69.0,-0.136873,5.4785e-10,0,7.79505e-10,4.59382e-07,-6.66134e-15,0,5.77316e-15,69.0|322,152
8|152|8|152|vc|7|2|322|2|322|69.0,-0.0717347,-3.40026e-10,0,-3.02017e-09,4.40662e-07,-4.88498e-15,0,7.54952e-15,69.0|322,152
8|152|8|152|vc|8|2|322|2|322|69.0,-0.066524,3.73117e-09,0,-1.40197e-09,-9.64603e-08,1.95399e-14,0,0,69.0|322,152
8|1056|8|1056|sample|8|276|8|276|65.0,-0.558279,-1.45755e-08,0,2.0176e-09,-0.548092,-3.24185e-14,0,2.77556e-13,65.0|276,1056
8|1056|8|1056|sample|7|276|7|276|65.0,-0.571643,-4.37455e-09,0,-1.9304e-09,-0.57029,1.35003e-13,0,-1.78968e-13,65.0|276,1056
8|1056|8|1056|sample|6|276|6|276|65.0,-0.541865,5.84063e-09,0,1.52874e-09,-0.540267,4.50751e-13,0,-6.50591e-13,65.0|276,1056
8|1056|8|1056|sample|5|276|5|276|65.0,-0.610639,-9.00706e-10,0,3.87209e-09,-0.603003,-9.32587e-14,0,2.73559e-13,65.0|276,1056
8|1056|8|1056|sample|12|276|12|276|28.0,-0.558123,5.76649e-10,0,1.88213e-09,-0.567049,-8.65974e-14,0,6.30607e-14,28.0|276,1056
8|1056|8|1056|sample|11|276|11|276|28.0,-0.396913,-1.01439e-09,0,3.88652e-09,-0.402647,-7.23865e-14,0,4.85834e-13,28.0|276,1056
8|1056|8|1056|sample|10|276|10|276|28.0,0.0291971,-6.75251e-09,0,-9.27714e-09,0.0214992,6.34826e-13,0,-3.09086e-13,28.0|276,1056
8|1056|8|1056|sample|9|276|9|276|28.0,0.113228,9.69246e-09,0,4.5817e-09,0.0933492,9.10383e-15,0,-2.15827e-13,28.0|276,1056
8|1056|8|1056|sample|4|276|4|276|22.0,-0.71326,3.01807e-09,0,-3.9357e-09,-0.71889,-2.88658e-13,0,-3.68761e-13,22.0|276,1056
8|1056|8|1056|sample|3|276|3|276|22.0,-0.814063,-3.85465e-09,0,-9.44028e-11,-0.818998,-4.64073e-14,0,-2.06418e-13,22.0|276,1056
8|1056|8|1056|cc|1|1|276|1|276|69.0,0.110372,2.26786e-09,0,-2.20957e-09,-3.21541e-07,1.33227e-14,0,4.44089e-15,69.0|276,1056
8|1056|8|1056|cc|2|1|276|1|276|69.0,0.0572477,6.29032e-09,0,9.31546e-10,7.0256e-08,1.77636e-14,0,6.66134e-15,69.0|276,1056
8|1056|8|1056|cc|3|1|276|1|276|69.0,0.0800848,4.1181e-09,0,-5.91079e-09,4.33725e-07,-4.66294e-15,0,3.55271e-15,69.0|276,1056
8|1056|8|1056|cc|4|1|276|1|276|69.0,-0.00759502,-9.65112e-10,0,1.33154e-09,1.48533e-08,-1.9984e-15,0,1.68754e-14,69.0|276,1056
8|1056|8|1056|cc|5|1|276|1|276|69.0,0.222458,-8.98235e-10,0,-5.08705e-09,-7.52234e-08,2.84217e-14,0,-8.88178e-16,69.0|276,1056
8|1056|8|1056|cc|6|1|276|1|276|69.0,-0.0243855,-1.92534e-09,0,2.74591e-09,1.57401e-07,-1.19904e-14,0,1.77636e-15,69.0|276,1056
8|1056|8|1056|cc|7|1|276|1|276|69.0,0.0518703,-1.31653e-09,0,1.41053e-10,-1.15578e-07,1.62093e-14,0,-3.9968e-15,69.0|276,1056
8|1056|8|1056|cc|8|1|276|1|276|69.0,0.0599585,3.00206e-09,0,7.7543e-10,-4.13938e-07,3.33067e-15,0,-5.32907e-15,69.0|276,1056
8|1056|8|1056|vc|1|2|276|2|276|69.0,-0.0423583,2.93156e-09,0,1.67377e-09,3.43815e-07,-1.86517e-14,0,6.66134e-15,69.0|276,1056
8|1056|8|1056|vc|2|2|276|2|276|69.0,-0.00367226,-1.74981e-09,0,-1.12762e-09,2.11854e-07,-1.19904e-14,0,8.88178e-16,69.0|276,1056
8|1056|8|1056|vc|3|2|276|2|276|69.0,-0.0537807,-1.73116e-09,0,4.89862e-09,2.83683e-07,5.77316e-15,0,-5.32907e-15,69.0|276,1056
8|1056|8|1056|vc|4|2|276|2|276|69.0,-0.0878751,5.97177e-09,0,4.58177e-09,2.78014e-07,-1.11022e-14,0,-1.5099e-14,69.0|276,1056
8|1056|8|1056|vc|5|2|276|2|276|69.0,-0.0789183,-9.63007e-10,0,-1.96667e-09,-2.70828e-07,-6.21725e-15,0,-1.77636e-15,69.0|276,1056
8|1056|8|1056|vc|6|2|276|2|276|69.0,-0.0980363,2.91275e-09,0,-1.17364e-09,2.44486e-07,4.21885e-15,0,-1.77636e-15,69.0|276,1056
8|1056|8|1056|vc|7|2|276|2|276|69.0,-0.0503574,-2.70822e-09,0,-6.98711e-10,-5.19088e-08,-1.5099e-14,0,-3.9968e-15,69.0|276,1056
8|1056|8|1056|vc|8|2|276|2|276|69.0,-0.00193464,-4.65551e-09,0,3.70492e-09,-0.00196722,5.07772e-12,0,2.37339e-11,69.0|276,1056
8|462|8|462|sample|6|292|6|292|55.0,0.946803,3.38355e-09,0,-7.96364e-09,0.909543,-8.06022e-14,0,-2.26485e-14,55.0|292,462
8|462|8|462|sample|5|292|5|292|55.0,1.26319,-2.0103e-09,0,-4.95179e-10,1.18925,4.41869e-14,0,-4.95159e-14,55.0|292,462
8|462|8|462|sample|4|292|4|292|55.0,1.09675,-1.52046e-09,0,-5.01217e-09,1.05777,6.42819e-14,0,-5.30687e-14,55.0|292,462
8|462|8|462|sample|3|292|3|292|55.0,1.22143,3.862e-09,0,-1.16561e-10,1.19171,2.45359e-14,0,-4.01901e-14,55.0|292,462
8|462|8|462|sample|9|292|9|292|32.0,-3.05559,2.73019e-09,0,7.57131e-10,-3.05846,6.13287e-13,0,-3.64153e-14,32.0|292,462
8|462|8|462|sample|10|292|10|292|32.0,-3.03063,-4.42993e-11,0,-6.22767e-10,-3.04051,4.31877e-13,0,-3.93463e-13,32.0|292,462
8|462|8|462|sample|7|292|7|292|32.0,-2.91782,4.08763e-09,0,-1.69605e-09,-2.91018,-2.58904e-13,0,-3.06422e-13,32.0|292,462
8|462|8|462|sample|8|292|8|292|32.0,-2.8853,-5.82997e-09,0,4.75441e-09,-2.8835,1.09468e-13,0,-9.2637e-13,32.0|292,462
8|462|8|462|sample|11|292|11|292|22.0,-0.470574,7.077e-11,0,-8.43964e-10,-0.479171,-1.52767e-13,0,-1.69621e-13,22.0|292,462
8|462|8|462|sample|12|292|12|292|22.0,-0.452289,-4.35708e-09,0,2.11132e-09,-0.464442,-1.9873e-13,0,1.9118e-13,22.0|292,462
8|462|8|462|cc|1|1|292|1|292|69.0,-0.0358713,-1.27743e-09,0,-2.64134e-10,2.97342e-08,4.82947e-15,0,-1.59872e-14,69.0|292,462
8|462|8|462|cc|2|1|292|1|292|69.0,-0.0359212,5.08484e-09,0,-2.50706e-10,3.98901e-08,8.32667e-15,0,2.30926e-14,69.0|292,462
8|462|8|462|cc|3|1|292|1|292|69.0,-0.0665348,-4.88966e-09,0,2.15026e-10,4.436e-07,6.32827e-15,0,-8.88178e-15,69.0|292,462
8|462|8|462|cc|4|1|292|1|292|69.0,0.0840015,-4.8566e-09,0,-4.71145e-09,-7.73674e-08,-8.88178e-15,0,5.32907e-15,69.0|292,462
8|462|8|462|cc|5|1|292|1|292|69.0,-0.0578711,-2.86117e-09,0,3.2204e-09,-3.73426e-07,3.77476e-15,0,-1.06581e-14,69.0|292,462
8|462|8|462|cc|6|1|292|1|292|69.0,0.0868246,5.97433e-10,0,-2.1141e-10,3.93963e-09,1.91513e-14,0,-2.66454e-15,69.0|292,462
8|462|8|462|cc|7|1|292|1|292|69.0,-0.0426118,-8.46446e-10,0,1.62058e-09,2.95167e-07,1.22125e-15,0,-1.77636e-15,69.0|292,462
8|462|8|462|cc|8|1|292|1|292|69.0,-0.0573837,-2.11796e-09,0,-1.75288e-10,-4.43735e-07,1.11022e-14,0,5.32907e-15,69.0|292,462
8|462|8|462|vc|1|2|292|2|292|69.0,0.168876,2.01288e-09,0,-6.17969e-10,3.59619e-07,1.16573e-15,0,5.32907e-15,69.0|292,462
8|462|8|462|vc|2|2|292|2|292|69.0,0.0820054,2.22163e-10,0,-6.98883e-10,2.72899e-07,-2.09832e-14,0,8.88178e-16,69.0|292,462
8|462|8|462|vc|3|2|292|2|292|69.0,0.0106276,4.02984e-11,0,-4.84122e-09,0.010883,5.63072e-12,0,-1.33049e-12,69.0|292,462
8|462|8|462|vc|4|2|292|2|292|69.0,-0.0386549,2.36145e-09,0,1.84141e-09,2.93539e-07,1.09912e-14,0,-1.77636e-15,69.0|292,462
8|462|8|462|vc|5|2|292|2|292|69.0,-0.116767,-2.72252e-09,0,2.93575e-09,-1.03426e-07,3.75255e-14,0,7.10543e-15,69.0|292,462
8|462|8|462|vc|6|2|292|2|292|69.0,-0.124332,-4.49187e-09,0,-1.46993e-09,3.96111e-07,-3.21965e-15,0,9.76996e-15,69.0|292,462
8|462|8|462|vc|7|2|292|2|292|69.0,0.128826,3.22094e-09,0,3.37643e-09,1.82247e-07,-2.9976e-15,0,-5.32907e-15,69.0|292,462
8|462|8|462|vc|8|2|292|2|292|69.0,-0.102489,-3.07552e-09,0,1.46317e-09,3.32479e-07,1.16573e-15,0,4.44089e-15,69.0|292,462
8|1159|8|1159|sample|8|292|8|292|65.0,0.827408,3.68815e-10,0,5.70794e-09,0.813014,-2.06501e-14,0,-8.61533e-14,65.0|292,1159
8|1159|8|1159|sample|7|292|7|292|65.0,0.893801,4.20905e-09,0,6.45938e-09,0.891748,-1.87406e-13,0,1.98064e-13,65.0|292,1159
8|1159|8|1159|sample|5|292|5|292|65.0,0.862477,-1.98478e-09,0,-8.02314e-10,0.869407,4.67404e-14,0,-3.55271e-14,65.0|292,1159
8|1159|8|1159|sample|6|292|6|292|65.0,0.884318,3.18855e-09,0,2.0911e-10,0.869928,-1.59428e-13,0,5.3646e-13,65.0|292,1159
8|1159|8|1159|sample|11|292|11|292|28.0,-1.04765,1.31052e-09,0,-9.97063e-11,-1.059,-1.41664e-13,0,-2.71172e-14,28.0|292,1159
8|1159|8|1159|sample|12|292|12|292|28.0,-1.2456,1.78269e-09,0,-4.17937e-09,-1.22729,4.46532e-13,0,-2.30732e-13,28.0|292,1159
8|1159|8|1159|sample|9|292|9|292|28.0,-0.506908,-1.3312e-09,0,-6.39621e-09,-0.51612,2.95319e-14,0,2.35312e-13,28.0|292,1159
8|1159|8|1159|sample|10|292|10|292|28.0,-0.528896,-3.29206e-09,0,2.57394e-09,-0.531763,3.55049e-13,0,4.82669e-14,28.0|292,1159
8|1159|8|1159|sample|4|292|4|292|22.0,0.301315,2.17224e-09,0,4.15628e-10,0.312316,-5.26357e-13,0,-1.82354e-13,22.0|292,1159
8|1159|8|1159|sample|3|292|3|292|22.0,0.237215,9.72048e-10,0,3.95709e-10,0.227261,1.69642e-13,0,9.4591e-14,22.0|292,1159
8|1159|8|1159|cc|1|1|292|1|292|69.0,-0.0631407,2.91838e-09,0,1.36665e-09,-7.36121e-07,-7.21645e-16,0,1.42109e-14,69.0|292,1159
8|1159|8|1159|cc|2|1|292|1|292|69.0,0.0749536,-4.51299e-10,0,2.86328e-09,-2.15026e-07,-2.33147e-15,0,-6.21725e-15,69.0|292,1159
8|1159|8|1159|cc|3|1|292|1|292|69.0,0.0141178,5.64895e-10,0,-6.34532e-10,0.014219,3.59501e-12,0,7.22089e-13,69.0|292,1159
8|1159|8|1159|cc|4|1|292|1|292|69.0,-0.132805,-3.76351e-09,0,-3.5058e-09,1.05137e-07,8.65974e-15,0,-2.66454e-15,69.0|292,1159
8|1159|8|1159|cc|5|1|292|1|292|69.0,0.0294202,-9.18652e-10,0,-4.95471e-10,-3.59028e-07,1.65423e-14,0,0,69.0|292,1159
8|1159|8|1159|cc|6|1|292|1|292|69.0,-0.108474,-4.03547e-09,0,5.56097e-10,-3.5466e-07,-6.99441e-15,0,-8.88178e-16,69.0|292,1159
8|1159|8|1159|cc|7|1|292|1|292|69.0,0.0403747,-2.22135e-09,0,7.57894e-10,1.10144e-07,9.82547e-15,0,-1.77636e-15,69.0|292,1159
8|1159|8|1159|cc|8|1|292|1|292|69.0,0.0654057,-2.68998e-09,0,2.39191e-09,3.98957e-07,1.83742e-14,0,0,69.0|292,1159
8|1159|8|1159|vc|1|2|292|2|292|69.0,-0.00265988,1.9391e-09,0,1.9192e-09,-0.00274342,-3.02303e-12,0,-3.06422e-13,69.0|292,1159
8|1159|8|1159|vc|2|2|292|2|292|69.0,0.0776535,1.79541e-09,0,3.34543e-09,1.93821e-07,-1.88738e-15,0,7.99361e-15,69.0|292,1159
8|1159|8|1159|vc|3|2|292|2|292|69.0,-0.00678647,1.58778e-09,0,1.65085e-09,-3.30219e-07,5.55112e-16,0,-6.21725e-15,69.0|292,1159
8|1159|8|1159|vc|4|2|292|2|292|69.0,0.00235385,4.71282e-10,0,9.49384e-10,0.00236732,-8.47322e-13,0,-4.50306e-13,69.0|292,1159
8|1159|8|1159|vc|5|2|292|2|292|69.0,-0.0754551,3.98324e-09,0,4.01759e-09,-2.28563e-07,-3.66374e-15,0,-4.44089e-15,69.0|292,1159
8|1159|8|1159|vc|6|2|292|2|292|69.0,0.0202142,-9.23621e-11,0,-1.57833e-09,1.50708e-07,-8.88178e-16,0,-2.66454e-15,69.0|292,1159
8|1159|8|1159|vc|7|2|292|2|292|69.0,-0.00982117,3.75598e-09,0,-1.71558e-09,-0.00992111,2.15211e-12,0,4.53859e-13,69.0|292,1159
8|1159|8|1159|vc|8|2|292|2|292|69.0,-0.116128,-6.09953e-09,0,5.60196e-09,2.62163e-08,-2.16493e-15,0,-1.77636e-14,69.0|292,1159
8|1197|8|1197|sample|7|103|7|103|65.0,-1.57381,6.17657e-09,0,-2.49179e-09,-1.58511,1.82077e-13,0,3.19744e-14,65.0|103,1197
8|1197|8|1197|sample|8|103|8|103|65.0,-1.58688,-2.52993e-09,0,-1.05189e-09,-1.57872,4.19664e-14,0,8.08242e-14,65.0|103,1197
8|1197|8|1197|sample|6|103|6|103|65.0,-1.65827,-4.68001e-09,0,4.29068e-09,-1.66393,2.80664e-13,0,1.51879e-13,65.0|103,1197
8|1197|8|1197|sample|5|103|5|103|65.0,-1.57459,1.22579e-09,0,3.71566e-09,-1.59037,8.39329e-14,0,-1.59872e-14,65.0|103,1197
8|1197|8|1197|sample|12|103|12|103|28.0,-2.54981,1.16152e-09,0,4.02257e-09,-2.53434,-1.74527e-13,0,1.68754e-14,28.0|103,1197
8|1197|8|1197|sample|10|103|10|103|28.0,-2.36602,-2.56128e-10,0,3.10378e-10,-2.35603,6.4615e-14,0,3.8991e-13,28.0|103,1197
8|1197|8|1197|sample|9|103|9|103|28.0,-2.34697,1.75875e-09,0,6.78801e-09,-2.33296,2.26041e-13,0,-1.61204e-13,28.0|103,1197
8|1197|8|1197|sample|3|103|3|103|22.0,-2.15685,3.99156e-09,0,3.32312e-09,-2.13815,-8.23785e-14,0,2.99316e-13,22.0|103,1197
8|1197|8|1197|sample|4|103|4|103|22.0,-2.21834,1.97403e-09,0,4.32392e-09,-2.22975,3.71037e-13,0,-2.54907e-13,22.0|103,1197
8|1197|8|1197|sample|11|103|11|103|28.0,-2.59056,4.37026e-09,0,-3.51366e-09,-2.60133,-5.61773e-14,0,-2.73559e-13,28.0|103,1197
8|1197|8|1197|cc|1|1|103|1|103|69.0,-0.0660237,-1.14517e-09,0,3.58546e-09,3.21394e-07,1.84297e-14,0,1.55431e-14,69.0|103,1197
8|1197|8|1197|cc|2|1|103|1|103|69.0,-0.00797987,4.08376e-09,0,4.77321e-11,1.70727e-06,2.9865e-14,0,7.10543e-15,69.0|103,1197
8|1197|8|1197|cc|3|1|103|1|103|69.0,0.0968098,1.76723e-09,0,9.2717e-11,-3.13428e-07,3.10862e-15,0,-1.33227e-15,69.0|103,1197
8|1197|8|1197|cc|4|1|103|1|103|69.0,-0.190839,2.83998e-10,0,2.50162e-09,5.33042e-07,4.44089e-16,0,-7.99361e-15,69.0|103,1197
8|1197|8|1197|cc|5|1|103|1|103|69.0,0.114872,1.94261e-09,0,-1.33612e-11,-9.69827e-08,8.88178e-16,0,1.33227e-14,69.0|103,1197
8|1197|8|1197|cc|6|1|103|1|103|69.0,0.0758176,6.32243e-09,0,1.65427e-09,5.19904e-07,-9.76996e-15,0,4.44089e-15,69.0|103,1197
8|1197|8|1197|cc|7|1|103|1|103|69.0,-0.0381723,1.65334e-09,0,1.47504e-09,-6.20764e-07,2.4647e-14,0,-1.59872e-14,69.0|103,1197
8|1197|8|1197|cc|8|1|103|1|103|69.0,-0.0565988,-3.01208e-09,0,-2.10436e-09,1.65141e-07,-4.996e-15,0,8.88178e-16,69.0|103,1197
8|1197|8|1197|vc|1|2|103|2|103|69.0,0.100859,3.97008e-09,0,-2.04103e-10,-1.20238e-07,9.65894e-15,0,-2.66454e-15,69.0|103,1197
8|1197|8|1197|vc|2|2|103|2|103|69.0,-0.08397,8.77299e-10,0,1.44919e-09,-3.26623e-07,1.73195e-14,0,-1.86517e-14,69.0|103,1197
8|1197|8|1197|vc|3|2|103|2|103|69.0,0.0219909,-3.98697e-09,0,8.44681e-11,1.76624e-07,-3.77476e-15,0,-2.22045e-14,69.0|103,1197
8|1197|8|1197|vc|4|2|103|2|103|69.0,-0.0824656,-1.04821e-09,0,9.31073e-10,1.22808e-08,-1.64313e-14,0,-8.88178e-16,69.0|103,1197
8|1197|8|1197|vc|5|2|103|2|103|69.0,0.117553,3.45875e-09,0,9.32079e-10,3.93597e-07,-9.99201e-16,0,-4.44089e-15,69.0|103,1197
8|1197|8|1197|vc|6|2|103|2|103|69.0,-0.0017617,-8.53639e-10,0,-2.87871e-09,-0.00184682,-1.21259e-12,0,-1.65423e-12,69.0|103,1197
8|1197|8|1197|vc|7|2|103|2|103|69.0,-0.042269,2.97642e-09,0,1.86869e-09,4.16085e-07,2.44249e-15,0,1.42109e-14,69.0|103,1197
8|1197|8|1197|vc|8|2|103|2|103|69.0,0.010087,-1.52219e-09,0,-4.70835e-09,6.48732e-07,-5.32907e-15,0,-8.88178e-16,69.0|103,1197
