rep,id,eta_f,eta_h,eta_s,eta_L_gap,eta_eta_alpha,mab_virus,run_id
1,411|4,1.11304,-1.4755e-08,0,5.95579e-08,0,70.0|274,411
1,411|3,0.373835,-1.26414e-08,0,3.12283e-08,0,70.0|274,411
1,411|5,1.01464,-2.76741e-08,0,1.91352e-08,0,70.0|274,411
1,411|6,1.19907,3.78153e-09,0,2.405e-08,0,70.0|274,411
1,411|8,0.663275,-3.32879e-09,0,-1.24454e-08,0,70.0|274,411
1,411|7,0.631857,1.29344e-09,0,4.91637e-08,0,70.0|274,411
1,411|9,0.986319,1.78326e-08,0,6.91529e-09,0,70.0|274,411
1,411|10,1.10437,-3.82165e-09,0,1.51043e-08,0,70.0|274,411
1,411|12,0.702889,1.12061e-08,0,-2.14072e-09,0,70.0|274,411
1,411|11,0.725045,-4.51889e-09,0,-2.67954e-08,0,70.0|274,411
1,411|1,-3.52835,4.46253e-09,0,-1.26835e-08,0,69.0|274,411
1,411|2,2.36432,-1.01905e-08,0,2.54815e-08,0,69.0|274,411
1,152|8,1.05842,-1.81462e-08,0,3.76323e-09,0,65.0|322,152
1,152|7,1.11488,-1.76396e-08,0,4.48249e-08,0,65.0|322,152
1,152|6,1.42526,-1.94201e-08,0,5.48118e-08,0,65.0|322,152
1,152|5,1.18693,-1.81135e-09,0,3.21557e-08,0,65.0|322,152
1,152|12,-0.0902817,-5.7474e-09,0,9.47315e-09,0,28.0|322,152
1,152|11,-0.012393,3.61885e-09,0,-1.08631e-08,0,28.0|322,152
1,152|10,0.00622362,1.2109e-09,0,7.51203e-09,0,28.0|322,152
1,152|9,0.203328,-1.50533e-09,0,1.38244e-08,0,28.0|322,152
1,152|3,0.723189,-9.72488e-10,0,1.8568e-08,0,22.0|322,152
1,152|4,0.96521,1.0794e-08,0,6.15563e-08,0,22.0|322,152
1,152|1,-4.52706,4.58383e-09,0,-2.69365e-08,0,69.0|322,152
1,152|2,-7.08629,-2.15721e-08,0,-8.46003e-08,0,69.0|322,152
1,1056|8,-1.36145,-1.00919e-08,0,3.89927e-08,0,65.0|276,1056
1,1056|7,-1.3448,-1.54389e-09,0,2.88054e-10,0,65.0|276,1056
1,1056|6,-1.212,-2.01573e-09,0,-5.14396e-08,0,65.0|276,1056
1,1056|5,-1.38506,5.23226e-09,0,6.53733e-08,0,65.0|276,1056
1,1056|12,-2.66137,-1.21035e-08,0,-2.78195e-09,0,28.0|276,1056
1,1056|11,-2.50343,1.35402e-08,0,6.3489e-08,0,28.0|276,1056
1,1056|10,-2.04918,-9.60927e-10,0,8.1026e-09,0,28.0|276,1056
1,1056|9,-2.00433,5.02343e-09,0,3.18484e-08,0,28.0|276,1056
1,1056|4,-1.42096,3.22976e-09,0,-4.87683e-08,0,22.0|276,1056
1,1056|3,-1.57092,-1.73846e-09,0,2.00512e-08,0,22.0|276,1056
1,1056|1,-0.909521,-3.24231e-08,0,9.28438e-09,0,69.0|276,1056
1,1056|2,2.37213,-2.87743e-08,0,-1.3735e-08,0,69.0|276,1056
1,462|6,-8.42399,1.07746e-08,0,-2.1166e-08,0,55.0|292,462
1,462|5,-10.6279,-1.20021e-08,0,5.1472e-08,0,55.0|292,462
1,462|4,-11.5745,7.16981e-10,0,-7.97542e-09,0,55.0|292,462
1,462|3,-12.7196,1.54552e-08,0,-8.80163e-09,0,55.0|292,462
1,462|9,-3.75266,-8.28715e-09,0,2.79977e-09,0,32.0|292,462
1,462|10,-3.59904,1.46155e-08,0,-6.97027e-08,0,32.0|292,462
1,462|7,-3.64767,-2.5266e-09,0,1.53674e-08,0,32.0|292,462
1,462|8,-3.62276,7.56376e-09,0,-1.79635e-08,0,32.0|292,462
1,462|11,-1.29401,1.74013e-08,0,-7.43895e-08,0,22.0|292,462
1,462|12,-1.40008,-3.15622e-09,0,3.89656e-08,0,22.0|292,462
1,462|1,0.0259423,2.40223e-08,0,-3.98821e-08,0,69.0|292,462
1,462|2,2.94638,-9.67118e-10,0,-2.00839e-08,0,69.0|292,462
1,1159|8,-0.66696,4.58459e-09,0,-2.74746e-08,0,65.0|292,1159
1,1159|7,-0.409436,2.53195e-08,0,3.54555e-09,0,65.0|292,1159
1,1159|5,-0.739613,-1.3286e-08,0,9.96098e-09,0,65.0|292,1159
1,1159|6,-0.695922,-4.60534e-09,0,5.88372e-08,0,65.0|292,1159
1,1159|11,-2.23806,3.6885e-08,0,-7.30529e-08,0,28.0|292,1159
1,1159|12,-2.5667,4.7183e-09,0,-1.26147e-09,0,28.0|292,1159
1,1159|9,-1.89827,-1.41401e-09,0,-9.04487e-08,0,28.0|292,1159
1,1159|10,-1.74675,-1.41953e-08,0,-2.15039e-10,0,28.0|292,1159
1,1159|4,-0.565795,9.02372e-10,0,5.32841e-08,0,22.0|292,1159
1,1159|3,-0.438555,5.82932e-09,0,2.84464e-08,0,22.0|292,1159
1,1159|1,0.550559,3.21978e-08,0,-8.38797e-08,0,69.0|292,1159
1,1159|2,10.6399,5.65168e-09,0,-5.40637e-08,0,69.0|292,1159
1,1197|7,-2.90858,7.2777e-09,0,-1.53648e-08,0,65.0|103,1197
1,1197|8,-2.76159,1.71921e-08,0,3.02029e-09,0,65.0|103,1197
1,1197|6,-3.08185,-6.52202e-09,0,-8.08439e-08,0,65.0|103,1197
1,1197|5,-2.7898,3.35579e-08,0,7.48588e-09,0,65.0|103,1197
1,1197|12,-3.01828,2.26165e-08,0,-2.01974e-08,0,28.0|103,1197
1,1197|10,-2.99804,-2.38474e-08,0,-2.66555e-08,0,28.0|103,1197
1,1197|9,-3.00671,-4.65788e-10,0,-6.8173e-08,0,28.0|103,1197
1,1197|3,-2.75208,2.07149e-08,0,4.34988e-08,0,22.0|103,1197
1,1197|4,-3.00719,3.44386e-09,0,-1.67257e-08,0,22.0|103,1197
1,1197|11,-3.22005,1.20768e-08,0,-1.2249e-08,0,28.0|103,1197
1,1197|1,-2.39004,1.7317e-08,0,6.11621e-09,0,69.0|103,1197
1,1197|2,-8.63137,2.06658e-08,0,1.43213e-08,0,69.0|103,1197
