id,L_SAEM,m_SAEM,e_SAEM,s_SAEM,alpha_SAEM,k_SAEM,L_mode,m_mode,e_mode,s_mode,alpha_mode,k_mode,goes_down,mab_virus,run_id
8|84|cc|1|1|162,353.082,1.56786,3.35174,0.809983,0.07852,0.00174126,371.21,1.58239,3.4119,0.813651,0.0765742,0.00168708,False,69.0|162,84
8|84|cc|2|1|162,353.082,1.56786,3.35174,0.809983,0.07852,0.00174126,371.21,1.58239,3.4119,0.813651,0.0765742,0.00168708,False,69.0|162,84
8|84|cc|3|1|162,353.082,1.56786,3.35174,0.809983,0.07852,0.00174126,371.21,1.58239,3.4119,0.813651,0.0765742,0.00168708,False,69.0|162,84
8|84|cc|4|1|162,353.082,1.56786,3.35174,0.809983,0.07852,0.00174126,371.21,1.58239,3.4119,0.813651,0.0765742,0.00168708,False,69.0|162,84
8|84|cc|5|1|162,353.082,1.56786,3.35174,0.809983,0.07852,0.00174126,371.21,1.58239,3.4119,0.813651,0.0765742,0.00168708,False,69.0|162,84
8|84|cc|6|1|162,353.082,1.56786,3.35174,0.809983,0.07852,0.00174126,371.21,1.58239,3.4119,0.813651,0.0765742,0.00168708,False,69.0|162,84
8|84|cc|7|1|162,353.082,1.56786,3.35174,0.809983,0.07852,0.00174126,371.21,1.58239,3.4119,0.813651,0.0765742,0.00168708,False,69.0|162,84
8|84|cc|8|1|162,353.082,1.56786,3.35174,0.809983,0.07852,0.00174126,371.21,1.58239,3.4119,0.813651,0.0765742,0.00168708,False,69.0|162,84
8|84|sample|10|162,353.082,1.56806,3.35235,0.810081,0.07852,0.00174126,371.21,1.58259,3.41251,0.813749,0.0765742,0.00168708,True,32.0|162,84
8|84|sample|11|162,353.082,1.56797,3.3516,0.810026,0.07852,0.00174126,371.21,1.5825,3.41175,0.813693,0.0765742,0.00168708,True,22.0|162,84
8|84|sample|12|162,353.082,1.56797,3.3516,0.810026,0.07852,0.00174126,371.21,1.5825,3.41175,0.813693,0.0765742,0.00168708,True,22.0|162,84
8|84|sample|3|162,353.082,0.703266,3.35212,0.81013,0.07852,0.00174126,371.21,0.697852,3.41228,0.813799,0.0765742,0.00168708,True,55.0|162,84
8|84|sample|4|162,353.082,0.703266,3.35212,0.81013,0.07852,0.00174126,371.21,0.697852,3.41228,0.813799,0.0765742,0.00168708,True,55.0|162,84
8|84|sample|5|162,353.082,0.703266,3.35212,0.81013,0.07852,0.00174126,371.21,0.697852,3.41228,0.813799,0.0765742,0.00168708,True,55.0|162,84
8|84|sample|6|162,353.082,0.703266,3.35212,0.81013,0.07852,0.00174126,371.21,0.697852,3.41228,0.813799,0.0765742,0.00168708,True,55.0|162,84
8|84|sample|7|162,353.082,1.56806,3.35235,0.810081,0.07852,0.00174126,371.21,1.58259,3.41251,0.813749,0.0765742,0.00168708,True,32.0|162,84
8|84|sample|8|162,353.082,1.56806,3.35235,0.810081,0.07852,0.00174126,371.21,1.58259,3.41251,0.813749,0.0765742,0.00168708,True,32.0|162,84
8|84|sample|9|162,353.082,1.56806,3.35235,0.810081,0.07852,0.00174126,371.21,1.58259,3.41251,0.813749,0.0765742,0.00168708,True,32.0|162,84
8|84|vc|1|2|162,353.082,1.56786,3.35174,0.809983,0.07852,0.00174126,371.21,1.58239,3.4119,0.813651,0.0765742,0.00168708,False,69.0|162,84
8|84|vc|2|2|162,353.082,1.56786,3.35174,0.809983,0.07852,0.00174126,371.21,1.58239,3.4119,0.813651,0.0765742,0.00168708,False,69.0|162,84
8|84|vc|3|2|162,353.082,1.56786,3.35174,0.809983,0.07852,0.00174126,371.21,1.58239,3.4119,0.813651,0.0765742,0.00168708,False,69.0|162,84
8|84|vc|4|2|162,353.082,1.56786,3.35174,0.809983,0.07852,0.00174126,371.21,1.58239,3.4119,0.813651,0.0765742,0.00168708,False,69.0|162,84
8|84|vc|5|2|162,353.082,1.56786,3.35174,0.809983,0.07852,0.00174126,371.21,1.58239,3.4119,0.813651,0.0765742,0.00168708,False,69.0|162,84
8|84|vc|6|2|162,353.082,1.56786,3.35174,0.809983,0.07852,0.00174126,371.21,1.58239,3.4119,0.813651,0.0765742,0.00168708,False,69.0|162,84
8|84|vc|7|2|162,353.082,1.56786,3.35174,0.809983,0.07852,0.00174126,371.21,1.58239,3.4119,0.813651,0.0765742,0.00168708,False,69.0|162,84
8|84|vc|8|2|162,353.082,1.56786,3.35174,0.809983,0.07852,0.00174126,371.21,1.58239,3.4119,0.813651,0.0765742,0.00168708,False,69.0|162,84
8|719|cc|1|1|274,353.082,1.56786,3.35174,0.809978,0.0785014,0.00174824,371.21,1.58239,3.41189,0.813646,0.076556,0.00169403,False,69.0|274,719
8|719|cc|2|1|274,353.082,1.56786,3.35174,0.809978,0.0785014,0.00174824,371.21,1.58239,3.41189,0.813646,0.076556,0.00169403,False,69.0|274,719
8|719|cc|3|1|274,353.082,1.56786,3.35174,0.809978,0.0785014,0.00174824,371.21,1.58239,3.41189,0.813646,0.076556,0.00169403,False,69.0|274,719
8|719|cc|4|1|274,353.082,1.56786,3.35174,0.809978,0.0785014,0.00174824,371.21,1.58239,3.41189,0.813646,0.076556,0.00169403,False,69.0|274,719
8|719|cc|5|1|274,353.082,1.56786,3.35174,0.809978,0.0785014,0.00174824,371.21,1.58239,3.41189,0.813646,0.076556,0.00169403,False,69.0|274,719
8|719|cc|6|1|274,353.082,1.56786,3.35174,0.809978,0.0785014,0.00174824,371.21,1.58239,3.41189,0.813646,0.076556,0.00169403,False,69.0|274,719
8|719|cc|7|1|274,353.082,1.56786,3.35174,0.809978,0.0785014,0.00174824,371.21,1.58239,3.41189,0.813646,0.076556,0.00169403,False,69.0|274,719
8|719|cc|8|1|274,353.082,1.56786,3.35174,0.809978,0.0785014,0.00174824,371.21,1.58239,3.41189,0.813646,0.076556,0.00169403,False,69.0|274,719
8|719|sample|10|274,353.082,1.56816,3.35179,0.810058,0.0785014,0.00174824,371.21,1.58269,3.41195,0.813727,0.076556,0.00169403,True,32.0|274,719
8|719|sample|11|274,353.082,1.56944,3.35187,0.810029,0.0785014,0.00174824,371.21,1.58399,3.41203,0.813698,0.076556,0.00169403,True,22.0|274,719
8|719|sample|12|274,353.082,1.56944,3.35187,0.810029,0.0785014,0.00174824,371.21,1.58399,3.41203,0.813698,0.076556,0.00169403,True,22.0|274,719
8|719|sample|3|274,353.082,0.997159,3.35213,0.810112,0.0785014,0.00174824,371.21,0.866754,3.41229,0.81378,0.076556,0.00169403,True,55.0|274,719
8|719|sample|4|274,353.082,0.997159,3.35213,0.810112,0.0785014,0.00174824,371.21,0.866754,3.41229,0.81378,0.076556,0.00169403,True,55.0|274,719
8|719|sample|5|274,353.082,0.997159,3.35213,0.810112,0.0785014,0.00174824,371.21,0.866754,3.41229,0.81378,0.076556,0.00169403,True,55.0|274,719
8|719|sample|6|274,353.082,0.997159,3.35213,0.810112,0.0785014,0.00174824,371.21,0.866754,3.41229,0.81378,0.076556,0.00169403,True,55.0|274,719
8|719|sample|7|274,353.082,1.56816,3.35179,0.810058,0.0785014,0.00174824,371.21,1.58269,3.41195,0.813727,0.076556,0.00169403,True,32.0|274,719
8|719|sample|8|274,353.082,1.56816,3.35179,0.810058,0.0785014,0.00174824,371.21,1.58269,3.41195,0.813727,0.076556,0.00169403,True,32.0|274,719
8|719|sample|9|274,353.082,1.56816,3.35179,0.810058,0.0785014,0.00174824,371.21,1.58269,3.41195,0.813727,0.076556,0.00169403,True,32.0|274,719
8|719|vc|1|2|274,353.082,1.56786,3.35174,0.809978,0.0785014,0.00174824,371.21,1.58239,3.41189,0.813646,0.076556,0.00169403,False,69.0|274,719
8|719|vc|2|2|274,353.082,1.56786,3.35174,0.809978,0.0785014,0.00174824,371.21,1.58239,3.41189,0.813646,0.076556,0.00169403,False,69.0|274,719
8|719|vc|3|2|274,353.082,1.56786,3.35174,0.809978,0.0785014,0.00174824,371.21,1.58239,3.41189,0.813646,0.076556,0.00169403,False,69.0|274,719
8|719|vc|4|2|274,353.082,1.56786,3.35174,0.809978,0.0785014,0.00174824,371.21,1.58239,3.41189,0.813646,0.076556,0.00169403,False,69.0|274,719
8|719|vc|5|2|274,353.082,1.56786,3.35174,0.809978,0.0785014,0.00174824,371.21,1.58239,3.41189,0.813646,0.076556,0.00169403,False,69.0|274,719
8|719|vc|6|2|274,353.082,1.56786,3.35174,0.809978,0.0785014,0.00174824,371.21,1.58239,3.41189,0.813646,0.076556,0.00169403,False,69.0|274,719
8|719|vc|7|2|274,353.082,1.56786,3.35174,0.809978,0.0785014,0.00174824,371.21,1.58239,3.41189,0.813646,0.076556,0.00169403,False,69.0|274,719
8|719|vc|8|2|274,353.082,1.56786,3.35174,0.809978,0.0785014,0.00174824,371.21,1.58239,3.41189,0.813646,0.076556,0.00169403,False,69.0|274,719
8|488|cc|1|1|322,353.082,1.56786,3.35189,0.809968,0.0784898,0.00174462,371.21,1.58239,3.41205,0.813636,0.0765447,0.00169042,False,69.0|322,488
8|488|cc|2|1|322,353.082,1.56786,3.35189,0.809968,0.0784898,0.00174462,371.21,1.58239,3.41205,0.813636,0.0765447,0.00169042,False,69.0|322,488
8|488|cc|3|1|322,353.082,1.56786,3.35189,0.809968,0.0784898,0.00174462,371.21,1.58239,3.41205,0.813636,0.0765447,0.00169042,False,69.0|322,488
8|488|cc|4|1|322,353.082,1.56786,3.35189,0.809968,0.0784898,0.00174462,371.21,1.58239,3.41205,0.813636,0.0765447,0.00169042,False,69.0|322,488
8|488|cc|5|1|322,353.082,1.56786,3.35189,0.809968,0.0784898,0.00174462,371.21,1.58239,3.41205,0.813636,0.0765447,0.00169042,False,69.0|322,488
8|488|cc|6|1|322,353.082,1.56786,3.35189,0.809968,0.0784898,0.00174462,371.21,1.58239,3.41205,0.813636,0.0765447,0.00169042,False,69.0|322,488
8|488|cc|7|1|322,353.082,1.56786,3.35189,0.809968,0.0784898,0.00174462,371.21,1.58239,3.41205,0.813636,0.0765447,0.00169042,False,69.0|322,488
8|488|cc|8|1|322,353.082,1.56786,3.35189,0.809968,0.0784898,0.00174462,371.21,1.58239,3.41205,0.813636,0.0765447,0.00169042,False,69.0|322,488
8|488|sample|10|322,353.082,0.871382,3.35302,0.810735,0.0784898,0.00174462,371.21,0.863654,3.4132,0.814416,0.0765447,0.00169042,True,32.0|322,488
8|488|sample|11|322,353.082,1.56821,3.35196,0.81072,0.0784898,0.00174462,371.21,1.58274,3.41212,0.814397,0.0765447,0.00169042,True,22.0|322,488
8|488|sample|12|322,353.082,1.56821,3.35196,0.81072,0.0784898,0.00174462,371.21,1.58274,3.41212,0.814397,0.0765447,0.00169042,True,22.0|322,488
8|488|sample|3|322,353.082,0.423578,3.352,0.810094,0.0784898,0.00174462,371.21,0.417416,3.41216,0.813763,0.0765447,0.00169042,True,55.0|322,488
8|488|sample|4|322,353.082,0.423578,3.352,0.810094,0.0784898,0.00174462,371.21,0.417416,3.41216,0.813763,0.0765447,0.00169042,True,55.0|322,488
8|488|sample|5|322,353.082,0.423578,3.352,0.810094,0.0784898,0.00174462,371.21,0.417416,3.41216,0.813763,0.0765447,0.00169042,True,55.0|322,488
8|488|sample|6|322,353.082,0.423578,3.352,0.810094,0.0784898,0.00174462,371.21,0.417416,3.41216,0.813763,0.0765447,0.00169042,True,55.0|322,488
8|488|sample|7|322,353.082,0.871382,3.35302,0.810735,0.0784898,0.00174462,371.21,0.863654,3.4132,0.814416,0.0765447,0.00169042,True,32.0|322,488
8|488|sample|8|322,353.082,0.871382,3.35302,0.810735,0.0784898,0.00174462,371.21,0.863654,3.4132,0.814416,0.0765447,0.00169042,True,32.0|322,488
8|488|sample|9|322,353.082,0.871382,3.35302,0.810735,0.0784898,0.00174462,371.21,0.863654,3.4132,0.814416,0.0765447,0.00169042,True,32.0|322,488
8|488|vc|1|2|322,353.082,1.56786,3.35189,0.809968,0.0784898,0.00174462,371.21,1.58239,3.41205,0.813636,0.0765447,0.00169042,False,69.0|322,488
8|488|vc|2|2|322,353.082,1.56786,3.35189,0.809968,0.0784898,0.00174462,371.21,1.58239,3.41205,0.813636,0.0765447,0.00169042,False,69.0|322,488
8|488|vc|3|2|322,353.082,1.56786,3.35189,0.809968,0.0784898,0.00174462,371.21,1.58239,3.41205,0.813636,0.0765447,0.00169042,False,69.0|322,488
8|488|vc|4|2|322,353.082,1.56786,3.35189,0.809968,0.0784898,0.00174462,371.21,1.58239,3.41205,0.813636,0.0765447,0.00169042,False,69.0|322,488
8|488|vc|5|2|322,353.082,1.56786,3.35189,0.809968,0.0784898,0.00174462,371.21,1.58239,3.41205,0.813636,0.0765447,0.00169042,False,69.0|322,488
8|488|vc|6|2|322,353.082,1.56786,3.35189,0.809968,0.0784898,0.00174462,371.21,1.58239,3.41205,0.813636,0.0765447,0.00169042,False,69.0|322,488
8|488|vc|7|2|322,353.082,1.56786,3.35189,0.809968,0.0784898,0.00174462,371.21,1.58239,3.41205,0.813636,0.0765447,0.00169042,False,69.0|322,488
8|488|vc|8|2|322,353.082,1.56786,3.35189,0.809968,0.0784898,0.00174462,371.21,1.58239,3.41205,0.813636,0.0765447,0.00169042,False,69.0|322,488
8|847|cc|1|1|69,353.082,1.56785,3.35179,0.809982,0.128172,0.00126938,371.21,1.58238,3.41194,0.813649,0.125827,0.00121533,False,69.0|69,847
8|847|cc|2|1|69,353.082,1.56785,3.35179,0.809982,0.128172,0.00126938,371.21,1.58238,3.41194,0.813649,0.125827,0.00121533,False,69.0|69,847
8|847|cc|3|1|69,353.082,1.56785,3.35179,0.809982,0.128172,0.00126938,371.21,1.58238,3.41194,0.813649,0.125827,0.00121533,False,69.0|69,847
8|847|cc|4|1|69,353.082,1.56785,3.35179,0.809982,0.128172,0.00126938,371.21,1.58238,3.41194,0.813649,0.125827,0.00121533,False,69.0|69,847
8|847|cc|5|1|69,353.082,1.56785,3.35179,0.809982,0.128172,0.00126938,371.21,1.58238,3.41194,0.813649,0.125827,0.00121533,False,69.0|69,847
8|847|cc|6|1|69,353.082,1.56785,3.35179,0.809982,0.128172,0.00126938,371.21,1.58238,3.41194,0.813649,0.125827,0.00121533,False,69.0|69,847
8|847|cc|7|1|69,353.082,1.56785,3.35179,0.809982,0.128172,0.00126938,371.21,1.58238,3.41194,0.813649,0.125827,0.00121533,False,69.0|69,847
8|847|cc|8|1|69,353.082,1.56785,3.35179,0.809982,0.128172,0.00126938,371.21,1.58238,3.41194,0.813649,0.125827,0.00121533,False,69.0|69,847
8|847|sample|10|69,353.082,1.56774,3.35194,0.81005,0.128172,0.00126938,371.21,1.58227,3.4121,0.813719,0.125827,0.00121533,True,32.0|69,847
8|847|sample|11|69,353.082,1.87551,3.35191,0.810033,0.128172,0.00126938,371.21,1.84926,3.41206,0.813701,0.125827,0.00121533,True,22.0|69,847
8|847|sample|12|69,353.082,1.87551,3.35191,0.810033,0.128172,0.00126938,371.21,1.84926,3.41206,0.813701,0.125827,0.00121533,True,22.0|69,847
8|847|sample|3|69,353.082,0.686041,3.3521,0.810121,0.128172,0.00126938,371.21,0.681642,3.41226,0.81379,0.125827,0.00121533,True,55.0|69,847
8|847|sample|4|69,353.082,0.686041,3.3521,0.810121,0.128172,0.00126938,371.21,0.681642,3.41226,0.81379,0.125827,0.00121533,True,55.0|69,847
8|847|sample|5|69,353.082,0.686041,3.3521,0.810121,0.128172,0.00126938,371.21,0.681642,3.41226,0.81379,0.125827,0.00121533,True,55.0|69,847
8|847|sample|6|69,353.082,0.686041,3.3521,0.810121,0.128172,0.00126938,371.21,0.681642,3.41226,0.81379,0.125827,0.00121533,True,55.0|69,847
8|847|sample|7|69,353.082,1.56774,3.35194,0.81005,0.128172,0.00126938,371.21,1.58227,3.4121,0.813719,0.125827,0.00121533,True,32.0|69,847
8|847|sample|8|69,353.082,1.56774,3.35194,0.81005,0.128172,0.00126938,371.21,1.58227,3.4121,0.813719,0.125827,0.00121533,True,32.0|69,847
8|847|sample|9|69,353.082,1.56774,3.35194,0.81005,0.128172,0.00126938,371.21,1.58227,3.4121,0.813719,0.125827,0.00121533,True,32.0|69,847
8|847|vc|1|2|69,353.082,1.56785,3.35179,0.809982,0.128172,0.00126938,371.21,1.58238,3.41194,0.813649,0.125827,0.00121533,False,69.0|69,847
8|847|vc|2|2|69,353.082,1.56785,3.35179,0.809982,0.128172,0.00126938,371.21,1.58238,3.41194,0.813649,0.125827,0.00121533,False,69.0|69,847
8|847|vc|3|2|69,353.082,1.56785,3.35179,0.809982,0.128172,0.00126938,371.21,1.58238,3.41194,0.813649,0.125827,0.00121533,False,69.0|69,847
8|847|vc|4|2|69,353.082,1.56785,3.35179,0.809982,0.128172,0.00126938,371.21,1.58238,3.41194,0.813649,0.125827,0.00121533,False,69.0|69,847
8|847|vc|5|2|69,353.082,1.56785,3.35179,0.809982,0.128172,0.00126938,371.21,1.58238,3.41194,0.813649,0.125827,0.00121533,False,69.0|69,847
8|847|vc|6|2|69,353.082,1.56785,3.35179,0.809982,0.128172,0.00126938,371.21,1.58238,3.41194,0.813649,0.125827,0.00121533,False,69.0|69,847
8|847|vc|7|2|69,353.082,1.56785,3.35179,0.809982,0.128172,0.00126938,371.21,1.58238,3.41194,0.813649,0.125827,0.00121533,False,69.0|69,847
8|847|vc|8|2|69,353.082,1.56785,3.35179,0.809982,0.128172,0.00126938,371.21,1.58238,3.41194,0.813649,0.125827,0.00121533,False,69.0|69,847
8|474|cc|1|1|276,353.082,1.56786,3.35172,0.809974,0.0801438,0.00174868,371.21,1.58239,3.41187,0.813641,0.0781678,0.00169447,False,69.0|276,474
8|474|cc|2|1|276,353.082,1.56786,3.35172,0.809974,0.0801438,0.00174868,371.21,1.58239,3.41187,0.813641,0.0781678,0.00169447,False,69.0|276,474
8|474|cc|3|1|276,353.082,1.56786,3.35172,0.809974,0.0801438,0.00174868,371.21,1.58239,3.41187,0.813641,0.0781678,0.00169447,False,69.0|276,474
8|474|cc|4|1|276,353.082,1.56786,3.35172,0.809974,0.0801438,0.00174868,371.21,1.58239,3.41187,0.813641,0.0781678,0.00169447,False,69.0|276,474
8|474|cc|5|1|276,353.082,1.56786,3.35172,0.809974,0.0801438,0.00174868,371.21,1.58239,3.41187,0.813641,0.0781678,0.00169447,False,69.0|276,474
8|474|cc|6|1|276,353.082,1.56786,3.35172,0.809974,0.0801438,0.00174868,371.21,1.58239,3.41187,0.813641,0.0781678,0.00169447,False,69.0|276,474
8|474|cc|7|1|276,353.082,1.56786,3.35172,0.809974,0.0801438,0.00174868,371.21,1.58239,3.41187,0.813641,0.0781678,0.00169447,False,69.0|276,474
8|474|cc|8|1|276,353.082,1.56786,3.35172,0.809974,0.0801438,0.00174868,371.21,1.58239,3.41187,0.813641,0.0781678,0.00169447,False,69.0|276,474
8|474|sample|10|276,353.082,1.56917,3.3519,0.80998,0.0801438,0.00174868,371.21,1.58371,3.41205,0.81365,0.0781678,0.00169447,True,32.0|276,474
8|474|sample|11|276,353.082,1.56827,3.35189,0.810024,0.0801438,0.00174868,371.21,1.58279,3.41205,0.813692,0.0781678,0.00169447,True,22.0|276,474
8|474|sample|12|276,353.082,1.56827,3.35189,0.810024,0.0801438,0.00174868,371.21,1.58279,3.41205,0.813692,0.0781678,0.00169447,True,22.0|276,474
8|474|sample|3|276,353.082,1.56795,3.35237,0.810214,0.0801438,0.00174868,371.21,1.58248,3.41253,0.813881,0.0781678,0.00169447,True,55.0|276,474
8|474|sample|4|276,353.082,1.56795,3.35237,0.810214,0.0801438,0.00174868,371.21,1.58248,3.41253,0.813881,0.0781678,0.00169447,True,55.0|276,474
8|474|sample|5|276,353.082,1.56795,3.35237,0.810214,0.0801438,0.00174868,371.21,1.58248,3.41253,0.813881,0.0781678,0.00169447,True,55.0|276,474
8|474|sample|6|276,353.082,1.56795,3.35237,0.810214,0.0801438,0.00174868,371.21,1.58248,3.41253,0.813881,0.0781678,0.00169447,True,55.0|276,474
8|474|sample|7|276,353.082,1.56917,3.3519,0.80998,0.0801438,0.00174868,371.21,1.58371,3.41205,0.81365,0.0781678,0.00169447,True,32.0|276,474
8|474|sample|8|276,353.082,1.56917,3.3519,0.80998,0.0801438,0.00174868,371.21,1.58371,3.41205,0.81365,0.0781678,0.00169447,True,32.0|276,474
8|474|sample|9|276,353.082,1.56917,3.3519,0.80998,0.0801438,0.00174868,371.21,1.58371,3.41205,0.81365,0.0781678,0.00169447,True,32.0|276,474
8|474|vc|1|2|276,353.082,1.56786,3.35172,0.809974,0.0801438,0.00174868,371.21,1.58239,3.41187,0.813641,0.0781678,0.00169447,False,69.0|276,474
8|474|vc|2|2|276,353.082,1.56786,3.35172,0.809974,0.0801438,0.00174868,371.21,1.58239,3.41187,0.813641,0.0781678,0.00169447,False,69.0|276,474
8|474|vc|3|2|276,353.082,1.56786,3.35172,0.809974,0.0801438,0.00174868,371.21,1.58239,3.41187,0.813641,0.0781678,0.00169447,False,69.0|276,474
8|474|vc|4|2|276,353.082,1.56786,3.35172,0.809974,0.0801438,0.00174868,371.21,1.58239,3.41187,0.813641,0.0781678,0.00169447,False,69.0|276,474
8|474|vc|5|2|276,353.082,1.56786,3.35172,0.809974,0.0801438,0.00174868,371.21,1.58239,3.41187,0.813641,0.0781678,0.00169447,False,69.0|276,474
8|474|vc|6|2|276,353.082,1.56786,3.35172,0.809974,0.0801438,0.00174868,371.21,1.58239,3.41187,0.813641,0.0781678,0.00169447,False,69.0|276,474
8|474|vc|7|2|276,353.082,1.56786,3.35172,0.809974,0.0801438,0.00174868,371.21,1.58239,3.41187,0.813641,0.0781678,0.00169447,False,69.0|276,474
8|474|vc|8|2|276,353.082,1.56786,3.35172,0.809974,0.0801438,0.00174868,371.21,1.58239,3.41187,0.813641,0.0781678,0.00169447,False,69.0|276,474
8|462|cc|1|1|292,353.082,1.56786,3.35176,0.809982,0.0785513,0.00173889,371.21,1.58239,3.41192,0.81365,0.0766069,0.0016847,False,69.0|292,462
8|462|cc|2|1|292,353.082,1.56786,3.35176,0.809982,0.0785513,0.00173889,371.21,1.58239,3.41192,0.81365,0.0766069,0.0016847,False,69.0|292,462
8|462|cc|3|1|292,353.082,1.56786,3.35176,0.809982,0.0785513,0.00173889,371.21,1.58239,3.41192,0.81365,0.0766069,0.0016847,False,69.0|292,462
8|462|cc|4|1|292,353.082,1.56786,3.35176,0.809982,0.0785513,0.00173889,371.21,1.58239,3.41192,0.81365,0.0766069,0.0016847,False,69.0|292,462
8|462|cc|5|1|292,353.082,1.56786,3.35176,0.809982,0.0785513,0.00173889,371.21,1.58239,3.41192,0.81365,0.0766069,0.0016847,False,69.0|292,462
8|462|cc|6|1|292,353.082,1.56786,3.35176,0.809982,0.0785513,0.00173889,371.21,1.58239,3.41192,0.81365,0.0766069,0.0016847,False,69.0|292,462
8|462|cc|7|1|292,353.082,1.56786,3.35176,0.809982,0.0785513,0.00173889,371.21,1.58239,3.41192,0.81365,0.0766069,0.0016847,False,69.0|292,462
8|462|cc|8|1|292,353.082,1.56786,3.35176,0.809982,0.0785513,0.00173889,371.21,1.58239,3.41192,0.81365,0.0766069,0.0016847,False,69.0|292,462
8|462|sample|10|292,353.082,1.56886,3.35187,0.810021,0.0785513,0.00173889,371.21,1.58339,3.41203,0.81369,0.0766069,0.0016847,True,32.0|292,462
8|462|sample|11|292,353.082,1.56816,3.35184,0.810027,0.0785513,0.00173889,371.21,1.58269,3.412,0.813696,0.0766069,0.0016847,True,22.0|292,462
8|462|sample|12|292,353.082,1.56816,3.35184,0.810027,0.0785513,0.00173889,371.21,1.58269,3.412,0.813696,0.0766069,0.0016847,True,22.0|292,462
8|462|sample|3|292,353.082,0.530634,3.35203,0.810095,0.0785513,0.00173889,371.21,0.525804,3.41219,0.813764,0.0766069,0.0016847,True,55.0|292,462
8|462|sample|4|292,353.082,0.530634,3.35203,0.810095,0.0785513,0.00173889,371.21,0.525804,3.41219,0.813764,0.0766069,0.0016847,True,55.0|292,462
8|462|sample|5|292,353.082,0.530634,3.35203,0.810095,0.0785513,0.00173889,371.21,0.525804,3.41219,0.813764,0.0766069,0.0016847,True,55.0|292,462
8|462|sample|6|292,353.082,0.530634,3.35203,0.810095,0.0785513,0.00173889,371.21,0.525804,3.41219,0.813764,0.0766069,0.0016847,True,55.0|292,462
8|462|sample|7|292,353.082,1.56886,3.35187,0.810021,0.0785513,0.00173889,371.21,1.58339,3.41203,0.81369,0.0766069,0.0016847,True,32.0|292,462
8|462|sample|8|292,353.082,1.56886,3.35187,0.810021,0.0785513,0.00173889,371.21,1.58339,3.41203,0.81369,0.0766069,0.0016847,True,32.0|292,462
8|462|sample|9|292,353.082,1.56886,3.35187,0.810021,0.0785513,0.00173889,371.21,1.58339,3.41203,0.81369,0.0766069,0.0016847,True,32.0|292,462
8|462|vc|1|2|292,353.082,1.56786,3.35176,0.809982,0.0785513,0.00173889,371.21,1.58239,3.41192,0.81365,0.0766069,0.0016847,False,69.0|292,462
8|462|vc|2|2|292,353.082,1.56786,3.35176,0.809982,0.0785513,0.00173889,371.21,1.58239,3.41192,0.81365,0.0766069,0.0016847,False,69.0|292,462
8|462|vc|3|2|292,353.082,1.56786,3.35176,0.809982,0.0785513,0.00173889,371.21,1.58239,3.41192,0.81365,0.0766069,0.0016847,False,69.0|292,462
8|462|vc|4|2|292,353.082,1.56786,3.35176,0.809982,0.0785513,0.00173889,371.21,1.58239,3.41192,0.81365,0.0766069,0.0016847,False,69.0|292,462
8|462|vc|5|2|292,353.082,1.56786,3.35176,0.809982,0.0785513,0.00173889,371.21,1.58239,3.41192,0.81365,0.0766069,0.0016847,False,69.0|292,462
8|462|vc|6|2|292,353.082,1.56786,3.35176,0.809982,0.0785513,0.00173889,371.21,1.58239,3.41192,0.81365,0.0766069,0.0016847,False,69.0|292,462
8|462|vc|7|2|292,353.082,1.56786,3.35176,0.809982,0.0785513,0.00173889,371.21,1.58239,3.41192,0.81365,0.0766069,0.0016847,False,69.0|292,462
8|462|vc|8|2|292,353.082,1.56786,3.35176,0.809982,0.0785513,0.00173889,371.21,1.58239,3.41192,0.81365,0.0766069,0.0016847,False,69.0|292,462
8|75|cc|1|1|65,353.082,1.5679,3.35189,0.809983,0.0785245,0.00175008,371.21,1.58243,3.41204,0.813651,0.0765788,0.00169587,False,69.0|65,75
8|75|cc|2|1|65,353.082,1.5679,3.35189,0.809983,0.0785245,0.00175008,371.21,1.58243,3.41204,0.813651,0.0765788,0.00169587,False,69.0|65,75
8|75|cc|3|1|65,353.082,1.5679,3.35189,0.809983,0.0785245,0.00175008,371.21,1.58243,3.41204,0.813651,0.0765788,0.00169587,False,69.0|65,75
8|75|cc|4|1|65,353.082,1.5679,3.35189,0.809983,0.0785245,0.00175008,371.21,1.58243,3.41204,0.813651,0.0765788,0.00169587,False,69.0|65,75
8|75|cc|5|1|65,353.082,1.5679,3.35189,0.809983,0.0785245,0.00175008,371.21,1.58243,3.41204,0.813651,0.0765788,0.00169587,False,69.0|65,75
8|75|cc|6|1|65,353.082,1.5679,3.35189,0.809983,0.0785245,0.00175008,371.21,1.58243,3.41204,0.813651,0.0765788,0.00169587,False,69.0|65,75
8|75|cc|7|1|65,353.082,1.5679,3.35189,0.809983,0.0785245,0.00175008,371.21,1.58243,3.41204,0.813651,0.0765788,0.00169587,False,69.0|65,75
8|75|cc|8|1|65,353.082,1.5679,3.35189,0.809983,0.0785245,0.00175008,371.21,1.58243,3.41204,0.813651,0.0765788,0.00169587,False,69.0|65,75
8|75|sample|10|65,353.082,1.56794,3.35244,0.810122,0.0785245,0.00175008,371.21,1.58247,3.4126,0.81379,0.0765788,0.00169587,True,32.0|65,75
8|75|sample|11|65,353.082,1.56824,3.35196,0.810062,0.0785245,0.00175008,371.21,1.58277,3.41212,0.813731,0.0765788,0.00169587,True,22.0|65,75
8|75|sample|12|65,353.082,1.56824,3.35196,0.810062,0.0785245,0.00175008,371.21,1.58277,3.41212,0.813731,0.0765788,0.00169587,True,22.0|65,75
8|75|sample|3|65,353.082,1.56801,3.35196,0.810035,0.0785245,0.00175008,371.21,1.58253,3.41212,0.813703,0.0765788,0.00169587,True,55.0|65,75
8|75|sample|4|65,353.082,1.56801,3.35196,0.810035,0.0785245,0.00175008,371.21,1.58253,3.41212,0.813703,0.0765788,0.00169587,True,55.0|65,75
8|75|sample|5|65,353.082,1.56801,3.35196,0.810035,0.0785245,0.00175008,371.21,1.58253,3.41212,0.813703,0.0765788,0.00169587,True,55.0|65,75
8|75|sample|6|65,353.082,1.56801,3.35196,0.810035,0.0785245,0.00175008,371.21,1.58253,3.41212,0.813703,0.0765788,0.00169587,True,55.0|65,75
8|75|sample|7|65,353.082,1.56794,3.35244,0.810122,0.0785245,0.00175008,371.21,1.58247,3.4126,0.81379,0.0765788,0.00169587,True,32.0|65,75
8|75|sample|8|65,353.082,1.56794,3.35244,0.810122,0.0785245,0.00175008,371.21,1.58247,3.4126,0.81379,0.0765788,0.00169587,True,32.0|65,75
8|75|sample|9|65,353.082,1.56794,3.35244,0.810122,0.0785245,0.00175008,371.21,1.58247,3.4126,0.81379,0.0765788,0.00169587,True,32.0|65,75
8|75|vc|1|2|65,353.082,1.5679,3.35189,0.809983,0.0785245,0.00175008,371.21,1.58243,3.41204,0.813651,0.0765788,0.00169587,False,69.0|65,75
8|75|vc|2|2|65,353.082,1.5679,3.35189,0.809983,0.0785245,0.00175008,371.21,1.58243,3.41204,0.813651,0.0765788,0.00169587,False,69.0|65,75
8|75|vc|3|2|65,353.082,1.5679,3.35189,0.809983,0.0785245,0.00175008,371.21,1.58243,3.41204,0.813651,0.0765788,0.00169587,False,69.0|65,75
8|75|vc|4|2|65,353.082,1.5679,3.35189,0.809983,0.0785245,0.00175008,371.21,1.58243,3.41204,0.813651,0.0765788,0.00169587,False,69.0|65,75
8|75|vc|5|2|65,353.082,1.5679,3.35189,0.809983,0.0785245,0.00175008,371.21,1.58243,3.41204,0.813651,0.0765788,0.00169587,False,69.0|65,75
8|75|vc|6|2|65,353.082,1.5679,3.35189,0.809983,0.0785245,0.00175008,371.21,1.58243,3.41204,0.813651,0.0765788,0.00169587,False,69.0|65,75
8|75|vc|7|2|65,353.082,1.5679,3.35189,0.809983,0.0785245,0.00175008,371.21,1.58243,3.41204,0.813651,0.0765788,0.00169587,False,69.0|65,75
8|75|vc|8|2|65,353.082,1.5679,3.35189,0.809983,0.0785245,0.00175008,371.21,1.58243,3.41204,0.813651,0.0765788,0.00169587,False,69.0|65,75
8|291|cc|1|1|103,353.082,1.56787,3.35173,0.809911,0.0786693,0.00176033,371.21,1.5824,3.41189,0.813579,0.0767245,0.0017059,False,69.0|103,291
8|291|cc|2|1|103,353.082,1.56787,3.35173,0.809911,0.0786693,0.00176033,371.21,1.5824,3.41189,0.813579,0.0767245,0.0017059,False,69.0|103,291
8|291|cc|3|1|103,353.082,1.56787,3.35173,0.809911,0.0786693,0.00176033,371.21,1.5824,3.41189,0.813579,0.0767245,0.0017059,False,69.0|103,291
8|291|cc|4|1|103,353.082,1.56787,3.35173,0.809911,0.0786693,0.00176033,371.21,1.5824,3.41189,0.813579,0.0767245,0.0017059,False,69.0|103,291
8|291|cc|5|1|103,353.082,1.56787,3.35173,0.809911,0.0786693,0.00176033,371.21,1.5824,3.41189,0.813579,0.0767245,0.0017059,False,69.0|103,291
8|291|cc|6|1|103,353.082,1.56787,3.35173,0.809911,0.0786693,0.00176033,371.21,1.5824,3.41189,0.813579,0.0767245,0.0017059,False,69.0|103,291
8|291|cc|7|1|103,353.082,1.56787,3.35173,0.809911,0.0786693,0.00176033,371.21,1.5824,3.41189,0.813579,0.0767245,0.0017059,False,69.0|103,291
8|291|cc|8|1|103,353.082,1.56787,3.35173,0.809911,0.0786693,0.00176033,371.21,1.5824,3.41189,0.813579,0.0767245,0.0017059,False,69.0|103,291
8|291|sample|10|103,353.082,1.56855,3.35192,0.810053,0.0786693,0.00176033,371.21,1.58308,3.41207,0.813721,0.0767245,0.0017059,True,32.0|103,291
8|291|sample|11|103,353.082,1.56846,3.8621,0.809973,0.0786693,0.00176033,371.21,1.583,4.04676,0.813643,0.0767245,0.0017059,True,22.0|103,291
8|291|sample|12|103,353.082,1.56846,3.8621,0.809973,0.0786693,0.00176033,371.21,1.583,4.04676,0.813643,0.0767245,0.0017059,True,22.0|103,291
8|291|sample|3|103,353.082,1.68996,3.35186,0.81003,0.0786693,0.00176033,371.21,1.69149,3.41202,0.813697,0.0767245,0.0017059,True,55.0|103,291
8|291|sample|4|103,353.082,1.68996,3.35186,0.81003,0.0786693,0.00176033,371.21,1.69149,3.41202,0.813697,0.0767245,0.0017059,True,55.0|103,291
8|291|sample|5|103,353.082,1.68996,3.35186,0.81003,0.0786693,0.00176033,371.21,1.69149,3.41202,0.813697,0.0767245,0.0017059,True,55.0|103,291
8|291|sample|6|103,353.082,1.68996,3.35186,0.81003,0.0786693,0.00176033,371.21,1.69149,3.41202,0.813697,0.0767245,0.0017059,True,55.0|103,291
8|291|sample|7|103,353.082,1.56855,3.35192,0.810053,0.0786693,0.00176033,371.21,1.58308,3.41207,0.813721,0.0767245,0.0017059,True,32.0|103,291
8|291|sample|8|103,353.082,1.56855,3.35192,0.810053,0.0786693,0.00176033,371.21,1.58308,3.41207,0.813721,0.0767245,0.0017059,True,32.0|103,291
8|291|sample|9|103,353.082,1.56855,3.35192,0.810053,0.0786693,0.00176033,371.21,1.58308,3.41207,0.813721,0.0767245,0.0017059,True,32.0|103,291
8|291|vc|1|2|103,353.082,1.56787,3.35173,0.809911,0.0786693,0.00176033,371.21,1.5824,3.41189,0.813579,0.0767245,0.0017059,False,69.0|103,291
8|291|vc|2|2|103,353.082,1.56787,3.35173,0.809911,0.0786693,0.00176033,371.21,1.5824,3.41189,0.813579,0.0767245,0.0017059,False,69.0|103,291
8|291|vc|3|2|103,353.082,1.56787,3.35173,0.809911,0.0786693,0.00176033,371.21,1.5824,3.41189,0.813579,0.0767245,0.0017059,False,69.0|103,291
8|291|vc|4|2|103,353.082,1.56787,3.35173,0.809911,0.0786693,0.00176033,371.21,1.5824,3.41189,0.813579,0.0767245,0.0017059,False,69.0|103,291
8|291|vc|5|2|103,353.082,1.56787,3.35173,0.809911,0.0786693,0.00176033,371.21,1.5824,3.41189,0.813579,0.0767245,0.0017059,False,69.0|103,291
8|291|vc|6|2|103,353.082,1.56787,3.35173,0.809911,0.0786693,0.00176033,371.21,1.5824,3.41189,0.813579,0.0767245,0.0017059,False,69.0|103,291
8|291|vc|7|2|103,353.082,1.56787,3.35173,0.809911,0.0786693,0.00176033,371.21,1.5824,3.41189,0.813579,0.0767245,0.0017059,False,69.0|103,291
8|291|vc|8|2|103,353.082,1.56787,3.35173,0.809911,0.0786693,0.00176033,371.21,1.5824,3.41189,0.813579,0.0767245,0.0017059,False,69.0|103,291
8|77|cc|1|1|218,353.082,1.56785,3.35173,0.809976,0.205532,0.00175026,371.21,1.58238,3.41188,0.813644,0.204407,0.001696,False,69.0|218,77
8|77|cc|2|1|218,353.082,1.56785,3.35173,0.809976,0.205532,0.00175026,371.21,1.58238,3.41188,0.813644,0.204407,0.001696,False,69.0|218,77
8|77|cc|3|1|218,353.082,1.56785,3.35173,0.809976,0.205532,0.00175026,371.21,1.58238,3.41188,0.813644,0.204407,0.001696,False,69.0|218,77
8|77|cc|4|1|218,353.082,1.56785,3.35173,0.809976,0.205532,0.00175026,371.21,1.58238,3.41188,0.813644,0.204407,0.001696,False,69.0|218,77
8|77|cc|5|1|218,353.082,1.56785,3.35173,0.809976,0.205532,0.00175026,371.21,1.58238,3.41188,0.813644,0.204407,0.001696,False,69.0|218,77
8|77|cc|6|1|218,353.082,1.56785,3.35173,0.809976,0.205532,0.00175026,371.21,1.58238,3.41188,0.813644,0.204407,0.001696,False,69.0|218,77
8|77|cc|7|1|218,353.082,1.56785,3.35173,0.809976,0.205532,0.00175026,371.21,1.58238,3.41188,0.813644,0.204407,0.001696,False,69.0|218,77
8|77|cc|8|1|218,353.082,1.56785,3.35173,0.809976,0.205532,0.00175026,371.21,1.58238,3.41188,0.813644,0.204407,0.001696,False,69.0|218,77
8|77|sample|10|218,353.082,1.56816,3.35189,0.810016,0.205532,0.00175026,371.21,1.58269,3.41205,0.813685,0.204407,0.001696,True,32.0|218,77
8|77|sample|11|218,353.082,1.56903,3.35179,0.810023,0.205532,0.00175026,371.21,1.58357,3.41195,0.813692,0.204407,0.001696,True,22.0|218,77
8|77|sample|12|218,353.082,1.56903,3.35179,0.810023,0.205532,0.00175026,371.21,1.58357,3.41195,0.813692,0.204407,0.001696,True,22.0|218,77
8|77|sample|3|218,353.082,1.56809,3.35196,0.809973,0.205532,0.00175026,371.21,1.58262,3.41211,0.813641,0.204407,0.001696,True,55.0|218,77
8|77|sample|4|218,353.082,1.56809,3.35196,0.809973,0.205532,0.00175026,371.21,1.58262,3.41211,0.813641,0.204407,0.001696,True,55.0|218,77
8|77|sample|5|218,353.082,1.56809,3.35196,0.809973,0.205532,0.00175026,371.21,1.58262,3.41211,0.813641,0.204407,0.001696,True,55.0|218,77
8|77|sample|6|218,353.082,1.56809,3.35196,0.809973,0.205532,0.00175026,371.21,1.58262,3.41211,0.813641,0.204407,0.001696,True,55.0|218,77
8|77|sample|7|218,353.082,1.56816,3.35189,0.810016,0.205532,0.00175026,371.21,1.58269,3.41205,0.813685,0.204407,0.001696,True,32.0|218,77
8|77|sample|8|218,353.082,1.56816,3.35189,0.810016,0.205532,0.00175026,371.21,1.58269,3.41205,0.813685,0.204407,0.001696,True,32.0|218,77
8|77|sample|9|218,353.082,1.56816,3.35189,0.810016,0.205532,0.00175026,371.21,1.58269,3.41205,0.813685,0.204407,0.001696,True,32.0|218,77
8|77|vc|1|2|218,353.082,1.56785,3.35173,0.809976,0.205532,0.00175026,371.21,1.58238,3.41188,0.813644,0.204407,0.001696,False,69.0|218,77
8|77|vc|2|2|218,353.082,1.56785,3.35173,0.809976,0.205532,0.00175026,371.21,1.58238,3.41188,0.813644,0.204407,0.001696,False,69.0|218,77
8|77|vc|3|2|218,353.082,1.56785,3.35173,0.809976,0.205532,0.00175026,371.21,1.58238,3.41188,0.813644,0.204407,0.001696,False,69.0|218,77
8|77|vc|4|2|218,353.082,1.56785,3.35173,0.809976,0.205532,0.00175026,371.21,1.58238,3.41188,0.813644,0.204407,0.001696,False,69.0|218,77
8|77|vc|5|2|218,353.082,1.56785,3.35173,0.809976,0.205532,0.00175026,371.21,1.58238,3.41188,0.813644,0.204407,0.001696,False,69.0|218,77
8|77|vc|6|2|218,353.082,1.56785,3.35173,0.809976,0.205532,0.00175026,371.21,1.58238,3.41188,0.813644,0.204407,0.001696,False,69.0|218,77
8|77|vc|7|2|218,353.082,1.56785,3.35173,0.809976,0.205532,0.00175026,371.21,1.58238,3.41188,0.813644,0.204407,0.001696,False,69.0|218,77
8|77|vc|8|2|218,353.082,1.56785,3.35173,0.809976,0.205532,0.00175026,371.21,1.58238,3.41188,0.813644,0.204407,0.001696,False,69.0|218,77
8|322|cc|1|1|174,353.082,1.56787,3.35171,0.809988,0.0792678,0.00175312,371.21,1.58239,3.41186,0.813655,0.0773433,0.00169884,False,69.0|174,322
8|322|cc|2|1|174,353.082,1.56787,3.35171,0.809988,0.0792678,0.00175312,371.21,1.58239,3.41186,0.813655,0.0773433,0.00169884,False,69.0|174,322
8|322|cc|3|1|174,353.082,1.56787,3.35171,0.809988,0.0792678,0.00175312,371.21,1.58239,3.41186,0.813655,0.0773433,0.00169884,False,69.0|174,322
8|322|cc|4|1|174,353.082,1.56787,3.35171,0.809988,0.0792678,0.00175312,371.21,1.58239,3.41186,0.813655,0.0773433,0.00169884,False,69.0|174,322
8|322|cc|5|1|174,353.082,1.56787,3.35171,0.809988,0.0792678,0.00175312,371.21,1.58239,3.41186,0.813655,0.0773433,0.00169884,False,69.0|174,322
8|322|cc|6|1|174,353.082,1.56787,3.35171,0.809988,0.0792678,0.00175312,371.21,1.58239,3.41186,0.813655,0.0773433,0.00169884,False,69.0|174,322
8|322|cc|7|1|174,353.082,1.56787,3.35171,0.809988,0.0792678,0.00175312,371.21,1.58239,3.41186,0.813655,0.0773433,0.00169884,False,69.0|174,322
8|322|cc|8|1|174,353.082,1.56787,3.35171,0.809988,0.0792678,0.00175312,371.21,1.58239,3.41186,0.813655,0.0773433,0.00169884,False,69.0|174,322
8|322|sample|10|174,353.082,1.57165,3.35196,0.810065,0.0792678,0.00175312,371.21,1.58623,3.41212,0.813734,0.0773433,0.00169884,True,32.0|174,322
8|322|sample|11|174,353.082,1.56824,3.35194,0.809978,0.0792678,0.00175312,371.21,1.58277,3.4121,0.813648,0.0773433,0.00169884,True,22.0|174,322
8|322|sample|12|174,353.082,1.56824,3.35194,0.809978,0.0792678,0.00175312,371.21,1.58277,3.4121,0.813648,0.0773433,0.00169884,True,22.0|174,322
8|322|sample|3|174,353.082,1.56823,3.3517,0.809987,0.0792678,0.00175312,371.21,1.58276,3.41186,0.813657,0.0773433,0.00169884,True,55.0|174,322
8|322|sample|4|174,353.082,1.56823,3.3517,0.809987,0.0792678,0.00175312,371.21,1.58276,3.41186,0.813657,0.0773433,0.00169884,True,55.0|174,322
8|322|sample|5|174,353.082,1.56823,3.3517,0.809987,0.0792678,0.00175312,371.21,1.58276,3.41186,0.813657,0.0773433,0.00169884,True,55.0|174,322
8|322|sample|6|174,353.082,1.56823,3.3517,0.809987,0.0792678,0.00175312,371.21,1.58276,3.41186,0.813657,0.0773433,0.00169884,True,55.0|174,322
8|322|sample|7|174,353.082,1.57165,3.35196,0.810065,0.0792678,0.00175312,371.21,1.58623,3.41212,0.813734,0.0773433,0.00169884,True,32.0|174,322
8|322|sample|8|174,353.082,1.57165,3.35196,0.810065,0.0792678,0.00175312,371.21,1.58623,3.41212,0.813734,0.0773433,0.00169884,True,32.0|174,322
8|322|sample|9|174,353.082,1.57165,3.35196,0.810065,0.0792678,0.00175312,371.21,1.58623,3.41212,0.813734,0.0773433,0.00169884,True,32.0|174,322
8|322|vc|1|2|174,353.082,1.56787,3.35171,0.809988,0.0792678,0.00175312,371.21,1.58239,3.41186,0.813655,0.0773433,0.00169884,False,69.0|174,322
8|322|vc|2|2|174,353.082,1.56787,3.35171,0.809988,0.0792678,0.00175312,371.21,1.58239,3.41186,0.813655,0.0773433,0.00169884,False,69.0|174,322
8|322|vc|3|2|174,353.082,1.56787,3.35171,0.809988,0.0792678,0.00175312,371.21,1.58239,3.41186,0.813655,0.0773433,0.00169884,False,69.0|174,322
8|322|vc|4|2|174,353.082,1.56787,3.35171,0.809988,0.0792678,0.00175312,371.21,1.58239,3.41186,0.813655,0.0773433,0.00169884,False,69.0|174,322
8|322|vc|5|2|174,353.082,1.56787,3.35171,0.809988,0.0792678,0.00175312,371.21,1.58239,3.41186,0.813655,0.0773433,0.00169884,False,69.0|174,322
8|322|vc|6|2|174,353.082,1.56787,3.35171,0.809988,0.0792678,0.00175312,371.21,1.58239,3.41186,0.813655,0.0773433,0.00169884,False,69.0|174,322
8|322|vc|7|2|174,353.082,1.56787,3.35171,0.809988,0.0792678,0.00175312,371.21,1.58239,3.41186,0.813655,0.0773433,0.00169884,False,69.0|174,322
8|322|vc|8|2|174,353.082,1.56787,3.35171,0.809988,0.0792678,0.00175312,371.21,1.58239,3.41186,0.813655,0.0773433,0.00169884,False,69.0|174,322
8|963|cc|1|1|319,353.082,1.56787,3.35173,0.809996,0.0786583,0.00175294,371.21,1.5824,3.41189,0.813664,0.0767155,0.00169875,False,69.0|319,963
8|963|cc|2|1|319,353.082,1.56787,3.35173,0.809996,0.0786583,0.00175294,371.21,1.5824,3.41189,0.813664,0.0767155,0.00169875,False,69.0|319,963
8|963|cc|3|1|319,353.082,1.56787,3.35173,0.809996,0.0786583,0.00175294,371.21,1.5824,3.41189,0.813664,0.0767155,0.00169875,False,69.0|319,963
8|963|cc|4|1|319,353.082,1.56787,3.35173,0.809996,0.0786583,0.00175294,371.21,1.5824,3.41189,0.813664,0.0767155,0.00169875,False,69.0|319,963
8|963|cc|5|1|319,353.082,1.56787,3.35173,0.809996,0.0786583,0.00175294,371.21,1.5824,3.41189,0.813664,0.0767155,0.00169875,False,69.0|319,963
8|963|cc|6|1|319,353.082,1.56787,3.35173,0.809996,0.0786583,0.00175294,371.21,1.5824,3.41189,0.813664,0.0767155,0.00169875,False,69.0|319,963
8|963|cc|7|1|319,353.082,1.56787,3.35173,0.809996,0.0786583,0.00175294,371.21,1.5824,3.41189,0.813664,0.0767155,0.00169875,False,69.0|319,963
8|963|cc|8|1|319,353.082,1.56787,3.35173,0.809996,0.0786583,0.00175294,371.21,1.5824,3.41189,0.813664,0.0767155,0.00169875,False,69.0|319,963
8|963|sample|10|319,353.082,1.56804,3.35195,0.809985,0.0786583,0.00175294,371.21,1.58257,3.41211,0.813653,0.0767155,0.00169875,True,32.0|319,963
8|963|sample|11|319,353.082,1.56808,3.35187,0.809997,0.0786583,0.00175294,371.21,1.58261,3.41203,0.813666,0.0767155,0.00169875,True,22.0|319,963
8|963|sample|12|319,353.082,1.56808,3.35187,0.809997,0.0786583,0.00175294,371.21,1.58261,3.41203,0.813666,0.0767155,0.00169875,True,22.0|319,963
8|963|sample|3|319,353.082,1.56808,3.35189,0.810069,0.0786583,0.00175294,371.21,1.58261,3.41205,0.813738,0.0767155,0.00169875,True,55.0|319,963
8|963|sample|4|319,353.082,1.56808,3.35189,0.810069,0.0786583,0.00175294,371.21,1.58261,3.41205,0.813738,0.0767155,0.00169875,True,55.0|319,963
8|963|sample|5|319,353.082,1.56808,3.35189,0.810069,0.0786583,0.00175294,371.21,1.58261,3.41205,0.813738,0.0767155,0.00169875,True,55.0|319,963
8|963|sample|6|319,353.082,1.56808,3.35189,0.810069,0.0786583,0.00175294,371.21,1.58261,3.41205,0.813738,0.0767155,0.00169875,True,55.0|319,963
8|963|sample|7|319,353.082,1.56804,3.35195,0.809985,0.0786583,0.00175294,371.21,1.58257,3.41211,0.813653,0.0767155,0.00169875,True,32.0|319,963
8|963|sample|8|319,353.082,1.56804,3.35195,0.809985,0.0786583,0.00175294,371.21,1.58257,3.41211,0.813653,0.0767155,0.00169875,True,32.0|319,963
8|963|sample|9|319,353.082,1.56804,3.35195,0.809985,0.0786583,0.00175294,371.21,1.58257,3.41211,0.813653,0.0767155,0.00169875,True,32.0|319,963
8|963|vc|1|2|319,353.082,1.56787,3.35173,0.809996,0.0786583,0.00175294,371.21,1.5824,3.41189,0.813664,0.0767155,0.00169875,False,69.0|319,963
8|963|vc|2|2|319,353.082,1.56787,3.35173,0.809996,0.0786583,0.00175294,371.21,1.5824,3.41189,0.813664,0.0767155,0.00169875,False,69.0|319,963
8|963|vc|3|2|319,353.082,1.56787,3.35173,0.809996,0.0786583,0.00175294,371.21,1.5824,3.41189,0.813664,0.0767155,0.00169875,False,69.0|319,963
8|963|vc|4|2|319,353.082,1.56787,3.35173,0.809996,0.0786583,0.00175294,371.21,1.5824,3.41189,0.813664,0.0767155,0.00169875,False,69.0|319,963
8|963|vc|5|2|319,353.082,1.56787,3.35173,0.809996,0.0786583,0.00175294,371.21,1.5824,3.41189,0.813664,0.0767155,0.00169875,False,69.0|319,963
8|963|vc|6|2|319,353.082,1.56787,3.35173,0.809996,0.0786583,0.00175294,371.21,1.5824,3.41189,0.813664,0.0767155,0.00169875,False,69.0|319,963
8|963|vc|7|2|319,353.082,1.56787,3.35173,0.809996,0.0786583,0.00175294,371.21,1.5824,3.41189,0.813664,0.0767155,0.00169875,False,69.0|319,963
8|963|vc|8|2|319,353.082,1.56787,3.35173,0.809996,0.0786583,0.00175294,371.21,1.5824,3.41189,0.813664,0.0767155,0.00169875,False,69.0|319,963
8|1241|cc|1|1|69,353.082,1.56785,3.35179,0.809982,0.0784815,0.00176856,371.21,1.58238,3.41194,0.813649,0.0765366,0.00171407,False,69.0|69,1241
8|1241|cc|2|1|69,353.082,1.56785,3.35179,0.809982,0.0784815,0.00176856,371.21,1.58238,3.41194,0.813649,0.0765366,0.00171407,False,69.0|69,1241
8|1241|cc|3|1|69,353.082,1.56785,3.35179,0.809982,0.0784815,0.00176856,371.21,1.58238,3.41194,0.813649,0.0765366,0.00171407,False,69.0|69,1241
8|1241|cc|4|1|69,353.082,1.56785,3.35179,0.809982,0.0784815,0.00176856,371.21,1.58238,3.41194,0.813649,0.0765366,0.00171407,False,69.0|69,1241
8|1241|cc|5|1|69,353.082,1.56785,3.35179,0.809982,0.0784815,0.00176856,371.21,1.58238,3.41194,0.813649,0.0765366,0.00171407,False,69.0|69,1241
8|1241|cc|6|1|69,353.082,1.56785,3.35179,0.809982,0.0784815,0.00176856,371.21,1.58238,3.41194,0.813649,0.0765366,0.00171407,False,69.0|69,1241
8|1241|cc|7|1|69,353.082,1.56785,3.35179,0.809982,0.0784815,0.00176856,371.21,1.58238,3.41194,0.813649,0.0765366,0.00171407,False,69.0|69,1241
8|1241|cc|8|1|69,353.082,1.56785,3.35179,0.809982,0.0784815,0.00176856,371.21,1.58238,3.41194,0.813649,0.0765366,0.00171407,False,69.0|69,1241
8|1241|sample|3|69,353.082,1.87551,3.35191,0.810033,0.0784815,0.00176856,371.21,1.84926,3.41206,0.813701,0.0765366,0.00171407,True,22.0|69,1241
8|1241|sample|4|69,353.082,1.87551,3.35191,0.810033,0.0784815,0.00176856,371.21,1.84926,3.41206,0.813701,0.0765366,0.00171407,True,22.0|69,1241
8|1241|sample|8|69,353.082,1.87551,3.35191,0.810033,0.0784815,0.00176856,371.21,1.84926,3.41206,0.813701,0.0765366,0.00171407,True,22.0|69,1241
8|1241|vc|1|2|69,353.082,1.56785,3.35179,0.809982,0.0784815,0.00176856,371.21,1.58238,3.41194,0.813649,0.0765366,0.00171407,False,69.0|69,1241
8|1241|vc|2|2|69,353.082,1.56785,3.35179,0.809982,0.0784815,0.00176856,371.21,1.58238,3.41194,0.813649,0.0765366,0.00171407,False,69.0|69,1241
8|1241|vc|3|2|69,353.082,1.56785,3.35179,0.809982,0.0784815,0.00176856,371.21,1.58238,3.41194,0.813649,0.0765366,0.00171407,False,69.0|69,1241
8|1241|vc|4|2|69,353.082,1.56785,3.35179,0.809982,0.0784815,0.00176856,371.21,1.58238,3.41194,0.813649,0.0765366,0.00171407,False,69.0|69,1241
8|1241|vc|5|2|69,353.082,1.56785,3.35179,0.809982,0.0784815,0.00176856,371.21,1.58238,3.41194,0.813649,0.0765366,0.00171407,False,69.0|69,1241
8|1241|vc|6|2|69,353.082,1.56785,3.35179,0.809982,0.0784815,0.00176856,371.21,1.58238,3.41194,0.813649,0.0765366,0.00171407,False,69.0|69,1241
8|1241|vc|7|2|69,353.082,1.56785,3.35179,0.809982,0.0784815,0.00176856,371.21,1.58238,3.41194,0.813649,0.0765366,0.00171407,False,69.0|69,1241
8|1241|vc|8|2|69,353.082,1.56785,3.35179,0.809982,0.0784815,0.00176856,371.21,1.58238,3.41194,0.813649,0.0765366,0.00171407,False,69.0|69,1241
8|1056|cc|1|1|276,353.082,1.56786,3.35172,0.809974,0.0785742,0.00174747,371.21,1.58239,3.41187,0.813641,0.0766289,0.00169325,False,69.0|276,1056
8|1056|cc|2|1|276,353.082,1.56786,3.35172,0.809974,0.0785742,0.00174747,371.21,1.58239,3.41187,0.813641,0.0766289,0.00169325,False,69.0|276,1056
8|1056|cc|3|1|276,353.082,1.56786,3.35172,0.809974,0.0785742,0.00174747,371.21,1.58239,3.41187,0.813641,0.0766289,0.00169325,False,69.0|276,1056
8|1056|cc|4|1|276,353.082,1.56786,3.35172,0.809974,0.0785742,0.00174747,371.21,1.58239,3.41187,0.813641,0.0766289,0.00169325,False,69.0|276,1056
8|1056|cc|5|1|276,353.082,1.56786,3.35172,0.809974,0.0785742,0.00174747,371.21,1.58239,3.41187,0.813641,0.0766289,0.00169325,False,69.0|276,1056
8|1056|cc|6|1|276,353.082,1.56786,3.35172,0.809974,0.0785742,0.00174747,371.21,1.58239,3.41187,0.813641,0.0766289,0.00169325,False,69.0|276,1056
8|1056|cc|7|1|276,353.082,1.56786,3.35172,0.809974,0.0785742,0.00174747,371.21,1.58239,3.41187,0.813641,0.0766289,0.00169325,False,69.0|276,1056
8|1056|cc|8|1|276,353.082,1.56786,3.35172,0.809974,0.0785742,0.00174747,371.21,1.58239,3.41187,0.813641,0.0766289,0.00169325,False,69.0|276,1056
8|1056|sample|3|276,353.082,1.56827,3.35189,0.810024,0.0785742,0.00174747,371.21,1.58279,3.41205,0.813692,0.0766289,0.00169325,True,22.0|276,1056
8|1056|sample|4|276,353.082,1.56827,3.35189,0.810024,0.0785742,0.00174747,371.21,1.58279,3.41205,0.813692,0.0766289,0.00169325,True,22.0|276,1056
8|1056|vc|1|2|276,353.082,1.56786,3.35172,0.809974,0.0785742,0.00174747,371.21,1.58239,3.41187,0.813641,0.0766289,0.00169325,False,69.0|276,1056
8|1056|vc|2|2|276,353.082,1.56786,3.35172,0.809974,0.0785742,0.00174747,371.21,1.58239,3.41187,0.813641,0.0766289,0.00169325,False,69.0|276,1056
8|1056|vc|3|2|276,353.082,1.56786,3.35172,0.809974,0.0785742,0.00174747,371.21,1.58239,3.41187,0.813641,0.0766289,0.00169325,False,69.0|276,1056
8|1056|vc|4|2|276,353.082,1.56786,3.35172,0.809974,0.0785742,0.00174747,371.21,1.58239,3.41187,0.813641,0.0766289,0.00169325,False,69.0|276,1056
8|1056|vc|5|2|276,353.082,1.56786,3.35172,0.809974,0.0785742,0.00174747,371.21,1.58239,3.41187,0.813641,0.0766289,0.00169325,False,69.0|276,1056
8|1056|vc|6|2|276,353.082,1.56786,3.35172,0.809974,0.0785742,0.00174747,371.21,1.58239,3.41187,0.813641,0.0766289,0.00169325,False,69.0|276,1056
8|1056|vc|7|2|276,353.082,1.56786,3.35172,0.809974,0.0785742,0.00174747,371.21,1.58239,3.41187,0.813641,0.0766289,0.00169325,False,69.0|276,1056
8|1056|vc|8|2|276,353.082,1.56786,3.35172,0.809974,0.0785742,0.00174747,371.21,1.58239,3.41187,0.813641,0.0766289,0.00169325,False,69.0|276,1056
8|1159|cc|1|1|292,353.082,1.56786,3.35176,0.809982,0.0783146,0.00176332,371.21,1.58239,3.41192,0.81365,0.0763704,0.00170901,False,69.0|292,1159
8|1159|cc|2|1|292,353.082,1.56786,3.35176,0.809982,0.0783146,0.00176332,371.21,1.58239,3.41192,0.81365,0.0763704,0.00170901,False,69.0|292,1159
8|1159|cc|3|1|292,353.082,1.56786,3.35176,0.809982,0.0783146,0.00176332,371.21,1.58239,3.41192,0.81365,0.0763704,0.00170901,False,69.0|292,1159
8|1159|cc|4|1|292,353.082,1.56786,3.35176,0.809982,0.0783146,0.00176332,371.21,1.58239,3.41192,0.81365,0.0763704,0.00170901,False,69.0|292,1159
8|1159|cc|5|1|292,353.082,1.56786,3.35176,0.809982,0.0783146,0.00176332,371.21,1.58239,3.41192,0.81365,0.0763704,0.00170901,False,69.0|292,1159
8|1159|cc|6|1|292,353.082,1.56786,3.35176,0.809982,0.0783146,0.00176332,371.21,1.58239,3.41192,0.81365,0.0763704,0.00170901,False,69.0|292,1159
8|1159|cc|7|1|292,353.082,1.56786,3.35176,0.809982,0.0783146,0.00176332,371.21,1.58239,3.41192,0.81365,0.0763704,0.00170901,False,69.0|292,1159
8|1159|cc|8|1|292,353.082,1.56786,3.35176,0.809982,0.0783146,0.00176332,371.21,1.58239,3.41192,0.81365,0.0763704,0.00170901,False,69.0|292,1159
8|1159|sample|3|292,353.082,1.56816,3.35184,0.810027,0.0783146,0.00176332,371.21,1.58269,3.412,0.813696,0.0763704,0.00170901,True,22.0|292,1159
8|1159|sample|4|292,353.082,1.56816,3.35184,0.810027,0.0783146,0.00176332,371.21,1.58269,3.412,0.813696,0.0763704,0.00170901,True,22.0|292,1159
8|1159|vc|1|2|292,353.082,1.56786,3.35176,0.809982,0.0783146,0.00176332,371.21,1.58239,3.41192,0.81365,0.0763704,0.00170901,False,69.0|292,1159
8|1159|vc|2|2|292,353.082,1.56786,3.35176,0.809982,0.0783146,0.00176332,371.21,1.58239,3.41192,0.81365,0.0763704,0.00170901,False,69.0|292,1159
8|1159|vc|3|2|292,353.082,1.56786,3.35176,0.809982,0.0783146,0.00176332,371.21,1.58239,3.41192,0.81365,0.0763704,0.00170901,False,69.0|292,1159
8|1159|vc|4|2|292,353.082,1.56786,3.35176,0.809982,0.0783146,0.00176332,371.21,1.58239,3.41192,0.81365,0.0763704,0.00170901,False,69.0|292,1159
8|1159|vc|5|2|292,353.082,1.56786,3.35176,0.809982,0.0783146,0.00176332,371.21,1.58239,3.41192,0.81365,0.0763704,0.00170901,False,69.0|292,1159
8|1159|vc|6|2|292,353.082,1.56786,3.35176,0.809982,0.0783146,0.00176332,371.21,1.58239,3.41192,0.81365,0.0763704,0.00170901,False,69.0|292,1159
8|1159|vc|7|2|292,353.082,1.56786,3.35176,0.809982,0.0783146,0.00176332,371.21,1.58239,3.41192,0.81365,0.0763704,0.00170901,False,69.0|292,1159
8|1159|vc|8|2|292,353.082,1.56786,3.35176,0.809982,0.0783146,0.00176332,371.21,1.58239,3.41192,0.81365,0.0763704,0.00170901,False,69.0|292,1159
8|1017|cc|1|1|65,353.082,1.5679,3.35189,0.809983,0.0784653,0.0017638,371.21,1.58243,3.41204,0.813651,0.0765205,0.00170947,False,69.0|65,1017
8|1017|cc|2|1|65,353.082,1.5679,3.35189,0.809983,0.0784653,0.0017638,371.21,1.58243,3.41204,0.813651,0.0765205,0.00170947,False,69.0|65,1017
8|1017|cc|3|1|65,353.082,1.5679,3.35189,0.809983,0.0784653,0.0017638,371.21,1.58243,3.41204,0.813651,0.0765205,0.00170947,False,69.0|65,1017
8|1017|cc|4|1|65,353.082,1.5679,3.35189,0.809983,0.0784653,0.0017638,371.21,1.58243,3.41204,0.813651,0.0765205,0.00170947,False,69.0|65,1017
8|1017|cc|5|1|65,353.082,1.5679,3.35189,0.809983,0.0784653,0.0017638,371.21,1.58243,3.41204,0.813651,0.0765205,0.00170947,False,69.0|65,1017
8|1017|cc|6|1|65,353.082,1.5679,3.35189,0.809983,0.0784653,0.0017638,371.21,1.58243,3.41204,0.813651,0.0765205,0.00170947,False,69.0|65,1017
8|1017|cc|7|1|65,353.082,1.5679,3.35189,0.809983,0.0784653,0.0017638,371.21,1.58243,3.41204,0.813651,0.0765205,0.00170947,False,69.0|65,1017
8|1017|cc|8|1|65,353.082,1.5679,3.35189,0.809983,0.0784653,0.0017638,371.21,1.58243,3.41204,0.813651,0.0765205,0.00170947,False,69.0|65,1017
8|1017|sample|3|65,353.082,1.56824,3.35196,0.810062,0.0784653,0.0017638,371.21,1.58277,3.41212,0.813731,0.0765205,0.00170947,True,22.0|65,1017
8|1017|sample|4|65,353.082,1.56824,3.35196,0.810062,0.0784653,0.0017638,371.21,1.58277,3.41212,0.813731,0.0765205,0.00170947,True,22.0|65,1017
8|1017|sample|8|65,353.082,1.56824,3.35196,0.810062,0.0784653,0.0017638,371.21,1.58277,3.41212,0.813731,0.0765205,0.00170947,True,22.0|65,1017
8|1017|vc|1|2|65,353.082,1.5679,3.35189,0.809983,0.0784653,0.0017638,371.21,1.58243,3.41204,0.813651,0.0765205,0.00170947,False,69.0|65,1017
8|1017|vc|2|2|65,353.082,1.5679,3.35189,0.809983,0.0784653,0.0017638,371.21,1.58243,3.41204,0.813651,0.0765205,0.00170947,False,69.0|65,1017
8|1017|vc|3|2|65,353.082,1.5679,3.35189,0.809983,0.0784653,0.0017638,371.21,1.58243,3.41204,0.813651,0.0765205,0.00170947,False,69.0|65,1017
8|1017|vc|4|2|65,353.082,1.5679,3.35189,0.809983,0.0784653,0.0017638,371.21,1.58243,3.41204,0.813651,0.0765205,0.00170947,False,69.0|65,1017
8|1017|vc|5|2|65,353.082,1.5679,3.35189,0.809983,0.0784653,0.0017638,371.21,1.58243,3.41204,0.813651,0.0765205,0.00170947,False,69.0|65,1017
8|1017|vc|6|2|65,353.082,1.5679,3.35189,0.809983,0.0784653,0.0017638,371.21,1.58243,3.41204,0.813651,0.0765205,0.00170947,False,69.0|65,1017
8|1017|vc|7|2|65,353.082,1.5679,3.35189,0.809983,0.0784653,0.0017638,371.21,1.58243,3.41204,0.813651,0.0765205,0.00170947,False,69.0|65,1017
8|1017|vc|8|2|65,353.082,1.5679,3.35189,0.809983,0.0784653,0.0017638,371.21,1.58243,3.41204,0.813651,0.0765205,0.00170947,False,69.0|65,1017
8|1197|cc|1|1|103,353.082,1.56787,3.35173,0.809911,0.0785368,0.00178366,371.21,1.5824,3.41189,0.813579,0.0765919,0.0017295,False,69.0|103,1197
8|1197|cc|2|1|103,353.082,1.56787,3.35173,0.809911,0.0785368,0.00178366,371.21,1.5824,3.41189,0.813579,0.0765919,0.0017295,False,69.0|103,1197
8|1197|cc|3|1|103,353.082,1.56787,3.35173,0.809911,0.0785368,0.00178366,371.21,1.5824,3.41189,0.813579,0.0765919,0.0017295,False,69.0|103,1197
8|1197|cc|4|1|103,353.082,1.56787,3.35173,0.809911,0.0785368,0.00178366,371.21,1.5824,3.41189,0.813579,0.0765919,0.0017295,False,69.0|103,1197
8|1197|cc|5|1|103,353.082,1.56787,3.35173,0.809911,0.0785368,0.00178366,371.21,1.5824,3.41189,0.813579,0.0765919,0.0017295,False,69.0|103,1197
8|1197|cc|6|1|103,353.082,1.56787,3.35173,0.809911,0.0785368,0.00178366,371.21,1.5824,3.41189,0.813579,0.0765919,0.0017295,False,69.0|103,1197
8|1197|cc|7|1|103,353.082,1.56787,3.35173,0.809911,0.0785368,0.00178366,371.21,1.5824,3.41189,0.813579,0.0765919,0.0017295,False,69.0|103,1197
8|1197|cc|8|1|103,353.082,1.56787,3.35173,0.809911,0.0785368,0.00178366,371.21,1.5824,3.41189,0.813579,0.0765919,0.0017295,False,69.0|103,1197
8|1197|sample|3|103,353.082,1.56846,3.8621,0.809973,0.0785368,0.00178366,371.21,1.583,4.04676,0.813643,0.0765919,0.0017295,True,22.0|103,1197
8|1197|sample|4|103,353.082,1.56846,3.8621,0.809973,0.0785368,0.00178366,371.21,1.583,4.04676,0.813643,0.0765919,0.0017295,True,22.0|103,1197
8|1197|vc|1|2|103,353.082,1.56787,3.35173,0.809911,0.0785368,0.00178366,371.21,1.5824,3.41189,0.813579,0.0765919,0.0017295,False,69.0|103,1197
8|1197|vc|2|2|103,353.082,1.56787,3.35173,0.809911,0.0785368,0.00178366,371.21,1.5824,3.41189,0.813579,0.0765919,0.0017295,False,69.0|103,1197
8|1197|vc|3|2|103,353.082,1.56787,3.35173,0.809911,0.0785368,0.00178366,371.21,1.5824,3.41189,0.813579,0.0765919,0.0017295,False,69.0|103,1197
8|1197|vc|4|2|103,353.082,1.56787,3.35173,0.809911,0.0785368,0.00178366,371.21,1.5824,3.41189,0.813579,0.0765919,0.0017295,False,69.0|103,1197
8|1197|vc|5|2|103,353.082,1.56787,3.35173,0.809911,0.0785368,0.00178366,371.21,1.5824,3.41189,0.813579,0.0765919,0.0017295,False,69.0|103,1197
8|1197|vc|6|2|103,353.082,1.56787,3.35173,0.809911,0.0785368,0.00178366,371.21,1.5824,3.41189,0.813579,0.0765919,0.0017295,False,69.0|103,1197
8|1197|vc|7|2|103,353.082,1.56787,3.35173,0.809911,0.0785368,0.00178366,371.21,1.5824,3.41189,0.813579,0.0765919,0.0017295,False,69.0|103,1197
8|1197|vc|8|2|103,353.082,1.56787,3.35173,0.809911,0.0785368,0.00178366,371.21,1.5824,3.41189,0.813579,0.0765919,0.0017295,False,69.0|103,1197
8|745|cc|1|1|218,353.082,1.56785,3.35173,0.809976,0.0784803,0.00176257,371.21,1.58238,3.41188,0.813644,0.0765354,0.00170814,False,69.0|218,745
8|745|cc|2|1|218,353.082,1.56785,3.35173,0.809976,0.0784803,0.00176257,371.21,1.58238,3.41188,0.813644,0.0765354,0.00170814,False,69.0|218,745
8|745|cc|3|1|218,353.082,1.56785,3.35173,0.809976,0.0784803,0.00176257,371.21,1.58238,3.41188,0.813644,0.0765354,0.00170814,False,69.0|218,745
8|745|cc|4|1|218,353.082,1.56785,3.35173,0.809976,0.0784803,0.00176257,371.21,1.58238,3.41188,0.813644,0.0765354,0.00170814,False,69.0|218,745
8|745|cc|5|1|218,353.082,1.56785,3.35173,0.809976,0.0784803,0.00176257,371.21,1.58238,3.41188,0.813644,0.0765354,0.00170814,False,69.0|218,745
8|745|cc|6|1|218,353.082,1.56785,3.35173,0.809976,0.0784803,0.00176257,371.21,1.58238,3.41188,0.813644,0.0765354,0.00170814,False,69.0|218,745
8|745|cc|7|1|218,353.082,1.56785,3.35173,0.809976,0.0784803,0.00176257,371.21,1.58238,3.41188,0.813644,0.0765354,0.00170814,False,69.0|218,745
8|745|cc|8|1|218,353.082,1.56785,3.35173,0.809976,0.0784803,0.00176257,371.21,1.58238,3.41188,0.813644,0.0765354,0.00170814,False,69.0|218,745
8|745|sample|3|218,353.082,1.56903,3.35179,0.810023,0.0784803,0.00176257,371.21,1.58357,3.41195,0.813692,0.0765354,0.00170814,True,22.0|218,745
8|745|sample|4|218,353.082,1.56903,3.35179,0.810023,0.0784803,0.00176257,371.21,1.58357,3.41195,0.813692,0.0765354,0.00170814,True,22.0|218,745
8|745|sample|5|218,353.082,1.56903,3.35179,0.810023,0.0784803,0.00176257,371.21,1.58357,3.41195,0.813692,0.0765354,0.00170814,True,22.0|218,745
8|745|vc|1|2|218,353.082,1.56785,3.35173,0.809976,0.0784803,0.00176257,371.21,1.58238,3.41188,0.813644,0.0765354,0.00170814,False,69.0|218,745
8|745|vc|2|2|218,353.082,1.56785,3.35173,0.809976,0.0784803,0.00176257,371.21,1.58238,3.41188,0.813644,0.0765354,0.00170814,False,69.0|218,745
8|745|vc|3|2|218,353.082,1.56785,3.35173,0.809976,0.0784803,0.00176257,371.21,1.58238,3.41188,0.813644,0.0765354,0.00170814,False,69.0|218,745
8|745|vc|4|2|218,353.082,1.56785,3.35173,0.809976,0.0784803,0.00176257,371.21,1.58238,3.41188,0.813644,0.0765354,0.00170814,False,69.0|218,745
8|745|vc|5|2|218,353.082,1.56785,3.35173,0.809976,0.0784803,0.00176257,371.21,1.58238,3.41188,0.813644,0.0765354,0.00170814,False,69.0|218,745
8|745|vc|6|2|218,353.082,1.56785,3.35173,0.809976,0.0784803,0.00176257,371.21,1.58238,3.41188,0.813644,0.0765354,0.00170814,False,69.0|218,745
8|745|vc|7|2|218,353.082,1.56785,3.35173,0.809976,0.0784803,0.00176257,371.21,1.58238,3.41188,0.813644,0.0765354,0.00170814,False,69.0|218,745
8|745|vc|8|2|218,353.082,1.56785,3.35173,0.809976,0.0784803,0.00176257,371.21,1.58238,3.41188,0.813644,0.0765354,0.00170814,False,69.0|218,745
8|1043|cc|1|1|174,353.082,1.56787,3.35171,0.809988,0.0784777,0.00175911,371.21,1.58239,3.41186,0.813655,0.0765327,0.00170481,False,69.0|174,1043
8|1043|cc|2|1|174,353.082,1.56787,3.35171,0.809988,0.0784777,0.00175911,371.21,1.58239,3.41186,0.813655,0.0765327,0.00170481,False,69.0|174,1043
8|1043|cc|3|1|174,353.082,1.56787,3.35171,0.809988,0.0784777,0.00175911,371.21,1.58239,3.41186,0.813655,0.0765327,0.00170481,False,69.0|174,1043
8|1043|cc|4|1|174,353.082,1.56787,3.35171,0.809988,0.0784777,0.00175911,371.21,1.58239,3.41186,0.813655,0.0765327,0.00170481,False,69.0|174,1043
8|1043|cc|5|1|174,353.082,1.56787,3.35171,0.809988,0.0784777,0.00175911,371.21,1.58239,3.41186,0.813655,0.0765327,0.00170481,False,69.0|174,1043
8|1043|cc|6|1|174,353.082,1.56787,3.35171,0.809988,0.0784777,0.00175911,371.21,1.58239,3.41186,0.813655,0.0765327,0.00170481,False,69.0|174,1043
8|1043|cc|7|1|174,353.082,1.56787,3.35171,0.809988,0.0784777,0.00175911,371.21,1.58239,3.41186,0.813655,0.0765327,0.00170481,False,69.0|174,1043
8|1043|cc|8|1|174,353.082,1.56787,3.35171,0.809988,0.0784777,0.00175911,371.21,1.58239,3.41186,0.813655,0.0765327,0.00170481,False,69.0|174,1043
8|1043|sample|3|174,353.082,1.56824,3.35194,0.809978,0.0784777,0.00175911,371.21,1.58277,3.4121,0.813648,0.0765327,0.00170481,True,22.0|174,1043
8|1043|sample|4|174,353.082,1.56824,3.35194,0.809978,0.0784777,0.00175911,371.21,1.58277,3.4121,0.813648,0.0765327,0.00170481,True,22.0|174,1043
8|1043|vc|1|2|174,353.082,1.56787,3.35171,0.809988,0.0784777,0.00175911,371.21,1.58239,3.41186,0.813655,0.0765327,0.00170481,False,69.0|174,1043
8|1043|vc|2|2|174,353.082,1.56787,3.35171,0.809988,0.0784777,0.00175911,371.21,1.58239,3.41186,0.813655,0.0765327,0.00170481,False,69.0|174,1043
8|1043|vc|3|2|174,353.082,1.56787,3.35171,0.809988,0.0784777,0.00175911,371.21,1.58239,3.41186,0.813655,0.0765327,0.00170481,False,69.0|174,1043
8|1043|vc|4|2|174,353.082,1.56787,3.35171,0.809988,0.0784777,0.00175911,371.21,1.58239,3.41186,0.813655,0.0765327,0.00170481,False,69.0|174,1043
8|1043|vc|5|2|174,353.082,1.56787,3.35171,0.809988,0.0784777,0.00175911,371.21,1.58239,3.41186,0.813655,0.0765327,0.00170481,False,69.0|174,1043
8|1043|vc|6|2|174,353.082,1.56787,3.35171,0.809988,0.0784777,0.00175911,371.21,1.58239,3.41186,0.813655,0.0765327,0.00170481,False,69.0|174,1043
8|1043|vc|7|2|174,353.082,1.56787,3.35171,0.809988,0.0784777,0.00175911,371.21,1.58239,3.41186,0.813655,0.0765327,0.00170481,False,69.0|174,1043
8|1043|vc|8|2|174,353.082,1.56787,3.35171,0.809988,0.0784777,0.00175911,371.21,1.58239,3.41186,0.813655,0.0765327,0.00170481,False,69.0|174,1043
8|1260|cc|1|1|319,353.082,1.56787,3.35173,0.809996,0.0785644,0.0017641,371.21,1.5824,3.41189,0.813664,0.0766202,0.00170986,False,69.0|319,1260
8|1260|cc|2|1|319,353.082,1.56787,3.35173,0.809996,0.0785644,0.0017641,371.21,1.5824,3.41189,0.813664,0.0766202,0.00170986,False,69.0|319,1260
8|1260|cc|3|1|319,353.082,1.56787,3.35173,0.809996,0.0785644,0.0017641,371.21,1.5824,3.41189,0.813664,0.0766202,0.00170986,False,69.0|319,1260
8|1260|cc|4|1|319,353.082,1.56787,3.35173,0.809996,0.0785644,0.0017641,371.21,1.5824,3.41189,0.813664,0.0766202,0.00170986,False,69.0|319,1260
8|1260|cc|5|1|319,353.082,1.56787,3.35173,0.809996,0.0785644,0.0017641,371.21,1.5824,3.41189,0.813664,0.0766202,0.00170986,False,69.0|319,1260
8|1260|cc|6|1|319,353.082,1.56787,3.35173,0.809996,0.0785644,0.0017641,371.21,1.5824,3.41189,0.813664,0.0766202,0.00170986,False,69.0|319,1260
8|1260|cc|7|1|319,353.082,1.56787,3.35173,0.809996,0.0785644,0.0017641,371.21,1.5824,3.41189,0.813664,0.0766202,0.00170986,False,69.0|319,1260
8|1260|cc|8|1|319,353.082,1.56787,3.35173,0.809996,0.0785644,0.0017641,371.21,1.5824,3.41189,0.813664,0.0766202,0.00170986,False,69.0|319,1260
8|1260|sample|3|319,353.082,1.56808,3.35187,0.809997,0.0785644,0.0017641,371.21,1.58261,3.41203,0.813666,0.0766202,0.00170986,True,22.0|319,1260
8|1260|sample|4|319,353.082,1.56808,3.35187,0.809997,0.0785644,0.0017641,371.21,1.58261,3.41203,0.813666,0.0766202,0.00170986,True,22.0|319,1260
8|1260|vc|1|2|319,353.082,1.56787,3.35173,0.809996,0.0785644,0.0017641,371.21,1.5824,3.41189,0.813664,0.0766202,0.00170986,False,69.0|319,1260
8|1260|vc|2|2|319,353.082,1.56787,3.35173,0.809996,0.0785644,0.0017641,371.21,1.5824,3.41189,0.813664,0.0766202,0.00170986,False,69.0|319,1260
8|1260|vc|3|2|319,353.082,1.56787,3.35173,0.809996,0.0785644,0.0017641,371.21,1.5824,3.41189,0.813664,0.0766202,0.00170986,False,69.0|319,1260
8|1260|vc|4|2|319,353.082,1.56787,3.35173,0.809996,0.0785644,0.0017641,371.21,1.5824,3.41189,0.813664,0.0766202,0.00170986,False,69.0|319,1260
8|1260|vc|5|2|319,353.082,1.56787,3.35173,0.809996,0.0785644,0.0017641,371.21,1.5824,3.41189,0.813664,0.0766202,0.00170986,False,69.0|319,1260
8|1260|vc|6|2|319,353.082,1.56787,3.35173,0.809996,0.0785644,0.0017641,371.21,1.5824,3.41189,0.813664,0.0766202,0.00170986,False,69.0|319,1260
8|1260|vc|7|2|319,353.082,1.56787,3.35173,0.809996,0.0785644,0.0017641,371.21,1.5824,3.41189,0.813664,0.0766202,0.00170986,False,69.0|319,1260
8|1260|vc|8|2|319,353.082,1.56787,3.35173,0.809996,0.0785644,0.0017641,371.21,1.5824,3.41189,0.813664,0.0766202,0.00170986,False,69.0|319,1260
8|1042|cc|1|1|162,353.082,1.56786,3.35174,0.809983,0.0784826,0.00176584,371.21,1.58239,3.4119,0.813651,0.0765377,0.0017118,False,69.0|162,1042
8|1042|cc|2|1|162,353.082,1.56786,3.35174,0.809983,0.0784826,0.00176584,371.21,1.58239,3.4119,0.813651,0.0765377,0.0017118,False,69.0|162,1042
8|1042|cc|3|1|162,353.082,1.56786,3.35174,0.809983,0.0784826,0.00176584,371.21,1.58239,3.4119,0.813651,0.0765377,0.0017118,False,69.0|162,1042
8|1042|cc|4|1|162,353.082,1.56786,3.35174,0.809983,0.0784826,0.00176584,371.21,1.58239,3.4119,0.813651,0.0765377,0.0017118,False,69.0|162,1042
8|1042|cc|5|1|162,353.082,1.56786,3.35174,0.809983,0.0784826,0.00176584,371.21,1.58239,3.4119,0.813651,0.0765377,0.0017118,False,69.0|162,1042
8|1042|cc|6|1|162,353.082,1.56786,3.35174,0.809983,0.0784826,0.00176584,371.21,1.58239,3.4119,0.813651,0.0765377,0.0017118,False,69.0|162,1042
8|1042|cc|7|1|162,353.082,1.56786,3.35174,0.809983,0.0784826,0.00176584,371.21,1.58239,3.4119,0.813651,0.0765377,0.0017118,False,69.0|162,1042
8|1042|cc|8|1|162,353.082,1.56786,3.35174,0.809983,0.0784826,0.00176584,371.21,1.58239,3.4119,0.813651,0.0765377,0.0017118,False,69.0|162,1042
8|1042|sample|3|162,353.082,1.56797,3.3516,0.810026,0.0784826,0.00176584,371.21,1.5825,3.41175,0.813693,0.0765377,0.0017118,True,22.0|162,1042
8|1042|sample|4|162,353.082,1.56797,3.3516,0.810026,0.0784826,0.00176584,371.21,1.5825,3.41175,0.813693,0.0765377,0.0017118,True,22.0|162,1042
8|1042|vc|1|2|162,353.082,1.56786,3.35174,0.809983,0.0784826,0.00176584,371.21,1.58239,3.4119,0.813651,0.0765377,0.0017118,False,69.0|162,1042
8|1042|vc|2|2|162,353.082,1.56786,3.35174,0.809983,0.0784826,0.00176584,371.21,1.58239,3.4119,0.813651,0.0765377,0.0017118,False,69.0|162,1042
8|1042|vc|3|2|162,353.082,1.56786,3.35174,0.809983,0.0784826,0.00176584,371.21,1.58239,3.4119,0.813651,0.0765377,0.0017118,False,69.0|162,1042
8|1042|vc|4|2|162,353.082,1.56786,3.35174,0.809983,0.0784826,0.00176584,371.21,1.58239,3.4119,0.813651,0.0765377,0.0017118,False,69.0|162,1042
8|1042|vc|5|2|162,353.082,1.56786,3.35174,0.809983,0.0784826,0.00176584,371.21,1.58239,3.4119,0.813651,0.0765377,0.0017118,False,69.0|162,1042
8|1042|vc|6|2|162,353.082,1.56786,3.35174,0.809983,0.0784826,0.00176584,371.21,1.58239,3.4119,0.813651,0.0765377,0.0017118,False,69.0|162,1042
8|1042|vc|7|2|162,353.082,1.56786,3.35174,0.809983,0.0784826,0.00176584,371.21,1.58239,3.4119,0.813651,0.0765377,0.0017118,False,69.0|162,1042
8|1042|vc|8|2|162,353.082,1.56786,3.35174,0.809983,0.0784826,0.00176584,371.21,1.58239,3.4119,0.813651,0.0765377,0.0017118,False,69.0|162,1042
8|863|cc|1|1|274,353.082,1.56786,3.35174,0.809978,0.0785297,0.00174373,371.21,1.58239,3.41189,0.813646,0.0765846,0.00168953,False,69.0|274,863
8|863|cc|2|1|274,353.082,1.56786,3.35174,0.809978,0.0785297,0.00174373,371.21,1.58239,3.41189,0.813646,0.0765846,0.00168953,False,69.0|274,863
8|863|cc|3|1|274,353.082,1.56786,3.35174,0.809978,0.0785297,0.00174373,371.21,1.58239,3.41189,0.813646,0.0765846,0.00168953,False,69.0|274,863
8|863|cc|4|1|274,353.082,1.56786,3.35174,0.809978,0.0785297,0.00174373,371.21,1.58239,3.41189,0.813646,0.0765846,0.00168953,False,69.0|274,863
8|863|cc|5|1|274,353.082,1.56786,3.35174,0.809978,0.0785297,0.00174373,371.21,1.58239,3.41189,0.813646,0.0765846,0.00168953,False,69.0|274,863
8|863|cc|6|1|274,353.082,1.56786,3.35174,0.809978,0.0785297,0.00174373,371.21,1.58239,3.41189,0.813646,0.0765846,0.00168953,False,69.0|274,863
8|863|cc|7|1|274,353.082,1.56786,3.35174,0.809978,0.0785297,0.00174373,371.21,1.58239,3.41189,0.813646,0.0765846,0.00168953,False,69.0|274,863
8|863|cc|8|1|274,353.082,1.56786,3.35174,0.809978,0.0785297,0.00174373,371.21,1.58239,3.41189,0.813646,0.0765846,0.00168953,False,69.0|274,863
8|863|sample|3|274,353.082,1.56944,3.35187,0.810029,0.0785297,0.00174373,371.21,1.58399,3.41203,0.813698,0.0765846,0.00168953,True,22.0|274,863
8|863|sample|4|274,353.082,1.56944,3.35187,0.810029,0.0785297,0.00174373,371.21,1.58399,3.41203,0.813698,0.0765846,0.00168953,True,22.0|274,863
8|863|vc|1|2|274,353.082,1.56786,3.35174,0.809978,0.0785297,0.00174373,371.21,1.58239,3.41189,0.813646,0.0765846,0.00168953,False,69.0|274,863
8|863|vc|2|2|274,353.082,1.56786,3.35174,0.809978,0.0785297,0.00174373,371.21,1.58239,3.41189,0.813646,0.0765846,0.00168953,False,69.0|274,863
8|863|vc|3|2|274,353.082,1.56786,3.35174,0.809978,0.0785297,0.00174373,371.21,1.58239,3.41189,0.813646,0.0765846,0.00168953,False,69.0|274,863
8|863|vc|4|2|274,353.082,1.56786,3.35174,0.809978,0.0785297,0.00174373,371.21,1.58239,3.41189,0.813646,0.0765846,0.00168953,False,69.0|274,863
8|863|vc|5|2|274,353.082,1.56786,3.35174,0.809978,0.0785297,0.00174373,371.21,1.58239,3.41189,0.813646,0.0765846,0.00168953,False,69.0|274,863
8|863|vc|6|2|274,353.082,1.56786,3.35174,0.809978,0.0785297,0.00174373,371.21,1.58239,3.41189,0.813646,0.0765846,0.00168953,False,69.0|274,863
8|863|vc|7|2|274,353.082,1.56786,3.35174,0.809978,0.0785297,0.00174373,371.21,1.58239,3.41189,0.813646,0.0765846,0.00168953,False,69.0|274,863
8|863|vc|8|2|274,353.082,1.56786,3.35174,0.809978,0.0785297,0.00174373,371.21,1.58239,3.41189,0.813646,0.0765846,0.00168953,False,69.0|274,863
8|152|cc|1|1|322,353.082,1.56786,3.35189,0.809968,0.0784977,-0.25442,371.21,1.58239,3.41205,0.813636,0.0765526,-0.253471,False,69.0|322,152
8|152|cc|2|1|322,353.082,1.56786,3.35189,0.809968,0.0784977,-0.25442,371.21,1.58239,3.41205,0.813636,0.0765526,-0.253471,False,69.0|322,152
8|152|cc|3|1|322,353.082,1.56786,3.35189,0.809968,0.0784977,-0.25442,371.21,1.58239,3.41205,0.813636,0.0765526,-0.253471,False,69.0|322,152
8|152|cc|4|1|322,353.082,1.56786,3.35189,0.809968,0.0784977,-0.25442,371.21,1.58239,3.41205,0.813636,0.0765526,-0.253471,False,69.0|322,152
8|152|cc|5|1|322,353.082,1.56786,3.35189,0.809968,0.0784977,-0.25442,371.21,1.58239,3.41205,0.813636,0.0765526,-0.253471,False,69.0|322,152
8|152|cc|6|1|322,353.082,1.56786,3.35189,0.809968,0.0784977,-0.25442,371.21,1.58239,3.41205,0.813636,0.0765526,-0.253471,False,69.0|322,152
8|152|cc|7|1|322,353.082,1.56786,3.35189,0.809968,0.0784977,-0.25442,371.21,1.58239,3.41205,0.813636,0.0765526,-0.253471,False,69.0|322,152
8|152|cc|8|1|322,353.082,1.56786,3.35189,0.809968,0.0784977,-0.25442,371.21,1.58239,3.41205,0.813636,0.0765526,-0.253471,False,69.0|322,152
8|152|sample|3|322,353.082,1.56821,3.35196,0.81072,0.0784977,-0.25442,371.21,1.58274,3.41212,0.814397,0.0765526,-0.253471,True,22.0|322,152
8|152|sample|4|322,353.082,1.56821,3.35196,0.81072,0.0784977,-0.25442,371.21,1.58274,3.41212,0.814397,0.0765526,-0.253471,True,22.0|322,152
8|152|vc|1|2|322,353.082,1.56786,3.35189,0.809968,0.0784977,-0.25442,371.21,1.58239,3.41205,0.813636,0.0765526,-0.253471,False,69.0|322,152
8|152|vc|2|2|322,353.082,1.56786,3.35189,0.809968,0.0784977,-0.25442,371.21,1.58239,3.41205,0.813636,0.0765526,-0.253471,False,69.0|322,152
8|152|vc|3|2|322,353.082,1.56786,3.35189,0.809968,0.0784977,-0.25442,371.21,1.58239,3.41205,0.813636,0.0765526,-0.253471,False,69.0|322,152
8|152|vc|4|2|322,353.082,1.56786,3.35189,0.809968,0.0784977,-0.25442,371.21,1.58239,3.41205,0.813636,0.0765526,-0.253471,False,69.0|322,152
8|152|vc|5|2|322,353.082,1.56786,3.35189,0.809968,0.0784977,-0.25442,371.21,1.58239,3.41205,0.813636,0.0765526,-0.253471,False,69.0|322,152
8|152|vc|6|2|322,353.082,1.56786,3.35189,0.809968,0.0784977,-0.25442,371.21,1.58239,3.41205,0.813636,0.0765526,-0.253471,False,69.0|322,152
8|152|vc|7|2|322,353.082,1.56786,3.35189,0.809968,0.0784977,-0.25442,371.21,1.58239,3.41205,0.813636,0.0765526,-0.253471,False,69.0|322,152
8|152|vc|8|2|322,353.082,1.56786,3.35189,0.809968,0.0784977,-0.25442,371.21,1.58239,3.41205,0.813636,0.0765526,-0.253471,False,69.0|322,152
9|411|cc|1|1|274,353.082,1.56786,3.35174,0.809978,0.0784845,0.00174712,371.21,1.58239,3.41189,0.813646,0.0765395,0.0016929,False,69.0|274,411
9|411|cc|2|1|274,353.082,1.56786,3.35174,0.809978,0.0784845,0.00174712,371.21,1.58239,3.41189,0.813646,0.0765395,0.0016929,False,69.0|274,411
9|411|cc|3|1|274,353.082,1.56786,3.35174,0.809978,0.0784845,0.00174712,371.21,1.58239,3.41189,0.813646,0.0765395,0.0016929,False,69.0|274,411
9|411|cc|4|1|274,353.082,1.56786,3.35174,0.809978,0.0784845,0.00174712,371.21,1.58239,3.41189,0.813646,0.0765395,0.0016929,False,69.0|274,411
9|411|cc|5|1|274,353.082,1.56786,3.35174,0.809978,0.0784845,0.00174712,371.21,1.58239,3.41189,0.813646,0.0765395,0.0016929,False,69.0|274,411
9|411|cc|6|1|274,353.082,1.56786,3.35174,0.809978,0.0784845,0.00174712,371.21,1.58239,3.41189,0.813646,0.0765395,0.0016929,False,69.0|274,411
9|411|cc|7|1|274,353.082,1.56786,3.35174,0.809978,0.0784845,0.00174712,371.21,1.58239,3.41189,0.813646,0.0765395,0.0016929,False,69.0|274,411
9|411|cc|8|1|274,353.082,1.56786,3.35174,0.809978,0.0784845,0.00174712,371.21,1.58239,3.41189,0.813646,0.0765395,0.0016929,False,69.0|274,411
9|411|sample|10|274,353.082,1.56797,3.35197,0.810089,0.0784845,0.00174712,371.21,1.5825,3.41213,0.813758,0.0765395,0.0016929,True,70.0|274,411
9|411|sample|11|274,353.082,1.56797,3.35197,0.810089,0.0784845,0.00174712,371.21,1.5825,3.41213,0.813758,0.0765395,0.0016929,True,70.0|274,411
9|411|sample|12|274,353.082,1.56797,3.35197,0.810089,0.0784845,0.00174712,371.21,1.5825,3.41213,0.813758,0.0765395,0.0016929,True,70.0|274,411
9|411|sample|3|274,353.082,1.56797,3.35197,0.810089,0.0784845,0.00174712,371.21,1.5825,3.41213,0.813758,0.0765395,0.0016929,True,70.0|274,411
9|411|sample|4|274,353.082,1.56797,3.35197,0.810089,0.0784845,0.00174712,371.21,1.5825,3.41213,0.813758,0.0765395,0.0016929,True,70.0|274,411
9|411|sample|5|274,353.082,1.56797,3.35197,0.810089,0.0784845,0.00174712,371.21,1.5825,3.41213,0.813758,0.0765395,0.0016929,True,70.0|274,411
9|411|sample|6|274,353.082,1.56797,3.35197,0.810089,0.0784845,0.00174712,371.21,1.5825,3.41213,0.813758,0.0765395,0.0016929,True,70.0|274,411
9|411|sample|7|274,353.082,1.56797,3.35197,0.810089,0.0784845,0.00174712,371.21,1.5825,3.41213,0.813758,0.0765395,0.0016929,True,70.0|274,411
9|411|sample|8|274,353.082,1.56797,3.35197,0.810089,0.0784845,0.00174712,371.21,1.5825,3.41213,0.813758,0.0765395,0.0016929,True,70.0|274,411
9|411|sample|9|274,353.082,1.56797,3.35197,0.810089,0.0784845,0.00174712,371.21,1.5825,3.41213,0.813758,0.0765395,0.0016929,True,70.0|274,411
9|411|vc|1|2|274,353.082,1.56786,3.35174,0.809978,0.0784845,0.00174712,371.21,1.58239,3.41189,0.813646,0.0765395,0.0016929,False,69.0|274,411
9|411|vc|2|2|274,353.082,1.56786,3.35174,0.809978,0.0784845,0.00174712,371.21,1.58239,3.41189,0.813646,0.0765395,0.0016929,False,69.0|274,411
9|411|vc|3|2|274,353.082,1.56786,3.35174,0.809978,0.0784845,0.00174712,371.21,1.58239,3.41189,0.813646,0.0765395,0.0016929,False,69.0|274,411
9|411|vc|4|2|274,353.082,1.56786,3.35174,0.809978,0.0784845,0.00174712,371.21,1.58239,3.41189,0.813646,0.0765395,0.0016929,False,69.0|274,411
9|411|vc|5|2|274,353.082,1.56786,3.35174,0.809978,0.0784845,0.00174712,371.21,1.58239,3.41189,0.813646,0.0765395,0.0016929,False,69.0|274,411
9|411|vc|6|2|274,353.082,1.56786,3.35174,0.809978,0.0784845,0.00174712,371.21,1.58239,3.41189,0.813646,0.0765395,0.0016929,False,69.0|274,411
9|411|vc|7|2|274,353.082,1.56786,3.35174,0.809978,0.0784845,0.00174712,371.21,1.58239,3.41189,0.813646,0.0765395,0.0016929,False,69.0|274,411
9|411|vc|8|2|274,353.082,1.56786,3.35174,0.809978,0.0784845,0.00174712,371.21,1.58239,3.41189,0.813646,0.0765395,0.0016929,False,69.0|274,411
