id,eta_U_SAEM,eta_L_SAEM,eta_m_SAEM,eta_e_SAEM,eta_s_SAEM,eta_alpha_SAEM,eta_k_SAEM,eta_U_mode,eta_L_mode,eta_m_mode,eta_e_mode,eta_s_mode,eta_alpha_mode,eta_k_mode,goes_down,mab_virus,run_id
8|84|cc|1|1|162,0,0,0,0.204427,0,0,0,0,0,0,-3.99026e-07,0,0,0,False,69.0|162,84
8|84|cc|2|1|162,0,0,0,0.294924,0,0,0,0,0,0,-6.91144e-08,0,0,0,False,69.0|162,84
8|84|cc|3|1|162,0,0,0,0.193866,0,0,0,0,0,0,-2.93573e-07,0,0,0,False,69.0|162,84
8|84|cc|4|1|162,0,0,0,-0.228633,0,0,0,0,0,0,4.44657e-07,0,0,0,False,69.0|162,84
8|84|cc|5|1|162,0,0,0,-0.0201604,0,0,0,0,0,0,-3.89424e-07,0,0,0,False,69.0|162,84
8|84|cc|6|1|162,0,0,0,-0.33541,0,0,0,0,0,0,1.15141e-07,0,0,0,False,69.0|162,84
8|84|cc|7|1|162,0,0,0,0.20887,0,0,0,0,0,0,-4.22833e-07,0,0,0,False,69.0|162,84
8|84|cc|8|1|162,0,0,0,-0.217748,0,0,0,0,0,0,1.60805e-07,0,0,0,False,69.0|162,84
8|84|sample|10|162,0,0,0,-0.594035,0,0,0,0,0,0,-0.593612,0,0,0,True,32.0|162,84
8|84|sample|11|162,0,0,0,-0.869812,0,0,0,0,0,0,-0.865327,0,0,0,True,22.0|162,84
8|84|sample|12|162,0,0,0,-0.664225,0,0,0,0,0,0,-0.642128,0,0,0,True,22.0|162,84
8|84|sample|3|162,0,0,0,-2.03215,0,0,0,0,0,0,-2.0177,0,0,0,True,55.0|162,84
8|84|sample|4|162,0,0,0,-1.97942,0,0,0,0,0,0,-1.93881,0,0,0,True,55.0|162,84
8|84|sample|5|162,0,0,0,-3.45964,0,0,0,0,0,0,-3.39286,0,0,0,True,55.0|162,84
8|84|sample|6|162,0,0,0,-3.30476,0,0,0,0,0,0,-3.29422,0,0,0,True,55.0|162,84
8|84|sample|7|162,0,0,0,-0.78813,0,0,0,0,0,0,-0.728688,0,0,0,True,32.0|162,84
8|84|sample|8|162,0,0,0,-0.711362,0,0,0,0,0,0,-0.71886,0,0,0,True,32.0|162,84
8|84|sample|9|162,0,0,0,-0.60075,0,0,0,0,0,0,-0.537929,0,0,0,True,32.0|162,84
8|84|vc|1|2|162,0,0,0,-0.307552,0,0,0,0,0,0,-3.60212e-08,0,0,0,False,69.0|162,84
8|84|vc|2|2|162,0,0,0,-0.364531,0,0,0,0,0,0,-1.94005e-07,0,0,0,False,69.0|162,84
8|84|vc|3|2|162,0,0,0,0.0643427,0,0,0,0,0,0,1.42076e-07,0,0,0,False,69.0|162,84
8|84|vc|4|2|162,0,0,0,-0.0541186,0,0,0,0,0,0,-2.5544e-07,0,0,0,False,69.0|162,84
8|84|vc|5|2|162,0,0,0,-0.27467,0,0,0,0,0,0,-5.98423e-08,0,0,0,False,69.0|162,84
8|84|vc|6|2|162,0,0,0,0.0438026,0,0,0,0,0,0,-4.13902e-07,0,0,0,False,69.0|162,84
8|84|vc|7|2|162,0,0,0,-0.195172,0,0,0,0,0,0,1.28042e-08,0,0,0,False,69.0|162,84
8|84|vc|8|2|162,0,0,0,0.0190841,0,0,0,0,0,0,4.12961e-07,0,0,0,False,69.0|162,84
8|719|cc|1|1|274,0,0,0,0.136764,0,0,0,0,0,0,3.83161e-07,0,0,0,False,69.0|274,719
8|719|cc|2|1|274,0,0,0,0.0497346,0,0,0,0,0,0,-9.72188e-08,0,0,0,False,69.0|274,719
8|719|cc|3|1|274,0,0,0,0.0451189,0,0,0,0,0,0,-4.38566e-07,0,0,0,False,69.0|274,719
8|719|cc|4|1|274,0,0,0,0.0679655,0,0,0,0,0,0,4.31699e-07,0,0,0,False,69.0|274,719
8|719|cc|5|1|274,0,0,0,0.0194492,0,0,0,0,0,0,-2.5617e-07,0,0,0,False,69.0|274,719
8|719|cc|6|1|274,0,0,0,-0.135657,0,0,0,0,0,0,2.4091e-07,0,0,0,False,69.0|274,719
8|719|cc|7|1|274,0,0,0,-0.353754,0,0,0,0,0,0,9.65261e-09,0,0,0,False,69.0|274,719
8|719|cc|8|1|274,0,0,0,0.0498037,0,0,0,0,0,0,-3.51095e-07,0,0,0,False,69.0|274,719
8|719|sample|10|274,0,0,0,0.419357,0,0,0,0,0,0,0.414531,0,0,0,True,32.0|274,719
8|719|sample|11|274,0,0,0,0.604669,0,0,0,0,0,0,0.664314,0,0,0,True,22.0|274,719
8|719|sample|12|274,0,0,0,0.670672,0,0,0,0,0,0,0.729167,0,0,0,True,22.0|274,719
8|719|sample|3|274,0,0,0,-1.7447,0,0,0,0,0,0,-1.71135,0,0,0,True,55.0|274,719
8|719|sample|4|274,0,0,0,-1.84487,0,0,0,0,0,0,-1.73644,0,0,0,True,55.0|274,719
8|719|sample|5|274,0,0,0,-1.7689,0,0,0,0,0,0,-1.76017,0,0,0,True,55.0|274,719
8|719|sample|6|274,0,0,0,-1.6744,0,0,0,0,0,0,-1.59693,0,0,0,True,55.0|274,719
8|719|sample|7|274,0,0,0,0.357511,0,0,0,0,0,0,0.381965,0,0,0,True,32.0|274,719
8|719|sample|8|274,0,0,0,0.397887,0,0,0,0,0,0,0.396917,0,0,0,True,32.0|274,719
8|719|sample|9|274,0,0,0,0.410241,0,0,0,0,0,0,0.447591,0,0,0,True,32.0|274,719
8|719|vc|1|2|274,0,0,0,0.0198818,0,0,0,0,0,0,2.85855e-07,0,0,0,False,69.0|274,719
8|719|vc|2|2|274,0,0,0,-0.0966619,0,0,0,0,0,0,-1.53067e-07,0,0,0,False,69.0|274,719
8|719|vc|3|2|274,0,0,0,0.0105346,0,0,0,0,0,0,-2.07879e-07,0,0,0,False,69.0|274,719
8|719|vc|4|2|274,0,0,0,-0.0923429,0,0,0,0,0,0,3.72505e-07,0,0,0,False,69.0|274,719
8|719|vc|5|2|274,0,0,0,0.404576,0,0,0,0,0,0,3.13637e-07,0,0,0,False,69.0|274,719
8|719|vc|6|2|274,0,0,0,0.0321964,0,0,0,0,0,0,3.54259e-07,0,0,0,False,69.0|274,719
8|719|vc|7|2|274,0,0,0,-0.297223,0,0,0,0,0,0,-4.13207e-07,0,0,0,False,69.0|274,719
8|719|vc|8|2|274,0,0,0,0.109334,0,0,0,0,0,0,-2.06185e-07,0,0,0,False,69.0|274,719
8|488|cc|1|1|322,0,0,0,0.279743,0,0,0,0,0,0,-3.77308e-07,0,0,0,False,69.0|322,488
8|488|cc|2|1|322,0,0,0,0.0108355,0,0,0,0,0,0,-2.36185e-07,0,0,0,False,69.0|322,488
8|488|cc|3|1|322,0,0,0,-0.0607592,0,0,0,0,0,0,2.91094e-07,0,0,0,False,69.0|322,488
8|488|cc|4|1|322,0,0,0,0.166609,0,0,0,0,0,0,1.80385e-07,0,0,0,False,69.0|322,488
8|488|cc|5|1|322,0,0,0,-0.270503,0,0,0,0,0,0,1.72334e-07,0,0,0,False,69.0|322,488
8|488|cc|6|1|322,0,0,0,0.0976013,0,0,0,0,0,0,-4.23529e-07,0,0,0,False,69.0|322,488
8|488|cc|7|1|322,0,0,0,-0.0513064,0,0,0,0,0,0,-1.06186e-07,0,0,0,False,69.0|322,488
8|488|cc|8|1|322,0,0,0,0.337299,0,0,0,0,0,0,-3.1672e-07,0,0,0,False,69.0|322,488
8|488|sample|10|322,0,0,0,-5.03149,0,0,0,0,0,0,-5.21251,0,0,0,True,32.0|322,488
8|488|sample|11|322,0,0,0,-1.72214,0,0,0,0,0,0,-1.68566,0,0,0,True,22.0|322,488
8|488|sample|12|322,0,0,0,-1.53468,0,0,0,0,0,0,-1.46763,0,0,0,True,22.0|322,488
8|488|sample|3|322,0,0,0,-3.1287,0,0,0,0,0,0,-2.90903,0,0,0,True,55.0|322,488
8|488|sample|4|322,0,0,0,-3.08688,0,0,0,0,0,0,-3.0344,0,0,0,True,55.0|322,488
8|488|sample|5|322,0,0,0,-3.30019,0,0,0,0,0,0,-3.30357,0,0,0,True,55.0|322,488
8|488|sample|6|322,0,0,0,-3.34237,0,0,0,0,0,0,-3.33732,0,0,0,True,55.0|322,488
8|488|sample|7|322,0,0,0,-4.38455,0,0,0,0,0,0,-4.51664,0,0,0,True,32.0|322,488
8|488|sample|8|322,0,0,0,-4.45132,0,0,0,0,0,0,-4.50773,0,0,0,True,32.0|322,488
8|488|sample|9|322,0,0,0,-5.15582,0,0,0,0,0,0,-5.27043,0,0,0,True,32.0|322,488
8|488|vc|1|2|322,0,0,0,-0.0957567,0,0,0,0,0,0,2.07723e-07,0,0,0,False,69.0|322,488
8|488|vc|2|2|322,0,0,0,-0.110695,0,0,0,0,0,0,8.67767e-08,0,0,0,False,69.0|322,488
8|488|vc|3|2|322,0,0,0,-0.0911728,0,0,0,0,0,0,-2.33806e-07,0,0,0,False,69.0|322,488
8|488|vc|4|2|322,0,0,0,0.207935,0,0,0,0,0,0,2.14217e-07,0,0,0,False,69.0|322,488
8|488|vc|5|2|322,0,0,0,-0.216155,0,0,0,0,0,0,-1.15333e-07,0,0,0,False,69.0|322,488
8|488|vc|6|2|322,0,0,0,-0.00073961,0,0,0,0,0,0,1.81229e-07,0,0,0,False,69.0|322,488
8|488|vc|7|2|322,0,0,0,0.17413,0,0,0,0,0,0,-2.09013e-07,0,0,0,False,69.0|322,488
8|488|vc|8|2|322,0,0,0,-0.00347453,0,0,0,0,0,0,-1.36775e-07,0,0,0,False,69.0|322,488
8|847|cc|1|1|69,0,0,0,0.074254,0,0,0,0,0,0,-2.68911e-07,0,0,0,False,69.0|69,847
8|847|cc|2|1|69,0,0,0,0.0696576,0,0,0,0,0,0,3.28125e-07,0,0,0,False,69.0|69,847
8|847|cc|3|1|69,0,0,0,-0.0601577,0,0,0,0,0,0,4.4241e-07,0,0,0,False,69.0|69,847
8|847|cc|4|1|69,0,0,0,0.0726201,0,0,0,0,0,0,-4.16708e-07,0,0,0,False,69.0|69,847
8|847|cc|5|1|69,0,0,0,0.0670516,0,0,0,0,0,0,2.21347e-07,0,0,0,False,69.0|69,847
8|847|cc|6|1|69,0,0,0,0.130751,0,0,0,0,0,0,-1.49147e-07,0,0,0,False,69.0|69,847
8|847|cc|7|1|69,0,0,0,0.349405,0,0,0,0,0,0,-1.01581e-07,0,0,0,False,69.0|69,847
8|847|cc|8|1|69,0,0,0,-0.0945472,0,0,0,0,0,0,1.03701e-07,0,0,0,False,69.0|69,847
8|847|sample|10|69,0,0,0,1.51421,0,0,0,0,0,0,1.55906,0,0,0,True,32.0|69,847
8|847|sample|11|69,0,0,0,-0.26232,0,0,0,0,0,0,-0.258653,0,0,0,True,22.0|69,847
8|847|sample|12|69,0,0,0,-0.310415,0,0,0,0,0,0,-0.317265,0,0,0,True,22.0|69,847
8|847|sample|3|69,0,0,0,-1.7576,0,0,0,0,0,0,-1.75113,0,0,0,True,55.0|69,847
8|847|sample|4|69,0,0,0,-1.74744,0,0,0,0,0,0,-1.75607,0,0,0,True,55.0|69,847
8|847|sample|5|69,0,0,0,-3.46338,0,0,0,0,0,0,-3.4964,0,0,0,True,55.0|69,847
8|847|sample|6|69,0,0,0,-3.52531,0,0,0,0,0,0,-3.49088,0,0,0,True,55.0|69,847
8|847|sample|7|69,0,0,0,1.27343,0,0,0,0,0,0,1.27066,0,0,0,True,32.0|69,847
8|847|sample|8|69,0,0,0,1.31534,0,0,0,0,0,0,1.33172,0,0,0,True,32.0|69,847
8|847|sample|9|69,0,0,0,1.41459,0,0,0,0,0,0,1.49232,0,0,0,True,32.0|69,847
8|847|vc|1|2|69,0,0,0,-0.0104949,0,0,0,0,0,0,4.24667e-07,0,0,0,False,69.0|69,847
8|847|vc|2|2|69,0,0,0,0.00217094,0,0,0,0,0,0,3.85054e-07,0,0,0,False,69.0|69,847
8|847|vc|3|2|69,0,0,0,-0.273706,0,0,0,0,0,0,-3.43624e-07,0,0,0,False,69.0|69,847
8|847|vc|4|2|69,0,0,0,-0.173533,0,0,0,0,0,0,-6.46537e-08,0,0,0,False,69.0|69,847
8|847|vc|5|2|69,0,0,0,-0.131258,0,0,0,0,0,0,4.23336e-07,0,0,0,False,69.0|69,847
8|847|vc|6|2|69,0,0,0,0.0725515,0,0,0,0,0,0,-2.83674e-08,0,0,0,False,69.0|69,847
8|847|vc|7|2|69,0,0,0,-0.0535132,0,0,0,0,0,0,1.88502e-07,0,0,0,False,69.0|69,847
8|847|vc|8|2|69,0,0,0,0.0326021,0,0,0,0,0,0,-5.13573e-08,0,0,0,False,69.0|69,847
8|474|cc|1|1|276,0,0,0,0.0333561,0,0,0,0,0,0,-5.21587e-08,0,0,0,False,69.0|276,474
8|474|cc|2|1|276,0,0,0,-0.214333,0,0,0,0,0,0,2.73412e-08,0,0,0,False,69.0|276,474
8|474|cc|3|1|276,0,0,0,0.144278,0,0,0,0,0,0,-1.55341e-07,0,0,0,False,69.0|276,474
8|474|cc|4|1|276,0,0,0,-0.0165797,0,0,0,0,0,0,-2.45593e-07,0,0,0,False,69.0|276,474
8|474|cc|5|1|276,0,0,0,-0.015481,0,0,0,0,0,0,-1.12272e-07,0,0,0,False,69.0|276,474
8|474|cc|6|1|276,0,0,0,-0.212589,0,0,0,0,0,0,-1.6873e-07,0,0,0,False,69.0|276,474
8|474|cc|7|1|276,0,0,0,0.0377539,0,0,0,0,0,0,1.57534e-07,0,0,0,False,69.0|276,474
8|474|cc|8|1|276,0,0,0,-0.0755447,0,0,0,0,0,0,2.61778e-07,0,0,0,False,69.0|276,474
8|474|sample|10|276,0,0,0,2.54456,0,0,0,0,0,0,2.58645,0,0,0,True,32.0|276,474
8|474|sample|11|276,0,0,0,0.812196,0,0,0,0,0,0,0.834793,0,0,0,True,22.0|276,474
8|474|sample|12|276,0,0,0,0.854684,0,0,0,0,0,0,0.850188,0,0,0,True,22.0|276,474
8|474|sample|3|276,0,0,0,-1.12653,0,0,0,0,0,0,-1.15142,0,0,0,True,55.0|276,474
8|474|sample|4|276,0,0,0,-1.16394,0,0,0,0,0,0,-1.15346,0,0,0,True,55.0|276,474
8|474|sample|5|276,0,0,0,-1.27663,0,0,0,0,0,0,-1.26921,0,0,0,True,55.0|276,474
8|474|sample|6|276,0,0,0,-1.2588,0,0,0,0,0,0,-1.2611,0,0,0,True,55.0|276,474
8|474|sample|7|276,0,0,0,2.47778,0,0,0,0,0,0,2.49818,0,0,0,True,32.0|276,474
8|474|sample|8|276,0,0,0,2.42641,0,0,0,0,0,0,2.44277,0,0,0,True,32.0|276,474
8|474|sample|9|276,0,0,0,2.65808,0,0,0,0,0,0,2.61626,0,0,0,True,32.0|276,474
8|474|vc|1|2|276,0,0,0,-0.103843,0,0,0,0,0,0,1.6795e-07,0,0,0,False,69.0|276,474
8|474|vc|2|2|276,0,0,0,0.365692,0,0,0,0,0,0,2.79414e-07,0,0,0,False,69.0|276,474
8|474|vc|3|2|276,0,0,0,-0.101285,0,0,0,0,0,0,-1.91663e-07,0,0,0,False,69.0|276,474
8|474|vc|4|2|276,0,0,0,0.204872,0,0,0,0,0,0,-2.50562e-07,0,0,0,False,69.0|276,474
8|474|vc|5|2|276,0,0,0,0.0670625,0,0,0,0,0,0,-2.281e-07,0,0,0,False,69.0|276,474
8|474|vc|6|2|276,0,0,0,0.0207705,0,0,0,0,0,0,-4.23449e-07,0,0,0,False,69.0|276,474
8|474|vc|7|2|276,0,0,0,0.27604,0,0,0,0,0,0,2.01067e-07,0,0,0,False,69.0|276,474
8|474|vc|8|2|276,0,0,0,-0.055032,0,0,0,0,0,0,1.62562e-07,0,0,0,False,69.0|276,474
8|462|cc|1|1|292,0,0,0,-0.0680553,0,0,0,0,0,0,1.39572e-07,0,0,0,False,69.0|292,462
8|462|cc|2|1|292,0,0,0,-0.156517,0,0,0,0,0,0,-3.51387e-08,0,0,0,False,69.0|292,462
8|462|cc|3|1|292,0,0,0,0.045617,0,0,0,0,0,0,-4.29738e-07,0,0,0,False,69.0|292,462
8|462|cc|4|1|292,0,0,0,0.220105,0,0,0,0,0,0,-4.21876e-07,0,0,0,False,69.0|292,462
8|462|cc|5|1|292,0,0,0,0.201658,0,0,0,0,0,0,9.02712e-08,0,0,0,False,69.0|292,462
8|462|cc|6|1|292,0,0,0,0.209179,0,0,0,0,0,0,-2.88813e-07,0,0,0,False,69.0|292,462
8|462|cc|7|1|292,0,0,0,-0.0855645,0,0,0,0,0,0,-2.97998e-07,0,0,0,False,69.0|292,462
8|462|cc|8|1|292,0,0,0,0.0837241,0,0,0,0,0,0,1.96482e-07,0,0,0,False,69.0|292,462
8|462|sample|10|292,0,0,0,2.53219,0,0,0,0,0,0,2.56176,0,0,0,True,32.0|292,462
8|462|sample|11|292,0,0,0,-0.0725531,0,0,0,0,0,0,-0.0456543,0,0,0,True,22.0|292,462
8|462|sample|12|292,0,0,0,0.130676,0,0,0,0,0,0,0.104238,0,0,0,True,22.0|292,462
8|462|sample|3|292,0,0,0,-5.39385,0,0,0,0,0,0,-5.32516,0,0,0,True,55.0|292,462
8|462|sample|4|292,0,0,0,-5.4398,0,0,0,0,0,0,-5.29844,0,0,0,True,55.0|292,462
8|462|sample|5|292,0,0,0,-6.42015,0,0,0,0,0,0,-6.44558,0,0,0,True,55.0|292,462
8|462|sample|6|292,0,0,0,-6.25159,0,0,0,0,0,0,-6.32183,0,0,0,True,55.0|292,462
8|462|sample|7|292,0,0,0,2.32286,0,0,0,0,0,0,2.37591,0,0,0,True,32.0|292,462
8|462|sample|8|292,0,0,0,2.26282,0,0,0,0,0,0,2.33894,0,0,0,True,32.0|292,462
8|462|sample|9|292,0,0,0,2.5535,0,0,0,0,0,0,2.53004,0,0,0,True,32.0|292,462
8|462|vc|1|2|292,0,0,0,-0.0524595,0,0,0,0,0,0,-4.18169e-07,0,0,0,False,69.0|292,462
8|462|vc|2|2|292,0,0,0,-0.112953,0,0,0,0,0,0,2.55083e-07,0,0,0,False,69.0|292,462
8|462|vc|3|2|292,0,0,0,-0.0163155,0,0,0,0,0,0,4.12274e-07,0,0,0,False,69.0|292,462
8|462|vc|4|2|292,0,0,0,0.0236843,0,0,0,0,0,0,-2.89141e-07,0,0,0,False,69.0|292,462
8|462|vc|5|2|292,0,0,0,-0.0236238,0,0,0,0,0,0,-2.09622e-08,0,0,0,False,69.0|292,462
8|462|vc|6|2|292,0,0,0,0.0238922,0,0,0,0,0,0,1.63139e-07,0,0,0,False,69.0|292,462
8|462|vc|7|2|292,0,0,0,0.397883,0,0,0,0,0,0,1.4301e-07,0,0,0,False,69.0|292,462
8|462|vc|8|2|292,0,0,0,0.0556154,0,0,0,0,0,0,-4.28555e-07,0,0,0,False,69.0|292,462
8|75|cc|1|1|65,0,0,0,-0.0706791,0,0,0,0,0,0,3.03542e-07,0,0,0,False,69.0|65,75
8|75|cc|2|1|65,0,0,0,-0.223267,0,0,0,0,0,0,1.98243e-07,0,0,0,False,69.0|65,75
8|75|cc|3|1|65,0,0,0,-0.251904,0,0,0,0,0,0,3.15636e-07,0,0,0,False,69.0|65,75
8|75|cc|4|1|65,0,0,0,-0.172035,0,0,0,0,0,0,2.30169e-07,0,0,0,False,69.0|65,75
8|75|cc|5|1|65,0,0,0,0.135701,0,0,0,0,0,0,-3.92144e-07,0,0,0,False,69.0|65,75
8|75|cc|6|1|65,0,0,0,-0.169766,0,0,0,0,0,0,1.67774e-07,0,0,0,False,69.0|65,75
8|75|cc|7|1|65,0,0,0,0.200182,0,0,0,0,0,0,-1.47768e-08,0,0,0,False,69.0|65,75
8|75|cc|8|1|65,0,0,0,0.0892519,0,0,0,0,0,0,-1.46516e-07,0,0,0,False,69.0|65,75
8|75|sample|10|65,0,0,0,-4.48346,0,0,0,0,0,0,-4.49628,0,0,0,True,32.0|65,75
8|75|sample|11|65,0,0,0,0.509653,0,0,0,0,0,0,0.507897,0,0,0,True,22.0|65,75
8|75|sample|12|65,0,0,0,0.997935,0,0,0,0,0,0,1.04152,0,0,0,True,22.0|65,75
8|75|sample|3|65,0,0,0,-3.99511,0,0,0,0,0,0,-4.07173,0,0,0,True,55.0|65,75
8|75|sample|4|65,0,0,0,-3.69051,0,0,0,0,0,0,-3.70377,0,0,0,True,55.0|65,75
8|75|sample|5|65,0,0,0,-4.56613,0,0,0,0,0,0,-4.59418,0,0,0,True,55.0|65,75
8|75|sample|6|65,0,0,0,-4.49729,0,0,0,0,0,0,-4.48663,0,0,0,True,55.0|65,75
8|75|sample|7|65,0,0,0,-3.66252,0,0,0,0,0,0,-3.71214,0,0,0,True,32.0|65,75
8|75|sample|8|65,0,0,0,-3.66638,0,0,0,0,0,0,-3.6015,0,0,0,True,32.0|65,75
8|75|sample|9|65,0,0,0,-4.59596,0,0,0,0,0,0,-4.5955,0,0,0,True,32.0|65,75
8|75|vc|1|2|65,0,0,0,0.134539,0,0,0,0,0,0,2.44701e-07,0,0,0,False,69.0|65,75
8|75|vc|2|2|65,0,0,0,0.126286,0,0,0,0,0,0,5.1895e-08,0,0,0,False,69.0|65,75
8|75|vc|3|2|65,0,0,0,0.0082152,0,0,0,0,0,0,6.20896e-08,0,0,0,False,69.0|65,75
8|75|vc|4|2|65,0,0,0,0.071673,0,0,0,0,0,0,1.63323e-07,0,0,0,False,69.0|65,75
8|75|vc|5|2|65,0,0,0,0.26611,0,0,0,0,0,0,-1.28684e-09,0,0,0,False,69.0|65,75
8|75|vc|6|2|65,0,0,0,-0.203767,0,0,0,0,0,0,4.15358e-07,0,0,0,False,69.0|65,75
8|75|vc|7|2|65,0,0,0,-0.355055,0,0,0,0,0,0,-6.85875e-08,0,0,0,False,69.0|65,75
8|75|vc|8|2|65,0,0,0,0.271312,0,0,0,0,0,0,1.60638e-07,0,0,0,False,69.0|65,75
8|291|cc|1|1|103,0,0,0,0.181997,0,0,0,0,0,0,-2.56839e-07,0,0,0,False,69.0|103,291
8|291|cc|2|1|103,0,0,0,0.137395,0,0,0,0,0,0,3.45071e-07,0,0,0,False,69.0|103,291
8|291|cc|3|1|103,0,0,0,0.0580377,0,0,0,0,0,0,-3.58167e-07,0,0,0,False,69.0|103,291
8|291|cc|4|1|103,0,0,0,0.267397,0,0,0,0,0,0,2.28252e-07,0,0,0,False,69.0|103,291
8|291|cc|5|1|103,0,0,0,-0.290874,0,0,0,0,0,0,3.28969e-07,0,0,0,False,69.0|103,291
8|291|cc|6|1|103,0,0,0,-0.0993364,0,0,0,0,0,0,-2.01256e-07,0,0,0,False,69.0|103,291
8|291|cc|7|1|103,0,0,0,-0.0484186,0,0,0,0,0,0,2.31318e-07,0,0,0,False,69.0|103,291
8|291|cc|8|1|103,0,0,0,-0.193284,0,0,0,0,0,0,3.21933e-08,0,0,0,False,69.0|103,291
8|291|sample|10|103,0,0,0,2.43237,0,0,0,0,0,0,2.41282,0,0,0,True,32.0|103,291
8|291|sample|11|103,0,0,0,2.62004,0,0,0,0,0,0,2.62763,0,0,0,True,22.0|103,291
8|291|sample|12|103,0,0,0,2.2833,0,0,0,0,0,0,2.35296,0,0,0,True,22.0|103,291
8|291|sample|3|103,0,0,0,-0.747847,0,0,0,0,0,0,-0.733668,0,0,0,True,55.0|103,291
8|291|sample|4|103,0,0,0,-0.758102,0,0,0,0,0,0,-0.749432,0,0,0,True,55.0|103,291
8|291|sample|5|103,0,0,0,-0.672341,0,0,0,0,0,0,-0.575145,0,0,0,True,55.0|103,291
8|291|sample|6|103,0,0,0,-0.527301,0,0,0,0,0,0,-0.575083,0,0,0,True,55.0|103,291
8|291|sample|7|103,0,0,0,2.38274,0,0,0,0,0,0,2.38915,0,0,0,True,32.0|103,291
8|291|sample|8|103,0,0,0,2.18013,0,0,0,0,0,0,2.23567,0,0,0,True,32.0|103,291
8|291|sample|9|103,0,0,0,2.36259,0,0,0,0,0,0,2.3687,0,0,0,True,32.0|103,291
8|291|vc|1|2|103,0,0,0,-0.000279877,0,0,0,0,0,0,3.11569e-07,0,0,0,False,69.0|103,291
8|291|vc|2|2|103,0,0,0,-0.150697,0,0,0,0,0,0,-1.7815e-08,0,0,0,False,69.0|103,291
8|291|vc|3|2|103,0,0,0,-0.0599585,0,0,0,0,0,0,1.3495e-07,0,0,0,False,69.0|103,291
8|291|vc|4|2|103,0,0,0,0.387726,0,0,0,0,0,0,2.43244e-07,0,0,0,False,69.0|103,291
8|291|vc|5|2|103,0,0,0,0.0736244,0,0,0,0,0,0,-3.87472e-07,0,0,0,False,69.0|103,291
8|291|vc|6|2|103,0,0,0,-0.0862406,0,0,0,0,0,0,3.59616e-07,0,0,0,False,69.0|103,291
8|291|vc|7|2|103,0,0,0,0.180611,0,0,0,0,0,0,-2.60401e-07,0,0,0,False,69.0|103,291
8|291|vc|8|2|103,0,0,0,-0.085187,0,0,0,0,0,0,4.16066e-07,0,0,0,False,69.0|103,291
8|77|cc|1|1|218,0,0,0,0.426679,0,0,0,0,0,0,-2.55603e-07,0,0,0,False,69.0|218,77
8|77|cc|2|1|218,0,0,0,-0.299395,0,0,0,0,0,0,2.44498e-07,0,0,0,False,69.0|218,77
8|77|cc|3|1|218,0,0,0,0.115741,0,0,0,0,0,0,-2.8134e-07,0,0,0,False,69.0|218,77
8|77|cc|4|1|218,0,0,0,-0.0620954,0,0,0,0,0,0,-9.31487e-08,0,0,0,False,69.0|218,77
8|77|cc|5|1|218,0,0,0,0.236682,0,0,0,0,0,0,-4.21385e-07,0,0,0,False,69.0|218,77
8|77|cc|6|1|218,0,0,0,-0.134218,0,0,0,0,0,0,-2.99977e-07,0,0,0,False,69.0|218,77
8|77|cc|7|1|218,0,0,0,-0.0563226,0,0,0,0,0,0,-3.32038e-07,0,0,0,False,69.0|218,77
8|77|cc|8|1|218,0,0,0,-0.164754,0,0,0,0,0,0,-2.07527e-07,0,0,0,False,69.0|218,77
8|77|sample|10|218,0,0,0,0.958859,0,0,0,0,0,0,0.911592,0,0,0,True,32.0|218,77
8|77|sample|11|218,0,0,0,1.66745,0,0,0,0,0,0,1.68095,0,0,0,True,22.0|218,77
8|77|sample|12|218,0,0,0,1.71566,0,0,0,0,0,0,1.70554,0,0,0,True,22.0|218,77
8|77|sample|3|218,0,0,0,3.79754,0,0,0,0,0,0,3.93268,0,0,0,True,55.0|218,77
8|77|sample|4|218,0,0,0,3.87464,0,0,0,0,0,0,3.92664,0,0,0,True,55.0|218,77
8|77|sample|5|218,0,0,0,3.66197,0,0,0,0,0,0,3.64737,0,0,0,True,55.0|218,77
8|77|sample|6|218,0,0,0,3.76021,0,0,0,0,0,0,3.68591,0,0,0,True,55.0|218,77
8|77|sample|7|218,0,0,0,0.796319,0,0,0,0,0,0,0.808335,0,0,0,True,32.0|218,77
8|77|sample|8|218,0,0,0,0.548218,0,0,0,0,0,0,0.569145,0,0,0,True,32.0|218,77
8|77|sample|9|218,0,0,0,0.820399,0,0,0,0,0,0,0.777833,0,0,0,True,32.0|218,77
8|77|vc|1|2|218,0,0,0,-0.128273,0,0,0,0,0,0,1.49958e-07,0,0,0,False,69.0|218,77
8|77|vc|2|2|218,0,0,0,-0.0964903,0,0,0,0,0,0,2.03767e-07,0,0,0,False,69.0|218,77
8|77|vc|3|2|218,0,0,0,-0.0824838,0,0,0,0,0,0,1.50823e-07,0,0,0,False,69.0|218,77
8|77|vc|4|2|218,0,0,0,0.0878695,0,0,0,0,0,0,4.14813e-07,0,0,0,False,69.0|218,77
8|77|vc|5|2|218,0,0,0,-0.204013,0,0,0,0,0,0,1.97607e-07,0,0,0,False,69.0|218,77
8|77|vc|6|2|218,0,0,0,0.061072,0,0,0,0,0,0,1.57607e-07,0,0,0,False,69.0|218,77
8|77|vc|7|2|218,0,0,0,0.142856,0,0,0,0,0,0,-1.52132e-07,0,0,0,False,69.0|218,77
8|77|vc|8|2|218,0,0,0,0.144089,0,0,0,0,0,0,-5.25804e-08,0,0,0,False,69.0|218,77
8|322|cc|1|1|174,0,0,0,-0.0544658,0,0,0,0,0,0,-9.31992e-08,0,0,0,False,69.0|174,322
8|322|cc|2|1|174,0,0,0,0.167838,0,0,0,0,0,0,1.62374e-07,0,0,0,False,69.0|174,322
8|322|cc|3|1|174,0,0,0,0.0734919,0,0,0,0,0,0,-1.31024e-07,0,0,0,False,69.0|174,322
8|322|cc|4|1|174,0,0,0,-0.348806,0,0,0,0,0,0,-2.38376e-07,0,0,0,False,69.0|174,322
8|322|cc|5|1|174,0,0,0,-0.207372,0,0,0,0,0,0,-4.02573e-07,0,0,0,False,69.0|174,322
8|322|cc|6|1|174,0,0,0,-0.0673916,0,0,0,0,0,0,3.92042e-07,0,0,0,False,69.0|174,322
8|322|cc|7|1|174,0,0,0,-0.0402402,0,0,0,0,0,0,3.93073e-07,0,0,0,False,69.0|174,322
8|322|cc|8|1|174,0,0,0,0.0124046,0,0,0,0,0,0,-1.83449e-07,0,0,0,False,69.0|174,322
8|322|sample|10|174,0,0,0,3.1397,0,0,0,0,0,0,3.2026,0,0,0,True,32.0|174,322
8|322|sample|11|174,0,0,0,2.42514,0,0,0,0,0,0,2.52456,0,0,0,True,22.0|174,322
8|322|sample|12|174,0,0,0,2.70962,0,0,0,0,0,0,2.74987,0,0,0,True,22.0|174,322
8|322|sample|3|174,0,0,0,3.19078,0,0,0,0,0,0,3.28005,0,0,0,True,55.0|174,322
8|322|sample|4|174,0,0,0,2.57228,0,0,0,0,0,0,2.56147,0,0,0,True,55.0|174,322
8|322|sample|5|174,0,0,0,3.23187,0,0,0,0,0,0,3.19277,0,0,0,True,55.0|174,322
8|322|sample|6|174,0,0,0,3.17331,0,0,0,0,0,0,3.17313,0,0,0,True,55.0|174,322
8|322|sample|7|174,0,0,0,2.93016,0,0,0,0,0,0,2.89941,0,0,0,True,32.0|174,322
8|322|sample|8|174,0,0,0,2.81278,0,0,0,0,0,0,2.83229,0,0,0,True,32.0|174,322
8|322|sample|9|174,0,0,0,2.86108,0,0,0,0,0,0,2.94079,0,0,0,True,32.0|174,322
8|322|vc|1|2|174,0,0,0,-0.132836,0,0,0,0,0,0,1.71822e-07,0,0,0,False,69.0|174,322
8|322|vc|2|2|174,0,0,0,0.131238,0,0,0,0,0,0,-1.01727e-07,0,0,0,False,69.0|174,322
8|322|vc|3|2|174,0,0,0,0.179331,0,0,0,0,0,0,-2.50156e-07,0,0,0,False,69.0|174,322
8|322|vc|4|2|174,0,0,0,0.468214,0,0,0,0,0,0,4.0643e-07,0,0,0,False,69.0|174,322
8|322|vc|5|2|174,0,0,0,-0.0446801,0,0,0,0,0,0,2.28904e-07,0,0,0,False,69.0|174,322
8|322|vc|6|2|174,0,0,0,0.306972,0,0,0,0,0,0,3.59458e-07,0,0,0,False,69.0|174,322
8|322|vc|7|2|174,0,0,0,0.0186099,0,0,0,0,0,0,-2.02762e-07,0,0,0,False,69.0|174,322
8|322|vc|8|2|174,0,0,0,0.023522,0,0,0,0,0,0,-1.61283e-07,0,0,0,False,69.0|174,322
8|963|cc|1|1|319,0,0,0,-0.0124838,0,0,0,0,0,0,1.11535e-07,0,0,0,False,69.0|319,963
8|963|cc|2|1|319,0,0,0,-0.00712861,0,0,0,0,0,0,-2.48186e-07,0,0,0,False,69.0|319,963
8|963|cc|3|1|319,0,0,0,-0.115016,0,0,0,0,0,0,3.72577e-07,0,0,0,False,69.0|319,963
8|963|cc|4|1|319,0,0,0,0.00779103,0,0,0,0,0,0,1.08052e-07,0,0,0,False,69.0|319,963
8|963|cc|5|1|319,0,0,0,-0.221213,0,0,0,0,0,0,-8.38152e-08,0,0,0,False,69.0|319,963
8|963|cc|6|1|319,0,0,0,0.312334,0,0,0,0,0,0,3.00717e-07,0,0,0,False,69.0|319,963
8|963|cc|7|1|319,0,0,0,0.00714964,0,0,0,0,0,0,-6.56847e-09,0,0,0,False,69.0|319,963
8|963|cc|8|1|319,0,0,0,0.244448,0,0,0,0,0,0,-2.70647e-07,0,0,0,False,69.0|319,963
8|963|sample|10|319,0,0,0,2.95355,0,0,0,0,0,0,2.90899,0,0,0,True,32.0|319,963
8|963|sample|11|319,0,0,0,1.08376,0,0,0,0,0,0,1.07333,0,0,0,True,22.0|319,963
8|963|sample|12|319,0,0,0,1.06317,0,0,0,0,0,0,1.06211,0,0,0,True,22.0|319,963
8|963|sample|3|319,0,0,0,4.62548,0,0,0,0,0,0,4.67278,0,0,0,True,55.0|319,963
8|963|sample|4|319,0,0,0,4.49249,0,0,0,0,0,0,4.46811,0,0,0,True,55.0|319,963
8|963|sample|5|319,0,0,0,4.84361,0,0,0,0,0,0,4.81478,0,0,0,True,55.0|319,963
8|963|sample|6|319,0,0,0,5.05714,0,0,0,0,0,0,5.07722,0,0,0,True,55.0|319,963
8|963|sample|7|319,0,0,0,2.98147,0,0,0,0,0,0,2.98325,0,0,0,True,32.0|319,963
8|963|sample|8|319,0,0,0,2.76313,0,0,0,0,0,0,2.7738,0,0,0,True,32.0|319,963
8|963|sample|9|319,0,0,0,2.91208,0,0,0,0,0,0,3.02049,0,0,0,True,32.0|319,963
8|963|vc|1|2|319,0,0,0,-0.204704,0,0,0,0,0,0,-1.14425e-07,0,0,0,False,69.0|319,963
8|963|vc|2|2|319,0,0,0,-0.0690107,0,0,0,0,0,0,-2.80304e-08,0,0,0,False,69.0|319,963
8|963|vc|3|2|319,0,0,0,-0.0229766,0,0,0,0,0,0,-8.68617e-08,0,0,0,False,69.0|319,963
8|963|vc|4|2|319,0,0,0,-0.318181,0,0,0,0,0,0,-3.52682e-07,0,0,0,False,69.0|319,963
8|963|vc|5|2|319,0,0,0,0.369244,0,0,0,0,0,0,-4.13375e-07,0,0,0,False,69.0|319,963
8|963|vc|6|2|319,0,0,0,0.255225,0,0,0,0,0,0,4.27097e-07,0,0,0,False,69.0|319,963
8|963|vc|7|2|319,0,0,0,0.228952,0,0,0,0,0,0,1.12013e-07,0,0,0,False,69.0|319,963
8|963|vc|8|2|319,0,0,0,0.0676536,0,0,0,0,0,0,-2.02399e-07,0,0,0,False,69.0|319,963
8|1241|cc|1|1|69,0,0,0,0.174348,0,0,0,0,0,0,1.45577e-07,0,0,0,False,69.0|69,1241
8|1241|cc|2|1|69,0,0,0,0.212426,0,0,0,0,0,0,1.58198e-07,0,0,0,False,69.0|69,1241
8|1241|cc|3|1|69,0,0,0,-0.0506321,0,0,0,0,0,0,-3.33284e-07,0,0,0,False,69.0|69,1241
8|1241|cc|4|1|69,0,0,0,0.0458671,0,0,0,0,0,0,1.69206e-07,0,0,0,False,69.0|69,1241
8|1241|cc|5|1|69,0,0,0,0.114088,0,0,0,0,0,0,-2.6181e-07,0,0,0,False,69.0|69,1241
8|1241|cc|6|1|69,0,0,0,-0.0301812,0,0,0,0,0,0,2.24755e-07,0,0,0,False,69.0|69,1241
8|1241|cc|7|1|69,0,0,0,0.0285317,0,0,0,0,0,0,4.33164e-07,0,0,0,False,69.0|69,1241
8|1241|cc|8|1|69,0,0,0,-0.00294926,0,0,0,0,0,0,-4.35126e-07,0,0,0,False,69.0|69,1241
8|1241|sample|3|69,0,0,0,-0.6968,0,0,0,0,0,0,-0.646138,0,0,0,True,22.0|69,1241
8|1241|sample|4|69,0,0,0,-0.646468,0,0,0,0,0,0,-0.607647,0,0,0,True,22.0|69,1241
8|1241|sample|8|69,0,0,0,1.24148,0,0,0,0,0,0,0.0220069,0,0,0,True,22.0|69,1241
8|1241|vc|1|2|69,0,0,0,-0.183553,0,0,0,0,0,0,4.24831e-07,0,0,0,False,69.0|69,1241
8|1241|vc|2|2|69,0,0,0,-0.478186,0,0,0,0,0,0,-4.53536e-07,0,0,0,False,69.0|69,1241
8|1241|vc|3|2|69,0,0,0,0.0863107,0,0,0,0,0,0,-1.33042e-08,0,0,0,False,69.0|69,1241
8|1241|vc|4|2|69,0,0,0,0.0457699,0,0,0,0,0,0,-3.8391e-07,0,0,0,False,69.0|69,1241
8|1241|vc|5|2|69,0,0,0,-0.0636375,0,0,0,0,0,0,-6.87004e-08,0,0,0,False,69.0|69,1241
8|1241|vc|6|2|69,0,0,0,-0.0400353,0,0,0,0,0,0,3.41034e-07,0,0,0,False,69.0|69,1241
8|1241|vc|7|2|69,0,0,0,0.0280841,0,0,0,0,0,0,-1.2957e-07,0,0,0,False,69.0|69,1241
8|1241|vc|8|2|69,0,0,0,0.304707,0,0,0,0,0,0,1.312e-07,0,0,0,False,69.0|69,1241
8|1056|cc|1|1|276,0,0,0,0.0290845,0,0,0,0,0,0,4.29614e-07,0,0,0,False,69.0|276,1056
8|1056|cc|2|1|276,0,0,0,0.147259,0,0,0,0,0,0,-6.49924e-08,0,0,0,False,69.0|276,1056
8|1056|cc|3|1|276,0,0,0,-0.325883,0,0,0,0,0,0,-1.26549e-08,0,0,0,False,69.0|276,1056
8|1056|cc|4|1|276,0,0,0,0.203274,0,0,0,0,0,0,3.47163e-07,0,0,0,False,69.0|276,1056
8|1056|cc|5|1|276,0,0,0,0.246914,0,0,0,0,0,0,-4.15692e-07,0,0,0,False,69.0|276,1056
8|1056|cc|6|1|276,0,0,0,-0.153119,0,0,0,0,0,0,4.1933e-07,0,0,0,False,69.0|276,1056
8|1056|cc|7|1|276,0,0,0,-0.0750788,0,0,0,0,0,0,2.55863e-08,0,0,0,False,69.0|276,1056
8|1056|cc|8|1|276,0,0,0,0.198076,0,0,0,0,0,0,-2.15281e-07,0,0,0,False,69.0|276,1056
8|1056|sample|3|276,0,0,0,0.797748,0,0,0,0,0,0,0.788348,0,0,0,True,22.0|276,1056
8|1056|sample|4|276,0,0,0,0.703888,0,0,0,0,0,0,0.734608,0,0,0,True,22.0|276,1056
8|1056|vc|1|2|276,0,0,0,0.02893,0,0,0,0,0,0,1.43705e-07,0,0,0,False,69.0|276,1056
8|1056|vc|2|2|276,0,0,0,-0.020984,0,0,0,0,0,0,3.0926e-07,0,0,0,False,69.0|276,1056
8|1056|vc|3|2|276,0,0,0,0.317627,0,0,0,0,0,0,1.70897e-08,0,0,0,False,69.0|276,1056
8|1056|vc|4|2|276,0,0,0,-0.03432,0,0,0,0,0,0,2.88883e-07,0,0,0,False,69.0|276,1056
8|1056|vc|5|2|276,0,0,0,0.289526,0,0,0,0,0,0,2.62621e-07,0,0,0,False,69.0|276,1056
8|1056|vc|6|2|276,0,0,0,-0.266976,0,0,0,0,0,0,-3.49781e-08,0,0,0,False,69.0|276,1056
8|1056|vc|7|2|276,0,0,0,-0.0178618,0,0,0,0,0,0,-2.51215e-08,0,0,0,False,69.0|276,1056
8|1056|vc|8|2|276,0,0,0,0.001238,0,0,0,0,0,0,4.03226e-07,0,0,0,False,69.0|276,1056
8|1159|cc|1|1|292,0,0,0,-0.0906161,0,0,0,0,0,0,3.84783e-08,0,0,0,False,69.0|292,1159
8|1159|cc|2|1|292,0,0,0,0.0606944,0,0,0,0,0,0,-1.48731e-07,0,0,0,False,69.0|292,1159
8|1159|cc|3|1|292,0,0,0,0.107533,0,0,0,0,0,0,-3.40915e-07,0,0,0,False,69.0|292,1159
8|1159|cc|4|1|292,0,0,0,-0.146004,0,0,0,0,0,0,6.79299e-08,0,0,0,False,69.0|292,1159
8|1159|cc|5|1|292,0,0,0,-0.154242,0,0,0,0,0,0,7.42163e-08,0,0,0,False,69.0|292,1159
8|1159|cc|6|1|292,0,0,0,-0.17363,0,0,0,0,0,0,-3.58763e-07,0,0,0,False,69.0|292,1159
8|1159|cc|7|1|292,0,0,0,0.0191004,0,0,0,0,0,0,-1.08646e-07,0,0,0,False,69.0|292,1159
8|1159|cc|8|1|292,0,0,0,-0.0752461,0,0,0,0,0,0,4.0807e-07,0,0,0,False,69.0|292,1159
8|1159|sample|3|292,0,0,0,-0.332862,0,0,0,0,0,0,-0.286558,0,0,0,True,22.0|292,1159
8|1159|sample|4|292,0,0,0,-0.3831,0,0,0,0,0,0,-0.362747,0,0,0,True,22.0|292,1159
8|1159|vc|1|2|292,0,0,0,0.00670792,0,0,0,0,0,0,3.1259e-07,0,0,0,False,69.0|292,1159
8|1159|vc|2|2|292,0,0,0,-0.15892,0,0,0,0,0,0,-2.88271e-08,0,0,0,False,69.0|292,1159
8|1159|vc|3|2|292,0,0,0,0.159622,0,0,0,0,0,0,3.66643e-07,0,0,0,False,69.0|292,1159
8|1159|vc|4|2|292,0,0,0,-0.291452,0,0,0,0,0,0,8.36336e-08,0,0,0,False,69.0|292,1159
8|1159|vc|5|2|292,0,0,0,-0.0809997,0,0,0,0,0,0,-3.30495e-08,0,0,0,False,69.0|292,1159
8|1159|vc|6|2|292,0,0,0,-0.196919,0,0,0,0,0,0,-4.45729e-08,0,0,0,False,69.0|292,1159
8|1159|vc|7|2|292,0,0,0,0.0724438,0,0,0,0,0,0,-3.47744e-07,0,0,0,False,69.0|292,1159
8|1159|vc|8|2|292,0,0,0,0.153511,0,0,0,0,0,0,-3.43184e-07,0,0,0,False,69.0|292,1159
8|1017|cc|1|1|65,0,0,0,-0.0705637,0,0,0,0,0,0,-4.35384e-07,0,0,0,False,69.0|65,1017
8|1017|cc|2|1|65,0,0,0,0.0523087,0,0,0,0,0,0,-4.36224e-07,0,0,0,False,69.0|65,1017
8|1017|cc|3|1|65,0,0,0,0.191072,0,0,0,0,0,0,-1.60927e-07,0,0,0,False,69.0|65,1017
8|1017|cc|4|1|65,0,0,0,0.0142013,0,0,0,0,0,0,-1.49209e-07,0,0,0,False,69.0|65,1017
8|1017|cc|5|1|65,0,0,0,0.141276,0,0,0,0,0,0,-1.28829e-07,0,0,0,False,69.0|65,1017
8|1017|cc|6|1|65,0,0,0,0.00818554,0,0,0,0,0,0,-3.79972e-07,0,0,0,False,69.0|65,1017
8|1017|cc|7|1|65,0,0,0,0.0581827,0,0,0,0,0,0,8.20816e-08,0,0,0,False,69.0|65,1017
8|1017|cc|8|1|65,0,0,0,-0.0565183,0,0,0,0,0,0,-2.46283e-07,0,0,0,False,69.0|65,1017
8|1017|sample|3|65,0,0,0,0.742676,0,0,0,0,0,0,0.736467,0,0,0,True,22.0|65,1017
8|1017|sample|4|65,0,0,0,0.524783,0,0,0,0,0,0,0.57265,0,0,0,True,22.0|65,1017
8|1017|sample|8|65,0,0,0,0.321308,0,0,0,0,0,0,-0.016833,0,0,0,True,22.0|65,1017
8|1017|vc|1|2|65,0,0,0,-0.239365,0,0,0,0,0,0,-4.38339e-07,0,0,0,False,69.0|65,1017
8|1017|vc|2|2|65,0,0,0,0.119674,0,0,0,0,0,0,-3.98034e-07,0,0,0,False,69.0|65,1017
8|1017|vc|3|2|65,0,0,0,-0.163212,0,0,0,0,0,0,-3.81313e-07,0,0,0,False,69.0|65,1017
8|1017|vc|4|2|65,0,0,0,-0.0970801,0,0,0,0,0,0,1.08246e-07,0,0,0,False,69.0|65,1017
8|1017|vc|5|2|65,0,0,0,-0.469545,0,0,0,0,0,0,-3.90511e-07,0,0,0,False,69.0|65,1017
8|1017|vc|6|2|65,0,0,0,0.0112674,0,0,0,0,0,0,-2.321e-07,0,0,0,False,69.0|65,1017
8|1017|vc|7|2|65,0,0,0,-0.170638,0,0,0,0,0,0,2.25489e-08,0,0,0,False,69.0|65,1017
8|1017|vc|8|2|65,0,0,0,0.217839,0,0,0,0,0,0,2.93811e-08,0,0,0,False,69.0|65,1017
8|1197|cc|1|1|103,0,0,0,-0.0737199,0,0,0,0,0,0,-3.72796e-07,0,0,0,False,69.0|103,1197
8|1197|cc|2|1|103,0,0,0,-0.368534,0,0,0,0,0,0,1.76387e-07,0,0,0,False,69.0|103,1197
8|1197|cc|3|1|103,0,0,0,-0.0730297,0,0,0,0,0,0,3.32646e-07,0,0,0,False,69.0|103,1197
8|1197|cc|4|1|103,0,0,0,-0.216761,0,0,0,0,0,0,-5.21452e-08,0,0,0,False,69.0|103,1197
8|1197|cc|5|1|103,0,0,0,0.00897833,0,0,0,0,0,0,-1.31891e-07,0,0,0,False,69.0|103,1197
8|1197|cc|6|1|103,0,0,0,0.215544,0,0,0,0,0,0,2.88471e-07,0,0,0,False,69.0|103,1197
8|1197|cc|7|1|103,0,0,0,0.0129391,0,0,0,0,0,0,-7.79961e-08,0,0,0,False,69.0|103,1197
8|1197|cc|8|1|103,0,0,0,0.18302,0,0,0,0,0,0,1.80692e-07,0,0,0,False,69.0|103,1197
8|1197|sample|3|103,0,0,0,1.92238,0,0,0,0,0,0,1.99739,0,0,0,True,22.0|103,1197
8|1197|sample|4|103,0,0,0,2.00632,0,0,0,0,0,0,2.06969,0,0,0,True,22.0|103,1197
8|1197|vc|1|2|103,0,0,0,-0.135562,0,0,0,0,0,0,4.24412e-07,0,0,0,False,69.0|103,1197
8|1197|vc|2|2|103,0,0,0,-0.0294911,0,0,0,0,0,0,1.56995e-07,0,0,0,False,69.0|103,1197
8|1197|vc|3|2|103,0,0,0,0.18231,0,0,0,0,0,0,-3.73861e-07,0,0,0,False,69.0|103,1197
8|1197|vc|4|2|103,0,0,0,-0.0778964,0,0,0,0,0,0,-2.25168e-07,0,0,0,False,69.0|103,1197
8|1197|vc|5|2|103,0,0,0,-0.000682538,0,0,0,0,0,0,-4.20353e-07,0,0,0,False,69.0|103,1197
8|1197|vc|6|2|103,0,0,0,0.0509561,0,0,0,0,0,0,-1.65266e-07,0,0,0,False,69.0|103,1197
8|1197|vc|7|2|103,0,0,0,0.0490106,0,0,0,0,0,0,3.19607e-08,0,0,0,False,69.0|103,1197
8|1197|vc|8|2|103,0,0,0,-0.0220877,0,0,0,0,0,0,3.76882e-08,0,0,0,False,69.0|103,1197
8|745|cc|1|1|218,0,0,0,0.129717,0,0,0,0,0,0,-1.94869e-07,0,0,0,False,69.0|218,745
8|745|cc|2|1|218,0,0,0,0.107381,0,0,0,0,0,0,3.77898e-07,0,0,0,False,69.0|218,745
8|745|cc|3|1|218,0,0,0,0.145801,0,0,0,0,0,0,-3.81243e-07,0,0,0,False,69.0|218,745
8|745|cc|4|1|218,0,0,0,0.38758,0,0,0,0,0,0,3.11401e-07,0,0,0,False,69.0|218,745
8|745|cc|5|1|218,0,0,0,0.0326971,0,0,0,0,0,0,-2.41112e-07,0,0,0,False,69.0|218,745
8|745|cc|6|1|218,0,0,0,0.105768,0,0,0,0,0,0,3.38159e-07,0,0,0,False,69.0|218,745
8|745|cc|7|1|218,0,0,0,-0.0414427,0,0,0,0,0,0,-1.01038e-07,0,0,0,False,69.0|218,745
8|745|cc|8|1|218,0,0,0,-0.00174884,0,0,0,0,0,0,-7.12934e-08,0,0,0,False,69.0|218,745
8|745|sample|3|218,0,0,0,1.6252,0,0,0,0,0,0,1.61915,0,0,0,True,22.0|218,745
8|745|sample|4|218,0,0,0,1.63594,0,0,0,0,0,0,1.59013,0,0,0,True,22.0|218,745
8|745|sample|5|218,0,0,0,2.25345,0,0,0,0,0,0,0.946969,0,0,0,True,22.0|218,745
8|745|vc|1|2|218,0,0,0,0.0764947,0,0,0,0,0,0,-8.58624e-08,0,0,0,False,69.0|218,745
8|745|vc|2|2|218,0,0,0,-0.177239,0,0,0,0,0,0,-1.52264e-07,0,0,0,False,69.0|218,745
8|745|vc|3|2|218,0,0,0,0.0125894,0,0,0,0,0,0,-2.72369e-07,0,0,0,False,69.0|218,745
8|745|vc|4|2|218,0,0,0,0.116267,0,0,0,0,0,0,2.22835e-07,0,0,0,False,69.0|218,745
8|745|vc|5|2|218,0,0,0,0.214706,0,0,0,0,0,0,-1.06692e-07,0,0,0,False,69.0|218,745
8|745|vc|6|2|218,0,0,0,-0.00441003,0,0,0,0,0,0,2.22283e-07,0,0,0,False,69.0|218,745
8|745|vc|7|2|218,0,0,0,-0.178855,0,0,0,0,0,0,1.40716e-07,0,0,0,False,69.0|218,745
8|745|vc|8|2|218,0,0,0,-0.146472,0,0,0,0,0,0,3.67307e-08,0,0,0,False,69.0|218,745
8|1043|cc|1|1|174,0,0,0,0.176706,0,0,0,0,0,0,4.19755e-07,0,0,0,False,69.0|174,1043
8|1043|cc|2|1|174,0,0,0,-0.215695,0,0,0,0,0,0,-2.22713e-07,0,0,0,False,69.0|174,1043
8|1043|cc|3|1|174,0,0,0,0.195467,0,0,0,0,0,0,1.37848e-07,0,0,0,False,69.0|174,1043
8|1043|cc|4|1|174,0,0,0,0.0716772,0,0,0,0,0,0,-6.78885e-08,0,0,0,False,69.0|174,1043
8|1043|cc|5|1|174,0,0,0,0.194254,0,0,0,0,0,0,3.54139e-08,0,0,0,False,69.0|174,1043
8|1043|cc|6|1|174,0,0,0,-0.100414,0,0,0,0,0,0,-3.21735e-08,0,0,0,False,69.0|174,1043
8|1043|cc|7|1|174,0,0,0,0.110392,0,0,0,0,0,0,3.99895e-07,0,0,0,False,69.0|174,1043
8|1043|cc|8|1|174,0,0,0,-0.0669296,0,0,0,0,0,0,-1.83842e-07,0,0,0,False,69.0|174,1043
8|1043|sample|3|174,0,0,0,2.26838,0,0,0,0,0,0,2.28821,0,0,0,True,22.0|174,1043
8|1043|sample|4|174,0,0,0,2.32786,0,0,0,0,0,0,2.3827,0,0,0,True,22.0|174,1043
8|1043|vc|1|2|174,0,0,0,0.211766,0,0,0,0,0,0,-1.74671e-07,0,0,0,False,69.0|174,1043
8|1043|vc|2|2|174,0,0,0,0.182069,0,0,0,0,0,0,3.80218e-07,0,0,0,False,69.0|174,1043
8|1043|vc|3|2|174,0,0,0,-0.223507,0,0,0,0,0,0,3.49726e-07,0,0,0,False,69.0|174,1043
8|1043|vc|4|2|174,0,0,0,0.0912376,0,0,0,0,0,0,2.34652e-07,0,0,0,False,69.0|174,1043
8|1043|vc|5|2|174,0,0,0,0.0730182,0,0,0,0,0,0,2.92874e-07,0,0,0,False,69.0|174,1043
8|1043|vc|6|2|174,0,0,0,-0.146657,0,0,0,0,0,0,2.38483e-07,0,0,0,False,69.0|174,1043
8|1043|vc|7|2|174,0,0,0,0.187561,0,0,0,0,0,0,-1.87169e-07,0,0,0,False,69.0|174,1043
8|1043|vc|8|2|174,0,0,0,-0.0347375,0,0,0,0,0,0,1.74872e-07,0,0,0,False,69.0|174,1043
8|1260|cc|1|1|319,0,0,0,0.33817,0,0,0,0,0,0,-2.08842e-07,0,0,0,False,69.0|319,1260
8|1260|cc|2|1|319,0,0,0,0.0538444,0,0,0,0,0,0,3.9566e-07,0,0,0,False,69.0|319,1260
8|1260|cc|3|1|319,0,0,0,0.406611,0,0,0,0,0,0,8.82621e-08,0,0,0,False,69.0|319,1260
8|1260|cc|4|1|319,0,0,0,0.100379,0,0,0,0,0,0,3.84565e-07,0,0,0,False,69.0|319,1260
8|1260|cc|5|1|319,0,0,0,0.140512,0,0,0,0,0,0,-1.22461e-07,0,0,0,False,69.0|319,1260
8|1260|cc|6|1|319,0,0,0,-0.276511,0,0,0,0,0,0,1.36057e-07,0,0,0,False,69.0|319,1260
8|1260|cc|7|1|319,0,0,0,0.0621761,0,0,0,0,0,0,3.28143e-07,0,0,0,False,69.0|319,1260
8|1260|cc|8|1|319,0,0,0,0.240649,0,0,0,0,0,0,-1.63151e-07,0,0,0,False,69.0|319,1260
8|1260|sample|3|319,0,0,0,1.00872,0,0,0,0,0,0,0.977183,0,0,0,True,22.0|319,1260
8|1260|sample|4|319,0,0,0,1.10755,0,0,0,0,0,0,1.12839,0,0,0,True,22.0|319,1260
8|1260|vc|1|2|319,0,0,0,0.0832448,0,0,0,0,0,0,1.1362e-07,0,0,0,False,69.0|319,1260
8|1260|vc|2|2|319,0,0,0,0.196771,0,0,0,0,0,0,-3.05424e-07,0,0,0,False,69.0|319,1260
8|1260|vc|3|2|319,0,0,0,0.151761,0,0,0,0,0,0,1.13846e-07,0,0,0,False,69.0|319,1260
8|1260|vc|4|2|319,0,0,0,-0.0793382,0,0,0,0,0,0,-1.6655e-07,0,0,0,False,69.0|319,1260
8|1260|vc|5|2|319,0,0,0,0.0474009,0,0,0,0,0,0,-3.50334e-07,0,0,0,False,69.0|319,1260
8|1260|vc|6|2|319,0,0,0,0.0544363,0,0,0,0,0,0,-3.8131e-07,0,0,0,False,69.0|319,1260
8|1260|vc|7|2|319,0,0,0,0.0092893,0,0,0,0,0,0,5.02064e-08,0,0,0,False,69.0|319,1260
8|1260|vc|8|2|319,0,0,0,0.659345,0,0,0,0,0,0,-4.05931e-07,0,0,0,False,69.0|319,1260
8|1042|cc|1|1|162,0,0,0,-0.351117,0,0,0,0,0,0,3.83534e-07,0,0,0,False,69.0|162,1042
8|1042|cc|2|1|162,0,0,0,0.0753533,0,0,0,0,0,0,3.47233e-08,0,0,0,False,69.0|162,1042
8|1042|cc|3|1|162,0,0,0,-0.175742,0,0,0,0,0,0,-3.12123e-07,0,0,0,False,69.0|162,1042
8|1042|cc|4|1|162,0,0,0,0.31488,0,0,0,0,0,0,-2.68806e-07,0,0,0,False,69.0|162,1042
8|1042|cc|5|1|162,0,0,0,0.151581,0,0,0,0,0,0,-3.46424e-07,0,0,0,False,69.0|162,1042
8|1042|cc|6|1|162,0,0,0,-0.0760196,0,0,0,0,0,0,-3.40538e-07,0,0,0,False,69.0|162,1042
8|1042|cc|7|1|162,0,0,0,-0.102239,0,0,0,0,0,0,-2.60087e-07,0,0,0,False,69.0|162,1042
8|1042|cc|8|1|162,0,0,0,0.120688,0,0,0,0,0,0,3.3632e-07,0,0,0,False,69.0|162,1042
8|1042|sample|3|162,0,0,0,-0.957043,0,0,0,0,0,0,-0.951416,0,0,0,True,22.0|162,1042
8|1042|sample|4|162,0,0,0,-1.01807,0,0,0,0,0,0,-0.993397,0,0,0,True,22.0|162,1042
8|1042|vc|1|2|162,0,0,0,-0.208975,0,0,0,0,0,0,-3.41121e-07,0,0,0,False,69.0|162,1042
8|1042|vc|2|2|162,0,0,0,-0.101839,0,0,0,0,0,0,6.11163e-08,0,0,0,False,69.0|162,1042
8|1042|vc|3|2|162,0,0,0,-0.00557957,0,0,0,0,0,0,3.38007e-07,0,0,0,False,69.0|162,1042
8|1042|vc|4|2|162,0,0,0,0.11894,0,0,0,0,0,0,-1.74611e-07,0,0,0,False,69.0|162,1042
8|1042|vc|5|2|162,0,0,0,-0.01437,0,0,0,0,0,0,2.00007e-07,0,0,0,False,69.0|162,1042
8|1042|vc|6|2|162,0,0,0,0.13501,0,0,0,0,0,0,-1.41352e-07,0,0,0,False,69.0|162,1042
8|1042|vc|7|2|162,0,0,0,-0.126173,0,0,0,0,0,0,-2.63797e-07,0,0,0,False,69.0|162,1042
8|1042|vc|8|2|162,0,0,0,0.074305,0,0,0,0,0,0,1.04796e-07,0,0,0,False,69.0|162,1042
8|863|cc|1|1|274,0,0,0,0.0891403,0,0,0,0,0,0,-4.19024e-07,0,0,0,False,69.0|274,863
8|863|cc|2|1|274,0,0,0,-0.124737,0,0,0,0,0,0,-2.23936e-07,0,0,0,False,69.0|274,863
8|863|cc|3|1|274,0,0,0,-0.072221,0,0,0,0,0,0,-1.40882e-07,0,0,0,False,69.0|274,863
8|863|cc|4|1|274,0,0,0,-0.0180295,0,0,0,0,0,0,-2.8278e-07,0,0,0,False,69.0|274,863
8|863|cc|5|1|274,0,0,0,0.215441,0,0,0,0,0,0,-1.12198e-07,0,0,0,False,69.0|274,863
8|863|cc|6|1|274,0,0,0,0.213271,0,0,0,0,0,0,3.59944e-07,0,0,0,False,69.0|274,863
8|863|cc|7|1|274,0,0,0,0.0671688,0,0,0,0,0,0,2.01089e-07,0,0,0,False,69.0|274,863
8|863|cc|8|1|274,0,0,0,0.174227,0,0,0,0,0,0,4.26869e-07,0,0,0,False,69.0|274,863
8|863|sample|3|274,0,0,0,0.681131,0,0,0,0,0,0,0.680742,0,0,0,True,22.0|274,863
8|863|sample|4|274,0,0,0,0.538263,0,0,0,0,0,0,0.557616,0,0,0,True,22.0|274,863
8|863|vc|1|2|274,0,0,0,0.327343,0,0,0,0,0,0,-1.23426e-07,0,0,0,False,69.0|274,863
8|863|vc|2|2|274,0,0,0,0.0675411,0,0,0,0,0,0,6.8045e-08,0,0,0,False,69.0|274,863
8|863|vc|3|2|274,0,0,0,0.162104,0,0,0,0,0,0,-1.01694e-07,0,0,0,False,69.0|274,863
8|863|vc|4|2|274,0,0,0,0.0646304,0,0,0,0,0,0,-1.45823e-08,0,0,0,False,69.0|274,863
8|863|vc|5|2|274,0,0,0,0.0592516,0,0,0,0,0,0,2.90405e-07,0,0,0,False,69.0|274,863
8|863|vc|6|2|274,0,0,0,-0.0980837,0,0,0,0,0,0,2.00651e-07,0,0,0,False,69.0|274,863
8|863|vc|7|2|274,0,0,0,0.153555,0,0,0,0,0,0,4.02157e-07,0,0,0,False,69.0|274,863
8|863|vc|8|2|274,0,0,0,-0.23305,0,0,0,0,0,0,3.99774e-07,0,0,0,False,69.0|274,863
8|152|cc|1|1|322,0,0,0,-0.134538,0,0,0,0,0,0,-3.54436e-07,0,0,0,False,69.0|322,152
8|152|cc|2|1|322,0,0,0,-0.432895,0,0,0,0,0,0,8.1896e-08,0,0,0,False,69.0|322,152
8|152|cc|3|1|322,0,0,0,-0.0657113,0,0,0,0,0,0,-2.92921e-07,0,0,0,False,69.0|322,152
8|152|cc|4|1|322,0,0,0,-0.12128,0,0,0,0,0,0,1.34185e-07,0,0,0,False,69.0|322,152
8|152|cc|5|1|322,0,0,0,-0.00086988,0,0,0,0,0,0,3.4641e-07,0,0,0,False,69.0|322,152
8|152|cc|6|1|322,0,0,0,-0.00353581,0,0,0,0,0,0,-1.56073e-07,0,0,0,False,69.0|322,152
8|152|cc|7|1|322,0,0,0,0.0131416,0,0,0,0,0,0,-1.58308e-07,0,0,0,False,69.0|322,152
8|152|cc|8|1|322,0,0,0,0.0680422,0,0,0,0,0,0,2.45263e-07,0,0,0,False,69.0|322,152
8|152|sample|3|322,0,0,0,-1.87616,0,0,0,0,0,0,-1.87663,0,0,0,True,22.0|322,152
8|152|sample|4|322,0,0,0,-2.00643,0,0,0,0,0,0,-2.00475,0,0,0,True,22.0|322,152
8|152|vc|1|2|322,0,0,0,0.181699,0,0,0,0,0,0,-7.70721e-08,0,0,0,False,69.0|322,152
8|152|vc|2|2|322,0,0,0,0.293086,0,0,0,0,0,0,2.58621e-07,0,0,0,False,69.0|322,152
8|152|vc|3|2|322,0,0,0,0.110918,0,0,0,0,0,0,1.72017e-07,0,0,0,False,69.0|322,152
8|152|vc|4|2|322,0,0,0,-0.297645,0,0,0,0,0,0,2.50896e-07,0,0,0,False,69.0|322,152
8|152|vc|5|2|322,0,0,0,-0.061796,0,0,0,0,0,0,-1.20516e-07,0,0,0,False,69.0|322,152
8|152|vc|6|2|322,0,0,0,-0.0420112,0,0,0,0,0,0,-1.83837e-07,0,0,0,False,69.0|322,152
8|152|vc|7|2|322,0,0,0,0.110916,0,0,0,0,0,0,-3.2837e-07,0,0,0,False,69.0|322,152
8|152|vc|8|2|322,0,0,0,-0.197324,0,0,0,0,0,0,9.90876e-08,0,0,0,False,69.0|322,152
9|411|cc|1|1|274,0,0,0,0.0445169,0,0,0,0,0,0,2.84697e-07,0,0,0,False,69.0|274,411
9|411|cc|2|1|274,0,0,0,-0.125868,0,0,0,0,0,0,2.73174e-07,0,0,0,False,69.0|274,411
9|411|cc|3|1|274,0,0,0,-0.325974,0,0,0,0,0,0,1.23546e-08,0,0,0,False,69.0|274,411
9|411|cc|4|1|274,0,0,0,-0.148605,0,0,0,0,0,0,4.30502e-07,0,0,0,False,69.0|274,411
9|411|cc|5|1|274,0,0,0,0.0849106,0,0,0,0,0,0,2.33656e-07,0,0,0,False,69.0|274,411
9|411|cc|6|1|274,0,0,0,-0.236141,0,0,0,0,0,0,4.29376e-07,0,0,0,False,69.0|274,411
9|411|cc|7|1|274,0,0,0,-0.0782315,0,0,0,0,0,0,3.0277e-07,0,0,0,False,69.0|274,411
9|411|cc|8|1|274,0,0,0,-0.0550529,0,0,0,0,0,0,-1.21214e-07,0,0,0,False,69.0|274,411
9|411|sample|10|274,0,0,0,-1.20561,0,0,0,0,0,0,-1.16555,0,0,0,True,70.0|274,411
9|411|sample|11|274,0,0,0,-0.818675,0,0,0,0,0,0,-0.801854,0,0,0,True,70.0|274,411
9|411|sample|12|274,0,0,0,-0.736354,0,0,0,0,0,0,-0.710028,0,0,0,True,70.0|274,411
9|411|sample|3|274,0,0,0,-0.48867,0,0,0,0,0,0,-0.485318,0,0,0,True,70.0|274,411
9|411|sample|4|274,0,0,0,-1.05081,0,0,0,0,0,0,-1.01415,0,0,0,True,70.0|274,411
9|411|sample|5|274,0,0,0,-1.12815,0,0,0,0,0,0,-1.10726,0,0,0,True,70.0|274,411
9|411|sample|6|274,0,0,0,-1.21931,0,0,0,0,0,0,-1.22071,0,0,0,True,70.0|274,411
9|411|sample|7|274,0,0,0,-0.698629,0,0,0,0,0,0,-0.681852,0,0,0,True,70.0|274,411
9|411|sample|8|274,0,0,0,-0.756588,0,0,0,0,0,0,-0.756495,0,0,0,True,70.0|274,411
9|411|sample|9|274,0,0,0,-1.0754,0,0,0,0,0,0,-1.06496,0,0,0,True,70.0|274,411
9|411|vc|1|2|274,0,0,0,0.0456479,0,0,0,0,0,0,-2.63106e-07,0,0,0,False,69.0|274,411
9|411|vc|2|2|274,0,0,0,-0.191058,0,0,0,0,0,0,1.20729e-07,0,0,0,False,69.0|274,411
9|411|vc|3|2|274,0,0,0,-0.133145,0,0,0,0,0,0,1.12671e-07,0,0,0,False,69.0|274,411
9|411|vc|4|2|274,0,0,0,0.253375,0,0,0,0,0,0,2.69884e-08,0,0,0,False,69.0|274,411
9|411|vc|5|2|274,0,0,0,0.151866,0,0,0,0,0,0,1.70817e-07,0,0,0,False,69.0|274,411
9|411|vc|6|2|274,0,0,0,0.0474177,0,0,0,0,0,0,-2.60572e-07,0,0,0,False,69.0|274,411
9|411|vc|7|2|274,0,0,0,0.0217502,0,0,0,0,0,0,-7.73135e-08,0,0,0,False,69.0|274,411
9|411|vc|8|2|274,0,0,0,-0.0167356,0,0,0,0,0,0,-3.54586e-07,0,0,0,False,69.0|274,411
