id,eta_U_SAEM,eta_L_SAEM,eta_m_SAEM,eta_e_SAEM,eta_alpha_SAEM,eta_k_SAEM,eta_U_mode,eta_L_mode,eta_m_mode,eta_e_mode,eta_alpha_mode,eta_k_mode,goes_down,mab_virus,run_id
8|84|cc|1|1|162,0,-1.91214e-09,-0.0500113,0.0144852,0,0,0,-3.55271e-15,1.0378e-07,-7.64222e-08,0,0,False,69.0|162,84
8|84|cc|2|1|162,0,-5.98149e-10,-0.0330194,0.175795,0,0,0,-3.55271e-15,8.05076e-09,1.92728e-07,0,0,False,69.0|162,84
8|84|cc|3|1|162,0,-2.00814e-09,-0.0242157,-0.441423,0,0,0,-5.32907e-15,5.24691e-08,2.10906e-07,0,0,False,69.0|162,84
8|84|cc|4|1|162,0,9.29557e-11,-0.0190424,0.0305006,0,0,0,7.10543e-15,7.22311e-09,3.29408e-07,0,0,False,69.0|162,84
8|84|cc|5|1|162,0,-1.36216e-09,0.0477626,0.140613,0,0,0,3.55271e-15,6.26413e-08,-4.46274e-07,0,0,False,69.0|162,84
8|84|cc|6|1|162,0,-1.26253e-09,0.0127938,-0.445822,0,0,0,3.55271e-15,7.49253e-08,-3.95826e-07,0,0,False,69.0|162,84
8|84|cc|7|1|162,0,-7.01384e-10,0.0266767,-0.483421,0,0,0,8.88178e-15,-4.3044e-09,-6.90168e-09,0,0,False,69.0|162,84
8|84|cc|8|1|162,0,-6.66989e-09,0.0387778,-0.276796,0,0,0,-8.88178e-15,-3.2762e-08,2.16613e-07,0,0,False,69.0|162,84
8|84|sample|10|162,0,6.49184e-09,0.333868,0.985831,0,0,0,-3.19744e-14,0.361492,1.01836,0,0,True,32.0|162,84
8|84|sample|11|162,0,-1.22934e-09,0.408921,0.580668,0,0,0,3.55271e-15,0.541578,0.486985,0,0,True,22.0|162,84
8|84|sample|12|162,0,-3.77464e-09,0.406692,0.816134,0,0,0,-1.24345e-13,0.338243,0.993002,0,0,True,22.0|162,84
8|84|sample|3|162,0,-3.60478e-09,-0.0163375,-0.103639,0,0,0,3.19744e-14,0.0928068,-0.186696,0,0,True,55.0|162,84
8|84|sample|4|162,0,9.4805e-09,0.0287709,-0.106402,0,0,0,4.61853e-14,0.0536215,-0.0470611,0,0,True,55.0|162,84
8|84|sample|5|162,0,2.96167e-09,-0.328861,0.174005,0,0,0,-3.90799e-14,-0.27344,0.0987417,0,0,True,55.0|162,84
8|84|sample|6|162,0,4.00495e-09,-0.232028,-0.274669,0,0,0,2.13163e-14,-0.200723,-0.207137,0,0,True,55.0|162,84
8|84|sample|7|162,0,-5.53664e-10,0.382159,0.748295,0,0,0,-1.10134e-13,0.443561,0.737702,0,0,True,32.0|162,84
8|84|sample|8|162,0,-4.02574e-09,0.308104,0.959876,0,0,0,1.66978e-13,0.379326,0.882583,0,0,True,32.0|162,84
8|84|sample|9|162,0,1.22417e-09,0.429942,0.859198,0,0,0,3.90799e-14,0.433678,0.930254,0,0,True,32.0|162,84
8|84|vc|1|2|162,0,4.17214e-09,0.000168414,-0.0425574,0,0,0,0.0,8.53335e-10,4.30377e-07,0,0,False,69.0|162,84
8|84|vc|2|2|162,0,-2.64596e-09,0.0321875,0.279537,0,0,0,0.0,-5.18431e-09,5.08643e-07,0,0,False,69.0|162,84
8|84|vc|3|2|162,0,2.17796e-09,-0.0114965,0.28661,0,0,0,7.10543e-15,2.05855e-09,2.2614e-07,0,0,False,69.0|162,84
8|84|vc|4|2|162,0,-2.93412e-09,0.00905758,0.495007,0,0,0,5.32907e-15,6.63485e-08,2.96652e-07,0,0,False,69.0|162,84
8|84|vc|5|2|162,0,9.42157e-09,-0.0136241,-0.124223,0,0,0,3.55271e-15,-4.06084e-08,-4.64852e-07,0,0,False,69.0|162,84
8|84|vc|6|2|162,0,1.21502e-09,-0.0271888,-0.255343,0,0,0,7.10543e-15,2.73271e-08,-2.25855e-07,0,0,False,69.0|162,84
8|84|vc|7|2|162,0,-1.15279e-10,-0.0327133,-0.289881,0,0,0,3.55271e-15,5.17864e-08,-3.57149e-08,0,0,False,69.0|162,84
8|84|vc|8|2|162,0,-3.4749e-09,-0.00240712,0.445429,0,0,0,-7.10543e-15,3.98609e-08,-3.44428e-07,0,0,False,69.0|162,84
8|719|cc|1|1|274,0,-2.9213e-09,0.00630234,-0.0922409,0,0,0,3.55271e-15,-2.20057e-08,-2.1435e-07,0,0,False,69.0|274,719
8|719|cc|2|1|274,0,-5.00075e-09,0.0234756,-0.0768058,0,0,0,3.55271e-15,-5.58726e-08,-3.81247e-07,0,0,False,69.0|274,719
8|719|cc|3|1|274,0,2.2156e-10,0.00297624,0.108444,0,0,0,-1.06581e-14,2.52658e-08,1.63815e-07,0,0,False,69.0|274,719
8|719|cc|4|1|274,0,3.3143e-09,-0.00777422,0.288312,0,0,0,0.0,-3.34876e-08,3.61708e-07,0,0,False,69.0|274,719
8|719|cc|5|1|274,0,-3.93844e-09,0.0133662,0.363188,0,0,0,1.06581e-14,1.45929e-07,1.09371e-07,0,0,False,69.0|274,719
8|719|cc|6|1|274,0,3.29348e-09,-0.0062072,0.134693,0,0,0,0.0,-1.04574e-07,-1.02048e-07,0,0,False,69.0|274,719
8|719|cc|7|1|274,0,-1.4273e-09,0.0397026,0.751563,0,0,0,-3.55271e-15,-9.1054e-09,-3.12555e-07,0,0,False,69.0|274,719
8|719|cc|8|1|274,0,-1.49407e-10,0.0248066,0.309829,0,0,0,-7.10543e-15,3.05567e-08,-1.51609e-07,0,0,False,69.0|274,719
8|719|sample|10|274,0,-1.27986e-08,0.49577,1.74651,0,0,0,-1.79412e-13,0.453663,1.86295,0,0,True,32.0|274,719
8|719|sample|11|274,0,-2.14382e-09,0.440958,2.11552,0,0,0,-6.03961e-14,0.541673,2.04728,0,0,True,22.0|274,719
8|719|sample|12|274,0,-6.43048e-10,0.656439,2.00879,0,0,0,-9.59233e-14,0.654914,2.05365,0,0,True,22.0|274,719
8|719|sample|3|274,0,1.20674e-08,0.329204,-0.237792,0,0,0,7.81597e-14,0.339054,-0.124883,0,0,True,55.0|274,719
8|719|sample|4|274,0,7.80367e-09,0.263254,-0.130815,0,0,0,-3.55271e-14,0.313005,-0.129112,0,0,True,55.0|274,719
8|719|sample|5|274,0,-3.73841e-09,0.245962,-0.0656727,0,0,0,-1.59872e-13,0.307091,-0.0792173,0,0,True,55.0|274,719
8|719|sample|6|274,0,1.51925e-09,0.423861,-0.179513,0,0,0,1.63425e-13,0.427446,-0.107453,0,0,True,55.0|274,719
8|719|sample|7|274,0,4.49002e-09,0.397261,1.84366,0,0,0,9.05942e-14,0.405846,1.90593,0,0,True,32.0|274,719
8|719|sample|8|274,0,3.46852e-09,0.396835,1.8589,0,0,0,5.50671e-14,0.399155,1.92935,0,0,True,32.0|274,719
8|719|sample|9|274,0,-7.00006e-09,0.423614,1.84538,0,0,0,5.15143e-14,0.454864,1.87882,0,0,True,32.0|274,719
8|719|vc|1|2|274,0,-3.95247e-09,-0.0056886,-0.193589,0,0,0,3.55271e-15,-4.73436e-08,2.91251e-07,0,0,False,69.0|274,719
8|719|vc|2|2|274,0,1.50978e-09,-0.00896962,-0.0753948,0,0,0,-3.55271e-15,-8.39658e-08,-1.77198e-07,0,0,False,69.0|274,719
8|719|vc|3|2|274,0,4.90106e-10,0.0328532,-0.341401,0,0,0,1.42109e-14,-1.20077e-07,-9.83884e-07,0,0,False,69.0|274,719
8|719|vc|4|2|274,0,2.90723e-10,-0.0130539,0.279581,0,0,0,1.06581e-14,-7.03855e-08,-1.93551e-07,0,0,False,69.0|274,719
8|719|vc|5|2|274,0,-2.34735e-09,0.00173,-0.263465,0,0,0,3.55271e-15,3.52908e-08,3.69106e-07,0,0,False,69.0|274,719
8|719|vc|6|2|274,0,1.80937e-10,0.0274365,0.0521556,0,0,0,1.06581e-14,1.00138e-07,3.09719e-07,0,0,False,69.0|274,719
8|719|vc|7|2|274,0,-2.66077e-10,-0.0672655,0.0520216,0,0,0,-3.55271e-15,1.56714e-07,-4.08472e-08,0,0,False,69.0|274,719
8|719|vc|8|2|274,0,2.15293e-09,0.0534255,-0.0532233,0,0,0,1.06581e-14,5.11352e-08,-2.42475e-07,0,0,False,69.0|274,719
8|488|cc|1|1|322,0,1.47085e-09,0.0197613,-0.0611179,0,0,0,0.0,1.14108e-08,-3.58147e-07,0,0,False,69.0|322,488
8|488|cc|2|1|322,0,3.25146e-10,0.00925929,0.0980787,0,0,0,3.55271e-15,5.32617e-08,4.24112e-07,0,0,False,69.0|322,488
8|488|cc|3|1|322,0,-3.00576e-09,-0.0437516,-0.098068,0,0,0,3.55271e-15,-9.20569e-10,-1.26828e-07,0,0,False,69.0|322,488
8|488|cc|4|1|322,0,-1.6069e-09,0.0139218,-0.156221,0,0,0,-3.55271e-15,2.69038e-09,1.64487e-07,0,0,False,69.0|322,488
8|488|cc|5|1|322,0,-4.43463e-09,0.0151429,-0.0398329,0,0,0,1.06581e-14,-5.61665e-08,-9.81135e-07,0,0,False,69.0|322,488
8|488|cc|6|1|322,0,3.52903e-09,-0.00198717,0.213886,0,0,0,3.55271e-15,-8.1216e-08,-4.13742e-07,0,0,False,69.0|322,488
8|488|cc|7|1|322,0,2.51208e-09,0.010625,-0.413723,0,0,0,-3.55271e-15,5.08571e-08,6.39943e-07,0,0,False,69.0|322,488
8|488|cc|8|1|322,0,8.959e-10,0.0195092,0.308077,0,0,0,-1.06581e-14,3.47695e-08,-6.13576e-08,0,0,False,69.0|322,488
8|488|sample|10|322,0,1.24718e-09,-0.820069,3.27822,0,0,0,5.32907e-14,-0.756419,3.22199,0,0,True,32.0|322,488
8|488|sample|11|322,0,-4.6456e-09,-0.0209947,2.22851,0,0,0,-2.13163e-13,0.0107009,2.31038,0,0,True,22.0|322,488
8|488|sample|12|322,0,-7.34326e-10,0.0298176,2.40612,0,0,0,-6.39488e-14,-0.000544237,2.57712,0,0,True,22.0|322,488
8|488|sample|3|322,0,-2.26109e-09,0.0496115,-1.07021,0,0,0,7.63833e-14,0.117013,-1.0567,0,0,True,55.0|322,488
8|488|sample|4|322,0,3.21798e-09,0.102185,-1.1877,0,0,0,-7.63833e-14,0.127208,-1.17225,0,0,True,55.0|322,488
8|488|sample|5|322,0,3.53003e-09,0.124086,-1.24111,0,0,0,1.84741e-13,0.160049,-1.22165,0,0,True,55.0|322,488
8|488|sample|6|322,0,-4.39511e-09,0.124594,-1.3116,0,0,0,2.43361e-13,0.143777,-1.25415,0,0,True,55.0|322,488
8|488|sample|7|322,0,-7.54888e-11,-0.635624,2.39185,0,0,0,-4.61853e-14,-0.590323,2.42517,0,0,True,32.0|322,488
8|488|sample|8|322,0,1.58598e-08,-0.677825,2.59057,0,0,0,3.55271e-14,-0.582473,2.46458,0,0,True,32.0|322,488
8|488|sample|9|322,0,-8.58721e-10,-0.749354,2.81232,0,0,0,1.42109e-14,-0.718512,2.92144,0,0,True,32.0|322,488
8|488|vc|1|2|322,0,1.73355e-10,-0.0168568,-0.0844187,0,0,0,0.0,-4.70042e-08,2.56638e-08,0,0,False,69.0|322,488
8|488|vc|2|2|322,0,-6.78635e-09,0.0151676,-0.0237009,0,0,0,3.55271e-15,9.78009e-08,-3.54382e-07,0,0,False,69.0|322,488
8|488|vc|3|2|322,0,2.95843e-09,0.0300365,-0.275584,0,0,0,3.55271e-15,2.52995e-08,-1.81476e-07,0,0,False,69.0|322,488
8|488|vc|4|2|322,0,4.99121e-10,0.0367402,-0.0825482,0,0,0,-7.10543e-15,1.6025e-09,3.62818e-08,0,0,False,69.0|322,488
8|488|vc|5|2|322,0,-1.34602e-09,-0.00964714,-0.203079,0,0,0,0.0,1.1622e-07,9.13338e-08,0,0,False,69.0|322,488
8|488|vc|6|2|322,0,6.64582e-09,-0.0533906,-0.0448931,0,0,0,-3.55271e-15,-4.93246e-08,1.90669e-07,0,0,False,69.0|322,488
8|488|vc|7|2|322,0,-4.65788e-09,0.045198,-0.469486,0,0,0,7.10543e-15,3.87616e-08,9.03986e-08,0,0,False,69.0|322,488
8|488|vc|8|2|322,0,2.77898e-09,0.0223357,0.145331,0,0,0,3.55271e-15,5.02552e-08,1.28555e-08,0,0,False,69.0|322,488
8|847|cc|1|1|69,0,-1.54004e-09,-0.00165655,-0.273843,0,0,0,-3.55271e-15,2.59442e-09,4.98808e-07,0,0,False,69.0|69,847
8|847|cc|2|1|69,0,-7.08705e-09,0.00605522,0.198822,0,0,0,-1.06581e-14,9.07266e-09,-3.32713e-07,0,0,False,69.0|69,847
8|847|cc|3|1|69,0,3.47832e-09,0.0340655,-0.0359784,0,0,0,0.0,-3.11619e-08,3.7533e-07,0,0,False,69.0|69,847
8|847|cc|4|1|69,0,3.03033e-09,-0.0341715,-0.0137867,0,0,0,-5.40368e-12,-0.00258922,-0.0142053,0,0,False,69.0|69,847
8|847|cc|5|1|69,0,6.89602e-10,-0.0237052,0.116514,0,0,0,3.55271e-15,1.27749e-09,1.0624e-07,0,0,False,69.0|69,847
8|847|cc|6|1|69,0,-2.36148e-09,-0.00764937,0.21446,0,0,0,3.55271e-15,1.5471e-08,-2.82455e-07,0,0,False,69.0|69,847
8|847|cc|7|1|69,0,8.14061e-11,-0.0236889,0.0335508,0,0,0,-1.06581e-14,-8.59458e-08,-2.67532e-07,0,0,False,69.0|69,847
8|847|cc|8|1|69,0,-5.78386e-09,-0.0314908,0.142326,0,0,0,-3.55271e-15,2.98362e-09,4.67673e-07,0,0,False,69.0|69,847
8|847|sample|10|69,0,9.85089e-10,0.346298,3.0335,0,0,0,1.03029e-13,0.366132,3.08307,0,0,True,32.0|69,847
8|847|sample|11|69,0,1.23325e-08,0.192029,1.48123,0,0,0,-7.10543e-15,0.340599,1.31577,0,0,True,22.0|69,847
8|847|sample|12|69,0,1.17903e-09,0.280593,1.3496,0,0,0,-1.77636e-13,0.382031,1.26022,0,0,True,22.0|69,847
8|847|sample|3|69,0,-1.02279e-09,-0.367759,1.0715,0,0,0,-5.32907e-14,-0.308454,1.04235,0,0,True,55.0|69,847
8|847|sample|4|69,0,6.33945e-09,-0.47521,1.36769,0,0,0,1.27898e-13,-0.356645,1.16412,0,0,True,55.0|69,847
8|847|sample|5|69,0,-1.23612e-09,-0.643183,1.11715,0,0,0,-1.59872e-13,-0.602828,1.11448,0,0,True,55.0|69,847
8|847|sample|6|69,0,-1.07769e-08,-0.740227,1.57708,0,0,0,-8.52651e-14,-0.666076,1.54087,0,0,True,55.0|69,847
8|847|sample|7|69,0,-7.00056e-09,0.327351,2.7728,0,0,0,-1.38556e-13,0.486717,2.62474,0,0,True,32.0|69,847
8|847|sample|8|69,0,3.85785e-09,0.413686,2.69714,0,0,0,-1.42109e-14,0.452092,2.7278,0,0,True,32.0|69,847
8|847|sample|9|69,0,7.09837e-09,0.303227,2.98786,0,0,0,1.52767e-13,0.399962,2.94152,0,0,True,32.0|69,847
8|847|vc|1|2|69,0,3.02949e-09,0.0336026,-0.164604,0,0,0,3.55271e-15,2.68446e-08,-1.5745e-07,0,0,False,69.0|69,847
8|847|vc|2|2|69,0,-7.18881e-09,0.0253581,0.0797939,0,0,0,0.0,8.94998e-09,3.07816e-07,0,0,False,69.0|69,847
8|847|vc|3|2|69,0,1.60333e-09,0.0186678,-0.167003,0,0,0,-3.55271e-15,1.11802e-07,-3.81019e-07,0,0,False,69.0|69,847
8|847|vc|4|2|69,0,9.00251e-10,-0.00984813,-0.0411311,0,0,0,0.0,-5.42953e-08,-4.21236e-07,0,0,False,69.0|69,847
8|847|vc|5|2|69,0,-2.30684e-09,-0.00528782,0.362946,0,0,0,-3.55271e-15,1.89818e-07,-6.17325e-07,0,0,False,69.0|69,847
8|847|vc|6|2|69,0,1.91781e-09,0.02637,0.215687,0,0,0,-1.06581e-14,2.76735e-08,-1.16881e-06,0,0,False,69.0|69,847
8|847|vc|7|2|69,0,-7.18328e-09,-0.00559434,0.438878,0,0,0,3.55271e-15,2.54904e-08,4.313e-07,0,0,False,69.0|69,847
8|847|vc|8|2|69,0,-4.30319e-09,-0.00751753,0.294504,0,0,0,-3.55271e-15,-1.25113e-08,-2.52413e-07,0,0,False,69.0|69,847
8|474|cc|1|1|276,0,4.49689e-11,0.0166073,0.0412977,0,0,0,7.10543e-15,-1.37317e-08,-3.60702e-07,0,0,False,69.0|276,474
8|474|cc|2|1|276,0,-1.26542e-09,0.00387281,0.262429,0,0,0,0.0,7.68927e-08,4.18538e-07,0,0,False,69.0|276,474
8|474|cc|3|1|276,0,1.65109e-09,-0.0171505,-0.334182,0,0,0,-7.10543e-15,1.3765e-07,2.81365e-07,0,0,False,69.0|276,474
8|474|cc|4|1|276,0,-9.16873e-10,0.0242409,-0.291306,0,0,0,-7.10543e-15,1.56925e-07,-4.216e-07,0,0,False,69.0|276,474
8|474|cc|5|1|276,0,-1.90496e-09,0.0456922,0.0471555,0,0,0,-7.10543e-15,8.14531e-08,1.22086e-08,0,0,False,69.0|276,474
8|474|cc|6|1|276,0,6.97272e-10,-0.00304149,0.310515,0,0,0,-3.55271e-15,-7.34509e-08,-9.91902e-08,0,0,False,69.0|276,474
8|474|cc|7|1|276,0,-6.91406e-10,-0.00325176,0.15636,0,0,0,-1.06581e-14,-6.83839e-08,2.58769e-07,0,0,False,69.0|276,474
8|474|cc|8|1|276,0,-3.32741e-09,0.0147041,-0.459895,0,0,0,-7.10543e-15,-2.62037e-09,-7.71917e-08,0,0,False,69.0|276,474
8|474|sample|10|276,0,4.15134e-09,0.503595,3.92364,0,0,0,9.9476e-14,0.56884,3.89163,0,0,True,32.0|276,474
8|474|sample|11|276,0,3.86553e-09,0.656079,2.048,0,0,0,8.52651e-14,0.68972,2.05356,0,0,True,22.0|276,474
8|474|sample|12|276,0,-4.54516e-10,0.70483,2.01577,0,0,0,-3.55271e-15,0.592343,2.22503,0,0,True,22.0|276,474
8|474|sample|3|276,0,-8.87788e-09,0.27508,0.472102,0,0,0,1.13687e-13,0.383851,0.427672,0,0,True,55.0|276,474
8|474|sample|4|276,0,-9.08083e-09,0.283991,0.510528,0,0,0,-8.52651e-14,0.282827,0.592335,0,0,True,55.0|276,474
8|474|sample|5|276,0,5.00557e-10,0.231429,0.496263,0,0,0,9.23706e-14,0.190706,0.693867,0,0,True,55.0|276,474
8|474|sample|6|276,0,1.10024e-08,0.251073,0.474444,0,0,0,9.23706e-14,0.187333,0.682782,0,0,True,55.0|276,474
8|474|sample|7|276,0,-3.69601e-09,0.472664,3.84121,0,0,0,-9.9476e-14,0.599341,3.72413,0,0,True,32.0|276,474
8|474|sample|8|276,0,-2.46847e-09,0.53915,3.70121,0,0,0,-1.20792e-13,0.567646,3.72076,0,0,True,32.0|276,474
8|474|sample|9|276,0,-2.38471e-09,0.652297,3.75887,0,0,0,-9.23706e-14,0.578936,3.90834,0,0,True,32.0|276,474
8|474|vc|1|2|276,0,2.41803e-09,0.00724362,-0.121347,0,0,0,0.0,-3.19989e-08,4.84533e-07,0,0,False,69.0|276,474
8|474|vc|2|2|276,0,-1.01663e-09,-0.034092,0.68322,0,0,0,3.55271e-15,-7.91438e-08,7.23863e-10,0,0,False,69.0|276,474
8|474|vc|3|2|276,0,-1.03157e-09,-0.0085458,0.284637,0,0,0,3.55271e-15,3.17245e-08,-3.25773e-07,0,0,False,69.0|276,474
8|474|vc|4|2|276,0,2.81351e-09,-0.0681996,0.0360305,0,0,0,0.0,5.12236e-08,-1.63527e-07,0,0,False,69.0|276,474
8|474|vc|5|2|276,0,3.67076e-09,-0.00831254,-0.192516,0,0,0,7.10543e-15,4.26174e-09,-1.90968e-07,0,0,False,69.0|276,474
8|474|vc|6|2|276,0,-5.23948e-09,0.070665,-0.161508,0,0,0,0.0,7.5028e-08,-8.42317e-08,0,0,False,69.0|276,474
8|474|vc|7|2|276,0,-2.29963e-09,0.0327521,0.255679,0,0,0,7.10543e-15,-7.43582e-08,8.28076e-08,0,0,False,69.0|276,474
8|474|vc|8|2|276,0,1.10585e-09,-0.00896184,-0.00839727,0,0,0,7.10543e-15,1.70211e-08,2.54018e-07,0,0,False,69.0|276,474
8|462|cc|1|1|292,0,2.24886e-09,0.040484,-0.180838,0,0,0,1.42109e-14,-9.23223e-08,-6.24681e-07,0,0,False,69.0|292,462
8|462|cc|2|1|292,0,-3.54847e-09,-0.0897904,0.265788,0,0,0,3.55271e-15,-4.43997e-08,1.06972e-07,0,0,False,69.0|292,462
8|462|cc|3|1|292,0,5.12244e-09,-0.0159504,0.148255,0,0,0,-7.10543e-15,5.83819e-08,3.28304e-07,0,0,False,69.0|292,462
8|462|cc|4|1|292,0,-9.02999e-10,-0.0024489,0.130956,0,0,0,-1.06581e-14,7.02056e-08,-1.98498e-07,0,0,False,69.0|292,462
8|462|cc|5|1|292,0,-2.57696e-09,0.0210795,-0.236781,0,0,0,-3.55271e-15,-1.04705e-07,4.2491e-07,0,0,False,69.0|292,462
8|462|cc|6|1|292,0,-3.84773e-09,0.0409083,-0.114027,0,0,0,3.55271e-15,3.16555e-08,4.90331e-07,0,0,False,69.0|292,462
8|462|cc|7|1|292,0,-2.57837e-09,0.00934165,0.0154235,0,0,0,3.55271e-15,3.81422e-09,-2.61603e-07,0,0,False,69.0|292,462
8|462|cc|8|1|292,0,-5.03976e-09,0.00640314,-0.05131,0,0,0,-3.55271e-15,-7.76889e-08,-4.02951e-07,0,0,False,69.0|292,462
8|462|sample|10|292,0,6.10015e-10,0.647118,3.63628,0,0,0,-1.42109e-13,0.548637,3.83994,0,0,True,32.0|292,462
8|462|sample|11|292,0,1.27882e-09,0.356191,1.45418,0,0,0,-6.03961e-14,0.400444,1.46691,0,0,True,22.0|292,462
8|462|sample|12|292,0,9.86728e-09,0.222026,1.89366,0,0,0,-5.32907e-14,0.22253,1.95919,0,0,True,22.0|292,462
8|462|sample|3|292,0,-4.23751e-09,-0.472826,0.257138,0,0,0,-4.61853e-14,-0.428881,0.280509,0,0,True,55.0|292,462
8|462|sample|4|292,0,-1.41404e-08,-0.375912,0.167859,0,0,0,-7.10543e-14,-0.391326,0.267665,0,0,True,55.0|292,462
8|462|sample|5|292,0,-3.62716e-09,-0.612582,-0.195113,0,0,0,5.32907e-14,-0.575256,-0.186516,0,0,True,55.0|292,462
8|462|sample|6|292,0,3.87433e-09,-0.660829,0.0711865,0,0,0,7.10543e-14,-0.601634,0.0895069,0,0,True,55.0|292,462
8|462|sample|7|292,0,1.21139e-08,0.655741,3.50649,0,0,0,-1.77636e-14,0.663066,3.58071,0,0,True,32.0|292,462
8|462|sample|8|292,0,-2.53379e-09,0.633907,3.52966,0,0,0,9.23706e-14,0.682255,3.54262,0,0,True,32.0|292,462
8|462|sample|9|292,0,-1.07803e-08,0.633768,3.66784,0,0,0,1.42109e-14,0.63193,3.76785,0,0,True,32.0|292,462
8|462|vc|1|2|292,0,-1.68348e-09,-0.00211886,0.353255,0,0,0,-7.10543e-15,-8.30047e-08,6.23483e-08,0,0,False,69.0|292,462
8|462|vc|2|2|292,0,7.69258e-10,-0.0169968,0.0731297,0,0,0,-3.55271e-15,1.16134e-07,-8.94549e-09,0,0,False,69.0|292,462
8|462|vc|3|2|292,0,-7.50966e-10,-0.00675019,-0.254729,0,0,0,3.55271e-15,4.497e-08,1.77126e-07,0,0,False,69.0|292,462
8|462|vc|4|2|292,0,-5.40086e-10,-0.0330609,-0.0339298,0,0,0,0.0,9.75319e-08,2.35132e-07,0,0,False,69.0|292,462
8|462|vc|5|2|292,0,-4.60914e-09,-0.0393779,-0.104152,0,0,0,3.55271e-15,3.71033e-08,-2.87245e-07,0,0,False,69.0|292,462
8|462|vc|6|2|292,0,-2.25039e-10,-0.0186612,-0.305072,0,0,0,3.55271e-15,-6.45687e-08,-1.9297e-07,0,0,False,69.0|292,462
8|462|vc|7|2|292,0,2.10305e-09,0.00895505,-0.124953,0,0,0,3.55271e-15,5.72981e-08,-1.43028e-07,0,0,False,69.0|292,462
8|462|vc|8|2|292,0,-7.87928e-10,-0.00654795,0.211233,0,0,0,3.55271e-15,1.58031e-08,-2.71577e-07,0,0,False,69.0|292,462
8|75|cc|1|1|65,0,-7.49481e-10,-0.0338014,-0.0146914,0,0,0,0.0,-2.89866e-08,-1.38177e-07,0,0,False,69.0|65,75
8|75|cc|2|1|65,0,1.19816e-09,-0.0352032,-0.0296301,0,0,0,-3.55271e-15,2.34366e-08,3.46667e-07,0,0,False,69.0|65,75
8|75|cc|3|1|65,0,-4.1603e-09,0.0313275,0.134849,0,0,0,0.0,2.27784e-09,-2.6752e-07,0,0,False,69.0|65,75
8|75|cc|4|1|65,0,-4.21651e-09,0.0192815,-0.250707,0,0,0,0.0,-9.56086e-09,2.80521e-07,0,0,False,69.0|65,75
8|75|cc|5|1|65,0,-5.98627e-11,0.00397859,0.27527,0,0,0,-3.55271e-15,1.82316e-08,2.02353e-07,0,0,False,69.0|65,75
8|75|cc|6|1|65,0,3.64769e-09,-0.012162,-0.320032,0,0,0,-3.55271e-15,-5.13441e-08,2.30498e-08,0,0,False,69.0|65,75
8|75|cc|7|1|65,0,-2.74542e-09,-0.0130328,-0.0274144,0,0,0,-1.06581e-14,-1.42884e-08,-2.66846e-07,0,0,False,69.0|65,75
8|75|cc|8|1|65,0,4.74296e-10,-0.0488947,0.229764,0,0,0,1.06581e-14,2.6642e-10,3.86531e-08,0,0,False,69.0|65,75
8|75|sample|10|65,0,-8.79585e-09,-0.248446,-0.451712,0,0,0,1.42109e-14,-0.209224,-0.414154,0,0,True,32.0|65,75
8|75|sample|11|65,0,-6.69745e-09,0.131318,2.96627,0,0,0,6.39488e-14,0.194849,2.9329,0,0,True,22.0|65,75
8|75|sample|12|65,0,2.22638e-09,0.0544841,3.70484,0,0,0,4.9738e-14,0.0795024,3.76751,0,0,True,22.0|65,75
8|75|sample|3|65,0,1.07557e-08,-0.23726,3.57471,0,0,0,2.13163e-14,-0.184045,3.61993,0,0,True,55.0|65,75
8|75|sample|4|65,0,-1.56833e-09,-0.0943818,3.42408,0,0,0,6.03961e-14,-0.0817113,3.49939,0,0,True,55.0|65,75
8|75|sample|5|65,0,3.17343e-09,-0.541785,4.17306,0,0,0,-3.90799e-14,-0.519541,4.12846,0,0,True,55.0|65,75
8|75|sample|6|65,0,1.15624e-08,-0.525621,3.97062,0,0,0,1.27898e-13,-0.478073,3.96125,0,0,True,55.0|65,75
8|75|sample|7|65,0,3.88912e-09,0.0232614,-0.278862,0,0,0,9.23706e-14,0.00896681,-0.110971,0,0,True,32.0|65,75
8|75|sample|8|65,0,4.2585e-09,0.118332,-0.269323,0,0,0,-4.9738e-14,0.127225,-0.148734,0,0,True,32.0|65,75
8|75|sample|9|65,0,-1.56853e-09,-0.262806,-0.439914,0,0,0,-1.20792e-13,-0.222779,-0.444676,0,0,True,32.0|65,75
8|75|vc|1|2|65,0,3.06204e-09,0.0025806,0.319129,0,0,0,0.0,-1.27644e-08,2.34485e-07,0,0,False,69.0|65,75
8|75|vc|2|2|65,0,-2.47393e-09,0.0527977,-0.413234,0,0,0,7.10543e-15,-1.73029e-08,-1.28239e-08,0,0,False,69.0|65,75
8|75|vc|3|2|65,0,-1.38622e-09,0.0114913,-0.304647,0,0,0,-3.55271e-15,-6.09405e-09,4.50867e-07,0,0,False,69.0|65,75
8|75|vc|4|2|65,0,1.47483e-09,-0.00509335,0.28312,0,0,0,0.0,-7.56074e-08,-1.85964e-07,0,0,False,69.0|65,75
8|75|vc|5|2|65,0,1.44814e-09,0.0403684,0.104409,0,0,0,7.10543e-15,7.23636e-08,1.44054e-07,0,0,False,69.0|65,75
8|75|vc|6|2|65,0,4.73121e-09,-0.0220432,0.177038,0,0,0,7.10543e-15,4.60351e-08,8.31526e-09,0,0,False,69.0|65,75
8|75|vc|7|2|65,0,8.94258e-11,0.00946819,0.0687739,0,0,0,-7.10543e-15,1.78369e-09,4.52164e-07,0,0,False,69.0|65,75
8|75|vc|8|2|65,0,5.11027e-09,0.046901,-0.24314,0,0,0,0.0,2.42975e-08,7.42551e-07,0,0,False,69.0|65,75
8|291|cc|1|1|103,0,-2.28394e-09,-0.0396874,0.165819,0,0,0,7.10543e-15,2.69418e-08,2.04018e-07,0,0,False,69.0|103,291
8|291|cc|2|1|103,0,1.3178e-09,0.000222945,0.00970362,0,0,0,3.55271e-15,8.02552e-08,1.3906e-07,0,0,False,69.0|103,291
8|291|cc|3|1|103,0,-8.3521e-10,0.0161807,0.0370204,0,0,0,3.55271e-15,1.42495e-08,4.74492e-07,0,0,False,69.0|103,291
8|291|cc|4|1|103,0,-5.67117e-10,-0.0316763,0.263608,0,0,0,3.55271e-15,-7.29082e-08,-4.18722e-07,0,0,False,69.0|103,291
8|291|cc|5|1|103,0,1.48531e-09,0.00524659,-0.217327,0,0,0,3.55271e-15,-6.2879e-08,2.55445e-07,0,0,False,69.0|103,291
8|291|cc|6|1|103,0,-3.89314e-09,-0.0299497,0.0457794,0,0,0,-1.77636e-14,-5.71449e-08,9.6931e-08,0,0,False,69.0|103,291
8|291|cc|7|1|103,0,-2.17785e-09,-0.0115447,-0.141972,0,0,0,-3.55271e-15,3.9664e-08,-1.01748e-07,0,0,False,69.0|103,291
8|291|cc|8|1|103,0,2.75375e-09,0.00336848,0.278913,0,0,0,3.55271e-15,9.73726e-09,-2.42659e-07,0,0,False,69.0|103,291
8|291|sample|10|103,0,6.854e-09,0.512587,3.70383,0,0,0,7.10543e-15,0.472499,3.79887,0,0,True,32.0|103,291
8|291|sample|11|103,0,1.97915e-09,0.142797,4.52183,0,0,0,1.20792e-13,0.284782,4.32381,0,0,True,22.0|103,291
8|291|sample|12|103,0,-6.03027e-09,0.307405,4.04095,0,0,0,-1.95399e-13,0.310727,4.07205,0,0,True,22.0|103,291
8|291|sample|3|103,0,-1.83023e-09,0.442868,0.704527,0,0,0,3.55271e-14,0.523173,0.673059,0,0,True,55.0|103,291
8|291|sample|4|103,0,-4.88601e-09,0.423504,0.740163,0,0,0,2.34479e-13,0.480073,0.699765,0,0,True,55.0|103,291
8|291|sample|5|103,0,1.39514e-09,0.510676,0.649557,0,0,0,1.27898e-13,0.434198,0.866548,0,0,True,55.0|103,291
8|291|sample|6|103,0,6.379e-09,0.391388,0.836406,0,0,0,-6.39488e-14,0.366928,0.943108,0,0,True,55.0|103,291
8|291|sample|7|103,0,8.24218e-10,0.496443,3.68129,0,0,0,2.13163e-14,0.514811,3.73364,0,0,True,32.0|103,291
8|291|sample|8|103,0,4.58871e-10,0.489022,3.583,0,0,0,-1.13687e-13,0.544606,3.56174,0,0,True,32.0|103,291
8|291|sample|9|103,0,-1.19578e-09,0.47267,3.68316,0,0,0,-1.56319e-13,0.567696,3.63441,0,0,True,32.0|103,291
8|291|vc|1|2|103,0,9.08788e-10,-0.0061859,0.149472,0,0,0,3.55271e-15,4.41199e-08,-3.83834e-08,0,0,False,69.0|103,291
8|291|vc|2|2|103,0,5.66221e-10,-0.0436577,0.11782,0,0,0,-3.55271e-15,2.67079e-08,-2.94893e-07,0,0,False,69.0|103,291
8|291|vc|3|2|103,0,-3.35883e-09,0.00900754,-0.144238,0,0,0,3.55271e-15,2.17368e-08,2.39317e-07,0,0,False,69.0|103,291
8|291|vc|4|2|103,0,-3.59729e-09,-0.0210673,0.0496382,0,0,0,-3.55271e-15,-4.28317e-08,-4.22244e-07,0,0,False,69.0|103,291
8|291|vc|5|2|103,0,6.0361e-10,0.0803095,-0.0461645,0,0,0,-3.55271e-15,8.32173e-08,-1.10022e-07,0,0,False,69.0|103,291
8|291|vc|6|2|103,0,-1.08647e-09,0.0145215,-0.0255945,0,0,0,3.55271e-15,1.08748e-07,5.24158e-08,0,0,False,69.0|103,291
8|291|vc|7|2|103,0,2.52196e-09,-0.0126311,-0.0525759,0,0,0,-7.10543e-15,-2.10898e-08,-3.77379e-08,0,0,False,69.0|103,291
8|291|vc|8|2|103,0,-1.55169e-09,-0.0263517,0.0998814,0,0,0,7.10543e-15,-1.86906e-08,3.13324e-07,0,0,False,69.0|103,291
8|77|cc|1|1|218,0,-3.3149e-09,-0.0159346,0.364539,0,0,0,1.06581e-14,1.73165e-08,6.64268e-08,0,0,False,69.0|218,77
8|77|cc|2|1|218,0,3.85325e-09,-0.0248258,0.088011,0,0,0,3.55271e-15,7.00739e-09,2.52034e-07,0,0,False,69.0|218,77
8|77|cc|3|1|218,0,3.48844e-09,0.00966827,0.0769639,0,0,0,3.55271e-15,-1.19533e-07,6.72356e-08,0,0,False,69.0|218,77
8|77|cc|4|1|218,0,7.89034e-10,0.0232457,-0.0731557,0,0,0,7.10543e-15,4.90501e-08,7.36814e-08,0,0,False,69.0|218,77
8|77|cc|5|1|218,0,-5.67714e-09,0.00671383,0.0861595,0,0,0,3.55271e-15,3.6419e-08,-1.57867e-07,0,0,False,69.0|218,77
8|77|cc|6|1|218,0,3.67436e-09,0.0262537,0.0584665,0,0,0,0.0,6.9339e-08,-1.65898e-07,0,0,False,69.0|218,77
8|77|cc|7|1|218,0,3.5463e-09,-0.0254141,0.369076,0,0,0,-3.55271e-15,-1.55759e-08,-4.25598e-07,0,0,False,69.0|218,77
8|77|cc|8|1|218,0,-3.55563e-09,-0.0555519,-0.0306859,0,0,0,3.55271e-15,-3.82248e-08,-9.3217e-08,0,0,False,69.0|218,77
8|77|sample|10|218,0,4.69908e-09,-0.188691,3.56035,0,0,0,1.74083e-13,-0.124561,3.49582,0,0,True,32.0|218,77
8|77|sample|11|218,0,-7.29731e-09,0.262429,3.35766,0,0,0,-1.98952e-13,0.326636,3.31622,0,0,True,22.0|218,77
8|77|sample|12|218,0,-9.31842e-09,0.434811,3.20585,0,0,0,7.10543e-15,0.399539,3.30963,0,0,True,22.0|218,77
8|77|sample|3|218,0,-7.12608e-09,0.0505362,5.81331,0,0,0,7.81597e-14,0.0993135,5.82438,0,0,True,55.0|218,77
8|77|sample|4|218,0,1.30654e-09,0.145738,5.63175,0,0,0,-1.10134e-13,0.222355,5.62947,0,0,True,55.0|218,77
8|77|sample|5|218,0,-1.04137e-08,-0.13686,6.15995,0,0,0,4.79616e-14,-0.117687,6.21336,0,0,True,55.0|218,77
8|77|sample|6|218,0,-5.78678e-09,-0.113454,6.24661,0,0,0,-1.10134e-13,-0.0817782,6.31846,0,0,True,55.0|218,77
8|77|sample|7|218,0,-1.67504e-09,0.121852,2.73551,0,0,0,9.9476e-14,0.128635,2.81617,0,0,True,32.0|218,77
8|77|sample|8|218,0,-6.10514e-09,-0.00448422,2.96682,0,0,0,6.75016e-14,0.0276952,2.98839,0,0,True,32.0|218,77
8|77|sample|9|218,0,2.69738e-09,-0.144388,3.42918,0,0,0,7.4607e-14,-0.105117,3.45208,0,0,True,32.0|218,77
8|77|vc|1|2|218,0,6.67635e-09,0.00398138,0.123118,0,0,0,-3.55271e-15,9.44158e-09,-4.35312e-07,0,0,False,69.0|218,77
8|77|vc|2|2|218,0,-3.54093e-09,0.091854,0.0453797,0,0,0,3.55271e-15,3.4791e-08,2.58566e-07,0,0,False,69.0|218,77
8|77|vc|3|2|218,0,-3.38032e-09,0.0224274,0.131529,0,0,0,3.55271e-15,-1.41182e-08,4.83624e-07,0,0,False,69.0|218,77
8|77|vc|4|2|218,0,4.25115e-09,-0.0357603,0.164613,0,0,0,3.55271e-15,-2.29117e-08,-2.8798e-07,0,0,False,69.0|218,77
8|77|vc|5|2|218,0,2.62968e-09,0.0377371,0.375961,0,0,0,-3.55271e-15,-2.68373e-08,2.96211e-07,0,0,False,69.0|218,77
8|77|vc|6|2|218,0,-1.59042e-11,0.0285483,-0.317958,0,0,0,3.55271e-15,-3.03569e-08,-7.06686e-08,0,0,False,69.0|218,77
8|77|vc|7|2|218,0,-3.78788e-10,0.0336787,0.122555,0,0,0,-3.55271e-15,-7.62905e-08,-1.96214e-07,0,0,False,69.0|218,77
8|77|vc|8|2|218,0,-5.12396e-10,-0.0736445,0.00773874,0,0,0,-3.55271e-15,-9.69795e-09,3.2436e-07,0,0,False,69.0|218,77
8|322|cc|1|1|174,0,5.10951e-09,0.0828613,-0.0686974,0,0,0,-3.55271e-15,9.24474e-08,-5.34243e-07,0,0,False,69.0|174,322
8|322|cc|2|1|174,0,-4.19664e-09,0.0211201,0.166031,0,0,0,-3.55271e-15,7.27954e-09,3.02531e-07,0,0,False,69.0|174,322
8|322|cc|3|1|174,0,1.05878e-09,-0.0221962,-0.266174,0,0,0,0.0,8.2356e-08,3.50107e-07,0,0,False,69.0|174,322
8|322|cc|4|1|174,0,3.83671e-09,0.0599338,0.19966,0,0,0,-1.06581e-14,-3.68803e-08,3.32176e-07,0,0,False,69.0|174,322
8|322|cc|5|1|174,0,2.58894e-09,0.00886651,0.0734443,0,0,0,3.55271e-15,3.6348e-08,3.83844e-07,0,0,False,69.0|174,322
8|322|cc|6|1|174,0,1.0112e-09,-0.0202493,-0.0543006,0,0,0,3.55271e-15,2.95855e-08,-2.82685e-07,0,0,False,69.0|174,322
8|322|cc|7|1|174,0,5.88515e-09,-0.0153694,0.00182298,0,0,0,-4.26326e-14,-4.03138e-07,0.00137556,0,0,False,69.0|174,322
8|322|cc|8|1|174,0,-1.19284e-09,0.0535818,-0.0740548,0,0,0,-3.55271e-15,2.20424e-08,-2.50837e-07,0,0,False,69.0|174,322
8|322|sample|10|174,0,4.08458e-09,0.469637,4.56304,0,0,0,-1.06581e-14,0.4837,4.60276,0,0,True,32.0|174,322
8|322|sample|11|174,0,-1.27237e-09,0.516622,3.87747,0,0,0,-1.91847e-13,0.517435,3.97494,0,0,True,22.0|174,322
8|322|sample|12|174,0,-1.62181e-10,0.138142,4.66369,0,0,0,4.61853e-14,0.259535,4.53871,0,0,True,22.0|174,322
8|322|sample|3|174,0,-2.55192e-09,0.0410143,5.19932,0,0,0,7.10543e-15,0.053111,5.28553,0,0,True,55.0|174,322
8|322|sample|4|174,0,-3.1914e-09,0.0706802,4.75841,0,0,0,-2.4869e-14,0.0606998,4.94379,0,0,True,55.0|174,322
8|322|sample|5|174,0,4.92652e-09,-0.145413,5.40696,0,0,0,-1.06581e-14,-0.0830765,5.37303,0,0,True,55.0|174,322
8|322|sample|6|174,0,-6.7808e-10,-0.108765,5.2871,0,0,0,-5.32907e-14,-0.034951,5.24743,0,0,True,55.0|174,322
8|322|sample|7|174,0,5.27333e-09,0.467581,4.25818,0,0,0,2.84217e-14,0.53282,4.22692,0,0,True,32.0|174,322
8|322|sample|8|174,0,-8.61238e-09,0.573837,4.04991,0,0,0,-2.4869e-14,0.523782,4.17819,0,0,True,32.0|174,322
8|322|sample|9|174,0,-6.6365e-10,0.415462,4.3035,0,0,0,2.84217e-14,0.495024,4.30366,0,0,True,32.0|174,322
8|322|vc|1|2|174,0,-4.77656e-09,0.0388432,0.284603,0,0,0,1.06581e-14,3.74272e-09,4.1805e-09,0,0,False,69.0|174,322
8|322|vc|2|2|174,0,-2.79211e-10,-0.0146588,-0.176655,0,0,0,0.0,7.26557e-08,-1.92492e-07,0,0,False,69.0|174,322
8|322|vc|3|2|174,0,3.30804e-09,0.0726314,0.159795,0,0,0,0.0,-8.35629e-08,6.63978e-08,0,0,False,69.0|174,322
8|322|vc|4|2|174,0,4.50363e-09,0.000623008,-0.0359221,0,0,0,3.55271e-15,-7.97706e-09,-3.85676e-07,0,0,False,69.0|174,322
8|322|vc|5|2|174,0,-4.1239e-09,0.0253877,-0.0921869,0,0,0,-7.10543e-15,-7.09751e-08,4.27387e-07,0,0,False,69.0|174,322
8|322|vc|6|2|174,0,-2.12213e-09,-0.00303746,0.139791,0,0,0,3.55271e-15,2.26361e-08,-3.89514e-07,0,0,False,69.0|174,322
8|322|vc|7|2|174,0,2.683e-09,-0.0170896,0.211096,0,0,0,-3.55271e-15,-2.13118e-08,-5.45417e-07,0,0,False,69.0|174,322
8|322|vc|8|2|174,0,-2.55164e-09,-0.0629855,0.231636,0,0,0,3.55271e-15,-3.94891e-08,3.71629e-07,0,0,False,69.0|174,322
8|963|cc|1|1|319,0,-5.31574e-09,0.0247636,-0.388458,0,0,0,0.0,-1.18757e-09,2.30101e-07,0,0,False,69.0|319,963
8|963|cc|2|1|319,0,-1.02911e-09,-0.00677319,0.121795,0,0,0,3.55271e-15,-3.28965e-08,3.21347e-07,0,0,False,69.0|319,963
8|963|cc|3|1|319,0,-3.10422e-09,-0.00495891,0.335645,0,0,0,0.0,-1.60778e-07,7.64812e-08,0,0,False,69.0|319,963
8|963|cc|4|1|319,0,-1.28325e-10,0.0445487,-0.333801,0,0,0,-7.10543e-15,1.0687e-07,4.26956e-08,0,0,False,69.0|319,963
8|963|cc|5|1|319,0,-5.28902e-10,0.0109885,0.326599,0,0,0,0.0,3.24669e-08,-4.60038e-07,0,0,False,69.0|319,963
8|963|cc|6|1|319,0,2.25831e-09,-0.0186854,0.313952,0,0,0,-3.55271e-15,-2.54256e-08,1.68039e-07,0,0,False,69.0|319,963
8|963|cc|7|1|319,0,1.49594e-09,0.0216746,0.543683,0,0,0,-7.10543e-15,1.42429e-07,3.51277e-07,0,0,False,69.0|319,963
8|963|cc|8|1|319,0,-2.01927e-09,-0.0108833,-0.00898398,0,0,0,0.0,3.87052e-08,-2.10811e-07,0,0,False,69.0|319,963
8|963|sample|10|319,0,8.44265e-09,0.600257,4.12459,0,0,0,3.55271e-14,0.560292,4.2429,0,0,True,32.0|319,963
8|963|sample|11|319,0,6.01072e-09,0.353664,2.5961,0,0,0,7.10543e-15,0.47913,2.48826,0,0,True,22.0|319,963
8|963|sample|12|319,0,9.53328e-09,0.339353,2.68744,0,0,0,1.13687e-13,0.276989,2.83575,0,0,True,22.0|319,963
8|963|sample|3|319,0,1.2651e-10,0.383698,6.1305,0,0,0,0.0,0.410525,6.16649,0,0,True,55.0|319,963
8|963|sample|4|319,0,1.14501e-09,0.28831,6.20486,0,0,0,8.70415e-14,0.295815,6.338,0,0,True,55.0|319,963
8|963|sample|5|319,0,-8.73636e-09,-0.00451857,6.9041,0,0,0,-3.01981e-14,0.00763971,6.96439,0,0,True,55.0|319,963
8|963|sample|6|319,0,-8.43692e-09,0.0411952,7.13925,0,0,0,-1.95399e-14,0.0907982,7.12962,0,0,True,55.0|319,963
8|963|sample|7|319,0,-5.75239e-09,0.216509,4.67176,0,0,0,4.9738e-14,0.264087,4.65842,0,0,True,32.0|319,963
8|963|sample|8|319,0,-1.40839e-08,0.613493,3.95033,0,0,0,-1.84741e-13,0.572247,4.0402,0,0,True,32.0|319,963
8|963|sample|9|319,0,-2.63907e-09,0.44483,4.4081,0,0,0,7.81597e-14,0.501173,4.39185,0,0,True,32.0|319,963
8|963|vc|1|2|319,0,-8.42209e-09,0.00877803,0.463018,0,0,0,1.06581e-14,4.30012e-08,5.32244e-08,0,0,False,69.0|319,963
8|963|vc|2|2|319,0,-2.70397e-09,-0.00794054,0.141329,0,0,0,0.0,-6.96528e-08,8.25476e-08,0,0,False,69.0|319,963
8|963|vc|3|2|319,0,3.17548e-09,-0.00312788,-0.0480851,0,0,0,0.0,7.6875e-08,3.56808e-07,0,0,False,69.0|319,963
8|963|vc|4|2|319,0,-1.93705e-09,0.0129398,-0.0310784,0,0,0,0.0,-8.30641e-08,5.74891e-07,0,0,False,69.0|319,963
8|963|vc|5|2|319,0,2.23566e-09,-0.028204,-0.0217108,0,0,0,7.10543e-15,8.49603e-08,9.63281e-08,0,0,False,69.0|319,963
8|963|vc|6|2|319,0,1.56718e-09,-0.0276321,0.665979,0,0,0,-3.55271e-15,2.32135e-08,-5.06954e-07,0,0,False,69.0|319,963
8|963|vc|7|2|319,0,3.28852e-09,0.0103726,-0.440309,0,0,0,7.10543e-15,-4.21083e-08,-1.01519e-08,0,0,False,69.0|319,963
8|963|vc|8|2|319,0,-2.03208e-09,-0.00554371,-0.0492208,0,0,0,0.0,-9.66418e-08,-1.74107e-07,0,0,False,69.0|319,963
8|1241|cc|1|1|69,0,-5.67897e-10,0.01979,0.0843354,0,0,0,3.55271e-15,-8.36954e-08,-1.4612e-07,0,0,False,69.0|69,1241
8|1241|cc|2|1|69,0,4.01265e-10,0.0458323,-0.00953232,0,0,0,3.55271e-15,-5.53932e-08,-1.02479e-07,0,0,False,69.0|69,1241
8|1241|cc|3|1|69,0,1.2807e-09,0.00379597,-0.098466,0,0,0,3.55271e-15,6.50363e-08,-1.21601e-07,0,0,False,69.0|69,1241
8|1241|cc|4|1|69,0,-3.06723e-09,0.028875,0.229419,0,0,0,-3.55271e-15,-2.9527e-08,2.84015e-07,0,0,False,69.0|69,1241
8|1241|cc|5|1|69,0,-1.65267e-09,0.0168166,-0.166483,0,0,0,3.55271e-15,-4.32046e-08,-1.16008e-07,0,0,False,69.0|69,1241
8|1241|cc|6|1|69,0,-4.09288e-09,-0.0407489,-0.0532194,0,0,0,3.55271e-15,4.96945e-08,-3.37559e-07,0,0,False,69.0|69,1241
8|1241|cc|7|1|69,0,-7.96005e-11,0.0165737,-0.326627,0,0,0,3.55271e-15,3.32554e-08,2.9535e-07,0,0,False,69.0|69,1241
8|1241|cc|8|1|69,0,3.77652e-09,0.0372331,0.103856,0,0,0,3.55271e-15,-9.79749e-08,1.54944e-07,0,0,False,69.0|69,1241
8|1241|sample|3|69,0,6.34916e-10,0.646156,0.579672,0,0,0,2.02505e-13,0.664519,0.635765,0,0,True,22.0|69,1241
8|1241|sample|4|69,0,-3.12691e-09,0.696265,0.591584,0,0,0,-5.68434e-14,0.717287,0.60973,0,0,True,22.0|69,1241
8|1241|sample|8|69,0,-2.04565e-09,0.27069,3.23398,0,0,0,1.42109e-14,0.237527,2.25101,0,0,True,22.0|69,1241
8|1241|vc|1|2|69,0,-6.15601e-10,0.00240833,-0.255616,0,0,0,0.0,5.58611e-09,2.47778e-07,0,0,False,69.0|69,1241
8|1241|vc|2|2|69,0,-4.16509e-10,0.0615587,0.339827,0,0,0,-3.55271e-15,-1.73707e-08,-3.79095e-07,0,0,False,69.0|69,1241
8|1241|vc|3|2|69,0,3.39601e-09,0.00724566,-0.318679,0,0,0,1.06581e-14,-1.26303e-07,-3.63775e-07,0,0,False,69.0|69,1241
8|1241|vc|4|2|69,0,7.5479e-12,0.00138815,-0.0418155,0,0,0,-3.55271e-15,-1.14804e-08,-4.09037e-07,0,0,False,69.0|69,1241
8|1241|vc|5|2|69,0,4.22243e-09,-0.0125177,-0.130377,0,0,0,-1.06581e-14,-8.72862e-08,-3.54242e-07,0,0,False,69.0|69,1241
8|1241|vc|6|2|69,0,2.96796e-09,0.0286108,0.286349,0,0,0,-3.55271e-15,-6.29417e-08,-3.74891e-08,0,0,False,69.0|69,1241
8|1241|vc|7|2|69,0,-1.05441e-09,0.0341546,0.0246574,0,0,0,3.55271e-15,-1.56745e-08,-2.77029e-07,0,0,False,69.0|69,1241
8|1241|vc|8|2|69,0,3.01903e-10,-0.000222007,-0.180166,0,0,0,-3.55271e-15,7.13831e-08,1.59517e-07,0,0,False,69.0|69,1241
8|1056|cc|1|1|276,0,-4.48662e-09,-0.0172131,0.210641,0,0,0,-3.55271e-15,-5.64115e-08,4.1509e-07,0,0,False,69.0|276,1056
8|1056|cc|2|1|276,0,-1.40201e-09,-0.0380104,0.381701,0,0,0,7.10543e-15,-1.06212e-08,-2.45282e-07,0,0,False,69.0|276,1056
8|1056|cc|3|1|276,0,2.41651e-09,-0.0245767,-0.048314,0,0,0,0.0,-8.75289e-08,-3.83286e-07,0,0,False,69.0|276,1056
8|1056|cc|4|1|276,0,-5.14044e-09,0.0265101,-0.0703377,0,0,0,-3.55271e-15,2.24797e-08,3.47139e-07,0,0,False,69.0|276,1056
8|1056|cc|5|1|276,0,-1.15163e-09,0.04228,-0.19515,0,0,0,3.55271e-15,-5.31914e-08,-2.4672e-07,0,0,False,69.0|276,1056
8|1056|cc|6|1|276,0,5.13277e-09,0.0436098,-0.392127,0,0,0,-3.55271e-15,3.40952e-08,3.7144e-07,0,0,False,69.0|276,1056
8|1056|cc|7|1|276,0,5.95229e-09,0.0363892,0.0621979,0,0,0,7.10543e-15,-3.60788e-08,4.08512e-07,0,0,False,69.0|276,1056
8|1056|cc|8|1|276,0,-1.85702e-09,0.0120669,-0.012784,0,0,0,7.10543e-15,1.42104e-08,3.81157e-07,0,0,False,69.0|276,1056
8|1056|sample|3|276,0,4.22615e-09,0.483669,2.18679,0,0,0,1.66978e-13,0.616048,2.09216,0,0,True,22.0|276,1056
8|1056|sample|4|276,0,1.21398e-08,0.517617,2.05487,0,0,0,-8.88178e-14,0.560899,2.05101,0,0,True,22.0|276,1056
8|1056|vc|1|2|276,0,1.52698e-09,0.0272241,0.366559,0,0,0,0.0,1.07304e-08,-3.82124e-07,0,0,False,69.0|276,1056
8|1056|vc|2|2|276,0,-2.74115e-09,0.0363465,-0.422424,0,0,0,-1.06581e-14,4.07515e-08,-2.38951e-07,0,0,False,69.0|276,1056
8|1056|vc|3|2|276,0,-7.19225e-10,0.00677909,-0.052877,0,0,0,-7.10543e-15,-8.60502e-08,4.66997e-07,0,0,False,69.0|276,1056
8|1056|vc|4|2|276,0,3.68139e-09,0.0296268,-0.0965568,0,0,0,3.55271e-15,-7.69784e-08,-7.90584e-08,0,0,False,69.0|276,1056
8|1056|vc|5|2|276,0,3.70973e-09,0.0190439,0.169891,0,0,0,-3.55271e-15,-5.86551e-09,-5.13075e-07,0,0,False,69.0|276,1056
8|1056|vc|6|2|276,0,2.69267e-09,0.0514361,-0.390136,0,0,0,0.0,5.60606e-09,-9.88718e-07,0,0,False,69.0|276,1056
8|1056|vc|7|2|276,0,-2.17201e-09,-0.0205079,0.134741,0,0,0,-3.55271e-15,4.24716e-08,-5.31768e-07,0,0,False,69.0|276,1056
8|1056|vc|8|2|276,0,-8.18171e-10,-0.00788108,-0.0721661,0,0,0,-7.10543e-15,-5.09601e-08,1.65491e-07,0,0,False,69.0|276,1056
8|1159|cc|1|1|292,0,-1.25204e-09,0.0182008,0.522815,0,0,0,1.06581e-14,1.31977e-07,3.02941e-07,0,0,False,69.0|292,1159
8|1159|cc|2|1|292,0,2.5111e-09,0.00955599,0.064064,0,0,0,-7.10543e-15,6.5553e-09,-1.46404e-07,0,0,False,69.0|292,1159
8|1159|cc|3|1|292,0,-5.91312e-10,-0.0150583,0.0710483,0,0,0,3.55271e-15,3.44957e-08,2.20707e-07,0,0,False,69.0|292,1159
8|1159|cc|4|1|292,0,5.80913e-09,0.00943329,-0.0150042,0,0,0,1.42109e-14,-1.68604e-08,4.4549e-07,0,0,False,69.0|292,1159
8|1159|cc|5|1|292,0,-1.13517e-09,0.0249878,0.231421,0,0,0,-3.55271e-15,-5.00676e-08,-1.18254e-07,0,0,False,69.0|292,1159
8|1159|cc|6|1|292,0,-1.62229e-09,-0.0284845,0.165851,0,0,0,3.55271e-15,2.70136e-08,-4.97704e-07,0,0,False,69.0|292,1159
8|1159|cc|7|1|292,0,-8.90939e-10,-0.00705396,0.0555025,0,0,0,3.55271e-15,8.04313e-08,4.35241e-07,0,0,False,69.0|292,1159
8|1159|cc|8|1|292,0,-3.22532e-09,0.0281279,0.0112994,0,0,0,3.55271e-15,-6.06964e-08,-7.48533e-08,0,0,False,69.0|292,1159
8|1159|sample|3|292,0,2.73447e-10,0.647779,0.920324,0,0,0,3.55271e-15,0.63996,0.955492,0,0,True,22.0|292,1159
8|1159|sample|4|292,0,5.44321e-09,0.593772,0.866216,0,0,0,-3.19744e-14,0.615166,0.902183,0,0,True,22.0|292,1159
8|1159|vc|1|2|292,0,2.67612e-09,-0.0255026,0.0466722,0,0,0,-7.10543e-15,-8.72087e-08,4.18824e-07,0,0,False,69.0|292,1159
8|1159|vc|2|2|292,0,1.93482e-09,-0.0753728,-0.475907,0,0,0,-7.10543e-15,-8.147e-08,-8.57603e-08,0,0,False,69.0|292,1159
8|1159|vc|3|2|292,0,-3.50859e-09,0.0102128,-0.311606,0,0,0,-3.55271e-15,-4.47759e-08,-4.32428e-07,0,0,False,69.0|292,1159
8|1159|vc|4|2|292,0,2.81518e-09,-0.0691081,-0.203141,0,0,0,7.10543e-15,-1.71537e-08,-1.8919e-07,0,0,False,69.0|292,1159
8|1159|vc|5|2|292,0,1.7754e-10,-0.0142215,0.132677,0,0,0,7.10543e-15,3.75396e-08,1.43765e-08,0,0,False,69.0|292,1159
8|1159|vc|6|2|292,0,3.67746e-09,0.0314444,0.194146,0,0,0,-3.55271e-15,-4.15769e-08,1.99715e-07,0,0,False,69.0|292,1159
8|1159|vc|7|2|292,0,-1.28323e-09,0.0324482,-0.203782,0,0,0,3.55271e-15,-3.0279e-08,1.76289e-07,0,0,False,69.0|292,1159
8|1159|vc|8|2|292,0,3.05938e-09,0.0212146,-0.0481251,0,0,0,1.06581e-14,-1.09872e-07,-5.4434e-07,0,0,False,69.0|292,1159
8|1017|cc|1|1|65,0,1.03537e-09,-0.0475447,0.270621,0,0,0,0.0,6.22752e-08,-2.08335e-07,0,0,False,69.0|65,1017
8|1017|cc|2|1|65,0,-2.44382e-09,0.0243593,0.280925,0,0,0,0.0,-1.11147e-08,-4.40765e-07,0,0,False,69.0|65,1017
8|1017|cc|3|1|65,0,4.88601e-09,0.0344546,-0.170518,0,0,0,7.10543e-15,-6.974e-08,-1.68966e-07,0,0,False,69.0|65,1017
8|1017|cc|4|1|65,0,2.00373e-09,0.00313047,0.0493869,0,0,0,0.0,-3.3725e-08,4.01511e-07,0,0,False,69.0|65,1017
8|1017|cc|5|1|65,0,-1.76824e-09,-0.0561239,-0.163591,0,0,0,7.10543e-15,9.43314e-08,-1.29723e-07,0,0,False,69.0|65,1017
8|1017|cc|6|1|65,0,-2.23291e-09,-0.0212988,0.26499,0,0,0,0.0,-9.04449e-08,-5.64903e-08,0,0,False,69.0|65,1017
8|1017|cc|7|1|65,0,9.71053e-10,0.0367439,-0.306105,0,0,0,-7.10543e-15,-1.022e-07,1.14959e-08,0,0,False,69.0|65,1017
8|1017|cc|8|1|65,0,-1.96755e-09,0.00908564,-0.0165903,0,0,0,-7.10543e-15,6.95823e-08,-1.22767e-07,0,0,False,69.0|65,1017
8|1017|sample|3|65,0,5.15919e-09,0.209894,3.16959,0,0,0,5.68434e-14,0.246694,3.18663,0,0,True,22.0|65,1017
8|1017|sample|4|65,0,-1.20279e-09,0.43095,2.66934,0,0,0,-2.98428e-13,0.439537,2.76298,0,0,True,22.0|65,1017
8|1017|sample|8|65,0,1.54416e-09,0.0555615,1.68591,0,0,0,7.10543e-15,0.111263,1.29882,0,0,True,22.0|65,1017
8|1017|vc|1|2|65,0,4.79451e-09,0.0121625,-0.158541,0,0,0,0.0,-7.55715e-08,-4.19776e-07,0,0,False,69.0|65,1017
8|1017|vc|2|2|65,0,-3.50414e-09,-0.0135206,0.0556505,0,0,0,0.0,9.10094e-08,5.59483e-07,0,0,False,69.0|65,1017
8|1017|vc|3|2|65,0,-2.97516e-09,-0.0153892,-0.00873983,0,0,0,-7.10543e-15,7.15739e-08,1.37529e-08,0,0,False,69.0|65,1017
8|1017|vc|4|2|65,0,-1.4441e-09,0.015798,-0.367499,0,0,0,-3.55271e-15,-3.04444e-08,-2.87582e-07,0,0,False,69.0|65,1017
8|1017|vc|5|2|65,0,-4.90301e-09,0.0140978,0.0824443,0,0,0,0.0,5.99969e-08,-8.99775e-08,0,0,False,69.0|65,1017
8|1017|vc|6|2|65,0,2.32508e-09,0.0161424,-0.382031,0,0,0,0.0,8.27118e-08,1.89853e-07,0,0,False,69.0|65,1017
8|1017|vc|7|2|65,0,9.46253e-10,-0.00987498,0.304236,0,0,0,7.10543e-15,-1.03596e-07,-4.79375e-08,0,0,False,69.0|65,1017
8|1017|vc|8|2|65,0,1.04215e-09,-0.0764163,0.161899,0,0,0,0.0,-3.20796e-08,1.36316e-07,0,0,False,69.0|65,1017
8|1197|cc|1|1|103,0,-1.75434e-09,0.0235777,-0.0218113,0,0,0,1.06581e-14,-2.42524e-08,-9.6579e-08,0,0,False,69.0|103,1197
8|1197|cc|2|1|103,0,9.03221e-09,0.0215292,0.0894054,0,0,0,3.55271e-15,5.92256e-08,1.51882e-07,0,0,False,69.0|103,1197
8|1197|cc|3|1|103,0,-1.94136e-09,0.00057332,0.115084,0,0,0,-3.55271e-15,6.9669e-08,3.64089e-07,0,0,False,69.0|103,1197
8|1197|cc|4|1|103,0,2.11738e-09,-0.0193939,-0.110843,0,0,0,-7.10543e-15,9.24571e-09,-2.28151e-07,0,0,False,69.0|103,1197
8|1197|cc|5|1|103,0,8.26092e-10,-0.0083995,-0.0311088,0,0,0,-7.10543e-15,-1.48158e-07,3.42258e-07,0,0,False,69.0|103,1197
8|1197|cc|6|1|103,0,3.07095e-09,-0.0099626,0.0325736,0,0,0,-1.06581e-14,-3.17578e-08,-8.3047e-07,0,0,False,69.0|103,1197
8|1197|cc|7|1|103,0,2.98088e-09,-0.015886,0.255807,0,0,0,3.55271e-15,6.96983e-08,-4.3003e-07,0,0,False,69.0|103,1197
8|1197|cc|8|1|103,0,-9.03445e-10,-0.0115859,0.123424,0,0,0,-3.55271e-15,-1.38081e-08,4.71346e-07,0,0,False,69.0|103,1197
8|1197|sample|3|103,0,5.72085e-09,0.436029,3.471,0,0,0,8.88178e-14,0.536806,3.35712,0,0,True,22.0|103,1197
8|1197|sample|4|103,0,-4.36937e-09,0.606157,3.25152,0,0,0,-2.23821e-13,0.578328,3.39032,0,0,True,22.0|103,1197
8|1197|vc|1|2|103,0,2.01096e-10,-0.0596257,0.0541829,0,0,0,3.55271e-15,5.06109e-08,-9.49268e-08,0,0,False,69.0|103,1197
8|1197|vc|2|2|103,0,2.12292e-09,-0.0642213,0.267595,0,0,0,0.0,-2.70528e-08,2.34811e-07,0,0,False,69.0|103,1197
8|1197|vc|3|2|103,0,7.21953e-10,0.0160142,0.0826517,0,0,0,3.55271e-15,-9.86994e-08,3.89488e-07,0,0,False,69.0|103,1197
8|1197|vc|4|2|103,0,-5.3481e-10,0.0538366,-0.125013,0,0,0,3.55271e-15,1.26376e-07,8.41163e-08,0,0,False,69.0|103,1197
8|1197|vc|5|2|103,0,-1.49061e-09,0.0671021,0.0110126,0,0,0,-3.55271e-15,3.79146e-08,-3.03198e-07,0,0,False,69.0|103,1197
8|1197|vc|6|2|103,0,-1.68145e-09,0.0243225,-0.0841275,0,0,0,7.10543e-15,-3.19453e-08,-1.85009e-07,0,0,False,69.0|103,1197
8|1197|vc|7|2|103,0,7.57086e-10,0.0414222,0.2418,0,0,0,-1.06581e-14,3.73254e-08,1.33765e-07,0,0,False,69.0|103,1197
8|1197|vc|8|2|103,0,-3.92897e-09,-0.0283821,-0.358327,0,0,0,1.06581e-14,-2.06241e-09,1.75409e-07,0,0,False,69.0|103,1197
8|745|cc|1|1|218,0,9.29264e-10,0.0590828,0.135179,0,0,0,0.0,1.15268e-07,3.46301e-07,0,0,False,69.0|218,745
8|745|cc|2|1|218,0,2.4074e-09,-0.00203582,-0.330913,0,0,0,3.55271e-15,-1.25377e-07,-4.95172e-07,0,0,False,69.0|218,745
8|745|cc|3|1|218,0,1.65564e-09,-0.0364041,0.00344773,0,0,0,-7.10543e-15,-5.67967e-08,-2.09329e-07,0,0,False,69.0|218,745
8|745|cc|4|1|218,0,-3.13919e-10,0.0191946,-0.226945,0,0,0,-7.10543e-15,4.8813e-08,-7.54859e-08,0,0,False,69.0|218,745
8|745|cc|5|1|218,0,-2.30787e-09,-0.0108236,-0.0922702,0,0,0,-3.55271e-15,7.00449e-08,7.46988e-08,0,0,False,69.0|218,745
8|745|cc|6|1|218,0,3.70828e-09,-0.0333271,-0.251278,0,0,0,-3.55271e-15,-1.93509e-08,1.2647e-07,0,0,False,69.0|218,745
8|745|cc|7|1|218,0,-5.65443e-09,-0.00632708,0.0575653,0,0,0,-3.55271e-15,-4.89789e-08,-1.52436e-07,0,0,False,69.0|218,745
8|745|cc|8|1|218,0,-1.20374e-09,0.00451991,-0.0285881,0,0,0,0.0,-9.58417e-08,-1.42663e-07,0,0,False,69.0|218,745
8|745|sample|3|218,0,6.23975e-09,0.575334,2.85386,0,0,0,7.10543e-14,0.536112,2.96029,0,0,True,22.0|218,745
8|745|sample|4|218,0,-2.55285e-09,0.586055,2.77494,0,0,0,4.26326e-14,0.62196,2.79315,0,0,True,22.0|218,745
8|745|sample|5|218,0,-6.23653e-09,0.298563,4.10367,0,0,0,0.0,0.297569,3.22499,0,0,True,22.0|218,745
8|745|vc|1|2|218,0,-2.81532e-09,0.0585368,-0.235324,0,0,0,-1.06581e-14,2.69529e-08,3.69996e-07,0,0,False,69.0|218,745
8|745|vc|2|2|218,0,-2.15069e-09,-0.0172664,0.11007,0,0,0,0.0,6.66804e-08,-2.99786e-07,0,0,False,69.0|218,745
8|745|vc|3|2|218,0,-5.40203e-09,0.0122706,-0.225857,0,0,0,7.10543e-15,-8.57643e-08,2.88442e-07,0,0,False,69.0|218,745
8|745|vc|4|2|218,0,2.28767e-09,0.0275572,-0.197285,0,0,0,1.06581e-14,-5.24649e-08,1.74242e-07,0,0,False,69.0|218,745
8|745|vc|5|2|218,0,6.01162e-09,0.0129181,0.10379,0,0,0,3.55271e-15,-7.71393e-08,2.67223e-07,0,0,False,69.0|218,745
8|745|vc|6|2|218,0,-5.75544e-10,0.0463965,-0.0970741,0,0,0,3.55271e-15,-5.15983e-08,-3.69061e-07,0,0,False,69.0|218,745
8|745|vc|7|2|218,0,1.611e-09,0.0261348,-0.0486612,0,0,0,3.55271e-15,1.13976e-08,5.168e-07,0,0,False,69.0|218,745
8|745|vc|8|2|218,0,-6.04374e-10,0.0283599,-0.397787,0,0,0,-3.55271e-15,-1.76313e-08,-2.56476e-07,0,0,False,69.0|218,745
8|1043|cc|1|1|174,0,5.82581e-10,-0.0390086,0.153509,0,0,0,3.55271e-15,-2.27065e-08,1.9615e-07,0,0,False,69.0|174,1043
8|1043|cc|2|1|174,0,9.09873e-09,0.00189946,0.020889,0,0,0,-3.55271e-15,1.23966e-08,-3.03588e-07,0,0,False,69.0|174,1043
8|1043|cc|3|1|174,0,2.44278e-10,-0.0393258,-0.14087,0,0,0,7.10543e-15,2.72859e-08,-9.20727e-10,0,0,False,69.0|174,1043
8|1043|cc|4|1|174,0,-4.06321e-09,0.000988297,-0.297475,0,0,0,0.0,-8.44387e-08,1.01952e-07,0,0,False,69.0|174,1043
8|1043|cc|5|1|174,0,3.12162e-09,-0.00882839,0.104076,0,0,0,3.55271e-15,1.68681e-07,4.52105e-07,0,0,False,69.0|174,1043
8|1043|cc|6|1|174,0,-3.74639e-09,0.0167686,-0.00151157,0,0,0,1.06581e-14,-6.3e-08,3.67648e-07,0,0,False,69.0|174,1043
8|1043|cc|7|1|174,0,6.41758e-09,0.00907355,-0.352891,0,0,0,-3.55271e-15,1.04012e-07,7.87725e-08,0,0,False,69.0|174,1043
8|1043|cc|8|1|174,0,-3.46037e-09,-0.0395774,-0.199217,0,0,0,3.55271e-15,2.02622e-08,2.59807e-07,0,0,False,69.0|174,1043
8|1043|sample|3|174,0,2.13449e-09,0.395465,3.7839,0,0,0,2.4869e-14,0.490174,3.70102,0,0,True,22.0|174,1043
8|1043|sample|4|174,0,-3.00967e-09,0.503598,3.71475,0,0,0,8.17124e-14,0.530271,3.73472,0,0,True,22.0|174,1043
8|1043|vc|1|2|174,0,-1.42688e-09,0.0218924,-0.101826,0,0,0,-3.55271e-15,7.23388e-09,-2.3098e-07,0,0,False,69.0|174,1043
8|1043|vc|2|2|174,0,8.81502e-10,-0.0214467,-0.220983,0,0,0,-3.55271e-15,-7.26038e-08,-8.47974e-07,0,0,False,69.0|174,1043
8|1043|vc|3|2|174,0,5.6848e-09,-0.023684,-0.067524,0,0,0,3.55271e-15,-4.96787e-08,-7.86761e-08,0,0,False,69.0|174,1043
8|1043|vc|4|2|174,0,6.60392e-10,0.0095514,-0.255989,0,0,0,7.10543e-15,1.65041e-07,-7.3592e-07,0,0,False,69.0|174,1043
8|1043|vc|5|2|174,0,-4.01201e-09,-0.045753,0.0961687,0,0,0,-3.55271e-15,-1.34879e-07,-2.49764e-07,0,0,False,69.0|174,1043
8|1043|vc|6|2|174,0,2.05355e-09,0.00265229,-0.167606,0,0,0,3.55271e-15,-3.16368e-08,-6.35902e-07,0,0,False,69.0|174,1043
8|1043|vc|7|2|174,0,-1.84066e-10,-0.0144412,0.0931299,0,0,0,-1.06581e-14,9.93367e-08,-5.52652e-07,0,0,False,69.0|174,1043
8|1043|vc|8|2|174,0,3.80737e-09,0.0266765,-0.105278,0,0,0,3.55271e-15,-7.4094e-08,6.05649e-07,0,0,False,69.0|174,1043
8|1260|cc|1|1|319,0,-1.91495e-09,-0.0604274,0.117654,0,0,0,-1.42109e-14,7.06223e-08,2.03623e-07,0,0,False,69.0|319,1260
8|1260|cc|2|1|319,0,-2.75579e-09,0.0229302,0.118921,0,0,0,0.0,5.76139e-08,3.47319e-07,0,0,False,69.0|319,1260
8|1260|cc|3|1|319,0,-7.22947e-09,0.0109981,0.0988798,0,0,0,-7.10543e-15,5.80275e-08,2.22425e-07,0,0,False,69.0|319,1260
8|1260|cc|4|1|319,0,1.06319e-09,-0.0396155,-0.0226105,0,0,0,-7.10543e-15,-7.14451e-08,-6.17937e-09,0,0,False,69.0|319,1260
8|1260|cc|5|1|319,0,-3.89391e-10,0.00887281,-0.273952,0,0,0,3.55271e-15,-5.89246e-08,-9.01841e-08,0,0,False,69.0|319,1260
8|1260|cc|6|1|319,0,-1.80537e-09,0.0347875,0.115162,0,0,0,0.0,-6.64925e-08,-1.17493e-07,0,0,False,69.0|319,1260
8|1260|cc|7|1|319,0,3.29451e-09,0.0325524,0.0554006,0,0,0,0.0,-1.33051e-09,3.08355e-07,0,0,False,69.0|319,1260
8|1260|cc|8|1|319,0,-2.32008e-09,-0.0117861,0.121729,0,0,0,7.10543e-15,5.04593e-08,-1.09345e-08,0,0,False,69.0|319,1260
8|1260|sample|3|319,0,-2.266e-09,0.461987,2.29635,0,0,0,-3.62377e-13,0.40042,2.49299,0,0,True,22.0|319,1260
8|1260|sample|4|319,0,9.85572e-10,0.314695,2.65528,0,0,0,7.4607e-14,0.446434,2.55828,0,0,True,22.0|319,1260
8|1260|vc|1|2|319,0,1.22563e-10,0.0115496,-0.173843,0,0,0,0.0,1.32664e-07,-7.11266e-08,0,0,False,69.0|319,1260
8|1260|vc|2|2|319,0,1.61292e-09,-0.00230429,-0.0319311,0,0,0,7.10543e-15,6.46175e-08,3.09788e-07,0,0,False,69.0|319,1260
8|1260|vc|3|2|319,0,-3.42234e-09,-0.0180167,0.270191,0,0,0,0.0,1.03418e-07,1.64439e-07,0,0,False,69.0|319,1260
8|1260|vc|4|2|319,0,1.28654e-09,0.0534242,-0.377131,0,0,0,0.0,-1.43782e-07,1.92334e-06,0,0,False,69.0|319,1260
8|1260|vc|5|2|319,0,-5.10894e-09,0.0567601,0.130469,0,0,0,7.10543e-15,-9.2498e-09,3.07963e-07,0,0,False,69.0|319,1260
8|1260|vc|6|2|319,0,1.62127e-09,0.0155368,0.116041,0,0,0,-3.55271e-15,7.6523e-09,3.52446e-07,0,0,False,69.0|319,1260
8|1260|vc|7|2|319,0,2.34493e-10,-0.0342602,0.193971,0,0,0,-7.10543e-15,1.30903e-07,-8.46882e-08,0,0,False,69.0|319,1260
8|1260|vc|8|2|319,0,-3.82118e-09,-0.0172035,-0.120806,0,0,0,0.0,6.87209e-08,2.61419e-07,0,0,False,69.0|319,1260
8|1042|cc|1|1|162,0,5.11056e-09,0.0368699,-0.241832,0,0,0,-3.55271e-15,-8.21596e-08,4.75106e-07,0,0,False,69.0|162,1042
8|1042|cc|2|1|162,0,-4.6483e-10,-0.00359362,0.136417,0,0,0,-3.55271e-15,-3.53841e-09,-1.29075e-07,0,0,False,69.0|162,1042
8|1042|cc|3|1|162,0,-3.05405e-09,-0.0165283,-0.107503,0,0,0,-5.32907e-15,-1.55446e-08,1.76803e-07,0,0,False,69.0|162,1042
8|1042|cc|4|1|162,0,4.7207e-10,-0.00371173,0.00757785,0,0,0,1.06581e-14,-1.10834e-08,7.38711e-08,0,0,False,69.0|162,1042
8|1042|cc|5|1|162,0,4.33238e-09,0.0119932,0.00694044,0,0,0,0.0,-7.17407e-09,5.78665e-07,0,0,False,69.0|162,1042
8|1042|cc|6|1|162,0,3.57878e-10,0.034738,0.15712,0,0,0,3.55271e-15,-1.35217e-08,5.54383e-07,0,0,False,69.0|162,1042
8|1042|cc|7|1|162,0,5.21442e-09,-0.0252826,0.214986,0,0,0,-3.55271e-15,1.36816e-07,1.31122e-07,0,0,False,69.0|162,1042
8|1042|cc|8|1|162,0,5.24394e-10,0.0131386,0.151037,0,0,0,-3.55271e-15,-1.32393e-08,1.9512e-07,0,0,False,69.0|162,1042
8|1042|sample|3|162,0,-5.89939e-09,0.480321,0.453418,0,0,0,-1.24345e-13,0.469351,0.511628,0,0,True,22.0|162,1042
8|1042|sample|4|162,0,-9.71406e-11,0.480118,0.37832,0,0,0,3.55271e-15,0.483372,0.435611,0,0,True,22.0|162,1042
8|1042|vc|1|2|162,0,7.99867e-09,0.0233582,0.0409128,0,0,0,7.10543e-15,9.52889e-08,-2.32186e-07,0,0,False,69.0|162,1042
8|1042|vc|2|2|162,0,-1.90238e-09,-0.0192572,0.140461,0,0,0,3.55271e-15,-5.00492e-08,-1.2878e-06,0,0,False,69.0|162,1042
8|1042|vc|3|2|162,0,3.32048e-09,-0.037685,-0.100735,0,0,0,1.77636e-15,3.22553e-08,3.69913e-07,0,0,False,69.0|162,1042
8|1042|vc|4|2|162,0,7.99414e-09,-0.00457258,-0.312178,0,0,0,0.0,-4.44544e-08,-5.95691e-07,0,0,False,69.0|162,1042
8|1042|vc|5|2|162,0,3.60192e-09,-0.00286366,-0.132109,0,0,0,-1.77636e-15,2.13521e-08,-4.51015e-07,0,0,False,69.0|162,1042
8|1042|vc|6|2|162,0,3.08705e-09,0.0333439,0.0975801,0,0,0,3.55271e-15,2.5913e-08,2.84524e-07,0,0,False,69.0|162,1042
8|1042|vc|7|2|162,0,-3.43902e-09,-0.0120973,0.203173,0,0,0,5.32907e-15,-7.06358e-09,4.01407e-07,0,0,False,69.0|162,1042
8|1042|vc|8|2|162,0,3.37038e-09,0.0208088,-0.0167484,0,0,0,7.10543e-15,8.23683e-09,6.51921e-07,0,0,False,69.0|162,1042
8|863|cc|1|1|274,0,1.08079e-09,0.000146091,0.327965,0,0,0,3.55271e-15,-4.72129e-08,-8.92943e-08,0,0,False,69.0|274,863
8|863|cc|2|1|274,0,-3.0627e-09,0.0524426,0.538935,0,0,0,3.55271e-15,6.47603e-09,-1.04529e-07,0,0,False,69.0|274,863
8|863|cc|3|1|274,0,6.9147e-09,-0.0588703,-0.16201,0,0,0,-3.55271e-15,1.849e-08,-4.44637e-07,0,0,False,69.0|274,863
8|863|cc|4|1|274,0,8.81639e-10,-0.022865,0.310772,0,0,0,3.55271e-15,6.23832e-08,-3.6944e-09,0,0,False,69.0|274,863
8|863|cc|5|1|274,0,-5.27945e-09,0.055366,0.117384,0,0,0,0.0,-8.25534e-08,-7.29596e-08,0,0,False,69.0|274,863
8|863|cc|6|1|274,0,7.48106e-11,-0.0144332,-0.145343,0,0,0,3.55271e-15,7.09208e-08,-2.16124e-07,0,0,False,69.0|274,863
8|863|cc|7|1|274,0,-5.41262e-09,-0.0484685,0.0737022,0,0,0,-3.55271e-15,2.85074e-08,-2.45008e-07,0,0,False,69.0|274,863
8|863|cc|8|1|274,0,-3.59054e-09,0.0522097,0.231217,0,0,0,-7.10543e-15,1.40897e-08,-2.46266e-07,0,0,False,69.0|274,863
8|863|sample|3|274,0,4.80276e-10,0.4348,2.10403,0,0,0,-3.01981e-14,0.480747,2.09839,0,0,True,22.0|274,863
8|863|sample|4|274,0,-1.43203e-08,0.438417,1.93726,0,0,0,8.17124e-14,0.482495,1.93712,0,0,True,22.0|274,863
8|863|vc|1|2|274,0,-2.05807e-10,-0.0130406,0.274983,0,0,0,3.55271e-15,-5.37625e-08,3.33059e-07,0,0,False,69.0|274,863
8|863|vc|2|2|274,0,7.01491e-09,-0.020242,-0.533888,0,0,0,0.0,-1.17639e-09,-3.01085e-07,0,0,False,69.0|274,863
8|863|vc|3|2|274,0,-1.35618e-09,-0.00960148,-0.194398,0,0,0,-3.55271e-15,4.11084e-08,1.93214e-07,0,0,False,69.0|274,863
8|863|vc|4|2|274,0,-2.14156e-09,-0.00788524,0.0409627,0,0,0,-7.10543e-15,2.02312e-09,3.54373e-07,0,0,False,69.0|274,863
8|863|vc|5|2|274,0,-5.33907e-10,-0.0108294,-0.324684,0,0,0,-7.10543e-15,-8.3969e-08,4.29407e-07,0,0,False,69.0|274,863
8|863|vc|6|2|274,0,-6.74581e-09,0.0118899,0.0372131,0,0,0,3.55271e-15,-4.999e-08,-2.8192e-07,0,0,False,69.0|274,863
8|863|vc|7|2|274,0,1.09914e-09,-0.0484603,0.0227882,0,0,0,3.55271e-15,-2.83372e-08,-4.97902e-07,0,0,False,69.0|274,863
8|863|vc|8|2|274,0,-6.6122e-09,0.0124114,0.050865,0,0,0,3.55271e-15,-1.23036e-08,-3.12055e-07,0,0,False,69.0|274,863
8|152|cc|1|1|322,0,1.17416e-09,-0.0338541,-0.362291,0,0,0,-1.06581e-14,-1.57253e-08,-2.45725e-07,0,0,False,69.0|322,152
8|152|cc|2|1|322,0,-1.30659e-09,-0.0143716,-0.553611,0,0,0,3.55271e-15,1.16112e-07,-3.85152e-09,0,0,False,69.0|322,152
8|152|cc|3|1|322,0,-1.42446e-09,-0.00513305,-0.22712,0,0,0,-7.10543e-15,-8.17514e-08,1.91004e-07,0,0,False,69.0|322,152
8|152|cc|4|1|322,0,2.10697e-09,0.0220253,0.137338,0,0,0,3.55271e-15,-3.1643e-08,-2.68446e-07,0,0,False,69.0|322,152
8|152|cc|5|1|322,0,3.37642e-09,0.010804,0.294438,0,0,0,-3.55271e-15,7.44715e-08,-1.23161e-07,0,0,False,69.0|322,152
8|152|cc|6|1|322,0,5.5333e-09,-0.0223157,0.528743,0,0,0,-3.55271e-15,7.22597e-08,5.20239e-08,0,0,False,69.0|322,152
8|152|cc|7|1|322,0,4.50793e-09,0.021841,-0.137839,0,0,0,-7.10543e-15,8.30449e-08,6.50585e-07,0,0,False,69.0|322,152
8|152|cc|8|1|322,0,-2.36508e-09,-0.0087297,0.254686,0,0,0,-3.55271e-15,-1.25882e-07,-3.97188e-07,0,0,False,69.0|322,152
8|152|sample|3|322,0,-2.59677e-09,0.0300505,1.79904,0,0,0,-1.35003e-13,0.0890961,1.8079,0,0,True,22.0|322,152
8|152|sample|4|322,0,7.69245e-09,0.0549876,1.66794,0,0,0,-4.61853e-14,0.132143,1.60616,0,0,True,22.0|322,152
8|152|vc|1|2|322,0,2.62945e-10,0.0181724,-0.415209,0,0,0,3.55271e-15,6.91604e-08,1.82928e-08,0,0,False,69.0|322,152
8|152|vc|2|2|322,0,-2.10981e-09,0.0266792,0.189814,0,0,0,0.0,9.86765e-11,2.80285e-07,0,0,False,69.0|322,152
8|152|vc|3|2|322,0,1.46992e-09,0.081404,0.432352,0,0,0,-7.10543e-15,-5.29536e-08,1.45168e-08,0,0,False,69.0|322,152
8|152|vc|4|2|322,0,-1.55056e-09,0.00823736,0.146467,0,0,0,-3.55271e-15,-1.07854e-07,3.11382e-07,0,0,False,69.0|322,152
8|152|vc|5|2|322,0,-8.09435e-10,0.0741157,0.00869027,0,0,0,0.0,-9.02585e-08,-2.42583e-07,0,0,False,69.0|322,152
8|152|vc|6|2|322,0,1.61783e-09,0.0272783,0.249149,0,0,0,0.0,1.14048e-07,7.60252e-08,0,0,False,69.0|322,152
8|152|vc|7|2|322,0,-3.44432e-09,0.0528925,-0.184945,0,0,0,-3.55271e-15,-7.28623e-08,2.15888e-08,0,0,False,69.0|322,152
8|152|vc|8|2|322,0,-3.47245e-09,0.0112034,0.104263,0,0,0,-3.55271e-15,1.10829e-07,8.94236e-08,0,0,False,69.0|322,152
9|411|cc|1|1|274,0,-4.00938e-09,-0.0115348,-0.288691,0,0,0,-1.77636e-14,-8.2845e-09,-1.7943e-07,0,0,False,69.0|274,411
9|411|cc|2|1|274,0,4.04426e-09,-0.0176771,-0.129579,0,0,0,-3.55271e-15,-3.24682e-08,-5.92835e-07,0,0,False,69.0|274,411
9|411|cc|3|1|274,0,1.85262e-09,0.034766,-0.203307,0,0,0,3.55271e-15,-3.71783e-08,1.13353e-07,0,0,False,69.0|274,411
9|411|cc|4|1|274,0,-5.53778e-09,-0.0500015,0.275756,0,0,0,7.10543e-15,-4.05641e-08,-2.7889e-07,0,0,False,69.0|274,411
9|411|cc|5|1|274,0,-3.22706e-09,0.0350991,-0.266765,0,0,0,0.0,-8.11117e-08,-7.01821e-08,0,0,False,69.0|274,411
9|411|cc|6|1|274,0,4.27095e-09,-0.0298742,0.129425,0,0,0,7.10543e-15,1.31532e-07,-4.3664e-07,0,0,False,69.0|274,411
9|411|cc|7|1|274,0,3.70919e-09,-0.0248761,-0.440508,0,0,0,3.55271e-15,-7.9885e-08,-4.17153e-09,0,0,False,69.0|274,411
9|411|cc|8|1|274,0,-1.32666e-09,0.023145,0.0603429,0,0,0,1.06581e-14,4.17248e-08,2.82148e-07,0,0,False,69.0|274,411
9|411|sample|10|274,0,4.46862e-10,0.453818,0.193662,0,0,0,-1.27898e-13,0.424906,0.319443,0,0,True,70.0|274,411
9|411|sample|11|274,0,-2.69942e-09,0.302975,0.83297,0,0,0,-1.38556e-13,0.374759,0.772548,0,0,True,70.0|274,411
9|411|sample|12|274,0,1.7584e-09,0.315395,0.95444,0,0,0,-9.59233e-14,0.355939,0.988795,0,0,True,70.0|274,411
9|411|sample|3|274,0,-2.26731e-09,0.405536,0.978306,0,0,0,3.55271e-15,0.437746,1.01162,0,0,True,70.0|274,411
9|411|sample|4|274,0,5.67612e-09,0.348256,0.460219,0,0,0,1.91847e-13,0.428603,0.446972,0,0,True,70.0|274,411
9|411|sample|5|274,0,2.29888e-09,0.427587,0.290991,0,0,0,5.32907e-14,0.425086,0.370077,0,0,True,70.0|274,411
9|411|sample|6|274,0,-9.98479e-09,0.248943,0.43777,0,0,0,8.88178e-14,0.320574,0.432053,0,0,True,70.0|274,411
9|411|sample|7|274,0,5.55723e-09,0.372519,0.746441,0,0,0,-1.59872e-13,0.451704,0.749626,0,0,True,70.0|274,411
9|411|sample|8|274,0,3.5252e-09,0.389159,0.713814,0,0,0,1.77636e-14,0.430703,0.703906,0,0,True,70.0|274,411
9|411|sample|9|274,0,2.86225e-09,0.330359,0.527623,0,0,0,1.06581e-14,0.390559,0.502923,0,0,True,70.0|274,411
9|411|vc|1|2|274,0,-3.47892e-09,-0.0301705,0.0198035,0,0,0,-3.55271e-15,5.44227e-08,4.68943e-07,0,0,False,69.0|274,411
9|411|vc|2|2|274,0,4.49247e-09,-0.0161532,0.0517241,0,0,0,0.0,1.5509e-08,-3.67794e-07,0,0,False,69.0|274,411
9|411|vc|3|2|274,0,1.795e-10,0.0448888,-0.232705,0,0,0,-1.06581e-14,-6.36566e-08,-5.15454e-07,0,0,False,69.0|274,411
9|411|vc|4|2|274,0,4.46354e-09,-0.0636274,0.17248,0,0,0,-3.55271e-15,4.96558e-09,1.65335e-07,0,0,False,69.0|274,411
9|411|vc|5|2|274,0,-5.31866e-09,-0.0304711,-0.0234137,0,0,0,-3.55271e-15,-2.81512e-08,2.76812e-07,0,0,False,69.0|274,411
9|411|vc|6|2|274,0,-2.62997e-09,-0.0528984,0.0277129,0,0,0,-1.06581e-14,-3.50443e-07,-2.98632e-07,0,0,False,69.0|274,411
9|411|vc|7|2|274,0,1.81941e-09,-0.00671441,0.202311,0,0,0,0.0,-1.70595e-08,-4.30899e-07,0,0,False,69.0|274,411
9|411|vc|8|2|274,0,-1.35795e-10,0.0304811,-0.121165,0,0,0,-3.55271e-15,8.68041e-08,8.10854e-08,0,0,False,69.0|274,411
