id,f_SAEM,h_SAEM,L_gap_SAEM,eta_alpha_SAEM,f_mode,h_mode,L_gap_mode,eta_alpha_mode,mab_virus,run_id
411|4,0.531593,1.4885,-50.8298,-0.00058898,0.527975,1.48511,-51.9575,-0.000617446,70.0|274,411
411|3,0.304774,1.4885,-50.8298,-0.00058898,0.302414,1.48511,-51.9575,-0.000617446,70.0|274,411
411|5,0.595111,1.4885,-50.8298,-0.00058898,0.593136,1.48511,-51.9575,-0.000617446,70.0|274,411
411|6,0.64383,1.4885,-50.8298,-0.00058898,0.633102,1.48511,-51.9575,-0.000617446,70.0|274,411
411|8,0.423376,1.4885,-50.8298,-0.00058898,0.408642,1.48511,-51.9575,-0.000617446,70.0|274,411
411|7,0.383871,1.4885,-50.8298,-0.00058898,0.381425,1.48511,-51.9575,-0.000617446,70.0|274,411
411|9,0.553157,1.4885,-50.8298,-0.00058898,0.541164,1.48511,-51.9575,-0.000617446,70.0|274,411
411|10,0.643087,1.4885,-50.8298,-0.00058898,0.629497,1.48511,-51.9575,-0.000617446,70.0|274,411
411|12,0.379881,1.4885,-50.8298,-0.00058898,0.366641,1.48511,-51.9575,-0.000617446,70.0|274,411
411|11,0.434429,1.4885,-50.8298,-0.00058898,0.419824,1.48511,-51.9575,-0.000617446,70.0|274,411
411|1,0.570672,1.96104,-50.8114,-0.00058898,0.471922,1.96135,-51.939,-0.000617446,69.0|274,411
411|2,0.560995,1.96104,-50.8114,-0.00058898,0.471922,1.96135,-51.939,-0.000617446,69.0|274,411
152|8,0.18417,1.13002,-50.8292,-2.65458e-05,0.18135,1.12899,-51.9576,-2.83533e-05,65.0|322,152
152|7,0.203655,1.13002,-50.8292,-2.65458e-05,0.201873,1.12899,-51.9576,-2.83533e-05,65.0|322,152
152|6,0.203723,1.13002,-50.8292,-2.65458e-05,0.196612,1.12899,-51.9576,-2.83533e-05,65.0|322,152
152|5,0.180945,1.13002,-50.8292,-2.65458e-05,0.176458,1.12899,-51.9576,-2.83533e-05,65.0|322,152
152|12,0.0606425,1.13047,-27.805,-2.65458e-05,0.0604766,1.1363,-28.096,-2.83533e-05,28.0|322,152
152|11,0.0720463,1.13047,-27.805,-2.65458e-05,0.0706704,1.1363,-28.096,-2.83533e-05,28.0|322,152
152|10,0.0676125,1.13047,-27.805,-2.65458e-05,0.0693713,1.1363,-28.096,-2.83533e-05,28.0|322,152
152|9,0.0820799,1.13047,-27.805,-2.65458e-05,0.0823965,1.1363,-28.096,-2.83533e-05,28.0|322,152
152|3,0.13583,1.07987,-50.8072,-2.65458e-05,0.133267,1.07834,-51.9348,-2.83533e-05,22.0|322,152
152|4,0.14735,1.07987,-50.8072,-2.65458e-05,0.147567,1.07834,-51.9348,-2.83533e-05,22.0|322,152
152|1,0.153317,1.70925,-50.7939,-2.65458e-05,0.120463,1.70888,-51.9223,-2.83533e-05,69.0|322,152
152|2,0.138499,1.70925,-50.7939,-2.65458e-05,0.120463,1.70888,-51.9223,-2.83533e-05,69.0|322,152
1056|8,0.151979,1.89414,-50.9517,4.67642e-10,0.150696,1.90146,-52.0739,3.88527e-10,65.0|276,1056
1056|7,0.148109,1.89414,-50.9517,4.67642e-10,0.146879,1.90146,-52.0739,3.88527e-10,65.0|276,1056
1056|6,0.151177,1.89414,-50.9517,4.67642e-10,0.148621,1.90146,-52.0739,3.88527e-10,65.0|276,1056
1056|5,0.140831,1.89414,-50.9517,4.67642e-10,0.140603,1.90146,-52.0739,3.88527e-10,65.0|276,1056
1056|12,0.0432148,2.01996,-50.813,4.67642e-10,0.0429106,2.02156,-51.9405,3.88527e-10,28.0|276,1056
1056|11,0.0505183,2.01996,-50.813,4.67642e-10,0.0503822,2.02156,-51.9405,3.88527e-10,28.0|276,1056
1056|10,0.0771568,2.01996,-50.813,4.67642e-10,0.0752601,2.02156,-51.9405,3.88527e-10,28.0|276,1056
1056|9,0.0827618,2.01996,-50.813,4.67642e-10,0.0811331,2.02156,-51.9405,3.88527e-10,28.0|276,1056
1056|4,0.120066,1.78015,-50.9171,4.67642e-10,0.120213,1.80345,-52.0475,3.88527e-10,22.0|276,1056
1056|3,0.10971,1.78015,-50.9171,4.67642e-10,0.108076,1.80345,-52.0475,3.88527e-10,22.0|276,1056
1056|1,0.106109,1.66061,-51.1575,4.67642e-10,0.0981902,1.66127,-52.262,3.88527e-10,69.0|276,1056
1056|2,0.116932,1.66061,-51.1575,4.67642e-10,0.0981902,1.66127,-52.262,3.88527e-10,69.0|276,1056
462|6,0.16963,0.359472,-50.8222,-3.89112e-07,0.168655,0.361565,-51.9496,-3.94699e-07,55.0|292,462
462|5,0.226734,0.359472,-50.8222,-3.89112e-07,0.218592,0.361565,-51.9496,-3.94699e-07,55.0|292,462
462|4,0.205685,0.359472,-50.8222,-3.89112e-07,0.205278,0.361565,-51.9496,-3.94699e-07,55.0|292,462
462|3,0.243864,0.359472,-50.8222,-3.89112e-07,0.227556,0.361565,-51.9496,-3.94699e-07,55.0|292,462
462|9,0.020345,2.00244,-6.8398,-3.89112e-07,0.0207013,1.98439,-7.63742,-3.94699e-07,32.0|292,462
462|10,0.021753,2.00244,-6.8398,-3.89112e-07,0.0213244,1.98439,-7.63742,-3.94699e-07,32.0|292,462
462|7,0.0246461,2.00244,-6.8398,-3.89112e-07,0.0239565,1.98439,-7.63742,-3.94699e-07,32.0|292,462
462|8,0.0242174,2.00244,-6.8398,-3.89112e-07,0.0244403,1.98439,-7.63742,-3.94699e-07,32.0|292,462
462|11,0.24788,1.6998,-50.8104,-3.89112e-07,0.24217,1.69991,-51.9381,-3.94699e-07,22.0|292,462
462|12,0.252614,1.6998,-50.8104,-3.89112e-07,0.250342,1.69991,-51.9381,-3.94699e-07,22.0|292,462
462|1,0.113196,1.62135,-50.8045,-3.89112e-07,0.0877981,1.62721,-51.9323,-3.94699e-07,69.0|292,462
462|2,0.102,1.62135,-50.8045,-3.89112e-07,0.0877981,1.62721,-51.9323,-3.94699e-07,69.0|292,462
1159|8,0.229499,1.70088,-50.8113,-0.000951734,0.233327,1.70091,-51.9389,-0.00101965,65.0|292,1159
1159|7,0.256717,1.70088,-50.8113,-0.000951734,0.254356,1.70091,-51.9389,-0.00101965,65.0|292,1159
1159|5,0.244947,1.70088,-50.8113,-0.000951734,0.24216,1.70091,-51.9389,-0.00101965,65.0|292,1159
1159|6,0.249428,1.70088,-50.8113,-0.000951734,0.241866,1.70091,-51.9389,-0.00101965,65.0|292,1159
1159|11,0.063538,2.07679,-51.2799,-0.000951734,0.0631507,2.06365,-52.3861,-0.00101965,28.0|292,1159
1159|12,0.0550371,2.07679,-51.2799,-0.000951734,0.0544817,2.06365,-52.3861,-0.00101965,28.0|292,1159
1159|9,0.107998,2.07679,-51.2799,-0.000951734,0.106697,2.06365,-52.3861,-0.00101965,28.0|292,1159
1159|10,0.109353,2.07679,-51.2799,-0.000951734,0.106504,2.06365,-52.3861,-0.00101965,28.0|292,1159
1159|4,0.306441,1.70008,-50.8104,-0.000951734,0.304197,1.70017,-51.9381,-0.00101965,22.0|292,1159
1159|3,0.295598,1.70008,-50.8104,-0.000951734,0.286797,1.70017,-51.9381,-0.00101965,22.0|292,1159
1159|1,0.186118,1.62162,-50.8045,-0.000951734,0.162308,1.62747,-51.9323,-0.00101965,69.0|292,1159
1159|2,0.194991,1.62162,-50.8045,-0.000951734,0.162308,1.62747,-51.9323,-0.00101965,69.0|292,1159
1197|7,0.0315536,1.77255,-61.1931,-0.000418703,0.030906,1.7715,-62.0893,-0.000431377,65.0|103,1197
1197|8,0.0314639,1.77255,-61.1931,-0.000418703,0.0311254,1.7715,-62.0893,-0.000431377,65.0|103,1197
1197|6,0.0286065,1.77255,-61.1931,-0.000418703,0.0280573,1.7715,-62.0893,-0.000431377,65.0|103,1197
1197|5,0.0307544,1.77255,-61.1931,-0.000418703,0.0301915,1.7715,-62.0893,-0.000431377,65.0|103,1197
1197|12,0.0195076,1.77279,-51.523,-0.000418703,0.0190992,1.77173,-52.6532,-0.000431377,28.0|103,1197
1197|10,0.0236303,1.77279,-51.523,-0.000418703,0.023378,1.77173,-52.6532,-0.000431377,28.0|103,1197
1197|9,0.0244216,1.77279,-51.523,-0.000418703,0.0239945,1.77173,-52.6532,-0.000431377,28.0|103,1197
1197|3,0.0295557,1.7727,-50.8112,-0.000418703,0.0290882,1.77164,-51.9388,-0.000431377,22.0|103,1197
1197|4,0.0265145,1.7727,-50.8112,-0.000418703,0.026328,1.77164,-51.9388,-0.000431377,22.0|103,1197
1197|11,0.0183919,1.77279,-51.523,-0.000418703,0.0180231,1.77173,-52.6532,-0.000431377,28.0|103,1197
1197|1,0.0323728,19.1066,-55.0012,-0.000418703,0.0261888,19.0242,-56.2179,-0.000431377,69.0|103,1197
1197|2,0.0339129,19.1066,-55.0012,-0.000418703,0.0261888,19.0242,-56.2179,-0.000431377,69.0|103,1197
