id,time,yvc,concentration,plate_row,plate_col,a_m5b,c_m5b,m_m5b,cc_mean,popPred_medianCOV,popPred,indivPred_SAEM,indivPred_mode,indWRes_SAEM,indWRes_mode
411|2,1,57888,0,1,2,0.1870813261319803,60814.593360628,-0.0100670933956208,910,57515.2,57512.9,57512.9,57512.9,0.193779,0.193775
411|2,2,57026,0,2,2,0.1870813261319803,60814.593360628,-0.0100670933956208,910,59542.1,59540.9,59540.9,59540.9,-1.26158,-1.26158
411|2,3,62361,0,3,2,0.1870813261319803,60814.593360628,-0.0100670933956208,910,59885.3,59884.6,59884.6,59884.6,1.23622,1.23622
411|2,4,58423,0,4,2,0.1870813261319803,60814.593360628,-0.0100670933956208,910,59582.7,59582.1,59582.1,59582.1,-0.581094,-0.581095
411|2,5,61789,0,5,2,0.1870813261319803,60814.593360628,-0.0100670933956208,910,58970.5,58969.8,58969.8,58969.8,1.42579,1.42579
411|2,6,57424,0,6,2,0.1870813261319803,60814.593360628,-0.0100670933956208,910,58048.7,58047.9,58047.9,58047.9,-0.319767,-0.319769
411|2,7,54022,0,7,2,0.1870813261319803,60814.593360628,-0.0100670933956208,910,56481,56479.8,56479.8,56479.8,-1.28913,-1.28913
411|2,8,54322,0,8,2,0.1870813261319803,60814.593360628,-0.0100670933956208,910,53229.6,53227.3,53227.3,53227.3,0.603423,0.603418
783|2,1,68788.8,0,1,2,0.1361414544087496,67826.8687156474,-0.0227507817390637,572.004,68810.7,68811.1,68811.1,68811.1,-0.00989059,-0.00989074
783|2,2,70473.6,0,2,2,0.1361414544087496,67826.8687156474,-0.0227507817390637,572.004,69409.6,69409.8,69409.8,69409.8,0.467859,0.467859
783|2,3,67924.8,0,3,2,0.1361414544087496,67826.8687156474,-0.0227507817390637,572.004,68642,68642.1,68642.1,68642.1,-0.31854,-0.31854
783|2,4,68968.8,0,4,2,0.1361414544087496,67826.8687156474,-0.0227507817390637,572.004,67350.2,67350.3,67350.3,67350.3,0.730636,0.730636
783|2,5,61610.4,0,5,2,0.1361414544087496,67826.8687156474,-0.0227507817390637,572.004,65807,65807.2,65807.2,65807.2,-1.93273,-1.93273
783|2,6,63612,0,6,2,0.1361414544087496,67826.8687156474,-0.0227507817390637,572.004,64012.7,64012.8,64012.8,64012.8,-0.189008,-0.189008
783|2,7,65966.4,0,7,2,0.1361414544087496,67826.8687156474,-0.0227507817390637,572.004,61694.1,61694.2,61694.2,61694.2,2.07929,2.07929
783|2,8,56390.4,0,8,2,0.1361414544087496,67826.8687156474,-0.0227507817390637,572.004,58008.9,58009.3,58009.3,58009.3,-0.830226,-0.830226
491|2,1,42023.8,0,1,2,0.5222709279744737,57587.6803671823,-0.0080721836611807,254.219875,44827.9,44827,44827,44827,-1.77912,-1.77912
491|2,2,56483.7,0,2,2,0.5222709279744737,57587.6803671823,-0.0080721836611807,254.219875,51339.8,51339.3,51339.3,51339.3,2.92199,2.92199
491|2,3,54518.1,0,3,2,0.5222709279744737,57587.6803671823,-0.0080721836611807,254.219875,53400.8,53400.5,53400.5,53400.5,0.614377,0.614377
491|2,4,52652.6,0,4,2,0.5222709279744737,57587.6803671823,-0.0080721836611807,254.219875,53754.4,53754.1,53754.1,53754.1,-0.602209,-0.602209
491|2,5,47975.2,0,5,2,0.5222709279744737,57587.6803671823,-0.0080721836611807,254.219875,53289.5,53289.3,53289.3,53289.3,-2.92635,-2.92635
491|2,6,53107.6,0,6,2,0.5222709279744737,57587.6803671823,-0.0080721836611807,254.219875,52006.2,52005.9,52005.9,52005.9,0.619101,0.619101
491|2,7,50341.2,0,7,2,0.5222709279744737,57587.6803671823,-0.0080721836611807,254.219875,49015.5,49015.1,49015.1,49015.1,0.782591,0.782591
491|2,8,42105.7,0,8,2,0.5222709279744737,57587.6803671823,-0.0080721836611807,254.219875,41573.9,41573,41573,41573,0.359127,0.359127
433|2,1,52327,0,1,2,0.97840694364703,87782.4242732239,-0.0148581782365172,335.306375,51264.1,51264.5,51264.5,51264.5,0.604232,0.604236
433|2,2,69473.5,0,2,2,0.97840694364703,87782.4242732239,-0.0148581782365172,335.306375,69882.8,69883,69883,69883,-0.179049,-0.179048
433|2,3,77603,0,3,2,0.97840694364703,87782.4242732239,-0.0148581782365172,335.306375,75791.4,75791.6,75791.6,75791.6,0.737875,0.737876
433|2,4,71994,0,4,2,0.97840694364703,87782.4242732239,-0.0148581782365172,335.306375,76824.3,76824.4,76824.4,76824.4,-1.9444,-1.9444
433|2,5,73840,0,5,2,0.97840694364703,87782.4242732239,-0.0148581782365172,335.306375,75520,75520.1,75520.1,75520.1,-0.686544,-0.686544
433|2,6,76183,0,6,2,0.97840694364703,87782.4242732239,-0.0148581782365172,335.306375,71878.6,71878.7,71878.7,71878.7,1.83644,1.83644
433|2,7,65071.5,0,7,2,0.97840694364703,87782.4242732239,-0.0148581782365172,335.306375,63361.4,63361.6,63361.6,63361.6,0.813487,0.813488
433|2,8,40164.7,0,8,2,0.97840694364703,87782.4242732239,-0.0148581782365172,335.306375,42134.1,42134.5,42134.5,42134.5,-1.31392,-1.31391
297|2,1,51475,0,1,2,0.8737160590534487,90261.4745633936,0.0032615956042682,362.242,51507.7,51508.3,51508.3,51508.3,-0.0188795,-0.0188809
297|2,2,69892.4,0,2,2,0.8737160590534487,90261.4745633936,0.0032615956042682,362.242,70095.7,70096,70096,70096,-0.0888032,-0.0888037
297|2,3,79662,0,3,2,0.8737160590534487,90261.4745633936,0.0032615956042682,362.242,77013.1,77013.3,77013.3,77013.3,1.06388,1.06388
297|2,4,78881,0,4,2,0.8737160590534487,90261.4745633936,0.0032615956042682,362.242,79453.5,79453.7,79453.7,79453.7,-0.223814,-0.223814
297|2,5,74408,0,5,2,0.8737160590534487,90261.4745633936,0.0032615956042682,362.242,79747.9,79748.1,79748.1,79748.1,-2.08005,-2.08005
297|2,6,79733,0,6,2,0.8737160590534487,90261.4745633936,0.0032615956042682,362.242,77896.3,77896.5,77896.5,77896.5,0.730291,0.730291
297|2,7,74408,0,7,2,0.8737160590534487,90261.4745633936,0.0032615956042682,362.242,71567.7,71568,71568,71568,1.21626,1.21626
297|2,8,52390.9,0,8,2,0.8737160590534487,90261.4745633936,0.0032615956042682,362.242,53568.4,53569.1,53569.1,53569.1,-0.645986,-0.645988
183|2,1,8754.3,0,1,2,0.7222976248403561,14088.5350797739,0.0026397688665927,363.422375,9090.71,9089.19,9089.19,9089.19,-0.597201,-0.597203
183|2,2,12332.7,0,2,2,0.7222976248403561,14088.5350797739,0.0026397688665927,363.422375,11488.4,11487.6,11487.6,11487.6,1.34375,1.34375
183|2,3,12219.1,0,3,2,0.7222976248403561,14088.5350797739,0.0026397688665927,363.422375,12380.2,12379.7,12379.7,12379.7,-0.245496,-0.245497
183|2,4,12197.8,0,4,2,0.7222976248403561,14088.5350797739,0.0026397688665927,363.422375,12694.3,12693.9,12693.9,12693.9,-0.748112,-0.748112
183|2,5,12794.2,0,5,2,0.7222976248403561,14088.5350797739,0.0026397688665927,363.422375,12731.5,12731.1,12731.1,12731.1,0.0950205,0.0950202
183|2,6,12297.2,0,6,2,0.7222976248403561,14088.5350797739,0.0026397688665927,363.422375,12491.8,12491.3,12491.3,12491.3,-0.29523,-0.29523
183|2,7,11956.4,0,7,2,0.7222976248403561,14088.5350797739,0.0026397688665927,363.422375,11674.4,11673.6,11673.6,11673.6,0.445946,0.445946
183|2,8,9350.7,0,8,2,0.7222976248403561,14088.5350797739,0.0026397688665927,363.422375,9351.04,9349.53,9349.53,9349.53,0.00206762,0.00206615
705|2,1,8278.6,0,1,2,0.9005180129195978,14504.7613651298,0.0005827314801494,377.072125,8227.17,8227.19,8227.19,8227.19,0.0958665,0.0958665
705|2,2,11360,0,2,2,0.9005180129195978,14504.7613651298,0.0005827314801494,377.072125,11265.5,11265.5,11265.5,11265.5,0.151713,0.151713
705|2,3,12957.5,0,3,2,0.9005180129195978,14504.7613651298,0.0005827314801494,377.072125,12370.9,12370.9,12370.9,12370.9,0.896925,0.896925
705|2,4,11835.7,0,4,2,0.9005180129195978,14504.7613651298,0.0005827314801494,377.072125,12734.8,12734.8,12734.8,12734.8,-1.35352,-1.35352
705|2,5,12375.3,0,5,2,0.9005180129195978,14504.7613651298,0.0005827314801494,377.072125,12743.3,12743.3,12743.3,12743.3,-0.553754,-0.553754
705|2,6,12176.5,0,6,2,0.9005180129195978,14504.7613651298,0.0005827314801494,377.072125,12396.3,12396.3,12396.3,12396.3,-0.335738,-0.335738
705|2,7,12588.3,0,7,2,0.9005180129195978,14504.7613651298,0.0005827314801494,377.072125,11307.8,11307.8,11307.8,11307.8,2.05282,2.05282
705|2,8,7760.3,0,8,2,0.9005180129195978,14504.7613651298,0.0005827314801494,377.072125,8286.34,8286.35,8286.35,8286.35,-0.97785,-0.97785
555|2,1,27768.1,0,1,2,0.3597803388675161,31825.0906274039,-0.0044990707120357,503.381125,26849.2,26848.7,26848.7,26848.7,0.863229,0.863225
555|2,2,28442.6,0,2,2,0.3597803388675161,31825.0906274039,-0.0044990707120357,503.381125,29362.1,29361.8,29361.8,29361.8,-0.808818,-0.808819
555|2,3,30267.3,0,3,2,0.3597803388675161,31825.0906274039,-0.0044990707120357,503.381125,30180.5,30180.3,30180.3,30180.3,0.0750323,0.0750313
555|2,4,29216.5,0,4,2,0.3597803388675161,31825.0906274039,-0.0044990707120357,503.381125,30348.9,30348.7,30348.7,30348.7,-0.972286,-0.972287
555|2,5,30246,0,5,2,0.3597803388675161,31825.0906274039,-0.0044990707120357,503.381125,30205.7,30205.5,30205.5,30205.5,0.0348764,0.0348756
555|2,6,30757.2,0,6,2,0.3597803388675161,31825.0906274039,-0.0044990707120357,503.381125,29750.9,29750.7,29750.7,29750.7,0.877091,0.87709
555|2,7,29692.2,0,7,2,0.3597803388675161,31825.0906274039,-0.0044990707120357,503.381125,28646.1,28645.9,28645.9,28645.9,0.937463,0.937461
555|2,8,24800.3,0,8,2,0.3597803388675161,31825.0906274039,-0.0044990707120357,503.381125,25846.9,25846.4,25846.4,25846.4,-1.00913,-1.00914
394|2,1,40183,0,1,2,0.0615827521244166,40177.5359855074,-0.0073475967591207,266.9225,40027.2,40027.3,40027.3,40027.3,0.108188,0.108188
394|2,2,39617.5,0,2,2,0.0615827521244166,40177.5359855074,-0.0073475967591207,266.9225,40306,40306,40306,40306,-0.475726,-0.475726
394|2,3,39240.5,0,3,2,0.0615827521244166,40177.5359855074,-0.0073475967591207,266.9225,40218.5,40218.6,40218.6,40218.6,-0.676973,-0.676973
394|2,4,41671.5,0,4,2,0.0615827521244166,40177.5359855074,-0.0073475967591207,266.9225,39990.7,39990.7,39990.7,39990.7,1.16862,1.16862
394|2,5,40521,0,5,2,0.0615827521244166,40177.5359855074,-0.0073475967591207,266.9225,39695.5,39695.5,39695.5,39695.5,0.577326,0.577326
394|2,6,39988,0,6,2,0.0615827521244166,40177.5359855074,-0.0073475967591207,266.9225,39332.9,39332.9,39332.9,39332.9,0.461435,0.461435
394|2,7,36250.5,0,7,2,0.0615827521244166,40177.5359855074,-0.0073475967591207,266.9225,38829.9,38830,38830,38830,-1.83548,-1.83548
394|2,8,38889.5,0,8,2,0.0615827521244166,40177.5359855074,-0.0073475967591207,266.9225,37960.8,37960.8,37960.8,37960.8,0.672638,0.672638
1099|2,1,7826,0,1,2,0.0574946827643654,7987.23997356214,0.0033326966319354,295.221875,7674.41,7674.43,7674.43,7674.43,0.291146,0.291146
1099|2,2,7676.5,0,2,2,0.0574946827643654,7987.23997356214,0.0033326966319354,295.221875,7807.55,7807.56,7807.56,7807.56,-0.249943,-0.249943
1099|2,3,7787,0,3,2,0.0574946827643654,7987.23997356214,0.0033326966319354,295.221875,7872.74,7872.74,7872.74,7872.74,-0.162943,-0.162943
1099|2,4,8339.5,0,4,2,0.0574946827643654,7987.23997356214,0.0033326966319354,295.221875,7911.85,7911.86,7911.86,7911.86,0.810946,0.810946
1099|2,5,7150,0,5,2,0.0574946827643654,7987.23997356214,0.0033326966319354,295.221875,7938.47,7938.48,7938.48,7938.48,-1.49307,-1.49307
1099|2,6,7995,0,6,2,0.0574946827643654,7987.23997356214,0.0033326966319354,295.221875,7952.59,7952.6,7952.6,7952.6,0.0802245,0.0802245
1099|2,7,8664.5,0,7,2,0.0574946827643654,7987.23997356214,0.0033326966319354,295.221875,7940.65,7940.66,7940.66,7940.66,1.37051,1.37051
1099|2,8,7520.5,0,8,2,0.0574946827643654,7987.23997356214,0.0033326966319354,295.221875,7860.74,7860.76,7860.76,7860.76,-0.647032,-0.647032
611|2,1,7962.5,0,1,2,0.4976131476568355,10718.2289188659,-0.0060066782532594,389.553125,8392.31,8392.56,8392.56,8392.56,-0.794959,-0.794959
611|2,2,10426,0,2,2,0.4976131476568355,10718.2289188659,-0.0060066782532594,389.553125,9565.14,9565.27,9565.27,9565.27,1.49878,1.49878
611|2,3,10127,0,3,2,0.4976131476568355,10718.2289188659,-0.0060066782532594,389.553125,9948.67,9948.76,9948.76,9948.76,0.304594,0.304594
611|2,4,9197.5,0,4,2,0.4976131476568355,10718.2289188659,-0.0060066782532594,389.553125,10029.4,10029.5,10029.5,10029.5,-1.41624,-1.41624
611|2,5,10419.5,0,5,2,0.4976131476568355,10718.2289188659,-0.0060066782532594,389.553125,9965.05,9965.12,9965.12,9965.12,0.775866,0.775866
611|2,6,8911.5,0,6,2,0.4976131476568355,10718.2289188659,-0.0060066782532594,389.553125,9755.53,9755.62,9755.62,9755.62,-1.45614,-1.45614
611|2,7,9847.5,0,7,2,0.4976131476568355,10718.2289188659,-0.0060066782532594,389.553125,9243.23,9243.36,9243.36,9243.36,1.06899,1.06899
611|2,8,7949.5,0,8,2,0.4976131476568355,10718.2289188659,-0.0060066782532594,389.553125,7941.64,7941.9,7941.9,7941.9,0.0143973,0.0143969
84|2,1,73943,0,1,2,0.5347878030696602,91340.8182408508,-0.0135574134533836,670.5,72309,72307.1,72307.1,72307.1,0.69435,0.694351
84|2,2,83068,0,2,2,0.5347878030696602,91340.8182408508,-0.0135574134533836,670.5,82401.8,82400.8,82400.8,82400.8,0.252464,0.252464
84|2,3,83256,0,3,2,0.5347878030696602,91340.8182408508,-0.0135574134533836,670.5,85265.8,85265.1,85265.1,85265.1,-0.737576,-0.737575
84|2,4,81859,0,4,2,0.5347878030696602,91340.8182408508,-0.0135574134533836,670.5,85356.7,85356.2,85356.2,85356.2,-1.28263,-1.28263
84|2,5,83236,0,5,2,0.5347878030696602,91340.8182408508,-0.0135574134533836,670.5,84118.3,84117.8,84117.8,84117.8,-0.327642,-0.327642
84|2,6,85784,0,6,2,0.5347878030696602,91340.8182408508,-0.0135574134533836,670.5,81550.7,81550.1,81550.1,81550.1,1.61694,1.61694
84|2,7,78995,0,7,2,0.5347878030696602,91340.8182408508,-0.0135574134533836,670.5,76210.1,76209.1,76209.1,76209.1,1.12935,1.12936
84|2,8,60712,0,8,2,0.5347878030696602,91340.8182408508,-0.0135574134533836,670.5,63640.6,63638.7,63638.7,63638.7,-1.38717,-1.38717
1042|2,1,79529,0,1,2,0.3398073994130456,86507.6699971746,-0.0174882648464314,697.25,77741.4,77737.9,77737.9,77737.9,0.71354,0.713534
1042|2,2,77876,0,2,2,0.3398073994130456,86507.6699971746,-0.0174882648464314,697.25,83047.4,83045.6,83045.6,83045.6,-1.94278,-1.94278
1042|2,3,85444,0,3,2,0.3398073994130456,86507.6699971746,-0.0174882648464314,697.25,84003.3,84002.1,84002.1,84002.1,0.536408,0.536406
1042|2,4,85154,0,4,2,0.3398073994130456,86507.6699971746,-0.0174882648464314,697.25,83290.3,83289.3,83289.3,83289.3,0.698934,0.698932
1042|2,5,85440,0,5,2,0.3398073994130456,86507.6699971746,-0.0174882648464314,697.25,81777.5,81776.5,81776.5,81776.5,1.39568,1.39568
1042|2,6,76072,0,6,2,0.3398073994130456,86507.6699971746,-0.0174882648464314,697.25,79464.7,79463.5,79463.5,79463.5,-1.3252,-1.3252
1042|2,7,75138,0,7,2,0.3398073994130456,86507.6699971746,-0.0174882648464314,697.25,75483.1,75481.3,75481.3,75481.3,-0.140332,-0.140336
1042|2,8,67306,0,8,2,0.3398073994130456,86507.6699971746,-0.0174882648464314,697.25,67151.3,67147.8,67147.8,67147.8,0.0716108,0.0716037
719|2,1,95775,0,1,2,-0.0132145339555931,84456.3928523546,-0.0320829134582686,701.5,94473.9,94471.5,94471.5,94471.5,0.436613,0.43661
719|2,2,90514,0,2,2,-0.0132145339555931,84456.3928523546,-0.0320829134582686,701.5,91505.4,91504.2,91504.2,91504.2,-0.341304,-0.341305
719|2,3,86615,0,3,2,-0.0132145339555931,84456.3928523546,-0.0320829134582686,701.5,88702,88701.3,88701.2,88701.3,-0.739399,-0.7394
719|2,4,84683,0,4,2,-0.0132145339555931,84456.3928523546,-0.0320829134582686,701.5,85962.1,85961.4,85961.4,85961.4,-0.465934,-0.465935
719|2,5,87250,0,5,2,-0.0132145339555931,84456.3928523546,-0.0320829134582686,701.5,83252.5,83251.8,83251.8,83251.8,1.49925,1.49925
719|2,6,81493,0,6,2,-0.0132145339555931,84456.3928523546,-0.0320829134582686,701.5,80573.2,80572.4,80572.4,80572.4,0.355337,0.355335
719|2,7,76517,0,7,2,-0.0132145339555931,84456.3928523546,-0.0320829134582686,701.5,77957.3,77956.1,77956.1,77956.1,-0.5719,-0.571901
719|2,8,75086,0,8,2,-0.0132145339555931,84456.3928523546,-0.0320829134582686,701.5,75506.6,75504.3,75504.3,75504.3,-0.170951,-0.170955
863|2,1,84225,0,1,2,0.1648602923709095,82533.8353286324,-0.0207235354002591,671,82011.6,82011.3,82011.3,82011.3,0.841218,0.841218
863|2,2,81106,0,2,2,0.1648602923709095,82533.8353286324,-0.0207235354002591,671,83457.5,83457.3,83457.3,83457.3,-0.879782,-0.879782
863|2,3,81311,0,3,2,0.1648602923709095,82533.8353286324,-0.0207235354002591,671,82889.8,82889.7,82889.7,82889.7,-0.594275,-0.594275
863|2,4,81469,0,4,2,0.1648602923709095,82533.8353286324,-0.0207235354002591,671,81549.7,81549.6,81549.6,81549.6,-0.0307778,-0.0307777
863|2,5,80994,0,5,2,0.1648602923709095,82533.8353286324,-0.0207235354002591,671,79839.3,79839.2,79839.2,79839.2,0.449359,0.449359
863|2,6,78472,0,6,2,0.1648602923709095,82533.8353286324,-0.0207235354002591,671,77758.6,77758.5,77758.5,77758.5,0.284164,0.284164
863|2,7,76847,0,7,2,0.1648602923709095,82533.8353286324,-0.0207235354002591,671,74905.6,74905.4,74905.4,74905.4,0.799097,0.799098
863|2,8,68027,0,8,2,0.1648602923709095,82533.8353286324,-0.0207235354002591,671,70038.9,70038.5,70038.5,70038.5,-0.877793,-0.877793
488|2,1,94917,0,1,2,0.0658460541898268,93832.9369026559,-0.0158662177564416,687,96088.2,96086.9,96086.9,96086.9,-0.38593,-0.385929
488|2,2,99297,0,2,2,0.0658460541898268,93832.9369026559,-0.0158662177564416,687,96032.6,96032,96032,96032,1.07767,1.07767
488|2,3,94280,0,3,2,0.0658460541898268,93832.9369026559,-0.0158662177564416,687,95062.8,95062.3,95062.3,95062.3,-0.260576,-0.260575
488|2,4,91878,0,4,2,0.0658460541898268,93832.9369026559,-0.0158662177564416,687,93742.1,93741.7,93741.7,93741.7,-0.628644,-0.628643
488|2,5,91882,0,5,2,0.0658460541898268,93832.9369026559,-0.0158662177564416,687,92253.3,92253,92253,92253,-0.126935,-0.126935
488|2,6,90577,0,6,2,0.0658460541898268,93832.9369026559,-0.0158662177564416,687,90596.4,90596,90596,90596,-0.00659896,-0.00659839
488|2,7,89724,0,7,2,0.0658460541898268,93832.9369026559,-0.0158662177564416,687,88588.8,88588.1,88588.1,88588.1,0.403045,0.403046
488|2,8,85476,0,8,2,0.0658460541898268,93832.9369026559,-0.0158662177564416,687,85666.8,85665.4,85665.4,85665.4,-0.0692587,-0.0692569
152|2,1,94260,0,1,2,0.1013304168264325,96589.0164700873,-0.0093376731639221,695.25,95064,95063.5,95063.5,95063.5,-0.267635,-0.267636
152|2,2,95803,0,2,2,0.1013304168264325,96589.0164700873,-0.0093376731639221,695.25,96432.4,96432.2,96432.2,96432.2,-0.206895,-0.206896
152|2,3,99229,0,3,2,0.1013304168264325,96589.0164700873,-0.0093376731639221,695.25,96352.5,96352.3,96352.3,96352.3,0.946646,0.946645
152|2,4,96260,0,4,2,0.1013304168264325,96589.0164700873,-0.0093376731639221,695.25,95716.9,95716.8,95716.8,95716.8,0.179833,0.179833
152|2,5,93357,0,5,2,0.1013304168264325,96589.0164700873,-0.0093376731639221,695.25,94815,94814.8,94814.8,94814.8,-0.486735,-0.486736
152|2,6,92328,0,6,2,0.1013304168264325,96589.0164700873,-0.0093376731639221,695.25,93646.7,93646.6,93646.6,93646.6,-0.445164,-0.445164
152|2,7,91784,0,7,2,0.1013304168264325,96589.0164700873,-0.0093376731639221,695.25,91922.9,91922.6,91922.6,91922.6,-0.0475804,-0.0475807
152|2,8,89680,0,8,2,0.1013304168264325,96589.0164700873,-0.0093376731639221,695.25,88750.6,88750.1,88750.1,88750.1,0.329415,0.329415
847|2,1,128428,0,1,2,0.4375455872892816,153378.630859378,-0.008271702334391,737.5,125717,125717,125717,125717,0.700128,0.700128
847|2,2,140797,0,2,2,0.4375455872892816,153378.630859378,-0.008271702334391,737.5,140016,140016,140016,140016,0.182594,0.182594
847|2,3,133543,0,3,2,0.4375455872892816,153378.630859378,-0.008271702334391,737.5,144383,144383,144383,144383,-2.46213,-2.46213
847|2,4,145073,0,4,2,0.4375455872892816,153378.630859378,-0.008271702334391,737.5,144941,144941,144941,144941,0.0299322,0.0299322
847|2,5,153047,0,5,2,0.4375455872892816,153378.630859378,-0.008271702334391,737.5,143672,143672,143672,143672,2.13914,2.13914
847|2,6,143667,0,6,2,0.4375455872892816,153378.630859378,-0.008271702334391,737.5,140577,140577,140577,140577,0.719477,0.719477
847|2,7,129385,0,7,2,0.4375455872892816,153378.630859378,-0.008271702334391,737.5,133673,133672,133672,133672,-1.04602,-1.04602
847|2,8,115877,0,8,2,0.4375455872892816,153378.630859378,-0.008271702334391,737.5,116837,116836,116836,116836,-0.2648,-0.2648
1241|2,1,134396,0,1,2,0.5225820879680454,165207.750963623,-0.009631595844311,744.25,129480,129477,129477,129477,1.23617,1.23617
1241|2,2,143827,0,2,2,0.5225820879680454,165207.750963623,-0.009631595844311,744.25,147915,147914,147914,147914,-0.907548,-0.907548
1241|2,3,147132,0,3,2,0.5225820879680454,165207.750963623,-0.009631595844311,744.25,153574,153573,153573,153573,-1.38118,-1.38118
1241|2,4,155723,0,4,2,0.5225820879680454,165207.750963623,-0.009631595844311,744.25,154333,154332,154332,154332,0.296931,0.296931
1241|2,5,155074,0,5,2,0.5225820879680454,165207.750963623,-0.009631595844311,744.25,152741,152741,152741,152741,0.502882,0.502882
1241|2,6,152580,0,6,2,0.5225820879680454,165207.750963623,-0.009631595844311,744.25,148801,148800,148800,148800,0.834804,0.834804
1241|2,7,142167,0,7,2,0.5225820879680454,165207.750963623,-0.009631595844311,744.25,139959,139958,139958,139958,0.516555,0.516555
1241|2,8,114245,0,8,2,0.5225820879680454,165207.750963623,-0.009631595844311,744.25,118341,118338,118338,118338,-1.1174,-1.1174
474|2,1,128388,0,1,2,0.2579285072340833,135448.701013763,-0.0145532166174964,740.5,125637,125637,125637,125637,0.710876,0.710876
474|2,2,126824,0,2,2,0.2579285072340833,135448.701013763,-0.0145532166174964,740.5,131769,131769,131769,131769,-1.22273,-1.22273
474|2,3,135976,0,3,2,0.2579285072340833,135448.701013763,-0.0145532166174964,740.5,132732,132732,132732,132732,0.796636,0.796636
474|2,4,130086,0,4,2,0.2579285072340833,135448.701013763,-0.0145532166174964,740.5,131712,131712,131712,131712,-0.402095,-0.402095
474|2,5,126830,0,5,2,0.2579285072340833,135448.701013763,-0.0145532166174964,740.5,129740,129740,129740,129740,-0.729988,-0.729988
474|2,6,130250,0,6,2,0.2579285072340833,135448.701013763,-0.0145532166174964,740.5,126819,126819,126819,126819,0.878968,0.878968
474|2,7,124477,0,7,2,0.2579285072340833,135448.701013763,-0.0145532166174964,740.5,121913,121913,121913,121913,0.680975,0.680975
474|2,8,109329,0,8,2,0.2579285072340833,135448.701013763,-0.0145532166174964,740.5,111838,111838,111838,111838,-0.721306,-0.721306
1056|2,1,125929,0,1,2,0.2022796241288947,129543.657133774,-0.0173860307025623,713.75,124892,124891,124891,124891,0.269745,0.269744
1056|2,2,128067,0,2,2,0.2022796241288947,129543.657133774,-0.0173860307025623,713.75,128718,128718,128718,128718,-0.164376,-0.164377
1056|2,3,126059,0,3,2,0.2022796241288947,129543.657133774,-0.0173860307025623,713.75,128667,128666,128666,128666,-0.65898,-0.658981
1056|2,4,129668,0,4,2,0.2022796241288947,129543.657133774,-0.0173860307025623,713.75,127128,127127,127127,127127,0.649386,0.649386
1056|2,5,124889,0,5,2,0.2022796241288947,129543.657133774,-0.0173860307025623,713.75,124875,124875,124875,124875,0.00367129,0.00367097
1056|2,6,120436,0,6,2,0.2022796241288947,129543.657133774,-0.0173860307025623,713.75,121910,121909,121909,121909,-0.391405,-0.391405
1056|2,7,119889,0,7,2,0.2022796241288947,129543.657133774,-0.0173860307025623,713.75,117457,117456,117456,117456,0.66866,0.66866
1056|2,8,107836,0,8,2,0.2022796241288947,129543.657133774,-0.0173860307025623,713.75,109126,109125,109125,109125,-0.378929,-0.378931
462|2,1,109457,0,1,2,0.7318320296484233,159371.165855277,-0.0105468083432103,643.5,109464,109464,109464,109464,-0.00200788,-0.00200748
462|2,2,135900,0,2,2,0.7318320296484233,159371.165855277,-0.0105468083432103,643.5,134838,134838,134838,134838,0.257033,0.257033
462|2,3,145948,0,3,2,0.7318320296484233,159371.165855277,-0.0105468083432103,643.5,142952,142952,142952,142952,0.686791,0.686791
462|2,4,141437,0,4,2,0.7318320296484233,159371.165855277,-0.0105468083432103,643.5,144445,144445,144445,144445,-0.682957,-0.682957
462|2,5,134947,0,5,2,0.7318320296484233,159371.165855277,-0.0105468083432103,643.5,142764,142764,142764,142764,-1.79427,-1.79426
462|2,6,143094,0,6,2,0.7318320296484233,159371.165855277,-0.0105468083432103,643.5,137910,137910,137910,137910,1.22885,1.22885
462|2,7,130244,0,7,2,0.7318320296484233,159371.165855277,-0.0105468083432103,643.5,126434,126434,126434,126434,0.978736,0.978737
462|2,8,95477,0,8,2,0.7318320296484233,159371.165855277,-0.0105468083432103,643.5,97697.7,97697.8,97697.8,97697.8,-0.721752,-0.721751
1159|2,1,114165,0,1,2,0.5810625303530484,156009.172737722,-0.0074688831762873,654.75,116725,116724,116724,116724,-0.707403,-0.707406
1159|2,2,136148,0,2,2,0.5810625303530484,156009.172737722,-0.0074688831762873,654.75,136588,136587,136587,136587,-0.105095,-0.105097
1159|2,3,149475,0,3,2,0.5810625303530484,156009.172737722,-0.0074688831762873,654.75,143036,143035,143035,143035,1.47544,1.47544
1159|2,4,146290,0,4,2,0.5810625303530484,156009.172737722,-0.0074688831762873,654.75,144338,144337,144337,144337,0.443685,0.443684
1159|2,5,136813,0,5,2,0.5810625303530484,156009.172737722,-0.0074688831762873,654.75,143172,143172,143172,143172,-1.45567,-1.45567
1159|2,6,141806,0,6,2,0.5810625303530484,156009.172737722,-0.0074688831762873,654.75,139540,139540,139540,139540,0.531316,0.531315
1159|2,7,125865,0,7,2,0.5810625303530484,156009.172737722,-0.0074688831762873,654.75,130762,130761,130761,130761,-1.21923,-1.21923
1159|2,8,112168,0,8,2,0.5810625303530484,156009.172737722,-0.0074688831762873,654.75,108569,108567,108567,108567,1.06347,1.06347
75|2,1,10294,0,1,2,0.6894681489294291,14012.9610652343,-0.0077326371124121,523.5,9770.72,9770.69,9770.69,9770.69,0.902065,0.902065
75|2,2,11198,0,2,2,0.6894681489294291,14012.9610652343,-0.0077326371124121,523.5,11903.5,11903.5,11903.5,11903.5,-1.10116,-1.10116
75|2,3,11944,0,3,2,0.6894681489294291,14012.9610652343,-0.0077326371124121,523.5,12606.5,12606.5,12606.5,12606.5,-1.00284,-1.00284
75|2,4,13524,0,4,2,0.6894681489294291,14012.9610652343,-0.0077326371124121,523.5,12761.1,12761.1,12761.1,12761.1,1.14717,1.14717
75|2,5,13024,0,5,2,0.6894681489294291,14012.9610652343,-0.0077326371124121,523.5,12652.7,12652.7,12652.7,12652.7,0.560862,0.560862
75|2,6,11948,0,6,2,0.6894681489294291,14012.9610652343,-0.0077326371124121,523.5,12281.5,12281.5,12281.5,12281.5,-0.511896,-0.511896
75|2,7,11746,0,7,2,0.6894681489294291,14012.9610652343,-0.0077326371124121,523.5,11361.7,11361.7,11361.7,11361.7,0.61456,0.614559
75|2,8,8672,0,8,2,0.6894681489294291,14012.9610652343,-0.0077326371124121,523.5,9012.22,9012.19,9012.19,9012.19,-0.609028,-0.609028
1017|2,1,12754,0,1,2,0.2275910711403475,12886.5598313547,-0.006570152752296,553,11780,11780,11780,11780,1.52864,1.52864
1017|2,2,10974,0,2,2,0.2275910711403475,12886.5598313547,-0.006570152752296,553,12375.6,12375.6,12375.6,12375.6,-2.14287,-2.14287
1017|2,3,11326,0,3,2,0.2275910711403475,12886.5598313547,-0.006570152752296,553,12537.3,12537.3,12537.3,12537.3,-1.83894,-1.83894
1017|2,4,14058,0,4,2,0.2275910711403475,12886.5598313547,-0.006570152752296,553,12532.4,12532.4,12532.4,12532.4,2.31657,2.31657
1017|2,5,13090,0,5,2,0.2275910711403475,12886.5598313547,-0.006570152752296,553,12447.8,12447.8,12447.8,12447.8,0.97881,0.97881
1017|2,6,11930,0,6,2,0.2275910711403475,12886.5598313547,-0.006570152752296,553,12283.3,12283.3,12283.3,12283.3,-0.542284,-0.542284
1017|2,7,12278,0,7,2,0.2275910711403475,12886.5598313547,-0.006570152752296,553,11952.3,11952.3,11952.3,11952.3,0.507245,0.507245
1017|2,8,10686,0,8,2,0.2275910711403475,12886.5598313547,-0.006570152752296,553,11187.3,11187.3,11187.3,11187.3,-0.808115,-0.808115
291|2,1,87702,0,1,2,0.5318976205410801,113679.24978284,-0.0126838702723472,607,89802.6,87930,87930.3,87930,-0.0815451,-0.0814401
291|2,2,107225,0,2,2,0.5318976205410801,113679.24978284,-0.0126838702723472,607,102387,101422,101422,101422,1.8231,1.82315
291|2,3,103247,0,3,2,0.5318976205410801,113679.24978284,-0.0126838702723472,607,106023,105387,105387,105387,-0.649472,-0.649442
291|2,4,105493,0,4,2,0.5318976205410801,113679.24978284,-0.0126838702723472,607,106226,105697,105697,105697,-0.0618264,-0.0618012
291|2,5,108146,0,5,2,0.5318976205410801,113679.24978284,-0.0126838702723472,607,104785,104255,104255,104255,1.19225,1.19228
291|2,6,97541,0,6,2,0.5318976205410801,113679.24978284,-0.0126838702723472,607,101697,101061,101062,101061,-1.1097,-1.10967
291|2,7,95893,0,7,2,0.5318976205410801,113679.24978284,-0.0126838702723472,607,95177.3,94212.8,94213,94212.8,0.56413,0.564182
291|2,8,80560,0,8,2,0.5318976205410801,113679.24978284,-0.0126838702723472,607,79709.3,77836.8,77837,77836.8,1.08353,1.08365
1197|2,1,87946,0,1,2,0.535078134027383,116813.809063891,-0.0033360985806081,636.5,88279.2,88278.1,88278.1,88278.1,-0.118189,-0.118193
1197|2,2,107862,0,2,2,0.535078134027383,116813.809063891,-0.0033360985806081,636.5,102389,102388,102388,102388,1.7052,1.70519
1197|2,3,103669,0,3,2,0.535078134027383,116813.809063891,-0.0033360985806081,636.5,107248,107248,107248,107248,-1.06883,-1.06883
1197|2,4,103811,0,4,2,0.535078134027383,116813.809063891,-0.0033360985806081,636.5,108559,108559,108559,108559,-1.40245,-1.40245
1197|2,5,109061,0,5,2,0.535078134027383,116813.809063891,-0.0033360985806081,636.5,108170,108169,108169,108169,0.264279,0.264278
1197|2,6,103883,0,6,2,0.535078134027383,116813.809063891,-0.0033360985806081,636.5,106079,106079,106079,106079,-0.662309,-0.66231
1197|2,7,108538,0,7,2,0.535078134027383,116813.809063891,-0.0033360985806081,636.5,100440,100439,100439,100439,2.56699,2.56699
1197|2,8,81945,0,8,2,0.535078134027383,116813.809063891,-0.0033360985806081,636.5,85551.3,85550.1,85550.1,85550.1,-1.31957,-1.31957
77|2,1,44393,0,1,2,-0.0643137068645972,41988.222410537,-0.0120416420138521,476.5,45049.6,45048.6,45048.7,45048.6,-0.414463,-0.414462
77|2,2,45576,0,2,2,-0.0643137068645972,41988.222410537,-0.0120416420138521,476.5,43917.6,43917.1,43917.1,43917.1,1.07042,1.07042
77|2,3,43197,0,3,2,-0.0643137068645972,41988.222410537,-0.0120416420138521,476.5,43185.2,43184.8,43184.8,43184.8,0.00794681,0.00794737
77|2,4,40982,0,4,2,-0.0643137068645972,41988.222410537,-0.0120416420138521,476.5,42606.1,42605.8,42605.8,42605.8,-1.07355,-1.07355
77|2,5,41808,0,5,2,-0.0643137068645972,41988.222410537,-0.0120416420138521,476.5,42100.5,42100.2,42100.2,42100.2,-0.195036,-0.195036
77|2,6,42921,0,6,2,-0.0643137068645972,41988.222410537,-0.0120416420138521,476.5,41668.3,41668,41668,41668,0.843227,0.843228
77|2,7,40844,0,7,2,-0.0643137068645972,41988.222410537,-0.0120416420138521,476.5,41389.5,41389,41389,41389,-0.368771,-0.36877
77|2,8,41706,0,8,2,-0.0643137068645972,41988.222410537,-0.0120416420138521,476.5,41510.3,41509.4,41509.4,41509.4,0.132711,0.132712
745|2,1,40530,0,1,2,0.1560078818395822,43666.5427733489,-0.0081134363330447,468.5,41647.9,41646.9,41646.9,41646.9,-0.751963,-0.751963
745|2,2,43557,0,2,2,0.1560078818395822,43666.5427733489,-0.0081134363330447,468.5,42873.9,42873.4,42873.4,42873.4,0.449722,0.449722
745|2,3,43897,0,3,2,0.1560078818395822,43666.5427733489,-0.0081134363330447,468.5,43091.7,43091.4,43091.4,43091.4,0.527828,0.527827
745|2,4,43871,0,4,2,0.1560078818395822,43666.5427733489,-0.0081134363330447,468.5,42922.8,42922.5,42922.5,42922.5,0.623375,0.623375
745|2,5,42072,0,5,2,0.1560078818395822,43666.5427733489,-0.0081134363330447,468.5,42568.5,42568.2,42568.2,42568.2,-0.328298,-0.328298
745|2,6,41786,0,6,2,0.1560078818395822,43666.5427733489,-0.0081134363330447,468.5,42028.8,42028.5,42028.5,42028.5,-0.162079,-0.16208
745|2,7,38985,0,7,2,0.1560078818395822,43666.5427733489,-0.0081134363330447,468.5,41102.4,41101.9,41101.9,41101.9,-1.44023,-1.44023
745|2,8,40706,0,8,2,0.1560078818395822,43666.5427733489,-0.0081134363330447,468.5,39167.9,39166.9,39166.9,39166.9,1.08778,1.08777
322|2,1,64086,0,1,2,0.2728491465741109,61719.7627792395,-0.0370663477478264,489,61671.4,61668.3,61668.3,61668.3,1.17713,1.17713
322|2,2,59601,0,2,2,0.2728491465741109,61719.7627792395,-0.0370663477478264,489,63290.1,63288.5,63288.5,63288.5,-1.75603,-1.75604
322|2,3,60716,0,3,2,0.2728491465741109,61719.7627792395,-0.0370663477478264,489,62416.6,62415.6,62415.6,62415.6,-0.819026,-0.819028
322|2,4,64995,0,4,2,0.2728491465741109,61719.7627792395,-0.0370663477478264,489,60587.2,60586.3,60586.3,60586.3,2.17914,2.17913
322|2,5,56075,0,5,2,0.2728491465741109,61719.7627792395,-0.0370663477478264,489,58299.4,58298.6,58298.5,58298.6,-1.13551,-1.13551
322|2,6,55557,0,6,2,0.2728491465741109,61719.7627792395,-0.0370663477478264,489,55553.4,55552.4,55552.4,55552.4,0.00245532,0.00245294
322|2,7,54622,0,7,2,0.2728491465741109,61719.7627792395,-0.0370663477478264,489,51851.5,51849.9,51849.8,51849.9,1.56172,1.56172
322|2,8,43675,0,8,2,0.2728491465741109,61719.7627792395,-0.0370663477478264,489,45657.4,45654.2,45654.2,45654.2,-1.23769,-1.2377
1043|2,1,50112,0,1,2,0.4581594581639452,61107.2252748952,-0.0171532985179477,485,51383.8,51382.5,51382.5,51382.5,-0.721154,-0.721158
1043|2,2,56646,0,2,2,0.4581594581639452,61107.2252748952,-0.0171532985179477,485,56830,56829.3,56829.3,56829.3,-0.0956595,-0.0956614
1043|2,3,62497,0,3,2,0.4581594581639452,61107.2252748952,-0.0171532985179477,485,58133,58132.6,58132.6,58132.6,2.23418,2.23418
1043|2,4,57542,0,4,2,0.4581594581639452,61107.2252748952,-0.0171532985179477,485,57846.7,57846.3,57846.3,57846.3,-0.156435,-0.156436
1043|2,5,52635,0,5,2,0.4581594581639452,61107.2252748952,-0.0171532985179477,485,56798.5,56798.1,56798.1,56798.1,-2.1733,-2.1733
1043|2,6,56628,0,6,2,0.4581594581639452,61107.2252748952,-0.0171532985179477,485,54988.4,54988,54988,54988,0.87974,0.879739
1043|2,7,50206,0,7,2,0.4581594581639452,61107.2252748952,-0.0171532985179477,485,51589,51588.4,51588.4,51588.4,-0.782048,-0.78205
1043|2,8,45350,0,8,2,0.4581594581639452,61107.2252748952,-0.0171532985179477,485,44046.5,44045.2,44045.2,44045.2,0.839955,0.83995
963|2,1,34792,0,1,2,0.6736564063474466,54320.5048531113,0.0016677907870302,445.75,36499.3,36497.9,36497.9,36497.9,-1.27393,-1.27393
963|2,2,46782,0,2,2,0.6736564063474466,54320.5048531113,0.0016677907870302,445.75,45078.4,45077.7,45077.7,45077.7,1.07682,1.07682
963|2,3,50148,0,3,2,0.6736564063474466,54320.5048531113,0.0016677907870302,445.75,48242.1,48241.7,48241.7,48241.7,1.13975,1.13975
963|2,4,48893,0,4,2,0.6736564063474466,54320.5048531113,0.0016677907870302,445.75,49328.5,49328.1,49328.1,49328.1,-0.255429,-0.255429
963|2,5,49292,0,5,2,0.6736564063474466,54320.5048531113,0.0016677907870302,445.75,49419.1,49418.7,49418.7,49418.7,-0.0742693,-0.0742693
963|2,6,45050,0,6,2,0.6736564063474466,54320.5048531113,0.0016677907870302,445.75,48513.9,48513.4,48513.4,48513.4,-2.06118,-2.06118
963|2,7,46782,0,7,2,0.6736564063474466,54320.5048531113,0.0016677907870302,445.75,45531.3,45530.6,45530.6,45530.6,0.784254,0.784254
963|2,8,38007,0,8,2,0.6736564063474466,54320.5048531113,0.0016677907870302,445.75,37133.5,37132.1,37132.1,37132.1,0.644678,0.644678
1260|2,1,40866,0,1,2,0.405970691488458,47960.7941969714,-0.0120830339612225,528.25,40675.4,40668.9,40668.8,40668.9,0.135266,0.135254
1260|2,2,45338,0,2,2,0.405970691488458,47960.7941969714,-0.0120830339612225,528.25,44612.5,44609.1,44609.1,44609.1,0.464432,0.464426
1260|2,3,44073,0,3,2,0.405970691488458,47960.7941969714,-0.0120830339612225,528.25,45668.2,45665.9,45665.9,45665.9,-0.995915,-0.995919
1260|2,4,47115,0,4,2,0.405970691488458,47960.7941969714,-0.0120830339612225,528.25,45618.5,45616.6,45616.6,45616.6,0.937624,0.937621
1260|2,5,43457,0,5,2,0.405970691488458,47960.7941969714,-0.0120830339612225,528.25,45039,45037.1,45037.1,45037.1,-0.999062,-0.999065
1260|2,6,43107,0,6,2,0.405970691488458,47960.7941969714,-0.0120830339612225,528.25,43929.6,43927.4,43927.4,43927.4,-0.529252,-0.529256
1260|2,7,44409,0,7,2,0.405970691488458,47960.7941969714,-0.0120830339612225,528.25,41714.9,41711.6,41711.5,41711.6,1.81383,1.81383
1260|2,8,35512,0,8,2,0.405970691488458,47960.7941969714,-0.0120830339612225,528.25,36618.9,36612.3,36612.3,36612.3,-0.81965,-0.819663
