rep,id,eta_L,eta_m,eta_e,eta_s,eta_alpha,eta_k,goes_down,mab_virus,run_id
1,8|84|cc|1|1|162,-1.4121e-05,1.31531e-05,1.66387e-05,-2.21669e-05,0,0,False,69.0|162,84
1,8|84|cc|2|1|162,6.84651e-06,3.32979e-06,2.93143e-05,4.23295e-06,0,0,False,69.0|162,84
1,8|84|cc|3|1|162,3.4171e-06,4.68805e-06,5.0987e-05,7.45796e-06,0,0,False,69.0|162,84
1,8|84|cc|4|1|162,2.93761e-05,-4.01992e-06,2.51576e-05,1.02139e-05,0,0,False,69.0|162,84
1,8|84|cc|5|1|162,2.93097e-05,4.0551e-06,-2.0619e-05,2.02208e-05,0,0,False,69.0|162,84
1,8|84|cc|6|1|162,-8.70097e-06,-6.43439e-06,2.06079e-05,-5.80996e-06,0,0,False,69.0|162,84
1,8|84|cc|7|1|162,4.78794e-05,-1.09138e-05,-2.6711e-05,9.33218e-06,0,0,False,69.0|162,84
1,8|84|cc|8|1|162,-2.7852e-05,-2.79351e-06,-1.09655e-05,-2.94721e-05,0,0,False,69.0|162,84
1,8|84|sample|10|162,-2.68199e-06,-7.77491e-06,-2.10617e-05,7.69501e-06,0,0,True,32.0|162,84
1,8|84|sample|11|162,-6.09045e-06,-2.68929e-05,8.58978e-06,-2.18127e-05,0,0,True,22.0|162,84
1,8|84|sample|12|162,-1.73221e-05,-7.84535e-07,5.12126e-06,1.61602e-05,0,0,True,22.0|162,84
1,8|84|sample|3|162,3.56684e-05,4.14831e-06,-1.97068e-05,1.11243e-05,0,0,True,55.0|162,84
1,8|84|sample|4|162,-2.62216e-05,-1.42929e-05,4.56873e-05,3.38895e-06,0,0,True,55.0|162,84
1,8|84|sample|5|162,2.804e-06,2.77207e-05,1.25503e-05,-4.94905e-06,0,0,True,55.0|162,84
1,8|84|sample|6|162,-4.87965e-06,-1.28708e-05,6.01464e-06,-6.19286e-07,0,0,True,55.0|162,84
1,8|84|sample|7|162,2.55268e-05,1.78097e-05,1.54944e-05,1.74839e-05,0,0,True,32.0|162,84
1,8|84|sample|8|162,-1.34653e-05,-1.86902e-05,2.95541e-05,-1.36538e-05,0,0,True,32.0|162,84
1,8|84|sample|9|162,-1.15011e-05,-5.10386e-06,9.02144e-06,3.33836e-06,0,0,True,32.0|162,84
1,8|84|vc|1|2|162,6.82659e-07,9.05423e-06,-3.04867e-05,-1.87481e-05,0,0,False,69.0|162,84
1,8|84|vc|2|2|162,2.96034e-06,6.9558e-07,-1.21388e-05,-3.15002e-05,0,0,False,69.0|162,84
1,8|84|vc|3|2|162,-8.05203e-06,8.13801e-06,9.97404e-06,-7.27632e-06,0,0,False,69.0|162,84
1,8|84|vc|4|2|162,-4.07654e-06,5.43029e-06,-8.4705e-06,-6.79849e-07,0,0,False,69.0|162,84
1,8|84|vc|5|2|162,-1.67015e-05,1.54256e-05,2.59871e-05,-3.65805e-05,0,0,False,69.0|162,84
1,8|84|vc|6|2|162,7.33391e-06,-1.24535e-05,8.61353e-06,-1.4345e-05,0,0,False,69.0|162,84
1,8|84|vc|7|2|162,1.51186e-06,9.22451e-07,-3.09376e-05,-1.31807e-05,0,0,False,69.0|162,84
1,8|84|vc|8|2|162,4.78543e-06,-7.76833e-06,2.73275e-05,-4.75212e-06,0,0,False,69.0|162,84
1,8|719|cc|1|1|274,3.94975e-05,-5.19793e-06,-1.7357e-05,-9.35355e-06,0,0,False,69.0|274,719
1,8|719|cc|2|1|274,2.00709e-05,7.28394e-06,-1.28757e-06,1.40227e-05,0,0,False,69.0|274,719
1,8|719|cc|3|1|274,1.19622e-05,1.18991e-05,-1.27474e-05,-2.28996e-05,0,0,False,69.0|274,719
1,8|719|cc|4|1|274,-2.06593e-05,-1.12697e-05,-4.41049e-05,6.88561e-06,0,0,False,69.0|274,719
1,8|719|cc|5|1|274,8.87907e-06,-1.69534e-05,3.52033e-06,1.73754e-05,0,0,False,69.0|274,719
1,8|719|cc|6|1|274,5.26452e-05,-1.25709e-06,9.25955e-07,6.07957e-06,0,0,False,69.0|274,719
1,8|719|cc|7|1|274,-2.81668e-05,6.65163e-06,-2.48098e-05,-2.55311e-06,0,0,False,69.0|274,719
1,8|719|cc|8|1|274,-5.0284e-05,5.20252e-06,4.08119e-06,-1.88578e-05,0,0,False,69.0|274,719
1,8|719|sample|10|274,-5.74971e-06,1.79281e-05,3.50637e-05,1.3754e-05,0,0,True,32.0|274,719
1,8|719|sample|11|274,1.11558e-05,-1.32201e-05,4.80304e-05,-1.07113e-06,0,0,True,22.0|274,719
1,8|719|sample|12|274,-2.28099e-06,2.16072e-05,3.9289e-06,-1.10009e-05,0,0,True,22.0|274,719
1,8|719|sample|3|274,9.28948e-06,-9.3978e-06,4.19537e-05,2.36509e-05,0,0,True,55.0|274,719
1,8|719|sample|4|274,1.52562e-05,-1.28448e-06,-5.87995e-06,3.56215e-06,0,0,True,55.0|274,719
1,8|719|sample|5|274,-3.19041e-05,1.77148e-05,1.42203e-05,-1.65674e-05,0,0,True,55.0|274,719
1,8|719|sample|6|274,-3.79693e-05,-6.4595e-06,2.61881e-05,3.51315e-05,0,0,True,55.0|274,719
1,8|719|sample|7|274,1.65638e-05,-2.95412e-05,2.54518e-06,8.30755e-06,0,0,True,32.0|274,719
1,8|719|sample|8|274,2.15503e-05,-1.24241e-05,6.04084e-06,9.24682e-06,0,0,True,32.0|274,719
1,8|719|sample|9|274,1.1133e-05,5.80842e-06,1.1296e-05,1.25566e-05,0,0,True,32.0|274,719
1,8|719|vc|1|2|274,1.40092e-05,1.28601e-06,-3.63925e-05,-1.61954e-05,0,0,False,69.0|274,719
1,8|719|vc|2|2|274,1.34794e-05,2.17535e-05,-2.66598e-05,-1.07835e-05,0,0,False,69.0|274,719
1,8|719|vc|3|2|274,-4.78339e-06,9.38336e-08,5.35633e-05,-1.50933e-05,0,0,False,69.0|274,719
1,8|719|vc|4|2|274,-4.72492e-05,4.38821e-06,2.87847e-05,9.57626e-06,0,0,False,69.0|274,719
1,8|719|vc|5|2|274,-2.71451e-06,3.86429e-06,1.2931e-06,-1.55877e-05,0,0,False,69.0|274,719
1,8|719|vc|6|2|274,-2.48275e-05,-1.04561e-05,-2.92353e-05,-1.06576e-05,0,0,False,69.0|274,719
1,8|719|vc|7|2|274,5.60518e-05,-4.86324e-06,-2.67733e-05,1.51746e-05,0,0,False,69.0|274,719
1,8|719|vc|8|2|274,-3.53195e-05,-1.11938e-05,-6.14347e-06,-4.08224e-06,0,0,False,69.0|274,719
1,8|488|cc|1|1|322,-4.387e-05,-6.68591e-06,-2.49889e-07,1.30459e-05,0,0,False,69.0|322,488
1,8|488|cc|2|1|322,2.04054e-05,2.02972e-05,2.36349e-05,2.90828e-05,0,0,False,69.0|322,488
1,8|488|cc|3|1|322,-1.77746e-06,1.93314e-05,4.28333e-05,-2.18751e-06,0,0,False,69.0|322,488
1,8|488|cc|4|1|322,9.99673e-06,6.98971e-06,2.75854e-07,-1.53807e-05,0,0,False,69.0|322,488
1,8|488|cc|5|1|322,-5.0086e-05,1.17988e-05,3.31919e-05,-3.56343e-05,0,0,False,69.0|322,488
1,8|488|cc|6|1|322,-6.11791e-06,2.6057e-06,-4.692e-06,-1.29698e-06,0,0,False,69.0|322,488
1,8|488|cc|7|1|322,-1.10187e-05,-2.10823e-05,-8.33393e-06,-1.81072e-05,0,0,False,69.0|322,488
1,8|488|cc|8|1|322,1.30638e-05,-2.33963e-06,2.15461e-05,2.24976e-05,0,0,False,69.0|322,488
1,8|488|sample|10|322,8.71843e-06,-4.34394e-07,8.82773e-06,-1.21218e-06,0,0,True,32.0|322,488
1,8|488|sample|11|322,-2.56537e-05,1.01534e-05,-4.60072e-06,5.86622e-07,0,0,True,22.0|322,488
1,8|488|sample|12|322,-2.4222e-07,6.88498e-06,4.32938e-06,1.08697e-06,0,0,True,22.0|322,488
1,8|488|sample|3|322,4.15991e-07,1.69247e-05,-2.47428e-05,-1.77339e-05,0,0,True,55.0|322,488
1,8|488|sample|4|322,2.23238e-05,2.59241e-06,3.61608e-05,1.31677e-05,0,0,True,55.0|322,488
1,8|488|sample|5|322,-1.32467e-06,1.83953e-05,3.52134e-06,-1.56413e-05,0,0,True,55.0|322,488
1,8|488|sample|6|322,1.76043e-05,-9.09245e-06,1.46725e-05,-6.13193e-06,0,0,True,55.0|322,488
1,8|488|sample|7|322,-5.43769e-06,-1.53578e-05,-1.32322e-05,-7.21562e-06,0,0,True,32.0|322,488
1,8|488|sample|8|322,-1.1303e-05,5.14508e-06,-1.17689e-05,1.24263e-05,0,0,True,32.0|322,488
1,8|488|sample|9|322,-1.66915e-05,1.39642e-05,-8.86158e-06,9.75764e-06,0,0,True,32.0|322,488
1,8|488|vc|1|2|322,3.59637e-06,1.03563e-05,8.13998e-06,-2.07086e-05,0,0,False,69.0|322,488
1,8|488|vc|2|2|322,4.16076e-05,1.44135e-05,-1.16442e-05,1.10403e-05,0,0,False,69.0|322,488
1,8|488|vc|3|2|322,6.19228e-06,6.69944e-06,6.45087e-05,-1.38819e-06,0,0,False,69.0|322,488
1,8|488|vc|4|2|322,2.88708e-06,2.20582e-07,2.42767e-05,-6.49971e-06,0,0,False,69.0|322,488
1,8|488|vc|5|2|322,1.6522e-05,-4.03265e-06,4.11487e-06,2.03648e-05,0,0,False,69.0|322,488
1,8|488|vc|6|2|322,-1.68706e-05,-9.78601e-06,1.07863e-06,-1.83356e-06,0,0,False,69.0|322,488
1,8|488|vc|7|2|322,1.59903e-05,1.61281e-05,-1.087e-05,-6.57299e-07,0,0,False,69.0|322,488
1,8|488|vc|8|2|322,2.87067e-05,8.18246e-06,-1.03137e-06,9.36731e-06,0,0,False,69.0|322,488
1,8|847|cc|1|1|69,4.68958e-05,2.87715e-05,2.09225e-06,-1.66253e-05,0,0,False,69.0|69,847
1,8|847|cc|2|1|69,5.31181e-06,-2.11157e-05,-1.75538e-05,1.45545e-05,0,0,False,69.0|69,847
1,8|847|cc|3|1|69,-1.62745e-05,-1.60434e-05,-1.50312e-05,2.30331e-05,0,0,False,69.0|69,847
1,8|847|cc|4|1|69,-1.27647e-05,-2.696e-05,-1.73316e-06,1.29626e-05,0,0,False,69.0|69,847
1,8|847|cc|5|1|69,2.92644e-05,1.39179e-05,-1.34101e-05,-8.45736e-06,0,0,False,69.0|69,847
1,8|847|cc|6|1|69,1.26824e-06,-4.58233e-06,4.38025e-06,-1.1773e-06,0,0,False,69.0|69,847
1,8|847|cc|7|1|69,-2.7298e-05,2.85346e-05,1.61191e-05,-1.03326e-05,0,0,False,69.0|69,847
1,8|847|cc|8|1|69,1.46599e-05,-5.54777e-06,3.06696e-05,2.26588e-05,0,0,False,69.0|69,847
1,8|847|sample|10|69,-2.5204e-06,-6.81726e-08,-1.79035e-05,-9.96907e-06,0,0,True,32.0|69,847
1,8|847|sample|11|69,-2.66275e-06,-2.08717e-05,1.66378e-05,-1.98757e-07,0,0,True,22.0|69,847
1,8|847|sample|12|69,3.61162e-07,-5.43899e-06,1.40563e-05,1.37764e-06,0,0,True,22.0|69,847
1,8|847|sample|3|69,3.89159e-06,-1.30924e-05,-3.9521e-05,6.16245e-06,0,0,True,55.0|69,847
1,8|847|sample|4|69,-3.5966e-06,1.14508e-05,1.12342e-06,1.04056e-05,0,0,True,55.0|69,847
1,8|847|sample|5|69,6.90559e-05,-4.37856e-06,1.47143e-05,-1.16551e-05,0,0,True,55.0|69,847
1,8|847|sample|6|69,1.20721e-05,1.80134e-05,2.2607e-05,-1.49542e-05,0,0,True,55.0|69,847
1,8|847|sample|7|69,1.99475e-05,7.23229e-06,-2.54016e-05,-1.01229e-05,0,0,True,32.0|69,847
1,8|847|sample|8|69,-3.74678e-05,-1.96103e-05,6.69898e-05,1.20453e-05,0,0,True,32.0|69,847
1,8|847|sample|9|69,8.96919e-07,8.32653e-06,1.69473e-05,7.6916e-06,0,0,True,32.0|69,847
1,8|847|vc|1|2|69,-2.9979e-05,-2.09151e-05,-1.08227e-05,1.00602e-05,0,0,False,69.0|69,847
1,8|847|vc|2|2|69,-1.29821e-05,8.57838e-09,-1.39643e-05,1.5538e-05,0,0,False,69.0|69,847
1,8|847|vc|3|2|69,-3.80943e-06,-1.19104e-05,-2.98216e-06,-6.24104e-06,0,0,False,69.0|69,847
1,8|847|vc|4|2|69,3.48416e-06,1.12391e-05,-2.82727e-06,3.33114e-05,0,0,False,69.0|69,847
1,8|847|vc|5|2|69,-1.60816e-05,-6.1109e-06,-2.37642e-05,-2.78658e-06,0,0,False,69.0|69,847
1,8|847|vc|6|2|69,-5.8301e-06,1.51886e-07,3.65346e-05,1.71559e-06,0,0,False,69.0|69,847
1,8|847|vc|7|2|69,1.17932e-05,7.13873e-06,5.78145e-06,2.63891e-05,0,0,False,69.0|69,847
1,8|847|vc|8|2|69,-4.06703e-06,2.19848e-06,2.77402e-05,-5.53725e-06,0,0,False,69.0|69,847
1,8|474|cc|1|1|276,-1.66399e-05,3.71506e-05,-1.03767e-05,-7.61041e-06,0,0,False,69.0|276,474
1,8|474|cc|2|1|276,4.06425e-05,4.78506e-06,-1.25244e-05,-4.52486e-06,0,0,False,69.0|276,474
1,8|474|cc|3|1|276,2.28845e-05,-9.54226e-06,-1.90466e-05,-7.30013e-06,0,0,False,69.0|276,474
1,8|474|cc|4|1|276,-2.19483e-05,-7.83467e-06,-3.71335e-05,-2.21647e-05,0,0,False,69.0|276,474
1,8|474|cc|5|1|276,3.56578e-06,7.86196e-07,8.96367e-06,-3.09574e-06,0,0,False,69.0|276,474
1,8|474|cc|6|1|276,2.07754e-05,-1.77999e-05,-1.2118e-05,-1.88568e-05,0,0,False,69.0|276,474
1,8|474|cc|7|1|276,-2.38617e-06,-1.12553e-05,3.47664e-05,1.9509e-05,0,0,False,69.0|276,474
1,8|474|cc|8|1|276,2.49156e-05,-5.09571e-06,4.62533e-06,6.09481e-06,0,0,False,69.0|276,474
1,8|474|sample|10|276,2.41665e-05,-1.32025e-05,-9.09297e-06,-2.73312e-06,0,0,True,32.0|276,474
1,8|474|sample|11|276,-3.20198e-05,1.79032e-05,1.11403e-05,2.62186e-05,0,0,True,22.0|276,474
1,8|474|sample|12|276,-7.52343e-06,-3.29451e-06,6.87203e-06,2.45477e-05,0,0,True,22.0|276,474
1,8|474|sample|3|276,3.24123e-05,-7.96064e-06,-7.40505e-06,-5.78314e-06,0,0,True,55.0|276,474
1,8|474|sample|4|276,-1.40962e-05,2.32783e-05,-1.37437e-05,1.48784e-05,0,0,True,55.0|276,474
1,8|474|sample|5|276,2.19979e-05,2.63995e-05,-7.37674e-06,9.07624e-08,0,0,True,55.0|276,474
1,8|474|sample|6|276,4.0964e-05,-1.01927e-07,-8.02291e-06,5.38034e-07,0,0,True,55.0|276,474
1,8|474|sample|7|276,4.93586e-06,9.89422e-06,5.2765e-06,-2.12663e-05,0,0,True,32.0|276,474
1,8|474|sample|8|276,4.76626e-06,2.34371e-05,1.27925e-05,1.89642e-05,0,0,True,32.0|276,474
1,8|474|sample|9|276,-2.76752e-06,-1.27553e-05,-1.77928e-05,3.15404e-06,0,0,True,32.0|276,474
1,8|474|vc|1|2|276,6.31944e-06,-1.68553e-05,-4.27175e-05,-2.46451e-07,0,0,False,69.0|276,474
1,8|474|vc|2|2|276,8.0391e-06,5.21078e-07,-1.20936e-05,-4.90464e-06,0,0,False,69.0|276,474
1,8|474|vc|3|2|276,-1.67598e-05,6.19597e-06,3.62167e-05,-2.15476e-05,0,0,False,69.0|276,474
1,8|474|vc|4|2|276,-7.30045e-06,-1.15488e-05,3.60187e-05,-5.21114e-06,0,0,False,69.0|276,474
1,8|474|vc|5|2|276,-4.80499e-07,-1.80805e-05,-2.09084e-05,1.43387e-05,0,0,False,69.0|276,474
1,8|474|vc|6|2|276,1.18083e-05,6.62243e-06,-5.96966e-05,-1.08481e-05,0,0,False,69.0|276,474
1,8|474|vc|7|2|276,-2.77484e-05,8.07516e-06,-1.63218e-05,-2.48823e-05,0,0,False,69.0|276,474
1,8|474|vc|8|2|276,1.56413e-05,1.49443e-06,8.0752e-06,1.59864e-05,0,0,False,69.0|276,474
1,8|462|cc|1|1|292,-7.07471e-06,-1.24309e-05,-1.58152e-05,1.87523e-05,0,0,False,69.0|292,462
1,8|462|cc|2|1|292,-2.10168e-05,5.29788e-06,1.7863e-05,-6.5445e-06,0,0,False,69.0|292,462
1,8|462|cc|3|1|292,-3.24762e-07,-7.5292e-06,-9.33599e-06,7.15935e-06,0,0,False,69.0|292,462
1,8|462|cc|4|1|292,2.38042e-06,-1.3785e-05,4.15235e-06,-6.65952e-06,0,0,False,69.0|292,462
1,8|462|cc|5|1|292,-1.78278e-05,2.86469e-06,-3.47998e-05,1.6239e-05,0,0,False,69.0|292,462
1,8|462|cc|6|1|292,1.07622e-05,2.46218e-05,-3.89483e-06,1.16395e-05,0,0,False,69.0|292,462
1,8|462|cc|7|1|292,2.40934e-05,-2.92544e-05,3.11387e-05,4.37584e-08,0,0,False,69.0|292,462
1,8|462|cc|8|1|292,2.71531e-05,9.28639e-06,2.82804e-05,1.4796e-05,0,0,False,69.0|292,462
1,8|462|sample|10|292,-9.55877e-06,-2.02653e-05,-1.03758e-05,5.53893e-06,0,0,True,32.0|292,462
1,8|462|sample|11|292,-2.36439e-05,-1.21734e-05,-2.64172e-05,2.47139e-05,0,0,True,22.0|292,462
1,8|462|sample|12|292,2.6794e-05,-1.90485e-05,-9.27348e-06,-3.46683e-06,0,0,True,22.0|292,462
1,8|462|sample|3|292,-3.70635e-06,-2.83663e-05,2.69783e-05,-2.46935e-05,0,0,True,55.0|292,462
1,8|462|sample|4|292,3.73552e-05,-1.92398e-05,6.97061e-06,6.36615e-06,0,0,True,55.0|292,462
1,8|462|sample|5|292,3.33518e-05,-3.6329e-05,-4.44077e-05,-7.97336e-06,0,0,True,55.0|292,462
1,8|462|sample|6|292,2.31824e-05,-1.11896e-05,-1.46469e-05,2.43805e-05,0,0,True,55.0|292,462
1,8|462|sample|7|292,4.64575e-05,1.08184e-05,-2.58567e-10,-1.43561e-05,0,0,True,32.0|292,462
1,8|462|sample|8|292,-5.86817e-05,1.57146e-05,1.60824e-05,-2.36382e-06,0,0,True,32.0|292,462
1,8|462|sample|9|292,-1.031e-06,-1.144e-05,-1.36839e-05,-2.24349e-05,0,0,True,32.0|292,462
1,8|462|vc|1|2|292,4.05302e-06,1.38238e-05,-2.07914e-05,4.65376e-07,0,0,False,69.0|292,462
1,8|462|vc|2|2|292,-1.42977e-05,2.06292e-07,-9.37279e-06,2.28769e-05,0,0,False,69.0|292,462
1,8|462|vc|3|2|292,-1.705e-05,-8.86677e-06,-1.46935e-05,1.65478e-05,0,0,False,69.0|292,462
1,8|462|vc|4|2|292,-2.99111e-05,-8.09735e-06,-1.21635e-05,2.09937e-06,0,0,False,69.0|292,462
1,8|462|vc|5|2|292,1.03714e-05,5.49644e-06,-1.38262e-05,5.38268e-07,0,0,False,69.0|292,462
1,8|462|vc|6|2|292,-9.14378e-06,3.96676e-06,-2.65218e-05,1.71966e-05,0,0,False,69.0|292,462
1,8|462|vc|7|2|292,1.24033e-05,3.88729e-06,1.4137e-05,6.90857e-06,0,0,False,69.0|292,462
1,8|462|vc|8|2|292,-7.24733e-06,-1.70337e-05,-5.17921e-07,4.98372e-06,0,0,False,69.0|292,462
1,8|75|cc|1|1|65,-8.06002e-07,2.48237e-06,-2.17216e-05,1.46229e-05,0,0,False,69.0|65,75
1,8|75|cc|2|1|65,-1.15602e-05,9.92703e-07,-5.65963e-06,-4.20687e-06,0,0,False,69.0|65,75
1,8|75|cc|3|1|65,-4.45424e-05,4.98421e-06,-1.29795e-05,-4.46211e-06,0,0,False,69.0|65,75
1,8|75|cc|4|1|65,-1.33935e-05,1.93214e-06,8.91196e-06,-1.23663e-05,0,0,False,69.0|65,75
1,8|75|cc|5|1|65,7.81644e-06,-1.88686e-06,3.25699e-06,-2.65532e-06,0,0,False,69.0|65,75
1,8|75|cc|6|1|65,-2.06564e-06,-3.3048e-06,-1.99983e-05,-2.01797e-05,0,0,False,69.0|65,75
1,8|75|cc|7|1|65,4.56804e-05,-5.42855e-07,-5.37672e-05,1.27345e-05,0,0,False,69.0|65,75
1,8|75|cc|8|1|65,-2.56884e-05,4.34673e-06,-2.30439e-05,-1.27371e-05,0,0,False,69.0|65,75
1,8|75|sample|10|65,8.58925e-06,-1.66847e-05,-7.84344e-06,2.67431e-05,0,0,True,32.0|65,75
1,8|75|sample|11|65,-1.89622e-06,-2.15808e-06,1.70391e-06,-9.0071e-06,0,0,True,22.0|65,75
1,8|75|sample|12|65,-4.66416e-06,9.12995e-06,1.94515e-05,-1.38626e-05,0,0,True,22.0|65,75
1,8|75|sample|3|65,2.68815e-06,2.49525e-06,-5.53079e-05,1.12559e-05,0,0,True,55.0|65,75
1,8|75|sample|4|65,1.71211e-05,1.27199e-05,-4.22094e-07,1.18811e-05,0,0,True,55.0|65,75
1,8|75|sample|5|65,1.42995e-05,-7.62445e-06,-1.76002e-05,-1.2523e-05,0,0,True,55.0|65,75
1,8|75|sample|6|65,2.7879e-05,-3.01358e-05,-8.3478e-06,-4.59874e-06,0,0,True,55.0|65,75
1,8|75|sample|7|65,-2.95778e-05,2.49946e-06,-9.91698e-06,-1.15625e-05,0,0,True,32.0|65,75
1,8|75|sample|8|65,2.11482e-05,9.96645e-06,-3.41375e-06,1.6276e-05,0,0,True,32.0|65,75
1,8|75|sample|9|65,-3.90117e-05,-6.26239e-06,4.40504e-05,1.48578e-05,0,0,True,32.0|65,75
1,8|75|vc|1|2|65,-4.08908e-05,-4.83727e-06,1.98831e-05,-1.15807e-05,0,0,False,69.0|65,75
1,8|75|vc|2|2|65,3.91187e-06,2.54672e-05,-2.66513e-06,1.7203e-06,0,0,False,69.0|65,75
1,8|75|vc|3|2|65,1.46523e-05,-1.11037e-06,-2.45054e-05,8.76607e-06,0,0,False,69.0|65,75
1,8|75|vc|4|2|65,9.24676e-06,8.66077e-06,3.49373e-05,-5.92953e-06,0,0,False,69.0|65,75
1,8|75|vc|5|2|65,1.63639e-06,-4.6198e-06,4.54707e-06,-9.99149e-06,0,0,False,69.0|65,75
1,8|75|vc|6|2|65,1.86441e-05,-1.77527e-05,3.16653e-05,6.23376e-06,0,0,False,69.0|65,75
1,8|75|vc|7|2|65,-2.00735e-05,1.41331e-05,5.23404e-06,-7.59132e-06,0,0,False,69.0|65,75
1,8|75|vc|8|2|65,1.13712e-05,9.79956e-06,-3.14489e-05,-2.04122e-05,0,0,False,69.0|65,75
1,8|291|cc|1|1|103,2.97343e-05,1.55597e-05,-2.09061e-05,1.51242e-05,0,0,False,69.0|103,291
1,8|291|cc|2|1|103,2.88289e-05,3.25496e-06,6.0551e-05,-5.67665e-06,0,0,False,69.0|103,291
1,8|291|cc|3|1|103,-1.32594e-05,1.47122e-05,5.22768e-06,-1.3473e-05,0,0,False,69.0|103,291
1,8|291|cc|4|1|103,1.54773e-05,-1.11549e-05,-2.20013e-05,1.07181e-05,0,0,False,69.0|103,291
1,8|291|cc|5|1|103,1.47644e-05,8.65124e-06,-5.74393e-05,2.20286e-05,0,0,False,69.0|103,291
1,8|291|cc|6|1|103,5.48474e-06,-2.7503e-06,5.88139e-05,-5.61052e-06,0,0,False,69.0|103,291
1,8|291|cc|7|1|103,4.07255e-05,-1.48206e-05,1.28335e-05,6.91473e-06,0,0,False,69.0|103,291
1,8|291|cc|8|1|103,-6.4921e-06,-2.49722e-06,-1.2431e-05,2.0107e-08,0,0,False,69.0|103,291
1,8|291|sample|10|103,-2.06464e-05,8.29133e-06,4.65036e-05,2.95286e-07,0,0,True,32.0|103,291
1,8|291|sample|11|103,2.21554e-05,-4.80615e-06,-2.51658e-05,1.09397e-05,0,0,True,22.0|103,291
1,8|291|sample|12|103,3.77001e-05,1.30088e-05,1.08221e-05,-3.1101e-06,0,0,True,22.0|103,291
1,8|291|sample|3|103,2.69062e-07,1.43888e-06,-4.24877e-05,-6.44432e-06,0,0,True,55.0|103,291
1,8|291|sample|4|103,2.06648e-05,-6.38408e-06,8.9283e-06,-6.89095e-06,0,0,True,55.0|103,291
1,8|291|sample|5|103,3.00459e-05,-2.2616e-05,1.63843e-05,6.819e-06,0,0,True,55.0|103,291
1,8|291|sample|6|103,-6.10827e-05,8.01983e-06,8.50284e-07,-7.35401e-07,0,0,True,55.0|103,291
1,8|291|sample|7|103,3.04653e-06,1.73645e-05,-1.53535e-05,-2.02312e-08,0,0,True,32.0|103,291
1,8|291|sample|8|103,-3.60787e-08,6.76092e-06,-2.8467e-05,-4.76761e-06,0,0,True,32.0|103,291
1,8|291|sample|9|103,1.29624e-05,4.14408e-06,-2.39245e-05,3.35309e-05,0,0,True,32.0|103,291
1,8|291|vc|1|2|103,-2.70135e-05,4.0792e-05,-1.15993e-05,1.11e-05,0,0,False,69.0|103,291
1,8|291|vc|2|2|103,5.00933e-05,-1.44762e-05,9.80697e-06,1.58516e-05,0,0,False,69.0|103,291
1,8|291|vc|3|2|103,1.29958e-05,-1.60633e-05,-2.58378e-05,-1.73626e-05,0,0,False,69.0|103,291
1,8|291|vc|4|2|103,-2.0301e-05,3.83196e-05,8.93546e-06,2.56308e-05,0,0,False,69.0|103,291
1,8|291|vc|5|2|103,4.32165e-06,-5.69319e-06,2.84104e-05,2.20654e-05,0,0,False,69.0|103,291
1,8|291|vc|6|2|103,-2.70232e-05,1.51054e-05,4.77712e-05,2.95192e-05,0,0,False,69.0|103,291
1,8|291|vc|7|2|103,4.38774e-05,1.37016e-05,1.12586e-05,2.15132e-06,0,0,False,69.0|103,291
1,8|291|vc|8|2|103,1.19991e-05,2.029e-05,3.06408e-05,2.7737e-06,0,0,False,69.0|103,291
1,8|77|cc|1|1|218,-2.30544e-05,2.71516e-06,-1.73631e-05,-3.8241e-06,0,0,False,69.0|218,77
1,8|77|cc|2|1|218,-1.80023e-05,1.96403e-05,8.84758e-06,-6.18446e-06,0,0,False,69.0|218,77
1,8|77|cc|3|1|218,-1.75703e-05,8.11198e-06,2.57705e-05,1.68399e-05,0,0,False,69.0|218,77
1,8|77|cc|4|1|218,-2.71525e-05,-5.65973e-06,8.95291e-06,1.2645e-05,0,0,False,69.0|218,77
1,8|77|cc|5|1|218,-3.1718e-05,-7.28292e-06,-3.94399e-05,1.59057e-05,0,0,False,69.0|218,77
1,8|77|cc|6|1|218,2.64155e-05,1.75593e-05,-2.37734e-06,1.66185e-05,0,0,False,69.0|218,77
1,8|77|cc|7|1|218,-1.79227e-05,-3.27111e-05,-3.95926e-05,1.85631e-05,0,0,False,69.0|218,77
1,8|77|cc|8|1|218,9.85608e-06,3.48986e-05,-3.13849e-05,1.09228e-05,0,0,False,69.0|218,77
1,8|77|sample|10|218,2.79128e-06,1.68711e-05,-2.97862e-05,1.18705e-05,0,0,True,32.0|218,77
1,8|77|sample|11|218,2.39625e-05,-8.15624e-06,1.10664e-05,1.30613e-06,0,0,True,22.0|218,77
1,8|77|sample|12|218,6.23219e-06,-1.60189e-05,2.00287e-05,-1.89065e-05,0,0,True,22.0|218,77
1,8|77|sample|3|218,-9.4658e-06,-2.12426e-05,-1.11731e-05,-8.51901e-06,0,0,True,55.0|218,77
1,8|77|sample|4|218,6.72714e-06,5.03609e-06,-2.25028e-05,1.36258e-05,0,0,True,55.0|218,77
1,8|77|sample|5|218,1.59193e-05,-1.42494e-05,-2.16225e-05,-9.79048e-06,0,0,True,55.0|218,77
1,8|77|sample|6|218,-1.38394e-06,-2.82414e-06,3.25496e-05,2.06674e-06,0,0,True,55.0|218,77
1,8|77|sample|7|218,3.61284e-05,4.94913e-06,-1.22105e-05,2.84943e-06,0,0,True,32.0|218,77
1,8|77|sample|8|218,-1.79762e-05,1.24125e-05,-2.78579e-05,-4.43884e-06,0,0,True,32.0|218,77
1,8|77|sample|9|218,-6.84091e-06,1.23658e-05,-2.15133e-05,-1.63138e-06,0,0,True,32.0|218,77
1,8|77|vc|1|2|218,-4.02536e-05,9.19128e-06,2.62854e-05,-4.74574e-06,0,0,False,69.0|218,77
1,8|77|vc|2|2|218,1.93837e-05,9.43868e-06,6.72706e-06,5.89541e-06,0,0,False,69.0|218,77
1,8|77|vc|3|2|218,-3.60511e-05,4.86784e-06,-1.25585e-05,-8.09904e-06,0,0,False,69.0|218,77
1,8|77|vc|4|2|218,-5.25388e-05,-7.88883e-06,1.02946e-06,2.57331e-05,0,0,False,69.0|218,77
1,8|77|vc|5|2|218,1.1715e-05,1.32323e-06,-1.55307e-05,-9.5246e-06,0,0,False,69.0|218,77
1,8|77|vc|6|2|218,-1.22324e-05,-6.95175e-07,-2.07218e-05,-1.65195e-06,0,0,False,69.0|218,77
1,8|77|vc|7|2|218,-7.10071e-06,1.49192e-05,-2.42623e-05,4.74507e-06,0,0,False,69.0|218,77
1,8|77|vc|8|2|218,1.1091e-05,-2.2132e-05,1.79905e-05,-9.04745e-06,0,0,False,69.0|218,77
1,8|322|cc|1|1|174,-3.76488e-05,-6.59097e-06,-1.28162e-05,-1.91933e-05,0,0,False,69.0|174,322
1,8|322|cc|2|1|174,-2.93172e-05,6.73908e-06,3.05413e-05,-2.22185e-06,0,0,False,69.0|174,322
1,8|322|cc|3|1|174,-1.08629e-05,6.21892e-06,2.78615e-05,2.30884e-06,0,0,False,69.0|174,322
1,8|322|cc|4|1|174,1.56059e-05,1.82657e-05,-1.50618e-05,-1.09354e-05,0,0,False,69.0|174,322
1,8|322|cc|5|1|174,1.75228e-06,1.48213e-05,-4.40435e-06,-9.29925e-07,0,0,False,69.0|174,322
1,8|322|cc|6|1|174,-1.86302e-05,-6.29543e-07,-1.17015e-06,-7.90006e-06,0,0,False,69.0|174,322
1,8|322|cc|7|1|174,1.60599e-06,8.67369e-06,8.1764e-06,-9.61573e-06,0,0,False,69.0|174,322
1,8|322|cc|8|1|174,2.10658e-06,1.89047e-05,-1.77283e-07,1.05663e-05,0,0,False,69.0|174,322
1,8|322|sample|10|174,9.24241e-06,-1.69362e-06,-2.6483e-05,-1.82641e-05,0,0,True,32.0|174,322
1,8|322|sample|11|174,1.30406e-05,-2.16834e-05,4.15816e-05,2.22741e-05,0,0,True,22.0|174,322
1,8|322|sample|12|174,-2.62081e-06,1.34613e-05,-5.24158e-06,-9.95537e-06,0,0,True,22.0|174,322
1,8|322|sample|3|174,-2.94959e-05,-8.88421e-06,3.98175e-06,1.69676e-05,0,0,True,55.0|174,322
1,8|322|sample|4|174,1.77251e-05,8.74269e-06,-1.79621e-05,1.3917e-05,0,0,True,55.0|174,322
1,8|322|sample|5|174,2.63176e-05,7.71967e-06,1.00896e-05,-2.28826e-06,0,0,True,55.0|174,322
1,8|322|sample|6|174,-8.86683e-07,-2.47952e-05,1.89243e-05,-3.33025e-05,0,0,True,55.0|174,322
1,8|322|sample|7|174,-2.20202e-05,7.87189e-06,1.9559e-05,-2.88778e-06,0,0,True,32.0|174,322
1,8|322|sample|8|174,1.91332e-05,1.09203e-05,1.43802e-05,4.85525e-06,0,0,True,32.0|174,322
1,8|322|sample|9|174,-4.99501e-06,-2.41406e-05,4.89408e-05,-5.93574e-06,0,0,True,32.0|174,322
1,8|322|vc|1|2|174,4.58864e-06,-1.01564e-05,-2.79613e-05,-7.75756e-06,0,0,False,69.0|174,322
1,8|322|vc|2|2|174,-1.60832e-05,2.68928e-05,1.51828e-05,1.30788e-05,0,0,False,69.0|174,322
1,8|322|vc|3|2|174,-9.54411e-07,-1.99215e-05,8.59313e-06,6.51322e-06,0,0,False,69.0|174,322
1,8|322|vc|4|2|174,-3.30568e-05,-9.66566e-06,-1.85748e-05,8.95475e-06,0,0,False,69.0|174,322
1,8|322|vc|5|2|174,1.33434e-06,3.11272e-06,5.63643e-05,-8.75606e-06,0,0,False,69.0|174,322
1,8|322|vc|6|2|174,-1.00286e-05,-6.19318e-06,2.55321e-05,-1.29146e-07,0,0,False,69.0|174,322
1,8|322|vc|7|2|174,2.63931e-05,2.00932e-05,-1.44952e-05,8.42423e-06,0,0,False,69.0|174,322
1,8|322|vc|8|2|174,1.95662e-05,1.0673e-06,-3.03175e-05,1.36107e-05,0,0,False,69.0|174,322
1,8|963|cc|1|1|319,2.00766e-06,-2.10235e-05,3.6156e-05,-3.74794e-06,0,0,False,69.0|319,963
1,8|963|cc|2|1|319,2.48981e-05,-8.5752e-06,-2.60151e-05,-1.47186e-05,0,0,False,69.0|319,963
1,8|963|cc|3|1|319,-1.50377e-06,2.58529e-05,5.14754e-06,-1.88127e-05,0,0,False,69.0|319,963
1,8|963|cc|4|1|319,2.08754e-05,2.45494e-07,-1.33712e-05,1.43671e-05,0,0,False,69.0|319,963
1,8|963|cc|5|1|319,-2.79143e-05,2.31718e-05,1.05792e-05,4.91037e-06,0,0,False,69.0|319,963
1,8|963|cc|6|1|319,-1.01908e-05,-9.02869e-06,-3.8084e-05,-1.16509e-05,0,0,False,69.0|319,963
1,8|963|cc|7|1|319,2.51936e-05,-2.2662e-05,-1.56689e-05,1.04827e-05,0,0,False,69.0|319,963
1,8|963|cc|8|1|319,1.79463e-06,1.23345e-05,-2.85142e-05,7.78194e-06,0,0,False,69.0|319,963
1,8|963|sample|10|319,1.15457e-06,-6.41411e-06,-1.67179e-05,-4.97596e-06,0,0,True,32.0|319,963
1,8|963|sample|11|319,-4.09461e-05,-6.3071e-06,-9.4031e-06,-1.30747e-06,0,0,True,22.0|319,963
1,8|963|sample|12|319,-3.44936e-06,5.95415e-06,4.33638e-05,-1.01712e-05,0,0,True,22.0|319,963
1,8|963|sample|3|319,-1.57339e-05,2.59316e-06,-4.94553e-06,-1.48999e-06,0,0,True,55.0|319,963
1,8|963|sample|4|319,2.1183e-05,-1.91654e-05,-1.22262e-05,1.34394e-06,0,0,True,55.0|319,963
1,8|963|sample|5|319,-1.75148e-05,-8.62243e-07,4.77121e-06,-6.4919e-06,0,0,True,55.0|319,963
1,8|963|sample|6|319,-2.24093e-05,-1.76541e-05,-5.57006e-05,5.02409e-06,0,0,True,55.0|319,963
1,8|963|sample|7|319,-9.75333e-06,-3.67393e-06,4.377e-07,-3.01977e-07,0,0,True,32.0|319,963
1,8|963|sample|8|319,-4.50984e-05,8.1517e-06,-4.16906e-06,-1.9738e-05,0,0,True,32.0|319,963
1,8|963|sample|9|319,-1.11816e-05,1.07065e-05,-6.5398e-06,7.67744e-06,0,0,True,32.0|319,963
1,8|963|vc|1|2|319,2.5118e-05,2.11276e-05,2.20398e-06,-2.1873e-05,0,0,False,69.0|319,963
1,8|963|vc|2|2|319,4.8691e-05,3.94148e-06,-2.38594e-05,1.93953e-05,0,0,False,69.0|319,963
1,8|963|vc|3|2|319,-1.66502e-05,2.28715e-05,-1.16839e-05,-4.42734e-06,0,0,False,69.0|319,963
1,8|963|vc|4|2|319,1.36407e-05,-8.20918e-06,1.10956e-05,-7.01402e-06,0,0,False,69.0|319,963
1,8|963|vc|5|2|319,9.17609e-07,-6.73598e-06,3.96422e-06,-1.44432e-05,0,0,False,69.0|319,963
1,8|963|vc|6|2|319,-5.57695e-06,3.37372e-07,9.7663e-06,-1.34351e-05,0,0,False,69.0|319,963
1,8|963|vc|7|2|319,6.16629e-05,4.5301e-06,-2.85798e-06,-8.06277e-06,0,0,False,69.0|319,963
1,8|963|vc|8|2|319,1.0219e-05,1.50691e-05,-2.04258e-05,9.75332e-06,0,0,False,69.0|319,963
1,8|1241|cc|1|1|69,3.1828e-05,-9.39711e-06,9.88312e-06,-3.14583e-06,0,0,False,69.0|69,1241
1,8|1241|cc|2|1|69,1.77986e-05,-2.43208e-05,1.20223e-05,-1.01098e-05,0,0,False,69.0|69,1241
1,8|1241|cc|3|1|69,2.48182e-05,-1.84039e-05,2.69832e-05,4.60951e-06,0,0,False,69.0|69,1241
1,8|1241|cc|4|1|69,-1.77915e-05,9.87974e-06,1.92625e-07,-5.92818e-06,0,0,False,69.0|69,1241
1,8|1241|cc|5|1|69,-6.27701e-05,1.63697e-05,1.57818e-05,1.75342e-05,0,0,False,69.0|69,1241
1,8|1241|cc|6|1|69,1.78331e-05,-3.92909e-06,3.38034e-05,3.99964e-06,0,0,False,69.0|69,1241
1,8|1241|cc|7|1|69,-2.31103e-05,-1.32246e-05,1.21183e-05,-4.18407e-06,0,0,False,69.0|69,1241
1,8|1241|cc|8|1|69,1.8818e-05,1.36195e-05,2.40466e-05,3.76431e-07,0,0,False,69.0|69,1241
1,8|1241|sample|3|69,-3.39464e-06,-3.77228e-06,-3.00713e-05,-3.03475e-06,0,0,True,22.0|69,1241
1,8|1241|sample|4|69,2.34511e-05,-2.91212e-06,-5.68366e-06,1.9433e-05,0,0,True,22.0|69,1241
1,8|1241|sample|8|69,-7.07303e-06,3.22998e-05,1.69541e-05,-6.84098e-06,0,0,True,22.0|69,1241
1,8|1241|vc|1|2|69,9.39912e-06,-1.51185e-05,-3.61612e-05,-2.91775e-05,0,0,False,69.0|69,1241
1,8|1241|vc|2|2|69,1.51849e-06,1.74817e-05,-1.1749e-05,7.06191e-06,0,0,False,69.0|69,1241
1,8|1241|vc|3|2|69,1.16418e-05,-1.46384e-05,6.27359e-07,-1.86969e-05,0,0,False,69.0|69,1241
1,8|1241|vc|4|2|69,-3.06777e-05,-2.33409e-05,-1.10047e-05,-9.00318e-06,0,0,False,69.0|69,1241
1,8|1241|vc|5|2|69,-4.87767e-06,-2.70316e-05,-1.52209e-05,-1.29213e-05,0,0,False,69.0|69,1241
1,8|1241|vc|6|2|69,2.23479e-05,-2.36401e-05,-2.88349e-05,1.56243e-05,0,0,False,69.0|69,1241
1,8|1241|vc|7|2|69,3.09076e-05,2.45388e-05,-3.32433e-06,-1.54366e-06,0,0,False,69.0|69,1241
1,8|1241|vc|8|2|69,7.82183e-06,-3.57592e-06,-1.18832e-05,-2.6218e-06,0,0,False,69.0|69,1241
1,8|1056|cc|1|1|276,5.213e-06,2.85582e-06,7.04208e-06,-1.81305e-05,0,0,False,69.0|276,1056
1,8|1056|cc|2|1|276,-1.42633e-05,5.06234e-06,1.16107e-05,6.01374e-06,0,0,False,69.0|276,1056
1,8|1056|cc|3|1|276,4.24658e-06,9.31225e-06,2.02827e-06,-1.92445e-06,0,0,False,69.0|276,1056
1,8|1056|cc|4|1|276,1.08265e-05,1.35014e-05,-1.33833e-05,3.38966e-06,0,0,False,69.0|276,1056
1,8|1056|cc|5|1|276,-1.37151e-06,1.52993e-05,7.10914e-06,8.21524e-06,0,0,False,69.0|276,1056
1,8|1056|cc|6|1|276,-2.23367e-05,-1.3861e-05,-3.93161e-05,-1.50718e-05,0,0,False,69.0|276,1056
1,8|1056|cc|7|1|276,2.56895e-05,3.12168e-06,1.57698e-06,-1.7269e-05,0,0,False,69.0|276,1056
1,8|1056|cc|8|1|276,-3.80605e-05,4.29907e-06,1.96106e-06,1.21072e-05,0,0,False,69.0|276,1056
1,8|1056|sample|3|276,-3.29546e-05,-1.28938e-05,2.80873e-05,1.14658e-05,0,0,True,22.0|276,1056
1,8|1056|sample|4|276,-1.66998e-05,-1.38114e-05,8.19633e-06,1.5402e-06,0,0,True,22.0|276,1056
1,8|1056|vc|1|2|276,1.04638e-05,-3.19889e-05,-2.01901e-05,-1.10285e-05,0,0,False,69.0|276,1056
1,8|1056|vc|2|2|276,-1.72781e-05,-9.76752e-06,1.49577e-05,-2.86926e-06,0,0,False,69.0|276,1056
1,8|1056|vc|3|2|276,-1.49842e-05,-1.88636e-05,-1.43077e-05,1.60336e-05,0,0,False,69.0|276,1056
1,8|1056|vc|4|2|276,-3.33877e-05,-6.30958e-06,1.91698e-05,1.68761e-05,0,0,False,69.0|276,1056
1,8|1056|vc|5|2|276,-2.88686e-05,-5.36472e-06,4.10263e-06,-2.72992e-05,0,0,False,69.0|276,1056
1,8|1056|vc|6|2|276,-3.09751e-06,2.45279e-06,-1.61145e-05,5.50348e-06,0,0,False,69.0|276,1056
1,8|1056|vc|7|2|276,-2.16622e-05,1.1973e-05,2.84349e-05,-2.44509e-05,0,0,False,69.0|276,1056
1,8|1056|vc|8|2|276,-2.81523e-05,-8.41803e-06,2.85181e-05,-2.57693e-07,0,0,False,69.0|276,1056
1,8|1159|cc|1|1|292,-3.97321e-05,4.10677e-05,2.04382e-05,-8.43307e-06,0,0,False,69.0|292,1159
1,8|1159|cc|2|1|292,2.14701e-05,-9.70032e-06,3.05542e-05,3.05529e-06,0,0,False,69.0|292,1159
1,8|1159|cc|3|1|292,-1.03988e-05,-9.68766e-06,-2.14011e-05,-5.80082e-06,0,0,False,69.0|292,1159
1,8|1159|cc|4|1|292,-9.91687e-06,7.95762e-06,-5.09679e-06,2.0531e-05,0,0,False,69.0|292,1159
1,8|1159|cc|5|1|292,2.43243e-05,-6.97134e-06,2.65074e-05,3.40414e-06,0,0,False,69.0|292,1159
1,8|1159|cc|6|1|292,4.21069e-05,1.37431e-05,-2.51963e-06,6.38915e-06,0,0,False,69.0|292,1159
1,8|1159|cc|7|1|292,-2.66911e-05,2.88262e-06,-1.42661e-08,4.74527e-05,0,0,False,69.0|292,1159
1,8|1159|cc|8|1|292,-1.06455e-05,-3.9174e-06,4.19437e-05,-1.65904e-05,0,0,False,69.0|292,1159
1,8|1159|sample|3|292,-1.26658e-05,-1.16408e-05,-7.37159e-06,-3.24175e-06,0,0,True,22.0|292,1159
1,8|1159|sample|4|292,5.42389e-05,1.68568e-05,1.27888e-05,-1.08922e-05,0,0,True,22.0|292,1159
1,8|1159|vc|1|2|292,2.28529e-05,-1.76003e-05,-1.53467e-05,1.87396e-05,0,0,False,69.0|292,1159
1,8|1159|vc|2|2|292,-3.40555e-05,4.84568e-07,6.82078e-07,1.03682e-05,0,0,False,69.0|292,1159
1,8|1159|vc|3|2|292,5.55495e-05,6.48015e-06,-4.70773e-06,-1.75008e-06,0,0,False,69.0|292,1159
1,8|1159|vc|4|2|292,-1.37122e-05,5.54736e-06,-2.5694e-05,7.1806e-06,0,0,False,69.0|292,1159
1,8|1159|vc|5|2|292,3.99524e-06,1.66795e-05,-2.47662e-06,1.97805e-05,0,0,False,69.0|292,1159
1,8|1159|vc|6|2|292,-6.5778e-06,4.37093e-06,-5.79926e-06,-2.30546e-06,0,0,False,69.0|292,1159
1,8|1159|vc|7|2|292,-1.59859e-05,1.77409e-06,3.57624e-06,-5.2532e-06,0,0,False,69.0|292,1159
1,8|1159|vc|8|2|292,3.30523e-07,1.01054e-05,-6.50455e-06,1.86333e-05,0,0,False,69.0|292,1159
1,8|1017|cc|1|1|65,9.78058e-06,1.56073e-05,-3.86785e-05,2.05118e-07,0,0,False,69.0|65,1017
1,8|1017|cc|2|1|65,-1.92842e-05,1.43023e-05,-2.68254e-05,-1.81894e-05,0,0,False,69.0|65,1017
1,8|1017|cc|3|1|65,2.6885e-05,-2.32755e-05,-1.72397e-05,3.51567e-06,0,0,False,69.0|65,1017
1,8|1017|cc|4|1|65,-1.86821e-05,-1.04704e-05,-7.91795e-06,-8.44761e-07,0,0,False,69.0|65,1017
1,8|1017|cc|5|1|65,2.17383e-05,1.78113e-05,3.38953e-06,3.79342e-06,0,0,False,69.0|65,1017
1,8|1017|cc|6|1|65,-1.52247e-05,1.1178e-05,1.29789e-05,2.10561e-05,0,0,False,69.0|65,1017
1,8|1017|cc|7|1|65,-2.76789e-06,-4.40552e-06,6.78461e-06,4.84464e-06,0,0,False,69.0|65,1017
1,8|1017|cc|8|1|65,-6.72321e-06,-1.11594e-05,-2.40848e-05,-1.88679e-05,0,0,False,69.0|65,1017
1,8|1017|sample|3|65,2.72043e-06,9.09021e-07,1.7064e-05,1.59453e-05,0,0,True,22.0|65,1017
1,8|1017|sample|4|65,-4.31872e-06,-7.217e-06,1.13986e-05,5.34193e-06,0,0,True,22.0|65,1017
1,8|1017|sample|8|65,-4.9106e-06,1.40321e-05,2.41868e-05,1.90836e-05,0,0,True,22.0|65,1017
1,8|1017|vc|1|2|65,-2.25458e-05,2.34552e-05,-8.06033e-06,-3.58607e-06,0,0,False,69.0|65,1017
1,8|1017|vc|2|2|65,1.71737e-05,-1.35569e-05,-3.59208e-05,-1.72878e-05,0,0,False,69.0|65,1017
1,8|1017|vc|3|2|65,8.37522e-06,-9.82553e-06,-2.2644e-05,2.80107e-05,0,0,False,69.0|65,1017
1,8|1017|vc|4|2|65,2.0879e-05,2.67468e-05,3.0941e-05,5.37945e-06,0,0,False,69.0|65,1017
1,8|1017|vc|5|2|65,3.11414e-05,9.35092e-06,1.61851e-05,-4.94318e-06,0,0,False,69.0|65,1017
1,8|1017|vc|6|2|65,3.86158e-05,-4.73281e-06,4.53917e-06,-1.07167e-05,0,0,False,69.0|65,1017
1,8|1017|vc|7|2|65,-1.2677e-05,1.88282e-05,-9.66039e-06,-3.00227e-05,0,0,False,69.0|65,1017
1,8|1017|vc|8|2|65,-1.49481e-05,1.40919e-05,3.75488e-05,5.62381e-06,0,0,False,69.0|65,1017
1,8|1197|cc|1|1|103,-2.25269e-05,1.41495e-06,4.15541e-05,-3.08736e-05,0,0,False,69.0|103,1197
1,8|1197|cc|2|1|103,-3.6298e-05,5.26556e-06,2.25924e-05,1.11017e-05,0,0,False,69.0|103,1197
1,8|1197|cc|3|1|103,2.8342e-07,-9.47178e-06,2.36537e-05,-5.29104e-07,0,0,False,69.0|103,1197
1,8|1197|cc|4|1|103,1.35958e-06,2.39118e-05,2.67881e-05,-2.5679e-05,0,0,False,69.0|103,1197
1,8|1197|cc|5|1|103,1.99409e-06,2.36083e-06,-1.51584e-05,2.99606e-05,0,0,False,69.0|103,1197
1,8|1197|cc|6|1|103,-1.52352e-05,1.65188e-05,1.34073e-06,3.16169e-06,0,0,False,69.0|103,1197
1,8|1197|cc|7|1|103,-9.42707e-06,4.28317e-06,-4.1419e-05,4.43668e-06,0,0,False,69.0|103,1197
1,8|1197|cc|8|1|103,2.21734e-05,1.0955e-05,-1.81092e-05,-1.60133e-05,0,0,False,69.0|103,1197
1,8|1197|sample|3|103,-2.75433e-05,5.73305e-06,-6.40269e-06,2.60597e-05,0,0,True,22.0|103,1197
1,8|1197|sample|4|103,-8.35271e-06,2.25256e-05,1.36363e-05,3.54219e-06,0,0,True,22.0|103,1197
1,8|1197|vc|1|2|103,3.71366e-05,3.1182e-05,3.07275e-05,1.18462e-05,0,0,False,69.0|103,1197
1,8|1197|vc|2|2|103,4.0868e-05,-1.03965e-05,2.25839e-05,1.79982e-05,0,0,False,69.0|103,1197
1,8|1197|vc|3|2|103,-3.88796e-05,1.10244e-06,-1.726e-05,-1.85678e-07,0,0,False,69.0|103,1197
1,8|1197|vc|4|2|103,1.17952e-05,1.40615e-05,3.09453e-05,6.15622e-06,0,0,False,69.0|103,1197
1,8|1197|vc|5|2|103,2.82857e-05,1.96249e-05,2.22088e-05,1.26125e-05,0,0,False,69.0|103,1197
1,8|1197|vc|6|2|103,-1.03282e-05,5.96966e-06,3.07817e-05,-1.60733e-05,0,0,False,69.0|103,1197
1,8|1197|vc|7|2|103,4.81485e-05,1.21452e-05,-1.00276e-06,-1.45478e-05,0,0,False,69.0|103,1197
1,8|1197|vc|8|2|103,2.07505e-05,5.96168e-06,2.80553e-05,-8.02719e-06,0,0,False,69.0|103,1197
1,8|745|cc|1|1|218,-8.91618e-06,-1.20561e-05,3.10075e-05,-7.61453e-06,0,0,False,69.0|218,745
1,8|745|cc|2|1|218,3.65141e-05,-2.12813e-06,3.92208e-05,9.08696e-06,0,0,False,69.0|218,745
1,8|745|cc|3|1|218,1.95617e-07,-9.58911e-06,-1.35948e-06,-4.87325e-06,0,0,False,69.0|218,745
1,8|745|cc|4|1|218,-1.27225e-05,-2.50111e-05,2.15305e-05,1.29352e-05,0,0,False,69.0|218,745
1,8|745|cc|5|1|218,1.58751e-05,5.79211e-07,7.25373e-06,-9.93616e-06,0,0,False,69.0|218,745
1,8|745|cc|6|1|218,-1.17743e-05,1.81343e-05,-8.03642e-06,4.80869e-07,0,0,False,69.0|218,745
1,8|745|cc|7|1|218,-1.65927e-05,-1.26409e-05,1.41646e-05,-6.36659e-07,0,0,False,69.0|218,745
1,8|745|cc|8|1|218,-9.13626e-06,-1.86107e-05,-5.65678e-06,2.22712e-05,0,0,False,69.0|218,745
1,8|745|sample|3|218,-2.11389e-05,-4.04933e-06,2.38483e-05,8.77257e-06,0,0,True,22.0|218,745
1,8|745|sample|4|218,1.88903e-05,-3.40402e-05,8.97027e-06,2.48161e-05,0,0,True,22.0|218,745
1,8|745|sample|5|218,-2.38125e-05,-7.09622e-06,-6.55808e-07,2.50868e-06,0,0,True,22.0|218,745
1,8|745|vc|1|2|218,2.74957e-05,-2.79195e-05,-3.62166e-05,-1.14958e-06,0,0,False,69.0|218,745
1,8|745|vc|2|2|218,4.37043e-05,1.62591e-06,-1.45471e-05,2.14686e-06,0,0,False,69.0|218,745
1,8|745|vc|3|2|218,3.82228e-05,5.09229e-06,9.79902e-06,4.71038e-06,0,0,False,69.0|218,745
1,8|745|vc|4|2|218,-1.61234e-05,-1.00397e-05,-2.19894e-05,-3.5451e-07,0,0,False,69.0|218,745
1,8|745|vc|5|2|218,7.23085e-06,-2.97321e-05,-2.32651e-05,1.00911e-05,0,0,False,69.0|218,745
1,8|745|vc|6|2|218,-1.44744e-05,-2.48848e-05,2.20986e-05,-6.73048e-06,0,0,False,69.0|218,745
1,8|745|vc|7|2|218,1.0281e-05,1.62949e-05,-2.46786e-05,1.77134e-06,0,0,False,69.0|218,745
1,8|745|vc|8|2|218,-5.59022e-05,-1.32422e-05,-3.4083e-06,-2.42449e-05,0,0,False,69.0|218,745
1,8|1043|cc|1|1|174,-2.68347e-05,1.81845e-05,7.78933e-06,9.88066e-06,0,0,False,69.0|174,1043
1,8|1043|cc|2|1|174,-3.6974e-06,-6.08253e-06,3.2058e-05,-2.2954e-05,0,0,False,69.0|174,1043
1,8|1043|cc|3|1|174,-4.4197e-06,1.59672e-06,2.88921e-05,-3.61552e-06,0,0,False,69.0|174,1043
1,8|1043|cc|4|1|174,1.9069e-05,9.66223e-06,-1.09158e-05,2.1476e-05,0,0,False,69.0|174,1043
1,8|1043|cc|5|1|174,-2.31471e-06,7.56087e-06,-2.94245e-05,1.78705e-05,0,0,False,69.0|174,1043
1,8|1043|cc|6|1|174,-1.48686e-05,1.43771e-06,2.21307e-05,5.6297e-07,0,0,False,69.0|174,1043
1,8|1043|cc|7|1|174,-1.52042e-05,-5.16988e-07,7.21459e-06,4.94373e-06,0,0,False,69.0|174,1043
1,8|1043|cc|8|1|174,2.24198e-06,-2.99032e-06,3.0397e-05,1.47389e-05,0,0,False,69.0|174,1043
1,8|1043|sample|3|174,1.57357e-05,2.23503e-05,2.94111e-06,2.16e-06,0,0,True,22.0|174,1043
1,8|1043|sample|4|174,2.54789e-05,-4.03889e-05,-1.15961e-05,-5.93568e-06,0,0,True,22.0|174,1043
1,8|1043|vc|1|2|174,-4.07446e-05,4.65316e-06,-4.32976e-05,-2.79214e-05,0,0,False,69.0|174,1043
1,8|1043|vc|2|2|174,3.81411e-05,1.80771e-05,8.91736e-06,-9.15066e-07,0,0,False,69.0|174,1043
1,8|1043|vc|3|2|174,-1.36519e-05,-9.89798e-06,5.926e-05,-1.1774e-05,0,0,False,69.0|174,1043
1,8|1043|vc|4|2|174,2.42128e-05,1.04615e-05,-2.99381e-05,-1.35839e-05,0,0,False,69.0|174,1043
1,8|1043|vc|5|2|174,-3.28559e-05,7.81101e-06,-7.63553e-06,-1.91238e-06,0,0,False,69.0|174,1043
1,8|1043|vc|6|2|174,-3.93548e-06,-1.73629e-05,6.05933e-06,-3.81072e-05,0,0,False,69.0|174,1043
1,8|1043|vc|7|2|174,-1.03966e-05,1.84922e-06,-6.40104e-05,2.42412e-05,0,0,False,69.0|174,1043
1,8|1043|vc|8|2|174,7.59767e-06,-2.57654e-05,-1.74093e-05,8.79153e-06,0,0,False,69.0|174,1043
1,8|1260|cc|1|1|319,3.73211e-05,2.68634e-07,1.04775e-05,-1.37964e-05,0,0,False,69.0|319,1260
1,8|1260|cc|2|1|319,1.99015e-05,1.20985e-05,1.25736e-05,-1.37049e-06,0,0,False,69.0|319,1260
1,8|1260|cc|3|1|319,-2.97961e-05,1.22794e-06,-1.78419e-05,-1.16431e-05,0,0,False,69.0|319,1260
1,8|1260|cc|4|1|319,4.73635e-05,-8.95548e-06,1.28499e-05,-1.24373e-06,0,0,False,69.0|319,1260
1,8|1260|cc|5|1|319,-3.81849e-05,1.52466e-05,3.65052e-06,-1.18488e-05,0,0,False,69.0|319,1260
1,8|1260|cc|6|1|319,-3.4857e-05,7.27693e-06,-1.77019e-05,-1.32654e-05,0,0,False,69.0|319,1260
1,8|1260|cc|7|1|319,-2.56766e-06,7.66042e-06,-1.24339e-05,1.71413e-06,0,0,False,69.0|319,1260
1,8|1260|cc|8|1|319,2.15484e-05,1.16077e-06,-5.65629e-06,-2.22539e-05,0,0,False,69.0|319,1260
1,8|1260|sample|3|319,2.39088e-05,-1.75838e-05,2.4983e-05,-2.14752e-05,0,0,True,22.0|319,1260
1,8|1260|sample|4|319,8.72228e-06,1.88399e-05,-6.41482e-06,-4.60826e-06,0,0,True,22.0|319,1260
1,8|1260|vc|1|2|319,4.08687e-05,-1.02354e-05,3.60207e-06,-4.78651e-06,0,0,False,69.0|319,1260
1,8|1260|vc|2|2|319,-2.44268e-05,-2.85491e-05,-1.8841e-06,-5.39218e-06,0,0,False,69.0|319,1260
1,8|1260|vc|3|2|319,3.12516e-05,-1.62856e-05,-6.5197e-06,1.19173e-05,0,0,False,69.0|319,1260
1,8|1260|vc|4|2|319,-5.61977e-05,1.10181e-05,1.35808e-05,5.20141e-06,0,0,False,69.0|319,1260
1,8|1260|vc|5|2|319,1.43585e-05,-4.13431e-06,7.60296e-06,2.60811e-05,0,0,False,69.0|319,1260
1,8|1260|vc|6|2|319,3.58171e-05,7.88987e-06,-1.74346e-05,2.14855e-06,0,0,False,69.0|319,1260
1,8|1260|vc|7|2|319,-1.8556e-06,-1.59538e-05,-1.33744e-05,8.3349e-06,0,0,False,69.0|319,1260
1,8|1260|vc|8|2|319,1.53442e-05,-1.63971e-09,-4.0832e-06,-6.73712e-06,0,0,False,69.0|319,1260
1,8|1042|cc|1|1|162,-7.2795e-06,1.09534e-05,3.4255e-05,7.17028e-06,0,0,False,69.0|162,1042
1,8|1042|cc|2|1|162,-2.61381e-05,3.26487e-06,-1.05266e-05,2.04298e-05,0,0,False,69.0|162,1042
1,8|1042|cc|3|1|162,1.09735e-05,3.38288e-06,8.48662e-06,-1.9959e-05,0,0,False,69.0|162,1042
1,8|1042|cc|4|1|162,2.74461e-05,1.89752e-05,-6.1612e-06,-1.95005e-05,0,0,False,69.0|162,1042
1,8|1042|cc|5|1|162,-1.87663e-05,-7.90622e-06,1.06484e-05,-1.32502e-05,0,0,False,69.0|162,1042
1,8|1042|cc|6|1|162,3.98171e-05,2.18604e-05,6.42286e-06,1.72796e-05,0,0,False,69.0|162,1042
1,8|1042|cc|7|1|162,9.66961e-06,-4.50417e-07,-3.11866e-05,6.25402e-06,0,0,False,69.0|162,1042
1,8|1042|cc|8|1|162,-4.01832e-05,2.83191e-05,-2.90761e-06,3.41578e-06,0,0,False,69.0|162,1042
1,8|1042|sample|3|162,-3.2388e-05,-6.32868e-06,-1.00803e-05,-7.19378e-06,0,0,True,22.0|162,1042
1,8|1042|sample|4|162,-2.85327e-05,-1.53609e-05,-1.31947e-05,-2.75159e-06,0,0,True,22.0|162,1042
1,8|1042|vc|1|2|162,3.27343e-05,7.91484e-06,1.46228e-05,-1.62218e-05,0,0,False,69.0|162,1042
1,8|1042|vc|2|2|162,1.32417e-05,-2.78476e-05,8.15377e-06,-2.84436e-06,0,0,False,69.0|162,1042
1,8|1042|vc|3|2|162,-3.49958e-05,-3.44957e-06,-1.37472e-05,1.57174e-05,0,0,False,69.0|162,1042
1,8|1042|vc|4|2|162,-4.50059e-07,-1.45974e-05,-7.77562e-06,-5.80308e-06,0,0,False,69.0|162,1042
1,8|1042|vc|5|2|162,1.77726e-05,-2.96433e-06,3.71579e-05,2.74453e-05,0,0,False,69.0|162,1042
1,8|1042|vc|6|2|162,-2.58621e-06,6.14935e-06,3.00758e-05,-1.22993e-05,0,0,False,69.0|162,1042
1,8|1042|vc|7|2|162,2.93115e-05,-1.03234e-05,3.17931e-05,4.49851e-06,0,0,False,69.0|162,1042
1,8|1042|vc|8|2|162,-1.16986e-05,-3.97572e-06,3.47518e-06,-1.61814e-05,0,0,False,69.0|162,1042
1,8|863|cc|1|1|274,3.06532e-05,1.10451e-05,-2.13095e-06,-4.95419e-06,0,0,False,69.0|274,863
1,8|863|cc|2|1|274,-3.18275e-05,-1.41517e-05,8.68688e-06,-1.11883e-05,0,0,False,69.0|274,863
1,8|863|cc|3|1|274,-3.61442e-06,5.45388e-06,-7.17313e-06,1.14894e-05,0,0,False,69.0|274,863
1,8|863|cc|4|1|274,1.96771e-05,7.97534e-06,-1.82486e-05,2.11089e-05,0,0,False,69.0|274,863
1,8|863|cc|5|1|274,-1.7338e-05,-8.94972e-06,1.33323e-05,1.45836e-05,0,0,False,69.0|274,863
1,8|863|cc|6|1|274,-5.72053e-06,-1.39363e-06,3.33907e-06,2.4929e-05,0,0,False,69.0|274,863
1,8|863|cc|7|1|274,-8.39562e-06,-1.34751e-05,1.1485e-05,-1.4694e-05,0,0,False,69.0|274,863
1,8|863|cc|8|1|274,3.86995e-05,-7.56377e-06,-2.46869e-05,8.00392e-06,0,0,False,69.0|274,863
1,8|863|sample|3|274,-3.33325e-05,-9.12654e-07,1.51038e-05,8.83328e-06,0,0,True,22.0|274,863
1,8|863|sample|4|274,-2.37192e-05,1.45968e-06,7.42097e-06,-1.2524e-05,0,0,True,22.0|274,863
1,8|863|vc|1|2|274,-2.99674e-05,-2.47999e-05,-1.40868e-05,2.59826e-06,0,0,False,69.0|274,863
1,8|863|vc|2|2|274,1.59345e-05,-8.65705e-07,5.46628e-06,-1.08419e-06,0,0,False,69.0|274,863
1,8|863|vc|3|2|274,1.33328e-05,-1.68963e-05,-1.75688e-05,-1.82275e-06,0,0,False,69.0|274,863
1,8|863|vc|4|2|274,-8.08118e-06,-1.65194e-05,7.91155e-07,-5.31044e-06,0,0,False,69.0|274,863
1,8|863|vc|5|2|274,3.01892e-05,9.85359e-06,-9.8726e-06,-6.63836e-06,0,0,False,69.0|274,863
1,8|863|vc|6|2|274,4.89293e-05,2.29833e-06,4.27943e-06,-1.04377e-05,0,0,False,69.0|274,863
1,8|863|vc|7|2|274,4.93411e-07,2.57747e-05,3.1962e-05,3.18778e-05,0,0,False,69.0|274,863
1,8|863|vc|8|2|274,-2.26347e-05,-9.53136e-06,-3.94388e-06,9.32033e-06,0,0,False,69.0|274,863
1,8|152|cc|1|1|322,-3.22132e-05,5.11944e-06,2.63443e-05,1.914e-06,0,0,False,69.0|322,152
1,8|152|cc|2|1|322,-2.68466e-06,2.30997e-06,3.45999e-05,9.08964e-06,0,0,False,69.0|322,152
1,8|152|cc|3|1|322,-2.22739e-05,-7.09787e-06,-1.42943e-05,6.69924e-06,0,0,False,69.0|322,152
1,8|152|cc|4|1|322,3.61391e-05,-9.30497e-06,2.36138e-06,1.36157e-05,0,0,False,69.0|322,152
1,8|152|cc|5|1|322,-1.05773e-05,2.68596e-06,1.57368e-05,4.37033e-06,0,0,False,69.0|322,152
1,8|152|cc|6|1|322,6.70609e-05,-1.81065e-05,1.15271e-05,-6.99634e-06,0,0,False,69.0|322,152
1,8|152|cc|7|1|322,1.25015e-05,-3.80273e-06,-3.62257e-05,-1.47118e-05,0,0,False,69.0|322,152
1,8|152|cc|8|1|322,3.27976e-06,2.00559e-05,6.01862e-06,-2.45725e-06,0,0,False,69.0|322,152
1,8|152|sample|3|322,-4.86187e-05,-1.42549e-05,4.69418e-05,1.13129e-05,0,0,True,22.0|322,152
1,8|152|sample|4|322,-2.82813e-05,6.66028e-06,7.58849e-06,8.35213e-06,0,0,True,22.0|322,152
1,8|152|vc|1|2|322,4.51897e-05,4.0458e-06,3.59057e-06,3.69112e-05,0,0,False,69.0|322,152
1,8|152|vc|2|2|322,4.45506e-06,6.43398e-06,1.00433e-05,2.45293e-05,0,0,False,69.0|322,152
1,8|152|vc|3|2|322,1.0008e-06,-8.74353e-06,-4.4473e-05,-2.12008e-05,0,0,False,69.0|322,152
1,8|152|vc|4|2|322,7.01661e-06,-4.55701e-06,8.30515e-06,1.43181e-06,0,0,False,69.0|322,152
1,8|152|vc|5|2|322,-2.35045e-05,4.42836e-06,3.09844e-05,-2.99619e-05,0,0,False,69.0|322,152
1,8|152|vc|6|2|322,1.48875e-05,2.52628e-05,-2.27257e-05,1.72895e-05,0,0,False,69.0|322,152
1,8|152|vc|7|2|322,5.38067e-06,-1.6509e-05,-3.85539e-05,2.07311e-05,0,0,False,69.0|322,152
1,8|152|vc|8|2|322,-8.43954e-06,8.70386e-06,7.80562e-06,-2.87394e-06,0,0,False,69.0|322,152
1,9|411|cc|1|1|274,2.44503e-05,1.36187e-05,8.58402e-06,-8.65258e-06,0,0,False,69.0|274,411
1,9|411|cc|2|1|274,-1.36935e-05,-2.90232e-05,-3.0443e-05,-2.46932e-05,0,0,False,69.0|274,411
1,9|411|cc|3|1|274,-3.81887e-05,-7.72922e-06,3.11537e-06,-1.97259e-06,0,0,False,69.0|274,411
1,9|411|cc|4|1|274,-2.80016e-05,-2.97858e-06,2.25655e-05,7.93106e-06,0,0,False,69.0|274,411
1,9|411|cc|5|1|274,-1.88236e-06,7.22032e-06,-2.37977e-05,-5.2709e-06,0,0,False,69.0|274,411
1,9|411|cc|6|1|274,-1.68678e-05,2.60382e-05,-3.49141e-06,2.68174e-06,0,0,False,69.0|274,411
1,9|411|cc|7|1|274,1.82192e-05,-1.14386e-05,2.32134e-05,2.24917e-06,0,0,False,69.0|274,411
1,9|411|cc|8|1|274,2.47923e-05,1.08406e-05,-1.37103e-05,1.4782e-05,0,0,False,69.0|274,411
1,9|411|sample|10|274,3.50407e-05,-2.58745e-05,-1.77342e-05,-1.92182e-05,0,0,True,70.0|274,411
1,9|411|sample|11|274,3.13458e-05,2.91579e-05,3.46452e-05,1.52552e-05,0,0,True,70.0|274,411
1,9|411|sample|12|274,3.66872e-06,-7.98492e-06,6.46735e-06,-1.44809e-05,0,0,True,70.0|274,411
1,9|411|sample|3|274,-1.45179e-05,2.10959e-05,1.70692e-05,1.3661e-05,0,0,True,70.0|274,411
1,9|411|sample|4|274,-2.46742e-05,-4.0889e-06,-2.8974e-05,1.59558e-05,0,0,True,70.0|274,411
1,9|411|sample|5|274,-4.18227e-05,-4.02128e-05,3.26636e-06,3.75201e-05,0,0,True,70.0|274,411
1,9|411|sample|6|274,1.02887e-05,-1.05556e-05,3.89703e-06,1.90821e-05,0,0,True,70.0|274,411
1,9|411|sample|7|274,-3.18169e-06,-6.30911e-06,-6.13201e-06,9.52017e-06,0,0,True,70.0|274,411
1,9|411|sample|8|274,3.68644e-05,2.57879e-05,3.79664e-06,-8.15964e-06,0,0,True,70.0|274,411
1,9|411|sample|9|274,-4.7636e-05,4.23157e-05,4.12707e-06,2.34234e-06,0,0,True,70.0|274,411
1,9|411|vc|1|2|274,4.71242e-05,4.43586e-07,-6.87115e-07,-3.59844e-06,0,0,False,69.0|274,411
1,9|411|vc|2|2|274,4.47286e-06,7.97472e-06,2.25952e-05,-1.1617e-05,0,0,False,69.0|274,411
1,9|411|vc|3|2|274,-2.2456e-05,1.20758e-05,-1.97917e-05,1.3661e-05,0,0,False,69.0|274,411
1,9|411|vc|4|2|274,2.7104e-05,9.28787e-06,-1.49844e-06,-1.6671e-05,0,0,False,69.0|274,411
1,9|411|vc|5|2|274,-9.97125e-06,2.15839e-05,-3.50365e-05,-1.47822e-05,0,0,False,69.0|274,411
1,9|411|vc|6|2|274,-3.4489e-05,1.59997e-05,8.73605e-06,-3.37261e-05,0,0,False,69.0|274,411
1,9|411|vc|7|2|274,-2.33184e-05,6.0539e-07,-2.52629e-06,1.01858e-05,0,0,False,69.0|274,411
1,9|411|vc|8|2|274,-7.63205e-06,-1.4877e-05,9.74672e-06,1.56173e-05,0,0,False,69.0|274,411
