id,L_SAEM,m_SAEM,e_SAEM,s_SAEM,alpha_SAEM,k_SAEM,L_mode,m_mode,e_mode,s_mode,alpha_mode,k_mode,goes_down,mab_virus,run_id
8|84|cc|1|1|162,696.787,0.770656,0.169639,4.72746,2.23667,4.22305,698.472,0.770384,0.171254,1.65304,2.2392,4.23017,False,69.0|162,84
8|84|cc|2|1|162,696.787,0.770656,0.169639,4.00752,2.23667,4.22305,698.472,0.770384,0.171254,1.65304,2.2392,4.23017,False,69.0|162,84
8|84|cc|3|1|162,696.787,0.770656,0.169639,6.84056,2.23667,4.22305,698.472,0.770384,0.171254,1.65304,2.2392,4.23017,False,69.0|162,84
8|84|cc|4|1|162,696.787,0.770656,0.169639,5.09774,2.23667,4.22305,698.472,0.770384,0.171254,1.65304,2.2392,4.23017,False,69.0|162,84
8|84|cc|5|1|162,696.787,0.770656,0.169639,3.77381,2.23667,4.22305,698.472,0.770384,0.171254,1.65304,2.2392,4.23017,False,69.0|162,84
8|84|cc|6|1|162,696.787,0.770656,0.169639,3.53444,2.23667,4.22305,698.472,0.770384,0.171254,1.65304,2.2392,4.23017,False,69.0|162,84
8|84|cc|7|1|162,696.787,0.770656,0.169639,2.65091,2.23667,4.22305,698.472,0.770384,0.171254,1.65304,2.2392,4.23017,False,69.0|162,84
8|84|cc|8|1|162,696.787,0.770656,0.169639,4.92268,2.23667,4.22305,698.472,0.770384,0.171254,1.65304,2.2392,4.23017,False,69.0|162,84
8|84|sample|10|162,696.787,0.770709,0.169666,7.15355,2.23667,4.22305,698.472,0.770437,0.17128,7.03655,2.2392,4.23017,True,32.0|162,84
8|84|sample|11|162,696.787,0.770709,0.0708027,10.2151,2.23667,4.22305,698.472,0.770437,0.0710246,10.1974,2.2392,4.23017,True,22.0|162,84
8|84|sample|12|162,696.787,0.770709,0.0708027,11.8772,2.23667,4.22305,698.472,0.770437,0.0710246,12.1223,2.2392,4.23017,True,22.0|162,84
8|84|sample|3|162,696.786,0.770709,0.169647,2.79376,2.23667,4.22305,698.471,0.770437,0.171261,2.77926,2.2392,4.23017,True,55.0|162,84
8|84|sample|4|162,696.786,0.770709,0.169647,2.90015,2.23667,4.22305,698.471,0.770437,0.171261,2.93096,2.2392,4.23017,True,55.0|162,84
8|84|sample|5|162,696.786,0.770709,0.169647,1.88432,2.23667,4.22305,698.471,0.770437,0.171261,1.93394,2.2392,4.23017,True,55.0|162,84
8|84|sample|6|162,696.786,0.770709,0.169647,1.91506,2.23667,4.22305,698.471,0.770437,0.171261,1.93071,2.2392,4.23017,True,55.0|162,84
8|84|sample|7|162,696.787,0.770709,0.169666,6.27937,2.23667,4.22305,698.472,0.770437,0.17128,6.25148,2.2392,4.23017,True,32.0|162,84
8|84|sample|8|162,696.787,0.770709,0.169666,6.31029,2.23667,4.22305,698.472,0.770437,0.17128,6.48118,2.2392,4.23017,True,32.0|162,84
8|84|sample|9|162,696.787,0.770709,0.169666,6.93306,2.23667,4.22305,698.472,0.770437,0.17128,7.02801,2.2392,4.23017,True,32.0|162,84
8|84|vc|1|2|162,696.787,0.770656,0.169639,4.40222,2.23667,4.22305,698.472,0.770384,0.171254,1.65304,2.2392,4.23017,False,69.0|162,84
8|84|vc|2|2|162,696.787,0.770656,0.169639,3.97489,2.23667,4.22305,698.472,0.770384,0.171254,1.65304,2.2392,4.23017,False,69.0|162,84
8|84|vc|3|2|162,696.787,0.770656,0.169639,3.28917,2.23667,4.22305,698.472,0.770384,0.171254,1.65304,2.2392,4.23017,False,69.0|162,84
8|84|vc|4|2|162,696.787,0.770656,0.169639,4.19194,2.23667,4.22305,698.472,0.770384,0.171254,1.65304,2.2392,4.23017,False,69.0|162,84
8|84|vc|5|2|162,696.787,0.770656,0.169639,3.95894,2.23667,4.22305,698.472,0.770384,0.171254,1.65304,2.2392,4.23017,False,69.0|162,84
8|84|vc|6|2|162,696.787,0.770656,0.169639,4.34364,2.23667,4.22305,698.472,0.770384,0.171254,1.65304,2.2392,4.23017,False,69.0|162,84
8|84|vc|7|2|162,696.787,0.770656,0.169639,3.51956,2.23667,4.22305,698.472,0.770384,0.171254,1.65304,2.2392,4.23017,False,69.0|162,84
8|84|vc|8|2|162,696.787,0.770656,0.169639,5.82427,2.23667,4.22305,698.472,0.770384,0.171254,1.65304,2.2392,4.23017,False,69.0|162,84
8|719|cc|1|1|274,696.787,0.770656,0.169605,3.94296,2.23603,4.22367,698.472,0.770384,0.171219,1.65304,2.23854,4.23079,False,69.0|274,719
8|719|cc|2|1|274,696.787,0.770656,0.169605,4.18461,2.23603,4.22367,698.472,0.770384,0.171219,1.65304,2.23854,4.23079,False,69.0|274,719
8|719|cc|3|1|274,696.787,0.770656,0.169605,6.42134,2.23603,4.22367,698.472,0.770384,0.171219,1.65304,2.23854,4.23079,False,69.0|274,719
8|719|cc|4|1|274,696.787,0.770656,0.169605,5.61882,2.23603,4.22367,698.472,0.770384,0.171219,1.65304,2.23854,4.23079,False,69.0|274,719
8|719|cc|5|1|274,696.787,0.770656,0.169605,4.65498,2.23603,4.22367,698.472,0.770384,0.171219,1.65304,2.23854,4.23079,False,69.0|274,719
8|719|cc|6|1|274,696.787,0.770656,0.169605,3.93958,2.23603,4.22367,698.472,0.770384,0.171219,1.65304,2.23854,4.23079,False,69.0|274,719
8|719|cc|7|1|274,696.787,0.770656,0.169605,3.87145,2.23603,4.22367,698.472,0.770384,0.171219,1.65304,2.23854,4.23079,False,69.0|274,719
8|719|cc|8|1|274,696.787,0.770656,0.169605,4.1274,2.23603,4.22367,698.472,0.770384,0.171219,1.65304,2.23854,4.23079,False,69.0|274,719
8|719|sample|10|274,696.787,0.770709,0.169611,12.794,2.23603,4.22367,698.472,0.770437,0.171225,12.6754,2.23854,4.23079,True,32.0|274,719
8|719|sample|11|274,696.787,0.770709,0.169637,15.8744,2.23603,4.22367,698.472,0.770437,0.171252,15.3754,2.23854,4.23079,True,22.0|274,719
8|719|sample|12|274,696.787,0.770709,0.169637,15.7101,2.23603,4.22367,698.472,0.770437,0.171252,16.0119,2.23854,4.23079,True,22.0|274,719
8|719|sample|3|274,696.787,0.770709,0.169585,3.00278,2.23603,4.22367,698.472,0.770437,0.171198,3.16636,2.23854,4.23079,True,55.0|274,719
8|719|sample|4|274,696.787,0.770709,0.169585,3.18045,2.23603,4.22367,698.472,0.770437,0.171198,3.1198,2.23854,4.23079,True,55.0|274,719
8|719|sample|5|274,696.787,0.770709,0.169585,3.29105,2.23603,4.22367,698.472,0.770437,0.171198,3.26178,2.23854,4.23079,True,55.0|274,719
8|719|sample|6|274,696.787,0.770709,0.169585,3.55264,2.23603,4.22367,698.472,0.770437,0.171198,3.48974,2.23854,4.23079,True,55.0|274,719
8|719|sample|7|274,696.787,0.770709,0.169611,11.9231,2.23603,4.22367,698.472,0.770437,0.171225,12.519,2.23854,4.23079,True,32.0|274,719
8|719|sample|8|274,696.787,0.770709,0.169611,13.0815,2.23603,4.22367,698.472,0.770437,0.171225,12.6564,2.23854,4.23079,True,32.0|274,719
8|719|sample|9|274,696.787,0.770709,0.169611,12.8975,2.23603,4.22367,698.472,0.770437,0.171225,12.8641,2.23854,4.23079,True,32.0|274,719
8|719|vc|1|2|274,696.787,0.770656,0.169605,4.91254,2.23603,4.22367,698.472,0.770384,0.171219,1.65304,2.23854,4.23079,False,69.0|274,719
8|719|vc|2|2|274,696.787,0.770656,0.169605,4.56584,2.23603,4.22367,698.472,0.770384,0.171219,1.65304,2.23854,4.23079,False,69.0|274,719
8|719|vc|3|2|274,696.787,0.770656,0.169605,5.08092,2.23603,4.22367,698.472,0.770384,0.171219,1.65304,2.23854,4.23079,False,69.0|274,719
8|719|vc|4|2|274,696.787,0.770656,0.169605,5.49019,2.23603,4.22367,698.472,0.770384,0.171219,1.65304,2.23854,4.23079,False,69.0|274,719
8|719|vc|5|2|274,696.787,0.770656,0.169605,5.66384,2.23603,4.22367,698.472,0.770384,0.171219,1.65304,2.23854,4.23079,False,69.0|274,719
8|719|vc|6|2|274,696.787,0.770656,0.169605,3.35308,2.23603,4.22367,698.472,0.770384,0.171219,1.65304,2.23854,4.23079,False,69.0|274,719
8|719|vc|7|2|274,696.787,0.770656,0.169605,4.78988,2.23603,4.22367,698.472,0.770384,0.171219,1.65304,2.23854,4.23079,False,69.0|274,719
8|719|vc|8|2|274,696.787,0.770656,0.169605,4.74596,2.23603,4.22367,698.472,0.770384,0.171219,1.65304,2.23854,4.23079,False,69.0|274,719
8|488|cc|1|1|322,696.787,0.770656,0.16963,8.25617,2.23663,4.22365,698.472,0.770384,0.171245,1.65304,2.23915,4.23077,False,69.0|322,488
8|488|cc|2|1|322,696.787,0.770656,0.16963,3.38931,2.23663,4.22365,698.472,0.770384,0.171245,1.65304,2.23915,4.23077,False,69.0|322,488
8|488|cc|3|1|322,696.787,0.770656,0.16963,4.74596,2.23663,4.22365,698.472,0.770384,0.171245,1.65304,2.23915,4.23077,False,69.0|322,488
8|488|cc|4|1|322,696.787,0.770656,0.16963,4.90292,2.23663,4.22365,698.472,0.770384,0.171245,1.65304,2.23915,4.23077,False,69.0|322,488
8|488|cc|5|1|322,696.787,0.770656,0.16963,6.23293,2.23663,4.22365,698.472,0.770384,0.171245,1.65304,2.23915,4.23077,False,69.0|322,488
8|488|cc|6|1|322,696.787,0.770656,0.16963,2.97585,2.23663,4.22365,698.472,0.770384,0.171245,1.65304,2.23915,4.23077,False,69.0|322,488
8|488|cc|7|1|322,696.787,0.770656,0.16963,3.84927,2.23663,4.22365,698.472,0.770384,0.171245,1.65304,2.23915,4.23077,False,69.0|322,488
8|488|cc|8|1|322,696.787,0.770656,0.16963,4.82128,2.23663,4.22365,698.472,0.770384,0.171245,1.65304,2.23915,4.23077,False,69.0|322,488
8|488|sample|10|322,696.787,0.770709,0.16962,2.39646,2.23663,4.22365,698.472,0.770437,0.171234,2.35585,2.23915,4.23077,True,32.0|322,488
8|488|sample|11|322,696.787,0.770709,0.169637,10.5172,2.23663,4.22365,698.472,0.770437,0.171252,10.6326,2.23915,4.23077,True,22.0|322,488
8|488|sample|12|322,696.787,0.770709,0.169637,11.5793,2.23663,4.22365,698.472,0.770437,0.171252,11.5068,2.23915,4.23077,True,22.0|322,488
8|488|sample|3|322,696.787,0.770709,0.169587,1.33047,2.23663,4.22365,698.472,0.770437,0.1712,1.47766,2.23915,4.23077,True,55.0|322,488
8|488|sample|4|322,696.787,0.770709,0.169587,1.27079,2.23663,4.22365,698.472,0.770437,0.1712,1.35397,2.23915,4.23077,True,55.0|322,488
8|488|sample|5|322,696.787,0.770709,0.169587,1.65874,2.23663,4.22365,698.472,0.770437,0.1712,1.61488,2.23915,4.23077,True,55.0|322,488
8|488|sample|6|322,696.787,0.770709,0.169587,1.60817,2.23663,4.22365,698.472,0.770437,0.1712,1.57777,2.23915,4.23077,True,55.0|322,488
8|488|sample|7|322,696.787,0.770709,0.16962,3.45093,2.23663,4.22365,698.472,0.770437,0.171234,3.4845,2.23915,4.23077,True,32.0|322,488
8|488|sample|8|322,696.787,0.770709,0.16962,3.52922,2.23663,4.22365,698.472,0.770437,0.171234,3.47973,2.23915,4.23077,True,32.0|322,488
8|488|sample|9|322,696.787,0.770709,0.16962,2.28657,2.23663,4.22365,698.472,0.770437,0.171234,2.29782,2.23915,4.23077,True,32.0|322,488
8|488|vc|1|2|322,696.787,0.770656,0.16963,5.61007,2.23663,4.22365,698.472,0.770384,0.171245,1.65304,2.23915,4.23077,False,69.0|322,488
8|488|vc|2|2|322,696.787,0.770656,0.16963,3.7768,2.23663,4.22365,698.472,0.770384,0.171245,1.65304,2.23915,4.23077,False,69.0|322,488
8|488|vc|3|2|322,696.787,0.770656,0.16963,4.83848,2.23663,4.22365,698.472,0.770384,0.171245,1.65304,2.23915,4.23077,False,69.0|322,488
8|488|vc|4|2|322,696.787,0.770656,0.16963,3.97251,2.23663,4.22365,698.472,0.770384,0.171245,1.65304,2.23915,4.23077,False,69.0|322,488
8|488|vc|5|2|322,696.787,0.770656,0.16963,4.69763,2.23663,4.22365,698.472,0.770384,0.171245,1.65304,2.23915,4.23077,False,69.0|322,488
8|488|vc|6|2|322,696.787,0.770656,0.16963,5.01395,2.23663,4.22365,698.472,0.770384,0.171245,1.65304,2.23915,4.23077,False,69.0|322,488
8|488|vc|7|2|322,696.787,0.770656,0.16963,4.4588,2.23663,4.22365,698.472,0.770384,0.171245,1.65304,2.23915,4.23077,False,69.0|322,488
8|488|vc|8|2|322,696.787,0.770656,0.16963,4.23155,2.23663,4.22365,698.472,0.770384,0.171245,1.65304,2.23915,4.23077,False,69.0|322,488
8|847|cc|1|1|69,696.787,0.770656,0.169611,4.19258,2.23666,4.22341,698.472,0.770384,0.171225,1.65304,2.23918,4.23054,False,69.0|69,847
8|847|cc|2|1|69,696.787,0.770656,0.169611,3.67724,2.23666,4.22341,698.472,0.770384,0.171225,1.65304,2.23918,4.23054,False,69.0|69,847
8|847|cc|3|1|69,696.787,0.770656,0.169611,4.42945,2.23666,4.22341,698.472,0.770384,0.171225,1.65304,2.23918,4.23054,False,69.0|69,847
8|847|cc|4|1|69,696.787,0.770656,0.169611,4.39729,2.23666,4.22341,698.472,0.770384,0.171225,1.65304,2.23918,4.23054,False,69.0|69,847
8|847|cc|5|1|69,696.787,0.770656,0.169611,4.43224,2.23666,4.22341,698.472,0.770384,0.171225,1.65304,2.23918,4.23054,False,69.0|69,847
8|847|cc|6|1|69,696.787,0.770656,0.169611,3.87062,2.23666,4.22341,698.472,0.770384,0.171225,1.65304,2.23918,4.23054,False,69.0|69,847
8|847|cc|7|1|69,696.787,0.770656,0.169611,4.26626,2.23666,4.22341,698.472,0.770384,0.171225,1.65304,2.23918,4.23054,False,69.0|69,847
8|847|cc|8|1|69,696.787,0.770656,0.169611,4.57126,2.23666,4.22341,698.472,0.770384,0.171225,1.65304,2.23918,4.23054,False,69.0|69,847
8|847|sample|10|69,696.787,0.770709,0.16966,29.1297,2.23666,4.22341,698.472,0.770437,0.171275,30.2317,2.23918,4.23054,True,32.0|69,847
8|847|sample|11|69,696.787,0.770709,0.169635,8.25739,2.23666,4.22341,698.472,0.770437,0.17125,8.43561,2.23918,4.23054,True,22.0|69,847
8|847|sample|12|69,696.787,0.770709,0.169635,8.33217,2.23666,4.22341,698.472,0.770437,0.17125,8.13304,2.23918,4.23054,True,22.0|69,847
8|847|sample|3|69,696.787,0.770709,0.16965,3.32395,2.23666,4.22341,698.472,0.770437,0.171265,3.30474,2.23918,4.23054,True,55.0|69,847
8|847|sample|4|69,696.787,0.770709,0.16965,3.25945,2.23666,4.22341,698.472,0.770437,0.171265,3.29325,2.23918,4.23054,True,55.0|69,847
8|847|sample|5|69,696.787,0.770709,0.16965,1.65409,2.23666,4.22341,698.472,0.770437,0.171265,1.6707,2.23918,4.23054,True,55.0|69,847
8|847|sample|6|69,696.787,0.770709,0.16965,1.65133,2.23666,4.22341,698.472,0.770437,0.171265,1.68632,2.23918,4.23054,True,55.0|69,847
8|847|sample|7|69,696.787,0.770709,0.16966,23.7448,2.23666,4.22341,698.472,0.770437,0.171275,24.4424,2.23918,4.23054,True,32.0|69,847
8|847|sample|8|69,696.787,0.770709,0.16966,25.5317,2.23666,4.22341,698.472,0.770437,0.171275,25.5809,2.23918,4.23054,True,32.0|69,847
8|847|sample|9|69,696.787,0.770709,0.16966,28.1811,2.23666,4.22341,698.472,0.770437,0.171275,28.4908,2.23918,4.23054,True,32.0|69,847
8|847|vc|1|2|69,696.787,0.770656,0.169611,6.30588,2.23666,4.22341,698.472,0.770384,0.171225,1.65304,2.23918,4.23054,False,69.0|69,847
8|847|vc|2|2|69,696.787,0.770656,0.169611,5.5338,2.23666,4.22341,698.472,0.770384,0.171225,1.65304,2.23918,4.23054,False,69.0|69,847
8|847|vc|3|2|69,696.787,0.770656,0.169611,8.5383,2.23666,4.22341,698.472,0.770384,0.171225,1.65304,2.23918,4.23054,False,69.0|69,847
8|847|vc|4|2|69,696.787,0.770656,0.169611,2.77489,2.23666,4.22341,698.472,0.770384,0.171225,1.65304,2.23918,4.23054,False,69.0|69,847
8|847|vc|5|2|69,696.787,0.770656,0.169611,3.20772,2.23666,4.22341,698.472,0.770384,0.171225,1.65304,2.23918,4.23054,False,69.0|69,847
8|847|vc|6|2|69,696.787,0.770656,0.169611,5.33672,2.23666,4.22341,698.472,0.770384,0.171225,1.65304,2.23918,4.23054,False,69.0|69,847
8|847|vc|7|2|69,696.787,0.770656,0.169611,4.92179,2.23666,4.22341,698.472,0.770384,0.171225,1.65304,2.23918,4.23054,False,69.0|69,847
8|847|vc|8|2|69,696.787,0.770656,0.169611,4.35349,2.23666,4.22341,698.472,0.770384,0.171225,1.65304,2.23918,4.23054,False,69.0|69,847
8|474|cc|1|1|276,696.787,0.770656,0.169619,4.35219,2.23649,4.22366,698.472,0.770384,0.171233,1.65304,2.23902,4.23078,False,69.0|276,474
8|474|cc|2|1|276,696.787,0.770656,0.169619,6.82736,2.23649,4.22366,698.472,0.770384,0.171233,1.65304,2.23902,4.23078,False,69.0|276,474
8|474|cc|3|1|276,696.787,0.770656,0.169619,5.32754,2.23649,4.22366,698.472,0.770384,0.171233,1.65304,2.23902,4.23078,False,69.0|276,474
8|474|cc|4|1|276,696.787,0.770656,0.169619,4.21759,2.23649,4.22366,698.472,0.770384,0.171233,1.65304,2.23902,4.23078,False,69.0|276,474
8|474|cc|5|1|276,696.787,0.770656,0.169619,4.77062,2.23649,4.22366,698.472,0.770384,0.171233,1.65304,2.23902,4.23078,False,69.0|276,474
8|474|cc|6|1|276,696.787,0.770656,0.169619,5.4704,2.23649,4.22366,698.472,0.770384,0.171233,1.65304,2.23902,4.23078,False,69.0|276,474
8|474|cc|7|1|276,696.787,0.770656,0.169619,4.85731,2.23649,4.22366,698.472,0.770384,0.171233,1.65304,2.23902,4.23078,False,69.0|276,474
8|474|cc|8|1|276,696.787,0.770656,0.169619,6.2035,2.23649,4.22366,698.472,0.770384,0.171233,1.65304,2.23902,4.23078,False,69.0|276,474
8|474|sample|10|276,696.787,0.770709,0.169576,65.2422,2.23649,4.22366,698.472,0.770437,0.171189,64.607,2.23902,4.23078,True,32.0|276,474
8|474|sample|11|276,696.787,0.770709,0.169636,17.5005,2.23649,4.22366,698.472,0.770437,0.171251,18.1643,2.23902,4.23078,True,22.0|276,474
8|474|sample|12|276,696.787,0.770709,0.169636,18.3355,2.23649,4.22366,698.472,0.770437,0.171251,18.3471,2.23902,4.23078,True,22.0|276,474
8|474|sample|3|276,696.787,0.770709,0.169652,4.63964,2.23649,4.22366,698.472,0.770437,0.171267,4.77598,2.23902,4.23078,True,55.0|276,474
8|474|sample|4|276,696.787,0.770709,0.169652,4.97572,2.23649,4.22366,698.472,0.770437,0.171267,4.79822,2.23902,4.23078,True,55.0|276,474
8|474|sample|5|276,696.787,0.770709,0.169652,4.67419,2.23649,4.22366,698.472,0.770437,0.171267,4.62397,2.23902,4.23078,True,55.0|276,474
8|474|sample|6|276,696.787,0.770709,0.169652,4.57266,2.23649,4.22366,698.472,0.770437,0.171267,4.62538,2.23902,4.23078,True,55.0|276,474
8|474|sample|7|276,696.787,0.770709,0.169576,60.3833,2.23649,4.22366,698.472,0.770437,0.171189,59.1818,2.23902,4.23078,True,32.0|276,474
8|474|sample|8|276,696.787,0.770709,0.169576,57.1613,2.23649,4.22366,698.472,0.770437,0.171189,56.4008,2.23902,4.23078,True,32.0|276,474
8|474|sample|9|276,696.787,0.770709,0.169576,67.5897,2.23649,4.22366,698.472,0.770437,0.171189,65.6091,2.23902,4.23078,True,32.0|276,474
8|474|vc|1|2|276,696.787,0.770656,0.169619,5.21275,2.23649,4.22366,698.472,0.770384,0.171233,1.65304,2.23902,4.23078,False,69.0|276,474
8|474|vc|2|2|276,696.787,0.770656,0.169619,3.38472,2.23649,4.22366,698.472,0.770384,0.171233,1.65304,2.23902,4.23078,False,69.0|276,474
8|474|vc|3|2|276,696.787,0.770656,0.169619,4.78461,2.23649,4.22366,698.472,0.770384,0.171233,1.65304,2.23902,4.23078,False,69.0|276,474
8|474|vc|4|2|276,696.787,0.770656,0.169619,2.97804,2.23649,4.22366,698.472,0.770384,0.171233,1.65304,2.23902,4.23078,False,69.0|276,474
8|474|vc|5|2|276,696.787,0.770656,0.169619,3.86154,2.23649,4.22366,698.472,0.770384,0.171233,1.65304,2.23902,4.23078,False,69.0|276,474
8|474|vc|6|2|276,696.787,0.770656,0.169619,4.1344,2.23649,4.22366,698.472,0.770384,0.171233,1.65304,2.23902,4.23078,False,69.0|276,474
8|474|vc|7|2|276,696.787,0.770656,0.169619,3.91898,2.23649,4.22366,698.472,0.770384,0.171233,1.65304,2.23902,4.23078,False,69.0|276,474
8|474|vc|8|2|276,696.787,0.770656,0.169619,4.17442,2.23649,4.22366,698.472,0.770384,0.171233,1.65304,2.23902,4.23078,False,69.0|276,474
8|462|cc|1|1|292,696.787,0.770656,0.169659,4.56298,2.23669,4.22194,698.472,0.770384,0.171273,1.65304,2.23921,4.22901,False,69.0|292,462
8|462|cc|2|1|292,696.787,0.770656,0.169659,3.3303,2.23669,4.22194,698.472,0.770384,0.171273,1.65304,2.23921,4.22901,False,69.0|292,462
8|462|cc|3|1|292,696.787,0.770656,0.169659,3.57245,2.23669,4.22194,698.472,0.770384,0.171273,1.65304,2.23921,4.22901,False,69.0|292,462
8|462|cc|4|1|292,696.787,0.770656,0.169659,4.20381,2.23669,4.22194,698.472,0.770384,0.171273,1.65304,2.23921,4.22901,False,69.0|292,462
8|462|cc|5|1|292,696.787,0.770656,0.169659,3.74226,2.23669,4.22194,698.472,0.770384,0.171273,1.65304,2.23921,4.22901,False,69.0|292,462
8|462|cc|6|1|292,696.787,0.770656,0.169659,4.06002,2.23669,4.22194,698.472,0.770384,0.171273,1.65304,2.23921,4.22901,False,69.0|292,462
8|462|cc|7|1|292,696.787,0.770656,0.169659,4.91442,2.23669,4.22194,698.472,0.770384,0.171273,1.65304,2.23921,4.22901,False,69.0|292,462
8|462|cc|8|1|292,696.787,0.770656,0.169659,4.47025,2.23669,4.22194,698.472,0.770384,0.171273,1.65304,2.23921,4.22901,False,69.0|292,462
8|462|sample|10|292,696.787,0.770709,0.169666,61.5763,2.23669,4.22194,698.472,0.770437,0.17128,62.9615,2.23921,4.22901,True,32.0|292,462
8|462|sample|11|292,696.787,0.770709,0.169632,9.97148,2.23669,4.22194,698.472,0.770437,0.171246,9.78151,2.23921,4.22901,True,22.0|292,462
8|462|sample|12|292,696.787,0.770709,0.169632,11.1985,2.23669,4.22194,698.472,0.770437,0.171246,10.7493,2.23921,4.22901,True,22.0|292,462
8|462|sample|3|292,696.786,0.770709,0.169633,2.30403,2.23669,4.22194,698.471,0.770437,0.171247,2.39853,2.23921,4.22901,True,55.0|292,462
8|462|sample|4|292,696.786,0.770709,0.169633,2.37653,2.23669,4.22194,698.471,0.770437,0.171247,2.41818,2.23921,4.22901,True,55.0|292,462
8|462|sample|5|292,696.786,0.770709,0.169633,1.29111,2.23669,4.22194,698.471,0.770437,0.171247,1.30811,2.23921,4.22901,True,55.0|292,462
8|462|sample|6|292,696.786,0.770709,0.169633,1.38867,2.23669,4.22194,698.471,0.770437,0.171247,1.37109,2.23921,4.22901,True,55.0|292,462
8|462|sample|7|292,696.787,0.770709,0.169666,54.3668,2.23669,4.22194,698.472,0.770437,0.17128,54.0444,2.23921,4.22901,True,32.0|292,462
8|462|sample|8|292,696.787,0.770709,0.169666,55.7232,2.23669,4.22194,698.472,0.770437,0.17128,52.6887,2.23921,4.22901,True,32.0|292,462
8|462|sample|9|292,696.787,0.770709,0.169666,63.2995,2.23669,4.22194,698.472,0.770437,0.17128,60.9453,2.23921,4.22901,True,32.0|292,462
8|462|vc|1|2|292,696.787,0.770656,0.169659,6.14497,2.23669,4.22194,698.472,0.770384,0.171273,1.65304,2.23921,4.22901,False,69.0|292,462
8|462|vc|2|2|292,696.787,0.770656,0.169659,5.16312,2.23669,4.22194,698.472,0.770384,0.171273,1.65304,2.23921,4.22901,False,69.0|292,462
8|462|vc|3|2|292,696.787,0.770656,0.169659,5.08444,2.23669,4.22194,698.472,0.770384,0.171273,1.65304,2.23921,4.22901,False,69.0|292,462
8|462|vc|4|2|292,696.787,0.770656,0.169659,4.23003,2.23669,4.22194,698.472,0.770384,0.171273,1.65304,2.23921,4.22901,False,69.0|292,462
8|462|vc|5|2|292,696.787,0.770656,0.169659,3.84246,2.23669,4.22194,698.472,0.770384,0.171273,1.65304,2.23921,4.22901,False,69.0|292,462
8|462|vc|6|2|292,696.787,0.770656,0.169659,2.65946,2.23669,4.22194,698.472,0.770384,0.171273,1.65304,2.23921,4.22901,False,69.0|292,462
8|462|vc|7|2|292,696.787,0.770656,0.169659,4.8805,2.23669,4.22194,698.472,0.770384,0.171273,1.65304,2.23921,4.22901,False,69.0|292,462
8|462|vc|8|2|292,696.787,0.770656,0.169659,3.09459,2.23669,4.22194,698.472,0.770384,0.171273,1.65304,2.23921,4.22901,False,69.0|292,462
8|75|cc|1|1|65,696.787,0.770656,0.169635,4.03288,2.23681,4.22341,698.472,0.770384,0.171249,1.65304,2.23934,4.23053,False,69.0|65,75
8|75|cc|2|1|65,696.787,0.770656,0.169635,4.56368,2.23681,4.22341,698.472,0.770384,0.171249,1.65304,2.23934,4.23053,False,69.0|65,75
8|75|cc|3|1|65,696.787,0.770656,0.169635,3.83362,2.23681,4.22341,698.472,0.770384,0.171249,1.65304,2.23934,4.23053,False,69.0|65,75
8|75|cc|4|1|65,696.787,0.770656,0.169635,5.04722,2.23681,4.22341,698.472,0.770384,0.171249,1.65304,2.23934,4.23053,False,69.0|65,75
8|75|cc|5|1|65,696.787,0.770656,0.169635,4.65322,2.23681,4.22341,698.472,0.770384,0.171249,1.65304,2.23934,4.23053,False,69.0|65,75
8|75|cc|6|1|65,696.787,0.770656,0.169635,4.50746,2.23681,4.22341,698.472,0.770384,0.171249,1.65304,2.23934,4.23053,False,69.0|65,75
8|75|cc|7|1|65,696.787,0.770656,0.169635,4.30691,2.23681,4.22341,698.472,0.770384,0.171249,1.65304,2.23934,4.23053,False,69.0|65,75
8|75|cc|8|1|65,696.787,0.770656,0.169635,3.48937,2.23681,4.22341,698.472,0.770384,0.171249,1.65304,2.23934,4.23053,False,69.0|65,75
8|75|sample|10|65,696.787,0.770709,0.169634,1.90503,2.23681,4.22341,698.472,0.770437,0.171249,1.87894,2.23934,4.23053,True,32.0|65,75
8|75|sample|11|65,696.787,0.770709,0.169689,22.3071,2.23681,4.22341,698.472,0.770437,0.171304,21.8955,2.23934,4.23053,True,22.0|65,75
8|75|sample|12|65,696.787,0.770709,0.169689,36.1027,2.23681,4.22341,698.472,0.770437,0.171304,34.2586,2.23934,4.23053,True,22.0|65,75
8|75|sample|3|65,696.787,0.770709,0.169654,31.659,2.23681,4.22341,698.472,0.770437,0.171269,31.1969,2.23934,4.23053,True,55.0|65,75
8|75|sample|4|65,696.787,0.770709,0.169654,28.9981,2.23681,4.22341,698.472,0.770437,0.171269,28.3854,2.23934,4.23053,True,55.0|65,75
8|75|sample|5|65,696.787,0.770709,0.169654,35.7365,2.23681,4.22341,698.472,0.770437,0.171269,34.9562,2.23934,4.23053,True,55.0|65,75
8|75|sample|6|65,696.787,0.770709,0.169654,32.366,2.23681,4.22341,698.472,0.770437,0.171269,35.78,2.23934,4.23053,True,55.0|65,75
8|75|sample|7|65,696.787,0.770709,0.169634,2.4742,2.23681,4.22341,698.472,0.770437,0.171249,2.44995,2.23934,4.23053,True,32.0|65,75
8|75|sample|8|65,696.787,0.770709,0.169634,2.6046,2.23681,4.22341,698.472,0.770437,0.171249,2.5084,2.23934,4.23053,True,32.0|65,75
8|75|sample|9|65,696.787,0.770709,0.169634,1.84132,2.23681,4.22341,698.472,0.770437,0.171249,1.86342,2.23934,4.23053,True,32.0|65,75
8|75|vc|1|2|65,696.787,0.770656,0.169635,5.45195,2.23681,4.22341,698.472,0.770384,0.171249,1.65304,2.23934,4.23053,False,69.0|65,75
8|75|vc|2|2|65,696.787,0.770656,0.169635,3.86066,2.23681,4.22341,698.472,0.770384,0.171249,1.65304,2.23934,4.23053,False,69.0|65,75
8|75|vc|3|2|65,696.787,0.770656,0.169635,4.82407,2.23681,4.22341,698.472,0.770384,0.171249,1.65304,2.23934,4.23053,False,69.0|65,75
8|75|vc|4|2|65,696.787,0.770656,0.169635,4.35581,2.23681,4.22341,698.472,0.770384,0.171249,1.65304,2.23934,4.23053,False,69.0|65,75
8|75|vc|5|2|65,696.787,0.770656,0.169635,6.84023,2.23681,4.22341,698.472,0.770384,0.171249,1.65304,2.23934,4.23053,False,69.0|65,75
8|75|vc|6|2|65,696.787,0.770656,0.169635,4.79481,2.23681,4.22341,698.472,0.770384,0.171249,1.65304,2.23934,4.23053,False,69.0|65,75
8|75|vc|7|2|65,696.787,0.770656,0.169635,6.04013,2.23681,4.22341,698.472,0.770384,0.171249,1.65304,2.23934,4.23053,False,69.0|65,75
8|75|vc|8|2|65,696.787,0.770656,0.169635,5.13633,2.23681,4.22341,698.472,0.770384,0.171249,1.65304,2.23934,4.23053,False,69.0|65,75
8|291|cc|1|1|103,696.787,0.770656,0.169634,5.82587,2.23757,4.22368,698.472,0.770384,0.171248,1.65304,2.24009,4.2308,False,69.0|103,291
8|291|cc|2|1|103,696.787,0.770656,0.169634,3.67631,2.23757,4.22368,698.472,0.770384,0.171248,1.65304,2.24009,4.2308,False,69.0|103,291
8|291|cc|3|1|103,696.787,0.770656,0.169634,4.64213,2.23757,4.22368,698.472,0.770384,0.171248,1.65304,2.24009,4.2308,False,69.0|103,291
8|291|cc|4|1|103,696.787,0.770656,0.169634,6.06379,2.23757,4.22368,698.472,0.770384,0.171248,1.65304,2.24009,4.2308,False,69.0|103,291
8|291|cc|5|1|103,696.787,0.770656,0.169634,4.62975,2.23757,4.22368,698.472,0.770384,0.171248,1.65304,2.24009,4.2308,False,69.0|103,291
8|291|cc|6|1|103,696.787,0.770656,0.169634,4.95173,2.23757,4.22368,698.472,0.770384,0.171248,1.65304,2.24009,4.2308,False,69.0|103,291
8|291|cc|7|1|103,696.787,0.770656,0.169634,4.45977,2.23757,4.22368,698.472,0.770384,0.171248,1.65304,2.24009,4.2308,False,69.0|103,291
8|291|cc|8|1|103,696.787,0.770656,0.169634,4.02389,2.23757,4.22368,698.472,0.770384,0.171248,1.65304,2.24009,4.2308,False,69.0|103,291
8|291|sample|10|103,696.787,0.770709,0.16981,56.1615,2.23757,4.22368,698.472,0.770437,0.171428,55.9763,2.24009,4.2308,True,32.0|103,291
8|291|sample|11|103,696.787,0.770709,0.169631,67.7385,2.23757,4.22368,698.472,0.770437,0.171245,71.4866,2.24009,4.2308,True,22.0|103,291
8|291|sample|12|103,696.787,0.770709,0.169631,57.9631,2.23757,4.22368,698.472,0.770437,0.171245,55.2025,2.24009,4.2308,True,22.0|103,291
8|291|sample|3|103,696.787,0.770709,0.169684,6.0781,2.23757,4.22368,698.472,0.770437,0.171299,6.1106,2.24009,4.2308,True,55.0|103,291
8|291|sample|4|103,696.787,0.770709,0.169684,6.0609,2.23757,4.22368,698.472,0.770437,0.171299,6.07239,2.24009,4.2308,True,55.0|103,291
8|291|sample|5|103,696.787,0.770709,0.169684,6.58596,2.23757,4.22368,698.472,0.770437,0.171299,6.61123,2.24009,4.2308,True,55.0|103,291
8|291|sample|6|103,696.787,0.770709,0.169684,6.46431,2.23757,4.22368,698.472,0.770437,0.171299,6.64313,2.24009,4.2308,True,55.0|103,291
8|291|sample|7|103,696.787,0.770709,0.16981,53.7088,2.23757,4.22368,698.472,0.770437,0.171428,54.2945,2.24009,4.2308,True,32.0|103,291
8|291|sample|8|103,696.787,0.770709,0.16981,48.8748,2.23757,4.22368,698.472,0.770437,0.171428,48.1617,2.24009,4.2308,True,32.0|103,291
8|291|sample|9|103,696.787,0.770709,0.16981,55.1181,2.23757,4.22368,698.472,0.770437,0.171428,53.2544,2.24009,4.2308,True,32.0|103,291
8|291|vc|1|2|103,696.787,0.770656,0.169634,3.86557,2.23757,4.22368,698.472,0.770384,0.171248,1.65304,2.24009,4.2308,False,69.0|103,291
8|291|vc|2|2|103,696.787,0.770656,0.169634,4.34707,2.23757,4.22368,698.472,0.770384,0.171248,1.65304,2.24009,4.2308,False,69.0|103,291
8|291|vc|3|2|103,696.787,0.770656,0.169634,3.99271,2.23757,4.22368,698.472,0.770384,0.171248,1.65304,2.24009,4.2308,False,69.0|103,291
8|291|vc|4|2|103,696.787,0.770656,0.169634,4.0476,2.23757,4.22368,698.472,0.770384,0.171248,1.65304,2.24009,4.2308,False,69.0|103,291
8|291|vc|5|2|103,696.787,0.770656,0.169634,4.83857,2.23757,4.22368,698.472,0.770384,0.171248,1.65304,2.24009,4.2308,False,69.0|103,291
8|291|vc|6|2|103,696.787,0.770656,0.169634,6.5753,2.23757,4.22368,698.472,0.770384,0.171248,1.65304,2.24009,4.2308,False,69.0|103,291
8|291|vc|7|2|103,696.787,0.770656,0.169634,5.85697,2.23757,4.22368,698.472,0.770384,0.171248,1.65304,2.24009,4.2308,False,69.0|103,291
8|291|vc|8|2|103,696.787,0.770656,0.169634,3.59012,2.23757,4.22368,698.472,0.770384,0.171248,1.65304,2.24009,4.2308,False,69.0|103,291
8|77|cc|1|1|218,696.787,0.770656,0.169677,4.10286,2.23657,4.22352,698.472,0.770384,0.171292,1.65304,2.2391,4.23064,False,69.0|218,77
8|77|cc|2|1|218,696.787,0.770656,0.169677,4.30537,2.23657,4.22352,698.472,0.770384,0.171292,1.65304,2.2391,4.23064,False,69.0|218,77
8|77|cc|3|1|218,696.787,0.770656,0.169677,4.60825,2.23657,4.22352,698.472,0.770384,0.171292,1.65304,2.2391,4.23064,False,69.0|218,77
8|77|cc|4|1|218,696.787,0.770656,0.169677,3.83941,2.23657,4.22352,698.472,0.770384,0.171292,1.65304,2.2391,4.23064,False,69.0|218,77
8|77|cc|5|1|218,696.787,0.770656,0.169677,4.98829,2.23657,4.22352,698.472,0.770384,0.171292,1.65304,2.2391,4.23064,False,69.0|218,77
8|77|cc|6|1|218,696.787,0.770656,0.169677,5.60087,2.23657,4.22352,698.472,0.770384,0.171292,1.65304,2.2391,4.23064,False,69.0|218,77
8|77|cc|7|1|218,696.787,0.770656,0.169677,4.12196,2.23657,4.22352,698.472,0.770384,0.171292,1.65304,2.2391,4.23064,False,69.0|218,77
8|77|cc|8|1|218,696.787,0.770656,0.169677,4.2464,2.23657,4.22352,698.472,0.770384,0.171292,1.65304,2.2391,4.23064,False,69.0|218,77
8|77|sample|10|218,696.787,0.770709,0.169606,28.2926,2.23657,4.22352,698.472,0.770437,0.17122,28.4088,2.2391,4.23064,True,32.0|218,77
8|77|sample|11|218,696.787,0.770709,0.16962,36.6446,2.23657,4.22352,698.472,0.770437,0.171234,36.3837,2.2391,4.23064,True,22.0|218,77
8|77|sample|12|218,696.787,0.770709,0.16962,37.9806,2.23657,4.22352,698.472,0.770437,0.171234,36.5343,2.2391,4.23064,True,22.0|218,77
8|77|sample|3|218,696.787,0.770709,0.169624,224.312,2.23657,4.22352,698.472,0.770437,0.171238,216.171,2.2391,4.23064,True,55.0|218,77
8|77|sample|4|218,696.787,0.770709,0.169624,198.484,2.23657,4.22352,698.472,0.770437,0.171238,200.425,2.2391,4.23064,True,55.0|218,77
8|77|sample|5|218,696.787,0.770709,0.169624,252.614,2.23657,4.22352,698.472,0.770437,0.171238,242.583,2.2391,4.23064,True,55.0|218,77
8|77|sample|6|218,696.787,0.770709,0.169624,211.116,2.23657,4.22352,698.472,0.770437,0.171238,251.402,2.2391,4.23064,True,55.0|218,77
8|77|sample|7|218,696.787,0.770709,0.169606,23.0553,2.23657,4.22352,698.472,0.770437,0.17122,22.7939,2.2391,4.23064,True,32.0|218,77
8|77|sample|8|218,696.787,0.770709,0.169606,26.5024,2.23657,4.22352,698.472,0.770437,0.17122,25.6911,2.2391,4.23064,True,32.0|218,77
8|77|sample|9|218,696.787,0.770709,0.169606,29.1101,2.23657,4.22352,698.472,0.770437,0.17122,27.8821,2.2391,4.23064,True,32.0|218,77
8|77|vc|1|2|218,696.787,0.770656,0.169677,6.49219,2.23657,4.22352,698.472,0.770384,0.171292,1.65304,2.2391,4.23064,False,69.0|218,77
8|77|vc|2|2|218,696.787,0.770656,0.169677,4.74128,2.23657,4.22352,698.472,0.770384,0.171292,1.65304,2.2391,4.23064,False,69.0|218,77
8|77|vc|3|2|218,696.787,0.770656,0.169677,4.37684,2.23657,4.22352,698.472,0.770384,0.171292,1.65304,2.2391,4.23064,False,69.0|218,77
8|77|vc|4|2|218,696.787,0.770656,0.169677,5.00741,2.23657,4.22352,698.472,0.770384,0.171292,1.65304,2.2391,4.23064,False,69.0|218,77
8|77|vc|5|2|218,696.787,0.770656,0.169677,4.8213,2.23657,4.22352,698.472,0.770384,0.171292,1.65304,2.2391,4.23064,False,69.0|218,77
8|77|vc|6|2|218,696.787,0.770656,0.169677,2.81922,2.23657,4.22352,698.472,0.770384,0.171292,1.65304,2.2391,4.23064,False,69.0|218,77
8|77|vc|7|2|218,696.787,0.770656,0.169677,5.33945,2.23657,4.22352,698.472,0.770384,0.171292,1.65304,2.2391,4.23064,False,69.0|218,77
8|77|vc|8|2|218,696.787,0.770656,0.169677,3.62745,2.23657,4.22352,698.472,0.770384,0.171292,1.65304,2.2391,4.23064,False,69.0|218,77
8|322|cc|1|1|174,696.787,0.770656,0.169627,5.97016,2.23443,4.22353,698.472,0.770384,0.171242,1.65304,2.23691,4.23064,False,69.0|174,322
8|322|cc|2|1|174,696.787,0.770656,0.169627,3.75354,2.23443,4.22353,698.472,0.770384,0.171242,1.65304,2.23691,4.23064,False,69.0|174,322
8|322|cc|3|1|174,696.787,0.770656,0.169627,4.5061,2.23443,4.22353,698.472,0.770384,0.171242,1.65304,2.23691,4.23064,False,69.0|174,322
8|322|cc|4|1|174,696.787,0.770656,0.169627,3.02108,2.23443,4.22353,698.472,0.770384,0.171242,1.65304,2.23691,4.23064,False,69.0|174,322
8|322|cc|5|1|174,696.787,0.770656,0.169627,4.10906,2.23443,4.22353,698.472,0.770384,0.171242,1.65304,2.23691,4.23064,False,69.0|174,322
8|322|cc|6|1|174,696.787,0.770656,0.169627,5.59386,2.23443,4.22353,698.472,0.770384,0.171242,1.65304,2.23691,4.23064,False,69.0|174,322
8|322|cc|7|1|174,696.787,0.770656,0.169627,3.40307,2.23443,4.22353,698.472,0.770384,0.171242,1.65304,2.23691,4.23064,False,69.0|174,322
8|322|cc|8|1|174,696.787,0.770656,0.169627,4.4192,2.23443,4.22353,698.472,0.770384,0.171242,1.65304,2.23691,4.23064,False,69.0|174,322
8|322|sample|10|174,696.787,0.770709,0.16964,94.3044,2.23443,4.22353,698.472,0.770437,0.171255,96.6961,2.23691,4.23064,True,32.0|174,322
8|322|sample|11|174,696.787,0.770709,0.16965,60.8706,2.23443,4.22353,698.472,0.770437,0.171265,59.611,2.23691,4.23064,True,22.0|174,322
8|322|sample|12|174,696.787,0.770709,0.16965,67.1406,2.23443,4.22353,698.472,0.770437,0.171265,74.1888,2.23691,4.23064,True,22.0|174,322
8|322|sample|3|174,696.787,0.770709,0.169602,114.803,2.23443,4.22353,698.472,0.770437,0.171217,109.918,2.23691,4.23064,True,55.0|174,322
8|322|sample|4|174,696.787,0.770709,0.169602,93.1287,2.23443,4.22353,698.472,0.770437,0.171217,97.1579,2.23691,4.23064,True,55.0|174,322
8|322|sample|5|174,696.787,0.770709,0.169602,101.781,2.23443,4.22353,698.472,0.770437,0.171217,100.093,2.23691,4.23064,True,55.0|174,322
8|322|sample|6|174,696.787,0.770709,0.169602,96.6509,2.23443,4.22353,698.472,0.770437,0.171217,97.4038,2.23691,4.23064,True,55.0|174,322
8|322|sample|7|174,696.787,0.770709,0.16964,70.9301,2.23443,4.22353,698.472,0.770437,0.171255,74.6073,2.23691,4.23064,True,32.0|174,322
8|322|sample|8|174,696.787,0.770709,0.16964,68.2423,2.23443,4.22353,698.472,0.770437,0.171255,71.0227,2.23691,4.23064,True,32.0|174,322
8|322|sample|9|174,696.787,0.770709,0.16964,78.1928,2.23443,4.22353,698.472,0.770437,0.171255,78.4783,2.23691,4.23064,True,32.0|174,322
8|322|vc|1|2|174,696.787,0.770656,0.169627,4.15129,2.23443,4.22353,698.472,0.770384,0.171242,1.65304,2.23691,4.23064,False,69.0|174,322
8|322|vc|2|2|174,696.787,0.770656,0.169627,4.56103,2.23443,4.22353,698.472,0.770384,0.171242,1.65304,2.23691,4.23064,False,69.0|174,322
8|322|vc|3|2|174,696.787,0.770656,0.169627,5.40523,2.23443,4.22353,698.472,0.770384,0.171242,1.65304,2.23691,4.23064,False,69.0|174,322
8|322|vc|4|2|174,696.787,0.770656,0.169627,5.29549,2.23443,4.22353,698.472,0.770384,0.171242,1.65304,2.23691,4.23064,False,69.0|174,322
8|322|vc|5|2|174,696.787,0.770656,0.169627,3.31923,2.23443,4.22353,698.472,0.770384,0.171242,1.65304,2.23691,4.23064,False,69.0|174,322
8|322|vc|6|2|174,696.787,0.770656,0.169627,3.88364,2.23443,4.22353,698.472,0.770384,0.171242,1.65304,2.23691,4.23064,False,69.0|174,322
8|322|vc|7|2|174,696.787,0.770656,0.169627,3.84712,2.23443,4.22353,698.472,0.770384,0.171242,1.65304,2.23691,4.23064,False,69.0|174,322
8|322|vc|8|2|174,696.787,0.770656,0.169627,4.39477,2.23443,4.22353,698.472,0.770384,0.171242,1.65304,2.23691,4.23064,False,69.0|174,322
8|963|cc|1|1|319,696.786,0.770656,0.16964,4.88439,2.23685,4.22368,698.472,0.770384,0.171254,1.65304,2.23937,4.2308,False,69.0|319,963
8|963|cc|2|1|319,696.786,0.770656,0.16964,5.28404,2.23685,4.22368,698.472,0.770384,0.171254,1.65304,2.23937,4.2308,False,69.0|319,963
8|963|cc|3|1|319,696.786,0.770656,0.16964,3.41387,2.23685,4.22368,698.472,0.770384,0.171254,1.65304,2.23937,4.2308,False,69.0|319,963
8|963|cc|4|1|319,696.786,0.770656,0.16964,4.09104,2.23685,4.22368,698.472,0.770384,0.171254,1.65304,2.23937,4.2308,False,69.0|319,963
8|963|cc|5|1|319,696.786,0.770656,0.16964,4.48174,2.23685,4.22368,698.472,0.770384,0.171254,1.65304,2.23937,4.2308,False,69.0|319,963
8|963|cc|6|1|319,696.786,0.770656,0.16964,5.77047,2.23685,4.22368,698.472,0.770384,0.171254,1.65304,2.23937,4.2308,False,69.0|319,963
8|963|cc|7|1|319,696.786,0.770656,0.16964,5.02268,2.23685,4.22368,698.472,0.770384,0.171254,1.65304,2.23937,4.2308,False,69.0|319,963
8|963|cc|8|1|319,696.786,0.770656,0.16964,5.49905,2.23685,4.22368,698.472,0.770384,0.171254,1.65304,2.23937,4.2308,False,69.0|319,963
8|963|sample|10|319,696.787,0.770709,0.169727,86.1126,2.23685,4.22368,698.472,0.770437,0.171345,87.6541,2.23937,4.2308,True,32.0|319,963
8|963|sample|11|319,696.787,0.770709,0.169679,21.3366,2.23685,4.22368,698.472,0.770437,0.171293,22.7156,2.23937,4.2308,True,22.0|319,963
8|963|sample|12|319,696.787,0.770709,0.169679,24.5243,2.23685,4.22368,698.472,0.770437,0.171293,23.7261,2.23937,4.2308,True,22.0|319,963
8|963|sample|3|319,696.787,0.770709,0.170372,356.974,2.23685,4.22368,698.472,0.770437,0.17192,346.0,2.23937,4.2308,True,55.0|319,963
8|963|sample|4|319,696.787,0.770709,0.170372,388.127,2.23685,4.22368,698.472,0.770437,0.17192,381.26,2.23937,4.2308,True,55.0|319,963
8|963|sample|5|319,696.787,0.770709,0.170372,417.504,2.23685,4.22368,698.472,0.770437,0.17192,415.905,2.23937,4.2308,True,55.0|319,963
8|963|sample|6|319,696.787,0.770709,0.170372,583.898,2.23685,4.22368,698.472,0.770437,0.17192,545.575,2.23937,4.2308,True,55.0|319,963
8|963|sample|7|319,696.787,0.770709,0.169727,95.5801,2.23685,4.22368,698.472,0.770437,0.171345,94.6776,2.23937,4.2308,True,32.0|319,963
8|963|sample|8|319,696.787,0.770709,0.169727,75.9717,2.23685,4.22368,698.472,0.770437,0.171345,76.2236,2.23937,4.2308,True,32.0|319,963
8|963|sample|9|319,696.787,0.770709,0.169727,88.5942,2.23685,4.22368,698.472,0.770437,0.171345,94.2247,2.23937,4.2308,True,32.0|319,963
8|963|vc|1|2|319,696.786,0.770656,0.16964,4.34766,2.23685,4.22368,698.472,0.770384,0.171254,1.65304,2.23937,4.2308,False,69.0|319,963
8|963|vc|2|2|319,696.786,0.770656,0.16964,2.72226,2.23685,4.22368,698.472,0.770384,0.171254,1.65304,2.23937,4.2308,False,69.0|319,963
8|963|vc|3|2|319,696.786,0.770656,0.16964,4.07547,2.23685,4.22368,698.472,0.770384,0.171254,1.65304,2.23937,4.2308,False,69.0|319,963
8|963|vc|4|2|319,696.786,0.770656,0.16964,4.67646,2.23685,4.22368,698.472,0.770384,0.171254,1.65304,2.23937,4.2308,False,69.0|319,963
8|963|vc|5|2|319,696.786,0.770656,0.16964,6.0326,2.23685,4.22368,698.472,0.770384,0.171254,1.65304,2.23937,4.2308,False,69.0|319,963
8|963|vc|6|2|319,696.786,0.770656,0.16964,4.0916,2.23685,4.22368,698.472,0.770384,0.171254,1.65304,2.23937,4.2308,False,69.0|319,963
8|963|vc|7|2|319,696.786,0.770656,0.16964,4.66257,2.23685,4.22368,698.472,0.770384,0.171254,1.65304,2.23937,4.2308,False,69.0|319,963
8|963|vc|8|2|319,696.786,0.770656,0.16964,6.67407,2.23685,4.22368,698.472,0.770384,0.171254,1.65304,2.23937,4.2308,False,69.0|319,963
8|1241|cc|1|1|69,696.787,0.770656,0.169611,4.09416,2.2364,4.22355,698.472,0.770384,0.171225,1.65304,2.23893,4.23067,False,69.0|69,1241
8|1241|cc|2|1|69,696.787,0.770656,0.169611,3.37925,2.2364,4.22355,698.472,0.770384,0.171225,1.65304,2.23893,4.23067,False,69.0|69,1241
8|1241|cc|3|1|69,696.787,0.770656,0.169611,3.08211,2.2364,4.22355,698.472,0.770384,0.171225,1.65304,2.23893,4.23067,False,69.0|69,1241
8|1241|cc|4|1|69,696.787,0.770656,0.169611,3.92878,2.2364,4.22355,698.472,0.770384,0.171225,1.65304,2.23893,4.23067,False,69.0|69,1241
8|1241|cc|5|1|69,696.787,0.770656,0.169611,2.88585,2.2364,4.22355,698.472,0.770384,0.171225,1.65304,2.23893,4.23067,False,69.0|69,1241
8|1241|cc|6|1|69,696.787,0.770656,0.169611,5.1061,2.2364,4.22355,698.472,0.770384,0.171225,1.65304,2.23893,4.23067,False,69.0|69,1241
8|1241|cc|7|1|69,696.787,0.770656,0.169611,5.7732,2.2364,4.22355,698.472,0.770384,0.171225,1.65304,2.23893,4.23067,False,69.0|69,1241
8|1241|cc|8|1|69,696.787,0.770656,0.169611,4.08244,2.2364,4.22355,698.472,0.770384,0.171225,1.65304,2.23893,4.23067,False,69.0|69,1241
8|1241|sample|3|69,696.787,0.770709,0.169635,6.5053,2.2364,4.22355,698.472,0.770437,0.17125,6.57004,2.23893,4.23067,True,22.0|69,1241
8|1241|sample|4|69,696.787,0.770709,0.169635,6.58349,2.2364,4.22355,698.472,0.770437,0.17125,6.64219,2.23893,4.23067,True,22.0|69,1241
8|1241|sample|8|69,696.787,0.770709,0.169635,39.8936,2.2364,4.22355,698.472,0.770437,0.17125,15.561,2.23893,4.23067,True,22.0|69,1241
8|1241|vc|1|2|69,696.787,0.770656,0.169611,3.18644,2.2364,4.22355,698.472,0.770384,0.171225,1.65304,2.23893,4.23067,False,69.0|69,1241
8|1241|vc|2|2|69,696.787,0.770656,0.169611,5.88193,2.2364,4.22355,698.472,0.770384,0.171225,1.65304,2.23893,4.23067,False,69.0|69,1241
8|1241|vc|3|2|69,696.787,0.770656,0.169611,4.06947,2.2364,4.22355,698.472,0.770384,0.171225,1.65304,2.23893,4.23067,False,69.0|69,1241
8|1241|vc|4|2|69,696.787,0.770656,0.169611,3.35602,2.2364,4.22355,698.472,0.770384,0.171225,1.65304,2.23893,4.23067,False,69.0|69,1241
8|1241|vc|5|2|69,696.787,0.770656,0.169611,3.82849,2.2364,4.22355,698.472,0.770384,0.171225,1.65304,2.23893,4.23067,False,69.0|69,1241
8|1241|vc|6|2|69,696.787,0.770656,0.169611,5.81839,2.2364,4.22355,698.472,0.770384,0.171225,1.65304,2.23893,4.23067,False,69.0|69,1241
8|1241|vc|7|2|69,696.787,0.770656,0.169611,4.02938,2.2364,4.22355,698.472,0.770384,0.171225,1.65304,2.23893,4.23067,False,69.0|69,1241
8|1241|vc|8|2|69,696.787,0.770656,0.169611,4.68693,2.2364,4.22355,698.472,0.770384,0.171225,1.65304,2.23893,4.23067,False,69.0|69,1241
8|1056|cc|1|1|276,696.787,0.770656,0.169619,4.66583,2.23651,4.22361,698.472,0.770384,0.171233,1.65304,2.23903,4.23073,False,69.0|276,1056
8|1056|cc|2|1|276,696.787,0.770656,0.169619,5.13997,2.23651,4.22361,698.472,0.770384,0.171233,1.65304,2.23903,4.23073,False,69.0|276,1056
8|1056|cc|3|1|276,696.787,0.770656,0.169619,4.92553,2.23651,4.22361,698.472,0.770384,0.171233,1.65304,2.23903,4.23073,False,69.0|276,1056
8|1056|cc|4|1|276,696.787,0.770656,0.169619,4.50623,2.23651,4.22361,698.472,0.770384,0.171233,1.65304,2.23903,4.23073,False,69.0|276,1056
8|1056|cc|5|1|276,696.787,0.770656,0.169619,3.72572,2.23651,4.22361,698.472,0.770384,0.171233,1.65304,2.23903,4.23073,False,69.0|276,1056
8|1056|cc|6|1|276,696.787,0.770656,0.169619,4.59795,2.23651,4.22361,698.472,0.770384,0.171233,1.65304,2.23903,4.23073,False,69.0|276,1056
8|1056|cc|7|1|276,696.787,0.770656,0.169619,3.30341,2.23651,4.22361,698.472,0.770384,0.171233,1.65304,2.23903,4.23073,False,69.0|276,1056
8|1056|cc|8|1|276,696.787,0.770656,0.169619,5.01462,2.23651,4.22361,698.472,0.770384,0.171233,1.65304,2.23903,4.23073,False,69.0|276,1056
8|1056|sample|3|276,696.787,0.770709,0.169636,17.9347,2.23651,4.22361,698.472,0.770437,0.171251,18.1213,2.23903,4.23073,True,22.0|276,1056
8|1056|sample|4|276,696.787,0.770709,0.169636,17.4644,2.23651,4.22361,698.472,0.770437,0.171251,17.0672,2.23903,4.23073,True,22.0|276,1056
8|1056|vc|1|2|276,696.787,0.770656,0.169619,5.18147,2.23651,4.22361,698.472,0.770384,0.171233,1.65304,2.23903,4.23073,False,69.0|276,1056
8|1056|vc|2|2|276,696.787,0.770656,0.169619,4.87937,2.23651,4.22361,698.472,0.770384,0.171233,1.65304,2.23903,4.23073,False,69.0|276,1056
8|1056|vc|3|2|276,696.787,0.770656,0.169619,3.51643,2.23651,4.22361,698.472,0.770384,0.171233,1.65304,2.23903,4.23073,False,69.0|276,1056
8|1056|vc|4|2|276,696.787,0.770656,0.169619,4.23293,2.23651,4.22361,698.472,0.770384,0.171233,1.65304,2.23903,4.23073,False,69.0|276,1056
8|1056|vc|5|2|276,696.787,0.770656,0.169619,3.51051,2.23651,4.22361,698.472,0.770384,0.171233,1.65304,2.23903,4.23073,False,69.0|276,1056
8|1056|vc|6|2|276,696.787,0.770656,0.169619,4.18895,2.23651,4.22361,698.472,0.770384,0.171233,1.65304,2.23903,4.23073,False,69.0|276,1056
8|1056|vc|7|2|276,696.787,0.770656,0.169619,3.40138,2.23651,4.22361,698.472,0.770384,0.171233,1.65304,2.23903,4.23073,False,69.0|276,1056
8|1056|vc|8|2|276,696.787,0.770656,0.169619,4.21047,2.23651,4.22361,698.472,0.770384,0.171233,1.65304,2.23903,4.23073,False,69.0|276,1056
8|1159|cc|1|1|292,696.787,0.770656,0.169659,4.04188,2.23661,4.22398,698.472,0.770384,0.171273,1.65304,2.23914,4.23109,False,69.0|292,1159
8|1159|cc|2|1|292,696.787,0.770656,0.169659,5.58789,2.23661,4.22398,698.472,0.770384,0.171273,1.65304,2.23914,4.23109,False,69.0|292,1159
8|1159|cc|3|1|292,696.787,0.770656,0.169659,5.07214,2.23661,4.22398,698.472,0.770384,0.171273,1.65304,2.23914,4.23109,False,69.0|292,1159
8|1159|cc|4|1|292,696.787,0.770656,0.169659,3.81055,2.23661,4.22398,698.472,0.770384,0.171273,1.65304,2.23914,4.23109,False,69.0|292,1159
8|1159|cc|5|1|292,696.787,0.770656,0.169659,4.66779,2.23661,4.22398,698.472,0.770384,0.171273,1.65304,2.23914,4.23109,False,69.0|292,1159
8|1159|cc|6|1|292,696.787,0.770656,0.169659,3.21146,2.23661,4.22398,698.472,0.770384,0.171273,1.65304,2.23914,4.23109,False,69.0|292,1159
8|1159|cc|7|1|292,696.787,0.770656,0.169659,5.24257,2.23661,4.22398,698.472,0.770384,0.171273,1.65304,2.23914,4.23109,False,69.0|292,1159
8|1159|cc|8|1|292,696.787,0.770656,0.169659,4.20951,2.23661,4.22398,698.472,0.770384,0.171273,1.65304,2.23914,4.23109,False,69.0|292,1159
8|1159|sample|3|292,696.787,0.770709,0.169632,8.41082,2.23661,4.22398,698.472,0.770437,0.171246,8.11552,2.23914,4.23109,True,22.0|292,1159
8|1159|sample|4|292,696.787,0.770709,0.169632,7.79263,2.23661,4.22398,698.472,0.770437,0.171246,7.63981,2.23914,4.23109,True,22.0|292,1159
8|1159|vc|1|2|292,696.787,0.770656,0.169659,4.03398,2.23661,4.22398,698.472,0.770384,0.171273,1.65304,2.23914,4.23109,False,69.0|292,1159
8|1159|vc|2|2|292,696.787,0.770656,0.169659,5.39161,2.23661,4.22398,698.472,0.770384,0.171273,1.65304,2.23914,4.23109,False,69.0|292,1159
8|1159|vc|3|2|292,696.787,0.770656,0.169659,5.19638,2.23661,4.22398,698.472,0.770384,0.171273,1.65304,2.23914,4.23109,False,69.0|292,1159
8|1159|vc|4|2|292,696.787,0.770656,0.169659,4.23397,2.23661,4.22398,698.472,0.770384,0.171273,1.65304,2.23914,4.23109,False,69.0|292,1159
8|1159|vc|5|2|292,696.787,0.770656,0.169659,5.22184,2.23661,4.22398,698.472,0.770384,0.171273,1.65304,2.23914,4.23109,False,69.0|292,1159
8|1159|vc|6|2|292,696.787,0.770656,0.169659,4.71899,2.23661,4.22398,698.472,0.770384,0.171273,1.65304,2.23914,4.23109,False,69.0|292,1159
8|1159|vc|7|2|292,696.787,0.770656,0.169659,5.63866,2.23661,4.22398,698.472,0.770384,0.171273,1.65304,2.23914,4.23109,False,69.0|292,1159
8|1159|vc|8|2|292,696.787,0.770656,0.169659,4.31609,2.23661,4.22398,698.472,0.770384,0.171273,1.65304,2.23914,4.23109,False,69.0|292,1159
8|1017|cc|1|1|65,696.787,0.770656,0.169635,3.78591,2.23647,4.22298,698.472,0.770384,0.171249,1.65304,2.23899,4.2301,False,69.0|65,1017
8|1017|cc|2|1|65,696.787,0.770656,0.169635,4.30721,2.23647,4.22298,698.472,0.770384,0.171249,1.65304,2.23899,4.2301,False,69.0|65,1017
8|1017|cc|3|1|65,696.787,0.770656,0.169635,6.11709,2.23647,4.22298,698.472,0.770384,0.171249,1.65304,2.23899,4.2301,False,69.0|65,1017
8|1017|cc|4|1|65,696.787,0.770656,0.169635,5.32323,2.23647,4.22298,698.472,0.770384,0.171249,1.65304,2.23899,4.2301,False,69.0|65,1017
8|1017|cc|5|1|65,696.787,0.770656,0.169635,6.14465,2.23647,4.22298,698.472,0.770384,0.171249,1.65304,2.23899,4.2301,False,69.0|65,1017
8|1017|cc|6|1|65,696.787,0.770656,0.169635,3.94144,2.23647,4.22298,698.472,0.770384,0.171249,1.65304,2.23899,4.2301,False,69.0|65,1017
8|1017|cc|7|1|65,696.787,0.770656,0.169635,4.50654,2.23647,4.22298,698.472,0.770384,0.171249,1.65304,2.23899,4.2301,False,69.0|65,1017
8|1017|cc|8|1|65,696.787,0.770656,0.169635,5.37857,2.23647,4.22298,698.472,0.770384,0.171249,1.65304,2.23899,4.2301,False,69.0|65,1017
8|1017|sample|3|65,696.787,0.770709,0.169689,32.5214,2.23647,4.22298,698.472,0.770437,0.171304,32.4963,2.23899,4.2301,True,22.0|65,1017
8|1017|sample|4|65,696.787,0.770709,0.169689,24.4932,2.23647,4.22298,698.472,0.770437,0.171304,25.4208,2.23899,4.2301,True,22.0|65,1017
8|1017|sample|8|65,696.787,0.770709,0.169689,48.2915,2.23647,4.22298,698.472,0.770437,0.171304,15.5608,2.23899,4.2301,True,22.0|65,1017
8|1017|vc|1|2|65,696.787,0.770656,0.169635,5.37628,2.23647,4.22298,698.472,0.770384,0.171249,1.65304,2.23899,4.2301,False,69.0|65,1017
8|1017|vc|2|2|65,696.787,0.770656,0.169635,3.97085,2.23647,4.22298,698.472,0.770384,0.171249,1.65304,2.23899,4.2301,False,69.0|65,1017
8|1017|vc|3|2|65,696.787,0.770656,0.169635,4.67825,2.23647,4.22298,698.472,0.770384,0.171249,1.65304,2.23899,4.2301,False,69.0|65,1017
8|1017|vc|4|2|65,696.787,0.770656,0.169635,3.6883,2.23647,4.22298,698.472,0.770384,0.171249,1.65304,2.23899,4.2301,False,69.0|65,1017
8|1017|vc|5|2|65,696.787,0.770656,0.169635,5.42904,2.23647,4.22298,698.472,0.770384,0.171249,1.65304,2.23899,4.2301,False,69.0|65,1017
8|1017|vc|6|2|65,696.787,0.770656,0.169635,4.59824,2.23647,4.22298,698.472,0.770384,0.171249,1.65304,2.23899,4.2301,False,69.0|65,1017
8|1017|vc|7|2|65,696.787,0.770656,0.169635,4.57436,2.23647,4.22298,698.472,0.770384,0.171249,1.65304,2.23899,4.2301,False,69.0|65,1017
8|1017|vc|8|2|65,696.787,0.770656,0.169635,4.26942,2.23647,4.22298,698.472,0.770384,0.171249,1.65304,2.23899,4.2301,False,69.0|65,1017
8|1197|cc|1|1|103,696.787,0.770656,0.169634,3.48147,2.23659,4.22337,698.472,0.770384,0.171248,1.65304,2.23912,4.23049,False,69.0|103,1197
8|1197|cc|2|1|103,696.787,0.770656,0.169634,4.06772,2.23659,4.22337,698.472,0.770384,0.171248,1.65304,2.23912,4.23049,False,69.0|103,1197
8|1197|cc|3|1|103,696.787,0.770656,0.169634,6.16959,2.23659,4.22337,698.472,0.770384,0.171248,1.65304,2.23912,4.23049,False,69.0|103,1197
8|1197|cc|4|1|103,696.787,0.770656,0.169634,4.10205,2.23659,4.22337,698.472,0.770384,0.171248,1.65304,2.23912,4.23049,False,69.0|103,1197
8|1197|cc|5|1|103,696.787,0.770656,0.169634,3.96349,2.23659,4.22337,698.472,0.770384,0.171248,1.65304,2.23912,4.23049,False,69.0|103,1197
8|1197|cc|6|1|103,696.787,0.770656,0.169634,4.96666,2.23659,4.22337,698.472,0.770384,0.171248,1.65304,2.23912,4.23049,False,69.0|103,1197
8|1197|cc|7|1|103,696.787,0.770656,0.169634,4.01129,2.23659,4.22337,698.472,0.770384,0.171248,1.65304,2.23912,4.23049,False,69.0|103,1197
8|1197|cc|8|1|103,696.787,0.770656,0.169634,3.77078,2.23659,4.22337,698.472,0.770384,0.171248,1.65304,2.23912,4.23049,False,69.0|103,1197
8|1197|sample|3|103,696.787,0.770709,0.169631,43.5298,2.23659,4.22337,698.472,0.770437,0.171245,44.911,2.23912,4.23049,True,22.0|103,1197
8|1197|sample|4|103,696.787,0.770709,0.169631,47.4242,2.23659,4.22337,698.472,0.770437,0.171245,47.1641,2.23912,4.23049,True,22.0|103,1197
8|1197|vc|1|2|103,696.787,0.770656,0.169634,4.10054,2.23659,4.22337,698.472,0.770384,0.171248,1.65304,2.23912,4.23049,False,69.0|103,1197
8|1197|vc|2|2|103,696.787,0.770656,0.169634,4.49963,2.23659,4.22337,698.472,0.770384,0.171248,1.65304,2.23912,4.23049,False,69.0|103,1197
8|1197|vc|3|2|103,696.787,0.770656,0.169634,4.07863,2.23659,4.22337,698.472,0.770384,0.171248,1.65304,2.23912,4.23049,False,69.0|103,1197
8|1197|vc|4|2|103,696.787,0.770656,0.169634,4.5004,2.23659,4.22337,698.472,0.770384,0.171248,1.65304,2.23912,4.23049,False,69.0|103,1197
8|1197|vc|5|2|103,696.787,0.770656,0.169634,4.18047,2.23659,4.22337,698.472,0.770384,0.171248,1.65304,2.23912,4.23049,False,69.0|103,1197
8|1197|vc|6|2|103,696.787,0.770656,0.169634,4.24888,2.23659,4.22337,698.472,0.770384,0.171248,1.65304,2.23912,4.23049,False,69.0|103,1197
8|1197|vc|7|2|103,696.787,0.770656,0.169634,3.66639,2.23659,4.22337,698.472,0.770384,0.171248,1.65304,2.23912,4.23049,False,69.0|103,1197
8|1197|vc|8|2|103,696.787,0.770656,0.169634,6.31382,2.23659,4.22337,698.472,0.770384,0.171248,1.65304,2.23912,4.23049,False,69.0|103,1197
8|745|cc|1|1|218,696.787,0.770656,0.169677,5.49351,2.23666,4.22361,698.472,0.770384,0.171292,1.65304,2.23919,4.23073,False,69.0|218,745
8|745|cc|2|1|218,696.787,0.770656,0.169677,4.19884,2.23666,4.22361,698.472,0.770384,0.171292,1.65304,2.23919,4.23073,False,69.0|218,745
8|745|cc|3|1|218,696.787,0.770656,0.169677,4.0646,2.23666,4.22361,698.472,0.770384,0.171292,1.65304,2.23919,4.23073,False,69.0|218,745
8|745|cc|4|1|218,696.787,0.770656,0.169677,5.58708,2.23666,4.22361,698.472,0.770384,0.171292,1.65304,2.23919,4.23073,False,69.0|218,745
8|745|cc|5|1|218,696.787,0.770656,0.169677,4.47135,2.23666,4.22361,698.472,0.770384,0.171292,1.65304,2.23919,4.23073,False,69.0|218,745
8|745|cc|6|1|218,696.787,0.770656,0.169677,3.93905,2.23666,4.22361,698.472,0.770384,0.171292,1.65304,2.23919,4.23073,False,69.0|218,745
8|745|cc|7|1|218,696.787,0.770656,0.169677,3.12736,2.23666,4.22361,698.472,0.770384,0.171292,1.65304,2.23919,4.23073,False,69.0|218,745
8|745|cc|8|1|218,696.787,0.770656,0.169677,4.03106,2.23666,4.22361,698.472,0.770384,0.171292,1.65304,2.23919,4.23073,False,69.0|218,745
8|745|sample|3|218,696.787,0.770709,0.16962,35.1532,2.23666,4.22361,698.472,0.770437,0.171234,34.8533,2.23919,4.23073,True,22.0|218,745
8|745|sample|4|218,696.787,0.770709,0.16962,34.828,2.23666,4.22361,698.472,0.770437,0.171234,32.7752,2.23919,4.23073,True,22.0|218,745
8|745|sample|5|218,696.787,0.770709,0.16962,62.7465,2.23666,4.22361,698.472,0.770437,0.171234,17.3631,2.23919,4.23073,True,22.0|218,745
8|745|vc|1|2|218,696.787,0.770656,0.169677,3.72355,2.23666,4.22361,698.472,0.770384,0.171292,1.65304,2.23919,4.23073,False,69.0|218,745
8|745|vc|2|2|218,696.787,0.770656,0.169677,4.61216,2.23666,4.22361,698.472,0.770384,0.171292,1.65304,2.23919,4.23073,False,69.0|218,745
8|745|vc|3|2|218,696.787,0.770656,0.169677,6.61618,2.23666,4.22361,698.472,0.770384,0.171292,1.65304,2.23919,4.23073,False,69.0|218,745
8|745|vc|4|2|218,696.787,0.770656,0.169677,3.82076,2.23666,4.22361,698.472,0.770384,0.171292,1.65304,2.23919,4.23073,False,69.0|218,745
8|745|vc|5|2|218,696.787,0.770656,0.169677,5.16166,2.23666,4.22361,698.472,0.770384,0.171292,1.65304,2.23919,4.23073,False,69.0|218,745
8|745|vc|6|2|218,696.787,0.770656,0.169677,3.75516,2.23666,4.22361,698.472,0.770384,0.171292,1.65304,2.23919,4.23073,False,69.0|218,745
8|745|vc|7|2|218,696.787,0.770656,0.169677,4.84835,2.23666,4.22361,698.472,0.770384,0.171292,1.65304,2.23919,4.23073,False,69.0|218,745
8|745|vc|8|2|218,696.787,0.770656,0.169677,2.43879,2.23666,4.22361,698.472,0.770384,0.171292,1.65304,2.23919,4.23073,False,69.0|218,745
8|1043|cc|1|1|174,696.787,0.770656,0.169627,4.19782,2.23656,4.22352,698.472,0.770384,0.171242,1.65304,2.23909,4.23064,False,69.0|174,1043
8|1043|cc|2|1|174,696.787,0.770656,0.169627,3.20452,2.23656,4.22352,698.472,0.770384,0.171242,1.65304,2.23909,4.23064,False,69.0|174,1043
8|1043|cc|3|1|174,696.787,0.770656,0.169627,3.64458,2.23656,4.22352,698.472,0.770384,0.171242,1.65304,2.23909,4.23064,False,69.0|174,1043
8|1043|cc|4|1|174,696.787,0.770656,0.169627,5.17139,2.23656,4.22352,698.472,0.770384,0.171242,1.65304,2.23909,4.23064,False,69.0|174,1043
8|1043|cc|5|1|174,696.787,0.770656,0.169627,3.30418,2.23656,4.22352,698.472,0.770384,0.171242,1.65304,2.23909,4.23064,False,69.0|174,1043
8|1043|cc|6|1|174,696.787,0.770656,0.169627,3.81406,2.23656,4.22352,698.472,0.770384,0.171242,1.65304,2.23909,4.23064,False,69.0|174,1043
8|1043|cc|7|1|174,696.787,0.770656,0.169627,3.75561,2.23656,4.22352,698.472,0.770384,0.171242,1.65304,2.23909,4.23064,False,69.0|174,1043
8|1043|cc|8|1|174,696.787,0.770656,0.169627,5.46541,2.23656,4.22352,698.472,0.770384,0.171242,1.65304,2.23909,4.23064,False,69.0|174,1043
8|1043|sample|3|174,696.787,0.770709,0.16965,53.6362,2.23656,4.22352,698.472,0.770437,0.171265,51.8187,2.23909,4.23064,True,22.0|174,1043
8|1043|sample|4|174,696.787,0.770709,0.16965,53.4474,2.23656,4.22352,698.472,0.770437,0.171265,54.9777,2.23909,4.23064,True,22.0|174,1043
8|1043|vc|1|2|174,696.787,0.770656,0.169627,4.22094,2.23656,4.22352,698.472,0.770384,0.171242,1.65304,2.23909,4.23064,False,69.0|174,1043
8|1043|vc|2|2|174,696.787,0.770656,0.169627,4.31264,2.23656,4.22352,698.472,0.770384,0.171242,1.65304,2.23909,4.23064,False,69.0|174,1043
8|1043|vc|3|2|174,696.787,0.770656,0.169627,3.91012,2.23656,4.22352,698.472,0.770384,0.171242,1.65304,2.23909,4.23064,False,69.0|174,1043
8|1043|vc|4|2|174,696.787,0.770656,0.169627,3.42053,2.23656,4.22352,698.472,0.770384,0.171242,1.65304,2.23909,4.23064,False,69.0|174,1043
8|1043|vc|5|2|174,696.787,0.770656,0.169627,4.77782,2.23656,4.22352,698.472,0.770384,0.171242,1.65304,2.23909,4.23064,False,69.0|174,1043
8|1043|vc|6|2|174,696.787,0.770656,0.169627,6.87194,2.23656,4.22352,698.472,0.770384,0.171242,1.65304,2.23909,4.23064,False,69.0|174,1043
8|1043|vc|7|2|174,696.787,0.770656,0.169627,4.27887,2.23656,4.22352,698.472,0.770384,0.171242,1.65304,2.23909,4.23064,False,69.0|174,1043
8|1043|vc|8|2|174,696.787,0.770656,0.169627,4.28653,2.23656,4.22352,698.472,0.770384,0.171242,1.65304,2.23909,4.23064,False,69.0|174,1043
8|1260|cc|1|1|319,696.786,0.770656,0.16964,4.22203,2.23658,4.22326,698.472,0.770384,0.171254,1.65304,2.2391,4.23038,False,69.0|319,1260
8|1260|cc|2|1|319,696.786,0.770656,0.16964,3.50381,2.23658,4.22326,698.472,0.770384,0.171254,1.65304,2.2391,4.23038,False,69.0|319,1260
8|1260|cc|3|1|319,696.786,0.770656,0.16964,3.83129,2.23658,4.22326,698.472,0.770384,0.171254,1.65304,2.2391,4.23038,False,69.0|319,1260
8|1260|cc|4|1|319,696.786,0.770656,0.16964,5.75111,2.23658,4.22326,698.472,0.770384,0.171254,1.65304,2.2391,4.23038,False,69.0|319,1260
8|1260|cc|5|1|319,696.786,0.770656,0.16964,4.06135,2.23658,4.22326,698.472,0.770384,0.171254,1.65304,2.2391,4.23038,False,69.0|319,1260
8|1260|cc|6|1|319,696.786,0.770656,0.16964,4.35865,2.23658,4.22326,698.472,0.770384,0.171254,1.65304,2.2391,4.23038,False,69.0|319,1260
8|1260|cc|7|1|319,696.786,0.770656,0.16964,4.68213,2.23658,4.22326,698.472,0.770384,0.171254,1.65304,2.2391,4.23038,False,69.0|319,1260
8|1260|cc|8|1|319,696.786,0.770656,0.16964,3.74386,2.23658,4.22326,698.472,0.770384,0.171254,1.65304,2.2391,4.23038,False,69.0|319,1260
8|1260|sample|3|319,696.787,0.770709,0.169679,21.4166,2.23658,4.22326,698.472,0.770437,0.171293,21.0075,2.2391,4.23038,True,22.0|319,1260
8|1260|sample|4|319,696.787,0.770709,0.169679,23.5873,2.23658,4.22326,698.472,0.770437,0.171293,23.0262,2.2391,4.23038,True,22.0|319,1260
8|1260|vc|1|2|319,696.786,0.770656,0.16964,4.1743,2.23658,4.22326,698.472,0.770384,0.171254,1.65304,2.2391,4.23038,False,69.0|319,1260
8|1260|vc|2|2|319,696.786,0.770656,0.16964,3.39926,2.23658,4.22326,698.472,0.770384,0.171254,1.65304,2.2391,4.23038,False,69.0|319,1260
8|1260|vc|3|2|319,696.786,0.770656,0.16964,5.44278,2.23658,4.22326,698.472,0.770384,0.171254,1.65304,2.2391,4.23038,False,69.0|319,1260
8|1260|vc|4|2|319,696.786,0.770656,0.16964,4.48841,2.23658,4.22326,698.472,0.770384,0.171254,1.65304,2.2391,4.23038,False,69.0|319,1260
8|1260|vc|5|2|319,696.786,0.770656,0.16964,5.37259,2.23658,4.22326,698.472,0.770384,0.171254,1.65304,2.2391,4.23038,False,69.0|319,1260
8|1260|vc|6|2|319,696.786,0.770656,0.16964,4.74567,2.23658,4.22326,698.472,0.770384,0.171254,1.65304,2.2391,4.23038,False,69.0|319,1260
8|1260|vc|7|2|319,696.786,0.770656,0.16964,4.08339,2.23658,4.22326,698.472,0.770384,0.171254,1.65304,2.2391,4.23038,False,69.0|319,1260
8|1260|vc|8|2|319,696.786,0.770656,0.16964,3.40785,2.23658,4.22326,698.472,0.770384,0.171254,1.65304,2.2391,4.23038,False,69.0|319,1260
8|1042|cc|1|1|162,696.787,0.770656,0.169639,5.26669,2.23663,4.22354,698.472,0.770384,0.171254,1.65304,2.23915,4.23066,False,69.0|162,1042
8|1042|cc|2|1|162,696.787,0.770656,0.169639,4.58104,2.23663,4.22354,698.472,0.770384,0.171254,1.65304,2.23915,4.23066,False,69.0|162,1042
8|1042|cc|3|1|162,696.787,0.770656,0.169639,4.32042,2.23663,4.22354,698.472,0.770384,0.171254,1.65304,2.23915,4.23066,False,69.0|162,1042
8|1042|cc|4|1|162,696.787,0.770656,0.169639,4.07015,2.23663,4.22354,698.472,0.770384,0.171254,1.65304,2.23915,4.23066,False,69.0|162,1042
8|1042|cc|5|1|162,696.787,0.770656,0.169639,4.32294,2.23663,4.22354,698.472,0.770384,0.171254,1.65304,2.23915,4.23066,False,69.0|162,1042
8|1042|cc|6|1|162,696.787,0.770656,0.169639,4.6628,2.23663,4.22354,698.472,0.770384,0.171254,1.65304,2.23915,4.23066,False,69.0|162,1042
8|1042|cc|7|1|162,696.787,0.770656,0.169639,5.09418,2.23663,4.22354,698.472,0.770384,0.171254,1.65304,2.23915,4.23066,False,69.0|162,1042
8|1042|cc|8|1|162,696.787,0.770656,0.169639,5.48207,2.23663,4.22354,698.472,0.770384,0.171254,1.65304,2.23915,4.23066,False,69.0|162,1042
8|1042|sample|3|162,696.787,0.770709,0.0708027,9.45038,2.23663,4.22354,698.472,0.770437,0.0710246,9.60796,2.23915,4.23066,True,22.0|162,1042
8|1042|sample|4|162,696.787,0.770709,0.0708027,9.07846,2.23663,4.22354,698.472,0.770437,0.0710246,9.24873,2.23915,4.23066,True,22.0|162,1042
8|1042|vc|1|2|162,696.787,0.770656,0.169639,3.09791,2.23663,4.22354,698.472,0.770384,0.171254,1.65304,2.23915,4.23066,False,69.0|162,1042
8|1042|vc|2|2|162,696.787,0.770656,0.169639,4.92723,2.23663,4.22354,698.472,0.770384,0.171254,1.65304,2.23915,4.23066,False,69.0|162,1042
8|1042|vc|3|2|162,696.787,0.770656,0.169639,4.05272,2.23663,4.22354,698.472,0.770384,0.171254,1.65304,2.23915,4.23066,False,69.0|162,1042
8|1042|vc|4|2|162,696.787,0.770656,0.169639,3.87982,2.23663,4.22354,698.472,0.770384,0.171254,1.65304,2.23915,4.23066,False,69.0|162,1042
8|1042|vc|5|2|162,696.787,0.770656,0.169639,3.0105,2.23663,4.22354,698.472,0.770384,0.171254,1.65304,2.23915,4.23066,False,69.0|162,1042
8|1042|vc|6|2|162,696.787,0.770656,0.169639,5.17392,2.23663,4.22354,698.472,0.770384,0.171254,1.65304,2.23915,4.23066,False,69.0|162,1042
8|1042|vc|7|2|162,696.787,0.770656,0.169639,5.1131,2.23663,4.22354,698.472,0.770384,0.171254,1.65304,2.23915,4.23066,False,69.0|162,1042
8|1042|vc|8|2|162,696.787,0.770656,0.169639,5.80825,2.23663,4.22354,698.472,0.770384,0.171254,1.65304,2.23915,4.23066,False,69.0|162,1042
8|863|cc|1|1|274,696.787,0.770656,0.169605,5.93388,2.23665,4.22342,698.472,0.770384,0.171219,1.65304,2.23917,4.23054,False,69.0|274,863
8|863|cc|2|1|274,696.787,0.770656,0.169605,4.75664,2.23665,4.22342,698.472,0.770384,0.171219,1.65304,2.23917,4.23054,False,69.0|274,863
8|863|cc|3|1|274,696.787,0.770656,0.169605,4.34459,2.23665,4.22342,698.472,0.770384,0.171219,1.65304,2.23917,4.23054,False,69.0|274,863
8|863|cc|4|1|274,696.787,0.770656,0.169605,3.73091,2.23665,4.22342,698.472,0.770384,0.171219,1.65304,2.23917,4.23054,False,69.0|274,863
8|863|cc|5|1|274,696.787,0.770656,0.169605,4.26137,2.23665,4.22342,698.472,0.770384,0.171219,1.65304,2.23917,4.23054,False,69.0|274,863
8|863|cc|6|1|274,696.787,0.770656,0.169605,6.56971,2.23665,4.22342,698.472,0.770384,0.171219,1.65304,2.23917,4.23054,False,69.0|274,863
8|863|cc|7|1|274,696.787,0.770656,0.169605,3.62752,2.23665,4.22342,698.472,0.770384,0.171219,1.65304,2.23917,4.23054,False,69.0|274,863
8|863|cc|8|1|274,696.787,0.770656,0.169605,4.61182,2.23665,4.22342,698.472,0.770384,0.171219,1.65304,2.23917,4.23054,False,69.0|274,863
8|863|sample|3|274,696.787,0.770709,0.169637,16.6691,2.23665,4.22342,698.472,0.770437,0.171252,15.9031,2.23917,4.23054,True,22.0|274,863
8|863|sample|4|274,696.787,0.770709,0.169637,14.3893,2.23665,4.22342,698.472,0.770437,0.171252,14.3809,2.23917,4.23054,True,22.0|274,863
8|863|vc|1|2|274,696.787,0.770656,0.169605,5.9692,2.23665,4.22342,698.472,0.770384,0.171219,1.65304,2.23917,4.23054,False,69.0|274,863
8|863|vc|2|2|274,696.787,0.770656,0.169605,3.96754,2.23665,4.22342,698.472,0.770384,0.171219,1.65304,2.23917,4.23054,False,69.0|274,863
8|863|vc|3|2|274,696.787,0.770656,0.169605,3.81318,2.23665,4.22342,698.472,0.770384,0.171219,1.65304,2.23917,4.23054,False,69.0|274,863
8|863|vc|4|2|274,696.787,0.770656,0.169605,4.12122,2.23665,4.22342,698.472,0.770384,0.171219,1.65304,2.23917,4.23054,False,69.0|274,863
8|863|vc|5|2|274,696.787,0.770656,0.169605,4.18363,2.23665,4.22342,698.472,0.770384,0.171219,1.65304,2.23917,4.23054,False,69.0|274,863
8|863|vc|6|2|274,696.787,0.770656,0.169605,3.73417,2.23665,4.22342,698.472,0.770384,0.171219,1.65304,2.23917,4.23054,False,69.0|274,863
8|863|vc|7|2|274,696.787,0.770656,0.169605,4.44118,2.23665,4.22342,698.472,0.770384,0.171219,1.65304,2.23917,4.23054,False,69.0|274,863
8|863|vc|8|2|274,696.787,0.770656,0.169605,4.92055,2.23665,4.22342,698.472,0.770384,0.171219,1.65304,2.23917,4.23054,False,69.0|274,863
8|152|cc|1|1|322,696.787,0.770656,0.16963,3.94887,2.2366,4.223,698.472,0.770384,0.171245,1.65304,2.23913,4.23012,False,69.0|322,152
8|152|cc|2|1|322,696.787,0.770656,0.16963,3.63661,2.2366,4.223,698.472,0.770384,0.171245,1.65304,2.23913,4.23012,False,69.0|322,152
8|152|cc|3|1|322,696.787,0.770656,0.16963,5.04602,2.2366,4.223,698.472,0.770384,0.171245,1.65304,2.23913,4.23012,False,69.0|322,152
8|152|cc|4|1|322,696.787,0.770656,0.16963,2.89862,2.2366,4.223,698.472,0.770384,0.171245,1.65304,2.23913,4.23012,False,69.0|322,152
8|152|cc|5|1|322,696.787,0.770656,0.16963,4.87295,2.2366,4.223,698.472,0.770384,0.171245,1.65304,2.23913,4.23012,False,69.0|322,152
8|152|cc|6|1|322,696.787,0.770656,0.16963,3.44191,2.2366,4.223,698.472,0.770384,0.171245,1.65304,2.23913,4.23012,False,69.0|322,152
8|152|cc|7|1|322,696.787,0.770656,0.16963,3.39866,2.2366,4.223,698.472,0.770384,0.171245,1.65304,2.23913,4.23012,False,69.0|322,152
8|152|cc|8|1|322,696.787,0.770656,0.16963,4.65793,2.2366,4.223,698.472,0.770384,0.171245,1.65304,2.23913,4.23012,False,69.0|322,152
8|152|sample|3|322,696.787,0.770709,0.169637,8.91468,2.2366,4.223,698.472,0.770437,0.171252,8.97057,2.23913,4.23012,True,22.0|322,152
8|152|sample|4|322,696.787,0.770709,0.169637,8.09838,2.2366,4.223,698.472,0.770437,0.171252,7.90027,2.23913,4.23012,True,22.0|322,152
8|152|vc|1|2|322,696.787,0.770656,0.16963,5.01056,2.2366,4.223,698.472,0.770384,0.171245,1.65304,2.23913,4.23012,False,69.0|322,152
8|152|vc|2|2|322,696.787,0.770656,0.16963,4.18428,2.2366,4.223,698.472,0.770384,0.171245,1.65304,2.23913,4.23012,False,69.0|322,152
8|152|vc|3|2|322,696.787,0.770656,0.16963,6.00914,2.2366,4.223,698.472,0.770384,0.171245,1.65304,2.23913,4.23012,False,69.0|322,152
8|152|vc|4|2|322,696.787,0.770656,0.16963,4.78674,2.2366,4.223,698.472,0.770384,0.171245,1.65304,2.23913,4.23012,False,69.0|322,152
8|152|vc|5|2|322,696.787,0.770656,0.16963,4.62493,2.2366,4.223,698.472,0.770384,0.171245,1.65304,2.23913,4.23012,False,69.0|322,152
8|152|vc|6|2|322,696.787,0.770656,0.16963,4.7056,2.2366,4.223,698.472,0.770384,0.171245,1.65304,2.23913,4.23012,False,69.0|322,152
8|152|vc|7|2|322,696.787,0.770656,0.16963,3.72339,2.2366,4.223,698.472,0.770384,0.171245,1.65304,2.23913,4.23012,False,69.0|322,152
8|152|vc|8|2|322,696.787,0.770656,0.16963,3.7089,2.2366,4.223,698.472,0.770384,0.171245,1.65304,2.23913,4.23012,False,69.0|322,152
9|411|cc|1|1|274,696.787,0.770656,0.169605,3.75902,2.23665,4.22364,698.472,0.770384,0.171219,1.65304,2.23918,4.23076,False,69.0|274,411
9|411|cc|2|1|274,696.787,0.770656,0.169605,3.54564,2.23665,4.22364,698.472,0.770384,0.171219,1.65304,2.23918,4.23076,False,69.0|274,411
9|411|cc|3|1|274,696.787,0.770656,0.169605,5.84611,2.23665,4.22364,698.472,0.770384,0.171219,1.65304,2.23918,4.23076,False,69.0|274,411
9|411|cc|4|1|274,696.787,0.770656,0.169605,5.21521,2.23665,4.22364,698.472,0.770384,0.171219,1.65304,2.23918,4.23076,False,69.0|274,411
9|411|cc|5|1|274,696.787,0.770656,0.169605,3.91593,2.23665,4.22364,698.472,0.770384,0.171219,1.65304,2.23918,4.23076,False,69.0|274,411
9|411|cc|6|1|274,696.787,0.770656,0.169605,4.19323,2.23665,4.22364,698.472,0.770384,0.171219,1.65304,2.23918,4.23076,False,69.0|274,411
9|411|cc|7|1|274,696.787,0.770656,0.169605,4.41698,2.23665,4.22364,698.472,0.770384,0.171219,1.65304,2.23918,4.23076,False,69.0|274,411
9|411|cc|8|1|274,696.787,0.770656,0.169605,3.71475,2.23665,4.22364,698.472,0.770384,0.171219,1.65304,2.23918,4.23076,False,69.0|274,411
9|411|sample|10|274,696.787,0.770709,0.169628,4.77124,2.23665,4.22364,698.472,0.770437,0.171243,4.70283,2.23918,4.23076,True,70.0|274,411
9|411|sample|11|274,696.787,0.770709,0.169628,6.234,2.23665,4.22364,698.472,0.770437,0.171243,6.07161,2.23918,4.23076,True,70.0|274,411
9|411|sample|12|274,696.787,0.770709,0.169628,6.35814,2.23665,4.22364,698.472,0.770437,0.171243,6.52065,2.23918,4.23076,True,70.0|274,411
9|411|sample|3|274,696.787,0.770709,0.169628,7.4928,2.23665,4.22364,698.472,0.770437,0.171243,7.34264,2.23918,4.23076,True,70.0|274,411
9|411|sample|4|274,696.787,0.770709,0.169628,5.02749,2.23665,4.22364,698.472,0.770437,0.171243,5.09578,2.23918,4.23076,True,70.0|274,411
9|411|sample|5|274,696.787,0.770709,0.169628,4.92988,2.23665,4.22364,698.472,0.770437,0.171243,4.86966,2.23918,4.23076,True,70.0|274,411
9|411|sample|6|274,696.787,0.770709,0.169628,4.73002,2.23665,4.22364,698.472,0.770437,0.171243,4.66189,2.23918,4.23076,True,70.0|274,411
9|411|sample|7|274,696.787,0.770709,0.169628,6.13163,2.23665,4.22364,698.472,0.770437,0.171243,6.29188,2.23918,4.23076,True,70.0|274,411
9|411|sample|8|274,696.787,0.770709,0.169628,5.9681,2.23665,4.22364,698.472,0.770437,0.171243,6.02477,2.23918,4.23076,True,70.0|274,411
9|411|sample|9|274,696.787,0.770709,0.169628,4.8727,2.23665,4.22364,698.472,0.770437,0.171243,5.09663,2.23918,4.23076,True,70.0|274,411
9|411|vc|1|2|274,696.787,0.770656,0.169605,6.92289,2.23665,4.22364,698.472,0.770384,0.171219,1.65304,2.23918,4.23076,False,69.0|274,411
9|411|vc|2|2|274,696.787,0.770656,0.169605,4.30079,2.23665,4.22364,698.472,0.770384,0.171219,1.65304,2.23918,4.23076,False,69.0|274,411
9|411|vc|3|2|274,696.787,0.770656,0.169605,4.83569,2.23665,4.22364,698.472,0.770384,0.171219,1.65304,2.23918,4.23076,False,69.0|274,411
9|411|vc|4|2|274,696.787,0.770656,0.169605,4.35495,2.23665,4.22364,698.472,0.770384,0.171219,1.65304,2.23918,4.23076,False,69.0|274,411
9|411|vc|5|2|274,696.787,0.770656,0.169605,4.96192,2.23665,4.22364,698.472,0.770384,0.171219,1.65304,2.23918,4.23076,False,69.0|274,411
9|411|vc|6|2|274,696.787,0.770656,0.169605,4.70491,2.23665,4.22364,698.472,0.770384,0.171219,1.65304,2.23918,4.23076,False,69.0|274,411
9|411|vc|7|2|274,696.787,0.770656,0.169605,2.95575,2.23665,4.22364,698.472,0.770384,0.171219,1.65304,2.23918,4.23076,False,69.0|274,411
9|411|vc|8|2|274,696.787,0.770656,0.169605,3.92295,2.23665,4.22364,698.472,0.770384,0.171219,1.65304,2.23918,4.23076,False,69.0|274,411
