id,importanceSampling
9|411|9|411|sample|4|274|4|274|70.0,138.472245
9|411|9|411|sample|3|274|3|274|70.0,134.220286
9|411|9|411|sample|5|274|5|274|70.0,159.765755
9|411|9|411|sample|6|274|6|274|70.0,160.977780
9|411|9|411|sample|8|274|8|274|70.0,137.910515
9|411|9|411|sample|7|274|7|274|70.0,136.034218
9|411|9|411|sample|9|274|9|274|70.0,158.044556
9|411|9|411|sample|10|274|10|274|70.0,160.414292
9|411|9|411|sample|12|274|12|274|70.0,137.431812
9|411|9|411|sample|11|274|11|274|70.0,137.257663
9|411|9|411|cc|1|1|274|1|274|69.0,11.738921
9|411|9|411|cc|2|1|274|1|274|69.0,11.953339
9|411|9|411|cc|3|1|274|1|274|69.0,11.720772
9|411|9|411|cc|4|1|274|1|274|69.0,11.880774
9|411|9|411|cc|5|1|274|1|274|69.0,12.447305
9|411|9|411|cc|6|1|274|1|274|69.0,11.794029
9|411|9|411|cc|7|1|274|1|274|69.0,12.036401
9|411|9|411|cc|8|1|274|1|274|69.0,12.731518
9|411|9|411|vc|1|2|274|2|274|69.0,20.079688
9|411|9|411|vc|2|2|274|2|274|69.0,19.918846
9|411|9|411|vc|3|2|274|2|274|69.0,20.708148
9|411|9|411|vc|4|2|274|2|274|69.0,20.036921
9|411|9|411|vc|5|2|274|2|274|69.0,20.587631
9|411|9|411|vc|6|2|274|2|274|69.0,19.936220
9|411|9|411|vc|7|2|274|2|274|69.0,19.855194
9|411|9|411|vc|8|2|274|2|274|69.0,19.795739
14|783|14|783|sample|3|71|3|71|6.0,169.854714
14|783|14|783|sample|4|71|4|71|6.0,170.217154
14|783|14|783|sample|5|71|5|71|6.0,166.283182
14|783|14|783|sample|6|71|6|71|6.0,168.789374
14|783|14|783|sample|7|71|7|71|6.0,137.154471
14|783|14|783|sample|8|71|8|71|6.0,135.514762
14|783|14|783|sample|10|71|10|71|6.0,173.108310
14|783|14|783|sample|9|71|9|71|6.0,172.410898
14|783|14|783|sample|12|71|12|71|6.0,134.245362
14|783|14|783|sample|11|71|11|71|6.0,130.833058
14|783|14|783|cc|1|1|71|1|71|69.0,12.772032
14|783|14|783|cc|2|1|71|1|71|69.0,11.426834
14|783|14|783|cc|3|1|71|1|71|69.0,10.987337
14|783|14|783|cc|4|1|71|1|71|69.0,10.961888
14|783|14|783|cc|5|1|71|1|71|69.0,11.109635
14|783|14|783|cc|6|1|71|1|71|69.0,10.964490
14|783|14|783|cc|7|1|71|1|71|69.0,11.172414
14|783|14|783|cc|8|1|71|1|71|69.0,10.948405
14|783|14|783|vc|1|2|71|2|71|69.0,20.862169
14|783|14|783|vc|2|2|71|2|71|69.0,20.941970
14|783|14|783|vc|3|2|71|2|71|69.0,20.509405
14|783|14|783|vc|4|2|71|2|71|69.0,20.679169
14|783|14|783|vc|5|2|71|2|71|69.0,20.084092
14|783|14|783|vc|6|2|71|2|71|69.0,20.113722
14|783|14|783|vc|7|2|71|2|71|69.0,20.275988
14|783|14|783|vc|8|2|71|2|71|69.0,20.261285
14|491|14|491|sample|10|99|10|99|6.0,141.822754
14|491|14|491|sample|9|99|9|99|6.0,140.514897
14|491|14|491|sample|12|99|12|99|6.0,148.453609
14|491|14|491|sample|11|99|11|99|6.0,149.945037
14|491|14|491|sample|4|99|4|99|44.0,156.660459
14|491|14|491|sample|3|99|3|99|44.0,154.092824
14|491|14|491|sample|6|99|6|99|44.0,157.573478
14|491|14|491|sample|5|99|5|99|44.0,155.168764
14|491|14|491|sample|7|99|7|99|63.0,136.948530
14|491|14|491|sample|8|99|8|99|63.0,134.993420
14|491|14|491|cc|1|1|99|1|99|69.0,9.776764
14|491|14|491|cc|2|1|99|1|99|69.0,9.827186
14|491|14|491|cc|3|1|99|1|99|69.0,9.900190
14|491|14|491|cc|4|1|99|1|99|69.0,9.694694
14|491|14|491|cc|5|1|99|1|99|69.0,9.751282
14|491|14|491|cc|6|1|99|1|99|69.0,9.877853
14|491|14|491|cc|7|1|99|1|99|69.0,9.727626
14|491|14|491|cc|8|1|99|1|99|69.0,10.012333
14|491|14|491|vc|1|2|99|2|99|69.0,20.159791
14|491|14|491|vc|2|2|99|2|99|69.0,20.755788
14|491|14|491|vc|3|2|99|2|99|69.0,20.238881
14|491|14|491|vc|4|2|99|2|99|69.0,19.905548
14|491|14|491|vc|5|2|99|2|99|69.0,19.615590
14|491|14|491|vc|6|2|99|2|99|69.0,19.967306
14|491|14|491|vc|7|2|99|2|99|69.0,19.652051
14|491|14|491|vc|8|2|99|2|99|69.0,20.138275
14|433|14|433|sample|4|99|4|99|6.0,170.031168
14|433|14|433|sample|3|99|3|99|6.0,154.234553
14|433|14|433|sample|6|99|6|99|6.0,161.068910
14|433|14|433|sample|5|99|5|99|6.0,164.973776
14|433|14|433|sample|8|99|8|99|6.0,128.678311
14|433|14|433|sample|7|99|7|99|6.0,131.610835
14|433|14|433|sample|10|99|10|99|6.0,154.278634
14|433|14|433|sample|9|99|9|99|6.0,146.941377
14|433|14|433|sample|11|99|11|99|6.0,156.837389
14|433|14|433|sample|12|99|12|99|6.0,151.427212
14|433|14|433|cc|1|1|99|1|99|69.0,10.078625
14|433|14|433|cc|2|1|99|1|99|69.0,10.287559
14|433|14|433|cc|3|1|99|1|99|69.0,10.443051
14|433|14|433|cc|4|1|99|1|99|69.0,10.262944
14|433|14|433|cc|5|1|99|1|99|69.0,10.163377
14|433|14|433|cc|6|1|99|1|99|69.0,10.257894
14|433|14|433|cc|7|1|99|1|99|69.0,10.155327
14|433|14|433|cc|8|1|99|1|99|69.0,10.250784
14|433|14|433|vc|1|2|99|2|99|69.0,20.983982
14|433|14|433|vc|2|2|99|2|99|69.0,20.700291
14|433|14|433|vc|3|2|99|2|99|69.0,22.852877
14|433|14|433|vc|4|2|99|2|99|69.0,21.203978
14|433|14|433|vc|5|2|99|2|99|69.0,21.671992
14|433|14|433|vc|6|2|99|2|99|69.0,22.376866
14|433|14|433|vc|7|2|99|2|99|69.0,20.181073
14|433|14|433|vc|8|2|99|2|99|69.0,25.396353
14|297|14|297|sample|3|71|3|71|6.0,158.047541
14|297|14|297|sample|4|71|4|71|6.0,161.163479
14|297|14|297|sample|5|71|5|71|6.0,140.616106
14|297|14|297|sample|6|71|6|71|6.0,134.262571
14|297|14|297|sample|8|71|8|71|6.0,148.928568
14|297|14|297|sample|7|71|7|71|6.0,153.018420
14|297|14|297|sample|9|71|9|71|6.0,137.143935
14|297|14|297|sample|10|71|10|71|6.0,135.784029
14|297|14|297|sample|12|71|12|71|6.0,166.569521
14|297|14|297|sample|11|71|11|71|6.0,168.836403
14|297|14|297|cc|1|1|71|1|71|69.0,10.194529
14|297|14|297|cc|2|1|71|1|71|69.0,10.401958
14|297|14|297|cc|3|1|71|1|71|69.0,10.374589
14|297|14|297|cc|4|1|71|1|71|69.0,10.222886
14|297|14|297|cc|5|1|71|1|71|69.0,10.293928
14|297|14|297|cc|6|1|71|1|71|69.0,10.368152
14|297|14|297|cc|7|1|71|1|71|69.0,10.370476
14|297|14|297|cc|8|1|71|1|71|69.0,10.985107
14|297|14|297|vc|1|2|71|2|71|69.0,22.161284
14|297|14|297|vc|2|2|71|2|71|69.0,20.350294
14|297|14|297|vc|3|2|71|2|71|69.0,22.069224
14|297|14|297|vc|4|2|71|2|71|69.0,21.854527
14|297|14|297|vc|5|2|71|2|71|69.0,20.905018
14|297|14|297|vc|6|2|71|2|71|69.0,22.090448
14|297|14|297|vc|7|2|71|2|71|69.0,20.884018
14|297|14|297|vc|8|2|71|2|71|69.0,21.887680
14|183|14|183|sample|4|233|4|233|6.0,148.968894
14|183|14|183|sample|3|233|3|233|6.0,172.276595
14|183|14|183|sample|6|233|6|233|6.0,132.560404
14|183|14|183|sample|5|233|5|233|6.0,132.983812
14|183|14|183|sample|7|233|7|233|6.0,139.136453
14|183|14|183|sample|8|233|8|233|6.0,147.261044
14|183|14|183|sample|10|233|10|233|6.0,134.516148
14|183|14|183|sample|9|233|9|233|6.0,135.077655
14|183|14|183|sample|12|233|12|233|6.0,145.065627
14|183|14|183|sample|11|233|11|233|6.0,131.794728
14|183|14|183|cc|1|1|233|1|233|69.0,10.218165
14|183|14|183|cc|2|1|233|1|233|69.0,10.227742
14|183|14|183|cc|3|1|233|1|233|69.0,10.195499
14|183|14|183|cc|4|1|233|1|233|69.0,10.210412
14|183|14|183|cc|5|1|233|1|233|69.0,10.326346
14|183|14|183|cc|6|1|233|1|233|69.0,10.307036
14|183|14|183|cc|7|1|233|1|233|69.0,10.278845
14|183|14|183|cc|8|1|233|1|233|69.0,13.957005
14|183|14|183|vc|1|2|233|2|233|69.0,17.998415
14|183|14|183|vc|2|2|233|2|233|69.0,17.431565
14|183|14|183|vc|3|2|233|2|233|69.0,17.308001
14|183|14|183|vc|4|2|233|2|233|69.0,17.288583
14|183|14|183|vc|5|2|233|2|233|69.0,18.022848
14|183|14|183|vc|6|2|233|2|233|69.0,17.388894
14|183|14|183|vc|7|2|233|2|233|69.0,17.064363
14|183|14|183|vc|8|2|233|2|233|69.0,17.238179
14|705|14|705|sample|3|233|3|233|6.0,157.678949
14|705|14|705|sample|4|233|4|233|6.0,160.058312
14|705|14|705|sample|5|233|5|233|6.0,165.130624
14|705|14|705|sample|6|233|6|233|6.0,161.778163
14|705|14|705|sample|7|233|7|233|6.0,173.487697
14|705|14|705|sample|8|233|8|233|6.0,167.067190
14|705|14|705|sample|10|233|10|233|6.0,132.841129
14|705|14|705|sample|9|233|9|233|6.0,129.118933
14|705|14|705|sample|12|233|12|233|6.0,138.155056
14|705|14|705|sample|11|233|11|233|6.0,128.177604
14|705|14|705|cc|1|1|233|1|233|69.0,10.463533
14|705|14|705|cc|2|1|233|1|233|69.0,10.318196
14|705|14|705|cc|3|1|233|1|233|69.0,10.285206
14|705|14|705|cc|4|1|233|1|233|69.0,10.310220
14|705|14|705|cc|5|1|233|1|233|69.0,10.307492
14|705|14|705|cc|6|1|233|1|233|69.0,10.492825
14|705|14|705|cc|7|1|233|1|233|69.0,10.519845
14|705|14|705|cc|8|1|233|1|233|69.0,10.815986
14|705|14|705|vc|1|2|233|2|233|69.0,18.308305
14|705|14|705|vc|2|2|233|2|233|69.0,16.807413
14|705|14|705|vc|3|2|233|2|233|69.0,18.880718
14|705|14|705|vc|4|2|233|2|233|69.0,17.219008
14|705|14|705|vc|5|2|233|2|233|69.0,17.877906
14|705|14|705|vc|6|2|233|2|233|69.0,17.606545
14|705|14|705|vc|7|2|233|2|233|69.0,18.213176
14|705|14|705|vc|8|2|233|2|233|69.0,19.342287
14|555|14|555|sample|4|233|4|233|6.0,149.086451
14|555|14|555|sample|3|233|3|233|6.0,150.030005
14|555|14|555|sample|5|233|5|233|6.0,149.505142
14|555|14|555|sample|6|233|6|233|6.0,149.768203
14|555|14|555|sample|7|233|7|233|6.0,132.740497
14|555|14|555|sample|8|233|8|233|6.0,132.949402
14|555|14|555|sample|9|233|9|233|6.0,148.672643
14|555|14|555|sample|10|233|10|233|6.0,148.812183
14|555|14|555|sample|12|233|12|233|6.0,133.327370
14|555|14|555|sample|11|233|11|233|6.0,126.599741
14|555|14|555|cc|1|1|233|1|233|69.0,10.899640
14|555|14|555|cc|2|1|233|1|233|69.0,11.506751
14|555|14|555|cc|3|1|233|1|233|69.0,11.413021
14|555|14|555|cc|4|1|233|1|233|69.0,11.243796
14|555|14|555|cc|5|1|233|1|233|69.0,11.313623
14|555|14|555|cc|6|1|233|1|233|69.0,10.705684
14|555|14|555|cc|7|1|233|1|233|69.0,10.711090
14|555|14|555|cc|8|1|233|1|233|69.0,10.804693
14|555|14|555|vc|1|2|233|2|233|69.0,18.460024
14|555|14|555|vc|2|2|233|2|233|69.0,18.524962
14|555|14|555|vc|3|2|233|2|233|69.0,18.961041
14|555|14|555|vc|4|2|233|2|233|69.0,18.666201
14|555|14|555|vc|5|2|233|2|233|69.0,18.958114
14|555|14|555|vc|6|2|233|2|233|69.0,19.166366
14|555|14|555|vc|7|2|233|2|233|69.0,18.791020
14|555|14|555|vc|8|2|233|2|233|69.0,18.651092
14|394|14|394|sample|5|42|5|42|6.0,156.806317
14|394|14|394|sample|6|42|6|42|6.0,157.271866
14|394|14|394|sample|7|42|7|42|6.0,164.289664
14|394|14|394|sample|8|42|8|42|6.0,165.871800
14|394|14|394|sample|10|42|10|42|6.0,152.444679
14|394|14|394|sample|9|42|9|42|6.0,151.072918
14|394|14|394|sample|12|42|12|42|6.0,155.990961
14|394|14|394|sample|11|42|11|42|6.0,160.019908
14|394|14|394|sample|3|42|3|42|63.0,154.251778
14|394|14|394|sample|4|42|4|42|63.0,164.317829
14|394|14|394|cc|1|1|42|1|42|69.0,10.108890
14|394|14|394|cc|2|1|42|1|42|69.0,9.996908
14|394|14|394|cc|3|1|42|1|42|69.0,9.927987
14|394|14|394|cc|4|1|42|1|42|69.0,9.796490
14|394|14|394|cc|5|1|42|1|42|69.0,9.809366
14|394|14|394|cc|6|1|42|1|42|69.0,10.178566
14|394|14|394|cc|7|1|42|1|42|69.0,9.732662
14|394|14|394|cc|8|1|42|1|42|69.0,9.821175
14|394|14|394|vc|1|2|42|2|42|69.0,19.465875
14|394|14|394|vc|2|2|42|2|42|69.0,19.222279
14|394|14|394|vc|3|2|42|2|42|69.0,19.182806
14|394|14|394|vc|4|2|42|2|42|69.0,19.679334
14|394|14|394|vc|5|2|42|2|42|69.0,19.407686
14|394|14|394|vc|6|2|42|2|42|69.0,19.290182
14|394|14|394|vc|7|2|42|2|42|69.0,19.120246
14|394|14|394|vc|8|2|42|2|42|69.0,19.204527
14|1099|14|1099|sample|3|73|3|73|6.0,129.801843
14|1099|14|1099|sample|4|73|4|73|6.0,128.931078
14|1099|14|1099|sample|5|73|5|73|6.0,148.496229
14|1099|14|1099|sample|6|73|6|73|6.0,147.602227
14|1099|14|1099|sample|8|73|8|73|6.0,146.865437
14|1099|14|1099|sample|7|73|7|73|6.0,141.607102
14|1099|14|1099|sample|9|73|9|73|6.0,128.134435
14|1099|14|1099|sample|10|73|10|73|6.0,131.353793
14|1099|14|1099|sample|11|73|11|73|6.0,137.462979
14|1099|14|1099|sample|12|73|12|73|6.0,141.899981
14|1099|14|1099|cc|1|1|73|1|73|69.0,9.905340
14|1099|14|1099|cc|2|1|73|1|73|69.0,9.972864
14|1099|14|1099|cc|3|1|73|1|73|69.0,10.232598
14|1099|14|1099|cc|4|1|73|1|73|69.0,9.880370
14|1099|14|1099|cc|5|1|73|1|73|69.0,9.911091
14|1099|14|1099|cc|6|1|73|1|73|69.0,10.040621
14|1099|14|1099|cc|7|1|73|1|73|69.0,9.972767
14|1099|14|1099|cc|8|1|73|1|73|69.0,10.973678
14|1099|14|1099|vc|1|2|73|2|73|69.0,16.071261
14|1099|14|1099|vc|2|2|73|2|73|69.0,15.904905
14|1099|14|1099|vc|3|2|73|2|73|69.0,15.958021
14|1099|14|1099|vc|4|2|73|2|73|69.0,16.503012
14|1099|14|1099|vc|5|2|73|2|73|69.0,15.952099
14|1099|14|1099|vc|6|2|73|2|73|69.0,16.106433
14|1099|14|1099|vc|7|2|73|2|73|69.0,17.063065
14|1099|14|1099|vc|8|2|73|2|73|69.0,15.879877
14|611|14|611|sample|4|73|4|73|6.0,144.737885
14|611|14|611|sample|3|73|3|73|6.0,144.569162
14|611|14|611|sample|5|73|5|73|6.0,147.734576
14|611|14|611|sample|6|73|6|73|6.0,146.848374
14|611|14|611|sample|7|73|7|73|6.0,149.462515
14|611|14|611|sample|8|73|8|73|6.0,153.797898
14|611|14|611|sample|9|73|9|73|6.0,135.685890
14|611|14|611|sample|10|73|10|73|6.0,136.323436
14|611|14|611|sample|12|73|12|73|6.0,145.582769
14|611|14|611|sample|11|73|11|73|6.0,148.170458
14|611|14|611|cc|1|1|73|1|73|69.0,10.410261
14|611|14|611|cc|2|1|73|1|73|69.0,10.407053
14|611|14|611|cc|3|1|73|1|73|69.0,10.409098
14|611|14|611|cc|4|1|73|1|73|69.0,10.430955
14|611|14|611|cc|5|1|73|1|73|69.0,10.421464
14|611|14|611|cc|6|1|73|1|73|69.0,10.398504
14|611|14|611|cc|7|1|73|1|73|69.0,10.412222
14|611|14|611|cc|8|1|73|1|73|69.0,10.497903
14|611|14|611|vc|1|2|73|2|73|69.0,17.173469
14|611|14|611|vc|2|2|73|2|73|69.0,16.909257
14|611|14|611|vc|3|2|73|2|73|69.0,16.629651
14|611|14|611|vc|4|2|73|2|73|69.0,16.328226
14|611|14|611|vc|5|2|73|2|73|69.0,16.921987
14|611|14|611|vc|6|2|73|2|73|69.0,16.413523
14|611|14|611|vc|7|2|73|2|73|69.0,16.441493
14|611|14|611|vc|8|2|73|2|73|69.0,17.193951
8|84|8|84|sample|5|162|5|162|55.0,168.686955
8|84|8|84|sample|6|162|6|162|55.0,165.582210
8|84|8|84|sample|4|162|4|162|55.0,169.049241
8|84|8|84|sample|3|162|3|162|55.0,169.951064
8|84|8|84|sample|9|162|9|162|32.0,155.306464
8|84|8|84|sample|10|162|10|162|32.0,155.548645
8|84|8|84|sample|7|162|7|162|32.0,166.695588
8|84|8|84|sample|8|162|8|162|32.0,163.541936
8|84|8|84|sample|12|162|12|162|22.0,162.184222
8|84|8|84|sample|11|162|11|162|22.0,159.133044
8|84|8|84|cc|1|1|162|1|162|69.0,11.301802
8|84|8|84|cc|2|1|162|1|162|69.0,11.219104
8|84|8|84|cc|3|1|162|1|162|69.0,11.317494
8|84|8|84|cc|4|1|162|1|162|69.0,11.487665
8|84|8|84|cc|5|1|162|1|162|69.0,11.684982
8|84|8|84|cc|6|1|162|1|162|69.0,11.646154
8|84|8|84|cc|7|1|162|1|162|69.0,11.657350
8|84|8|84|cc|8|1|162|1|162|69.0,11.199132
8|84|8|84|vc|1|2|162|2|162|69.0,20.417613
8|84|8|84|vc|2|2|162|2|162|69.0,21.028856
8|84|8|84|vc|3|2|162|2|162|69.0,21.069430
8|84|8|84|vc|4|2|162|2|162|69.0,20.875179
8|84|8|84|vc|5|2|162|2|162|69.0,21.059917
8|84|8|84|vc|6|2|162|2|162|69.0,21.487828
8|84|8|84|vc|7|2|162|2|162|69.0,20.612215
8|84|8|84|vc|8|2|162|2|162|69.0,21.717274
8|1042|8|1042|sample|8|162|8|162|65.0,149.693503
8|1042|8|1042|sample|7|162|7|162|65.0,136.351062
8|1042|8|1042|sample|6|162|6|162|65.0,155.630999
8|1042|8|1042|sample|5|162|5|162|65.0,155.336107
8|1042|8|1042|sample|12|162|12|162|28.0,142.791992
8|1042|8|1042|sample|7|162|7|162|28.0,12.650901
8|1042|8|1042|sample|11|162|11|162|28.0,148.722311
8|1042|8|1042|sample|9|162|9|162|28.0,158.235675
8|1042|8|1042|sample|10|162|10|162|28.0,157.040684
8|1042|8|1042|sample|4|162|4|162|22.0,154.397382
8|1042|8|1042|sample|3|162|3|162|22.0,152.453861
8|1042|8|1042|sample|12|162|12|162|65.0,12.483889
8|1042|8|1042|cc|1|1|162|1|162|69.0,11.298236
8|1042|8|1042|cc|2|1|162|1|162|69.0,11.622767
8|1042|8|1042|cc|3|1|162|1|162|69.0,11.433630
8|1042|8|1042|cc|4|1|162|1|162|69.0,11.489127
8|1042|8|1042|cc|5|1|162|1|162|69.0,11.322925
8|1042|8|1042|cc|6|1|162|1|162|69.0,11.817766
8|1042|8|1042|cc|7|1|162|1|162|69.0,11.274134
8|1042|8|1042|cc|8|1|162|1|162|69.0,12.684773
8|1042|8|1042|vc|1|2|162|2|162|69.0,20.757453
8|1042|8|1042|vc|2|2|162|2|162|69.0,20.528452
8|1042|8|1042|vc|3|2|162|2|162|69.0,21.390673
8|1042|8|1042|vc|4|2|162|2|162|69.0,21.347273
8|1042|8|1042|vc|5|2|162|2|162|69.0,21.395208
8|1042|8|1042|vc|6|2|162|2|162|69.0,20.469116
8|1042|8|1042|vc|7|2|162|2|162|69.0,20.455514
8|1042|8|1042|vc|8|2|162|2|162|69.0,20.713293
8|719|8|719|sample|5|274|5|274|55.0,161.646952
8|719|8|719|sample|6|274|6|274|55.0,161.729580
8|719|8|719|sample|3|274|3|274|55.0,170.138039
8|719|8|719|sample|4|274|4|274|55.0,170.631001
8|719|8|719|sample|10|274|10|274|32.0,155.790040
8|719|8|719|sample|9|274|9|274|32.0,154.831773
8|719|8|719|sample|8|274|8|274|32.0,163.429266
8|719|8|719|sample|7|274|7|274|32.0,163.994670
8|719|8|719|sample|12|274|12|274|22.0,151.687862
8|719|8|719|sample|11|274|11|274|22.0,151.095703
8|719|8|719|cc|1|1|274|1|274|69.0,11.513680
8|719|8|719|cc|2|1|274|1|274|69.0,11.404610
8|719|8|719|cc|3|1|274|1|274|69.0,11.354549
8|719|8|719|cc|4|1|274|1|274|69.0,11.494592
8|719|8|719|cc|5|1|274|1|274|69.0,11.391589
8|719|8|719|cc|6|1|274|1|274|69.0,11.526404
8|719|8|719|cc|7|1|274|1|274|69.0,11.619191
8|719|8|719|cc|8|1|274|1|274|69.0,11.417649
8|719|8|719|vc|1|2|274|2|274|69.0,21.783065
8|719|8|719|vc|2|2|274|2|274|69.0,21.022489
8|719|8|719|vc|3|2|274|2|274|69.0,20.737905
8|719|8|719|vc|4|2|274|2|274|69.0,20.673716
8|719|8|719|vc|5|2|274|2|274|69.0,20.781018
8|719|8|719|vc|6|2|274|2|274|69.0,20.698666
8|719|8|719|vc|7|2|274|2|274|69.0,20.969785
8|719|8|719|vc|8|2|274|2|274|69.0,21.057463
8|863|8|863|sample|7|274|7|274|65.0,144.596115
8|863|8|863|sample|8|274|8|274|65.0,141.912994
8|863|8|863|sample|6|274|6|274|65.0,150.502303
8|863|8|863|sample|5|274|5|274|65.0,136.555716
8|863|8|863|sample|11|274|11|274|28.0,139.360557
8|863|8|863|sample|12|274|12|274|28.0,142.244911
8|863|8|863|sample|9|274|9|274|28.0,147.371232
8|863|8|863|sample|10|274|10|274|28.0,136.109167
8|863|8|863|sample|5|274|5|274|28.0,13.278854
8|863|8|863|sample|3|274|3|274|22.0,145.138690
8|863|8|863|sample|4|274|4|274|22.0,149.566143
8|863|8|863|sample|10|274|10|274|65.0,13.322262
8|863|8|863|cc|1|1|274|1|274|69.0,11.185704
8|863|8|863|cc|2|1|274|1|274|69.0,11.731871
8|863|8|863|cc|3|1|274|1|274|69.0,12.106708
8|863|8|863|cc|4|1|274|1|274|69.0,11.306127
8|863|8|863|cc|5|1|274|1|274|69.0,11.227015
8|863|8|863|cc|6|1|274|1|274|69.0,11.216506
8|863|8|863|cc|7|1|274|1|274|69.0,11.345502
8|863|8|863|cc|8|1|274|1|274|69.0,11.866640
8|863|8|863|vc|1|2|274|2|274|69.0,21.462454
8|863|8|863|vc|2|2|274|2|274|69.0,20.790171
8|863|8|863|vc|3|2|274|2|274|69.0,20.804534
8|863|8|863|vc|4|2|274|2|274|69.0,20.814329
8|863|8|863|vc|5|2|274|2|274|69.0,20.772414
8|863|8|863|vc|6|2|274|2|274|69.0,20.573775
8|863|8|863|vc|7|2|274|2|274|69.0,20.483618
8|863|8|863|vc|8|2|274|2|274|69.0,20.646665
8|488|8|488|sample|6|322|6|322|55.0,172.179960
8|488|8|488|sample|5|322|5|322|55.0,171.940442
8|488|8|488|sample|4|322|4|322|55.0,175.102084
8|488|8|488|sample|3|322|3|322|55.0,175.376622
8|488|8|488|sample|10|322|10|322|32.0,168.308643
8|488|8|488|sample|9|322|9|322|32.0,167.310939
8|488|8|488|sample|8|322|8|322|32.0,175.741673
8|488|8|488|sample|7|322|7|322|32.0,173.714232
8|488|8|488|sample|11|322|11|322|22.0,153.909457
8|488|8|488|sample|12|322|12|322|22.0,159.896766
8|488|8|488|cc|1|1|322|1|322|69.0,11.470051
8|488|8|488|cc|2|1|322|1|322|69.0,12.202204
8|488|8|488|cc|3|1|322|1|322|69.0,11.364031
8|488|8|488|cc|4|1|322|1|322|69.0,11.264260
8|488|8|488|cc|5|1|322|1|322|69.0,11.238948
8|488|8|488|cc|6|1|322|1|322|69.0,11.433780
8|488|8|488|cc|7|1|322|1|322|69.0,11.673086
8|488|8|488|cc|8|1|322|1|322|69.0,11.362266
8|488|8|488|vc|1|2|322|2|322|69.0,21.287937
8|488|8|488|vc|2|2|322|2|322|69.0,21.626353
8|488|8|488|vc|3|2|322|2|322|69.0,21.049614
8|488|8|488|vc|4|2|322|2|322|69.0,20.903904
8|488|8|488|vc|5|2|322|2|322|69.0,20.891946
8|488|8|488|vc|6|2|322|2|322|69.0,20.834762
8|488|8|488|vc|7|2|322|2|322|69.0,20.798009
8|488|8|488|vc|8|2|322|2|322|69.0,20.740648
8|152|8|152|sample|8|322|8|322|65.0,148.528610
8|152|8|152|sample|7|322|7|322|65.0,149.387018
8|152|8|152|sample|6|322|6|322|65.0,156.412215
8|152|8|152|sample|5|322|5|322|65.0,155.848761
8|152|8|152|sample|12|322|12|322|28.0,148.260326
8|152|8|152|sample|11|322|11|322|28.0,144.131000
8|152|8|152|sample|10|322|10|322|28.0,149.356655
8|152|8|152|sample|9|322|9|322|28.0,152.281755
8|152|8|152|sample|3|322|3|322|22.0,150.777630
8|152|8|152|sample|4|322|4|322|22.0,151.141500
8|152|8|152|cc|1|1|322|1|322|69.0,11.628274
8|152|8|152|cc|2|1|322|1|322|69.0,11.613658
8|152|8|152|cc|3|1|322|1|322|69.0,11.241944
8|152|8|152|cc|4|1|322|1|322|69.0,11.719045
8|152|8|152|cc|5|1|322|1|322|69.0,11.273420
8|152|8|152|cc|6|1|322|1|322|69.0,11.319888
8|152|8|152|cc|7|1|322|1|322|69.0,11.742918
8|152|8|152|cc|8|1|322|1|322|69.0,11.649469
8|152|8|152|vc|1|2|322|2|322|69.0,21.073601
8|152|8|152|vc|2|2|322|2|322|69.0,21.068418
8|152|8|152|vc|3|2|322|2|322|69.0,21.415052
8|152|8|152|vc|4|2|322|2|322|69.0,21.115992
8|152|8|152|vc|5|2|322|2|322|69.0,20.918256
8|152|8|152|vc|6|2|322|2|322|69.0,20.860115
8|152|8|152|vc|7|2|322|2|322|69.0,20.856553
8|152|8|152|vc|8|2|322|2|322|69.0,20.811066
8|847|8|847|sample|6|69|6|69|55.0,176.732281
8|847|8|847|sample|3|69|3|69|55.0,182.919160
8|847|8|847|sample|4|69|4|69|55.0,182.173374
8|847|8|847|sample|10|69|10|69|32.0,160.085182
8|847|8|847|sample|9|69|9|69|32.0,158.750824
8|847|8|847|sample|7|69|7|69|32.0,166.182114
8|847|8|847|sample|8|69|8|69|32.0,166.707398
8|847|8|847|sample|12|69|12|69|22.0,172.385947
8|847|8|847|sample|11|69|11|69|22.0,171.346024
8|847|8|847|sample|5|69|5|69|55.0,177.218671
8|847|8|847|cc|1|1|69|1|69|69.0,11.343483
8|847|8|847|cc|2|1|69|1|69|69.0,11.556996
8|847|8|847|cc|3|1|69|1|69|69.0,12.013963
8|847|8|847|cc|4|1|69|1|69|69.0,11.375751
8|847|8|847|cc|5|1|69|1|69|69.0,11.530572
8|847|8|847|cc|6|1|69|1|69|69.0,11.513369
8|847|8|847|cc|7|1|69|1|69|69.0,11.353150
8|847|8|847|cc|8|1|69|1|69|69.0,13.215114
8|847|8|847|vc|1|2|69|2|69|69.0,21.503973
8|847|8|847|vc|2|2|69|2|69|69.0,21.930032
8|847|8|847|vc|3|2|69|2|69|69.0,21.612680
8|847|8|847|vc|4|2|69|2|69|69.0,22.274531
8|847|8|847|vc|5|2|69|2|69|69.0,23.159638
8|847|8|847|vc|6|2|69|2|69|69.0,22.150027
8|847|8|847|vc|7|2|69|2|69|69.0,21.551380
8|847|8|847|vc|8|2|69|2|69|69.0,21.810610
8|1241|8|1241|sample|8|69|8|69|65.0,142.985064
8|1241|8|1241|sample|7|69|7|69|65.0,160.860537
8|1241|8|1241|sample|5|69|5|69|65.0,163.526702
8|1241|8|1241|sample|6|69|6|69|65.0,161.895028
8|1241|8|1241|sample|11|69|11|69|28.0,149.542663
8|1241|8|1241|sample|12|69|12|69|28.0,156.126287
8|1241|8|1241|sample|9|69|9|69|28.0,161.945683
8|1241|8|1241|sample|10|69|10|69|28.0,160.177722
8|1241|8|1241|sample|3|69|3|69|22.0,142.926714
8|1241|8|1241|sample|4|69|4|69|22.0,158.672401
8|1241|8|1241|sample|3|69|3|69|65.0,13.050657
8|1241|8|1241|sample|8|69|8|69|22.0,13.322345
8|1241|8|1241|cc|1|1|69|1|69|69.0,11.359073
8|1241|8|1241|cc|2|1|69|1|69|69.0,11.404182
8|1241|8|1241|cc|3|1|69|1|69|69.0,11.569636
8|1241|8|1241|cc|4|1|69|1|69|69.0,11.655869
8|1241|8|1241|cc|5|1|69|1|69|69.0,11.841991
8|1241|8|1241|cc|6|1|69|1|69|69.0,11.592296
8|1241|8|1241|cc|7|1|69|1|69|69.0,11.642243
8|1241|8|1241|cc|8|1|69|1|69|69.0,12.006299
8|1241|8|1241|vc|1|2|69|2|69|69.0,21.611992
8|1241|8|1241|vc|2|2|69|2|69|69.0,21.824375
8|1241|8|1241|vc|3|2|69|2|69|69.0,21.988317
8|1241|8|1241|vc|4|2|69|2|69|69.0,22.678680
8|1241|8|1241|vc|5|2|69|2|69|69.0,22.610540
8|1241|8|1241|vc|6|2|69|2|69|69.0,22.381481
8|1241|8|1241|vc|7|2|69|2|69|69.0,21.758967
8|1241|8|1241|vc|8|2|69|2|69|69.0,22.493909
8|474|8|474|sample|5|276|5|276|55.0,168.498105
8|474|8|474|sample|6|276|6|276|55.0,169.527202
8|474|8|474|sample|3|276|3|276|55.0,176.385191
8|474|8|474|sample|4|276|4|276|55.0,175.121840
8|474|8|474|sample|9|276|9|276|32.0,143.604722
8|474|8|474|sample|10|276|10|276|32.0,144.131639
8|474|8|474|sample|8|276|8|276|32.0,155.236781
8|474|8|474|sample|7|276|7|276|32.0,156.918519
8|474|8|474|sample|12|276|12|276|22.0,152.179943
8|474|8|474|sample|11|276|11|276|22.0,154.305510
8|474|8|474|cc|1|1|276|1|276|69.0,11.358196
8|474|8|474|cc|2|1|276|1|276|69.0,11.451789
8|474|8|474|cc|3|1|276|1|276|69.0,11.476850
8|474|8|474|cc|4|1|276|1|276|69.0,11.577145
8|474|8|474|cc|5|1|276|1|276|69.0,11.483222
8|474|8|474|cc|6|1|276|1|276|69.0,12.280862
8|474|8|474|cc|7|1|276|1|276|69.0,12.515262
8|474|8|474|cc|8|1|276|1|276|69.0,11.402291
8|474|8|474|vc|1|2|276|2|276|69.0,21.773661
8|474|8|474|vc|2|2|276|2|276|69.0,21.557393
8|474|8|474|vc|3|2|276|2|276|69.0,22.254728
8|474|8|474|vc|4|2|276|2|276|69.0,21.737289
8|474|8|474|vc|5|2|276|2|276|69.0,21.560906
8|474|8|474|vc|6|2|276|2|276|69.0,21.753579
8|474|8|474|vc|7|2|276|2|276|69.0,21.467410
8|474|8|474|vc|8|2|276|2|276|69.0,21.569026
8|1056|8|1056|sample|8|276|8|276|65.0,147.310380
8|1056|8|1056|sample|7|276|7|276|65.0,151.069802
8|1056|8|1056|sample|6|276|6|276|65.0,152.795477
8|1056|8|1056|sample|5|276|5|276|65.0,154.095594
8|1056|8|1056|sample|12|276|12|276|28.0,143.912704
8|1056|8|1056|sample|11|276|11|276|28.0,144.868242
8|1056|8|1056|sample|10|276|10|276|28.0,153.183689
8|1056|8|1056|sample|9|276|9|276|28.0,154.792180
8|1056|8|1056|sample|4|276|4|276|22.0,151.418435
8|1056|8|1056|sample|3|276|3|276|22.0,148.090653
8|1056|8|1056|cc|1|1|276|1|276|69.0,11.338010
8|1056|8|1056|cc|2|1|276|1|276|69.0,11.341489
8|1056|8|1056|cc|3|1|276|1|276|69.0,11.470685
8|1056|8|1056|cc|4|1|276|1|276|69.0,11.405002
8|1056|8|1056|cc|5|1|276|1|276|69.0,11.709255
8|1056|8|1056|cc|6|1|276|1|276|69.0,11.359151
8|1056|8|1056|cc|7|1|276|1|276|69.0,11.836275
8|1056|8|1056|cc|8|1|276|1|276|69.0,11.991431
8|1056|8|1056|vc|1|2|276|2|276|69.0,21.817861
8|1056|8|1056|vc|2|2|276|2|276|69.0,21.821212
8|1056|8|1056|vc|3|2|276|2|276|69.0,21.668048
8|1056|8|1056|vc|4|2|276|2|276|69.0,21.952977
8|1056|8|1056|vc|5|2|276|2|276|69.0,21.591221
8|1056|8|1056|vc|6|2|276|2|276|69.0,21.398092
8|1056|8|1056|vc|7|2|276|2|276|69.0,21.390758
8|1056|8|1056|vc|8|2|276|2|276|69.0,21.431712
8|462|8|462|sample|6|292|6|292|55.0,174.895433
8|462|8|462|sample|5|292|5|292|55.0,177.699310
8|462|8|462|sample|4|292|4|292|55.0,180.903506
8|462|8|462|sample|3|292|3|292|55.0,179.575433
8|462|8|462|sample|9|292|9|292|32.0,145.516401
8|462|8|462|sample|10|292|10|292|32.0,150.470125
8|462|8|462|sample|7|292|7|292|32.0,154.924895
8|462|8|462|sample|8|292|8|292|32.0,155.920320
8|462|8|462|sample|11|292|11|292|22.0,168.938568
8|462|8|462|sample|12|292|12|292|22.0,174.200150
8|462|8|462|cc|1|1|292|1|292|69.0,11.200947
8|462|8|462|cc|2|1|292|1|292|69.0,11.214217
8|462|8|462|cc|3|1|292|1|292|69.0,11.119703
8|462|8|462|cc|4|1|292|1|292|69.0,11.450550
8|462|8|462|cc|5|1|292|1|292|69.0,12.044413
8|462|8|462|cc|6|1|292|1|292|69.0,12.247895
8|462|8|462|cc|7|1|292|1|292|69.0,11.593831
8|462|8|462|cc|8|1|292|1|292|69.0,12.322780
8|462|8|462|vc|1|2|292|2|292|69.0,21.767065
8|462|8|462|vc|2|2|292|2|292|69.0,21.986912
8|462|8|462|vc|3|2|292|2|292|69.0,23.112519
8|462|8|462|vc|4|2|292|2|292|69.0,22.533653
8|462|8|462|vc|5|2|292|2|292|69.0,21.911539
8|462|8|462|vc|6|2|292|2|292|69.0,22.725150
8|462|8|462|vc|7|2|292|2|292|69.0,21.628413
8|462|8|462|vc|8|2|292|2|292|69.0,23.336575
8|1159|8|1159|sample|8|292|8|292|65.0,152.934379
8|1159|8|1159|sample|7|292|7|292|65.0,154.182846
8|1159|8|1159|sample|5|292|5|292|65.0,161.435592
8|1159|8|1159|sample|6|292|6|292|65.0,161.211442
8|1159|8|1159|sample|11|292|11|292|28.0,142.302618
8|1159|8|1159|sample|12|292|12|292|28.0,145.260532
8|1159|8|1159|sample|9|292|9|292|28.0,150.927764
8|1159|8|1159|sample|10|292|10|292|28.0,154.875524
8|1159|8|1159|sample|4|292|4|292|22.0,154.688343
8|1159|8|1159|sample|3|292|3|292|22.0,152.474412
8|1159|8|1159|cc|1|1|292|1|292|69.0,12.211267
8|1159|8|1159|cc|2|1|292|1|292|69.0,11.698206
8|1159|8|1159|cc|3|1|292|1|292|69.0,13.709479
8|1159|8|1159|cc|4|1|292|1|292|69.0,11.679726
8|1159|8|1159|cc|5|1|292|1|292|69.0,11.827269
8|1159|8|1159|cc|6|1|292|1|292|69.0,12.580459
8|1159|8|1159|cc|7|1|292|1|292|69.0,15.404019
8|1159|8|1159|cc|8|1|292|1|292|69.0,13.037877
8|1159|8|1159|vc|1|2|292|2|292|69.0,21.335622
8|1159|8|1159|vc|2|2|292|2|292|69.0,22.914487
8|1159|8|1159|vc|3|2|292|2|292|69.0,25.513292
8|1159|8|1159|vc|4|2|292|2|292|69.0,24.774841
8|1159|8|1159|vc|5|2|292|2|292|69.0,23.002964
8|1159|8|1159|vc|6|2|292|2|292|69.0,23.878218
8|1159|8|1159|vc|7|2|292|2|292|69.0,21.744234
8|1159|8|1159|vc|8|2|292|2|292|69.0,21.261095
8|75|8|75|sample|6|65|6|65|55.0,137.084697
8|75|8|75|sample|5|65|5|65|55.0,131.059326
8|75|8|75|sample|3|65|3|65|55.0,141.065099
8|75|8|75|sample|4|65|4|65|55.0,133.825094
8|75|8|75|sample|9|65|9|65|32.0,151.643917
8|75|8|75|sample|10|65|10|65|32.0,155.074884
8|75|8|75|sample|7|65|7|65|32.0,161.245886
8|75|8|75|sample|8|65|8|65|32.0,153.438333
8|75|8|75|sample|12|65|12|65|22.0,120.871988
8|75|8|75|sample|11|65|11|65|22.0,123.499101
8|75|8|75|cc|1|1|65|1|65|69.0,11.053490
8|75|8|75|cc|2|1|65|1|65|69.0,10.898880
8|75|8|75|cc|3|1|65|1|65|69.0,10.903043
8|75|8|75|cc|4|1|65|1|65|69.0,10.879463
8|75|8|75|cc|5|1|65|1|65|69.0,10.972284
8|75|8|75|cc|6|1|65|1|65|69.0,10.878081
8|75|8|75|cc|7|1|65|1|65|69.0,11.486755
8|75|8|75|cc|8|1|65|1|65|69.0,10.870462
8|75|8|75|vc|1|2|65|2|65|69.0,17.122834
8|75|8|75|vc|2|2|65|2|65|69.0,16.759930
8|75|8|75|vc|3|2|65|2|65|69.0,16.788634
8|75|8|75|vc|4|2|65|2|65|69.0,18.091864
8|75|8|75|vc|5|2|65|2|65|69.0,17.498872
8|75|8|75|vc|6|2|65|2|65|69.0,16.798709
8|75|8|75|vc|7|2|65|2|65|69.0,16.734251
8|75|8|75|vc|8|2|65|2|65|69.0,19.271305
8|1017|8|1017|sample|7|65|7|65|65.0,113.949003
8|1017|8|1017|sample|8|65|8|65|65.0,92.109828
8|1017|8|1017|sample|5|65|5|65|65.0,120.456010
8|1017|8|1017|sample|6|65|6|65|65.0,121.555089
8|1017|8|1017|sample|12|65|12|65|28.0,116.828735
8|1017|8|1017|sample|11|65|11|65|28.0,107.088639
8|1017|8|1017|sample|8|65|8|65|28.0,12.436939
8|1017|8|1017|sample|10|65|10|65|28.0,122.503150
8|1017|8|1017|sample|9|65|9|65|28.0,123.041030
8|1017|8|1017|sample|4|65|4|65|22.0,117.586808
8|1017|8|1017|sample|3|65|3|65|22.0,106.134263
8|1017|8|1017|sample|3|65|3|65|65.0,11.741818
8|1017|8|1017|sample|11|65|11|65|65.0,12.296287
8|1017|8|1017|sample|8|65|8|65|22.0,11.852929
8|1017|8|1017|cc|1|1|65|1|65|69.0,12.111296
8|1017|8|1017|cc|2|1|65|1|65|69.0,11.309941
8|1017|8|1017|cc|3|1|65|1|65|69.0,10.880408
8|1017|8|1017|cc|4|1|65|1|65|69.0,12.419351
8|1017|8|1017|cc|5|1|65|1|65|69.0,10.911603
8|1017|8|1017|cc|6|1|65|1|65|69.0,10.981185
8|1017|8|1017|cc|7|1|65|1|65|69.0,11.172029
8|1017|8|1017|cc|8|1|65|1|65|69.0,10.982286
8|1017|8|1017|vc|1|2|65|2|65|69.0,17.489174
8|1017|8|1017|vc|2|2|65|2|65|69.0,16.817753
8|1017|8|1017|vc|3|2|65|2|65|69.0,16.731846
8|1017|8|1017|vc|4|2|65|2|65|69.0,19.002828
8|1017|8|1017|vc|5|2|65|2|65|69.0,17.605061
8|1017|8|1017|vc|6|2|65|2|65|69.0,16.794879
8|1017|8|1017|vc|7|2|65|2|65|69.0,16.941864
8|1017|8|1017|vc|8|2|65|2|65|69.0,16.801214
8|291|8|291|sample|6|103|6|103|55.0,156.305054
8|291|8|291|sample|5|103|5|103|55.0,154.660970
8|291|8|291|sample|4|103|4|103|55.0,171.885692
8|291|8|291|sample|3|103|3|103|55.0,169.526723
8|291|8|291|sample|9|103|9|103|32.0,147.018292
8|291|8|291|sample|10|103|10|103|32.0,145.248331
8|291|8|291|sample|8|103|8|103|32.0,152.763626
8|291|8|291|sample|7|103|7|103|32.0,150.499867
8|291|8|291|sample|11|103|11|103|22.0,150.301199
8|291|8|291|sample|12|103|12|103|22.0,153.006209
8|291|8|291|cc|1|1|103|1|103|69.0,11.137781
8|291|8|291|cc|2|1|103|1|103|69.0,11.734282
8|291|8|291|cc|3|1|103|1|103|69.0,11.056052
8|291|8|291|cc|4|1|103|1|103|69.0,11.362167
8|291|8|291|cc|5|1|103|1|103|69.0,11.380652
8|291|8|291|cc|6|1|103|1|103|69.0,11.179526
8|291|8|291|cc|7|1|103|1|103|69.0,11.630849
8|291|8|291|cc|8|1|103|1|103|69.0,11.283286
8|291|8|291|vc|1|2|103|2|103|69.0,20.913093
8|291|8|291|vc|2|2|103|2|103|69.0,21.970787
8|291|8|291|vc|3|2|103|2|103|69.0,21.439294
8|291|8|291|vc|4|2|103|2|103|69.0,21.732132
8|291|8|291|vc|5|2|103|2|103|69.0,22.121725
8|291|8|291|vc|6|2|103|2|103|69.0,21.001853
8|291|8|291|vc|7|2|103|2|103|69.0,20.942686
8|291|8|291|vc|8|2|103|2|103|69.0,21.457510
8|1197|8|1197|sample|7|103|7|103|65.0,134.076576
8|1197|8|1197|sample|8|103|8|103|65.0,133.490494
8|1197|8|1197|sample|6|103|6|103|65.0,140.006919
8|1197|8|1197|sample|5|103|5|103|65.0,140.580804
8|1197|8|1197|sample|12|103|12|103|28.0,138.341456
8|1197|8|1197|sample|10|103|10|103|28.0,143.745420
8|1197|8|1197|sample|9|103|9|103|28.0,139.934138
8|1197|8|1197|sample|3|103|3|103|22.0,134.006237
8|1197|8|1197|sample|4|103|4|103|22.0,134.233046
8|1197|8|1197|sample|11|103|11|103|28.0,135.068916
8|1197|8|1197|cc|1|1|103|1|103|69.0,11.786913
8|1197|8|1197|cc|2|1|103|1|103|69.0,13.476322
8|1197|8|1197|cc|3|1|103|1|103|69.0,13.829306
8|1197|8|1197|cc|4|1|103|1|103|69.0,12.204875
8|1197|8|1197|cc|5|1|103|1|103|69.0,11.145858
8|1197|8|1197|cc|6|1|103|1|103|69.0,12.160116
8|1197|8|1197|cc|7|1|103|1|103|69.0,14.391412
8|1197|8|1197|cc|8|1|103|1|103|69.0,12.706948
8|1197|8|1197|vc|1|2|103|2|103|69.0,20.872154
8|1197|8|1197|vc|2|2|103|2|103|69.0,23.373954
8|1197|8|1197|vc|3|2|103|2|103|69.0,22.410921
8|1197|8|1197|vc|4|2|103|2|103|69.0,22.436614
8|1197|8|1197|vc|5|2|103|2|103|69.0,23.682740
8|1197|8|1197|vc|6|2|103|2|103|69.0,22.464541
8|1197|8|1197|vc|7|2|103|2|103|69.0,23.537315
8|1197|8|1197|vc|8|2|103|2|103|69.0,20.640006
8|77|8|77|sample|6|218|6|218|55.0,144.990833
8|77|8|77|sample|5|218|5|218|55.0,167.665917
8|77|8|77|sample|3|218|3|218|55.0,166.796395
8|77|8|77|sample|4|218|4|218|55.0,150.765204
8|77|8|77|sample|9|218|9|218|32.0,141.021544
8|77|8|77|sample|10|218|10|218|32.0,149.818604
8|77|8|77|sample|8|218|8|218|32.0,149.660970
8|77|8|77|sample|7|218|7|218|32.0,151.231935
8|77|8|77|sample|12|218|12|218|22.0,137.205010
8|77|8|77|sample|11|218|11|218|22.0,137.983918
8|77|8|77|cc|1|1|218|1|218|69.0,10.782093
8|77|8|77|cc|2|1|218|1|218|69.0,11.218529
8|77|8|77|cc|3|1|218|1|218|69.0,10.976489
8|77|8|77|cc|4|1|218|1|218|69.0,11.771330
8|77|8|77|cc|5|1|218|1|218|69.0,10.665576
8|77|8|77|cc|6|1|218|1|218|69.0,10.621025
8|77|8|77|cc|7|1|218|1|218|69.0,10.742740
8|77|8|77|cc|8|1|218|1|218|69.0,11.099012
8|77|8|77|vc|1|2|218|2|218|69.0,19.872614
8|77|8|77|vc|2|2|218|2|218|69.0,19.992038
8|77|8|77|vc|3|2|218|2|218|69.0,19.459403
8|77|8|77|vc|4|2|218|2|218|69.0,19.241955
8|77|8|77|vc|5|2|218|2|218|69.0,19.274746
8|77|8|77|vc|6|2|218|2|218|69.0,19.416954
8|77|8|77|vc|7|2|218|2|218|69.0,19.236313
8|77|8|77|vc|8|2|218|2|218|69.0,19.307696
8|745|8|745|sample|7|218|7|218|65.0,127.151033
8|745|8|745|sample|8|218|8|218|65.0,123.811001
8|745|8|745|sample|6|218|6|218|65.0,152.605172
8|745|8|745|sample|5|218|5|218|65.0,134.746304
8|745|8|745|sample|3|218|3|218|65.0,13.810256
8|745|8|745|sample|11|218|11|218|28.0,124.207077
8|745|8|745|sample|12|218|12|218|28.0,124.732333
8|745|8|745|sample|10|218|10|218|28.0,138.807082
8|745|8|745|sample|9|218|9|218|28.0,135.921282
8|745|8|745|sample|4|218|4|218|22.0,132.499310
8|745|8|745|sample|3|218|3|218|22.0,117.784536
8|745|8|745|sample|5|218|5|218|22.0,13.011866
8|745|8|745|cc|1|1|218|1|218|69.0,10.602751
8|745|8|745|cc|2|1|218|1|218|69.0,10.605189
8|745|8|745|cc|3|1|218|1|218|69.0,10.591999
8|745|8|745|cc|4|1|218|1|218|69.0,10.861859
8|745|8|745|cc|5|1|218|1|218|69.0,11.274381
8|745|8|745|cc|6|1|218|1|218|69.0,11.600498
8|745|8|745|cc|7|1|218|1|218|69.0,10.811622
8|745|8|745|cc|8|1|218|1|218|69.0,11.186232
8|745|8|745|vc|1|2|218|2|218|69.0,19.231527
8|745|8|745|vc|2|2|218|2|218|69.0,19.620104
8|745|8|745|vc|3|2|218|2|218|69.0,19.713877
8|745|8|745|vc|4|2|218|2|218|69.0,19.695639
8|745|8|745|vc|5|2|218|2|218|69.0,19.355480
8|745|8|745|vc|6|2|218|2|218|69.0,19.333460
8|745|8|745|vc|7|2|218|2|218|69.0,19.206665
8|745|8|745|vc|8|2|218|2|218|69.0,19.263075
8|322|8|322|sample|6|174|6|174|55.0,148.795452
8|322|8|322|sample|5|174|5|174|55.0,151.134938
8|322|8|322|sample|3|174|3|174|55.0,158.472243
8|322|8|322|sample|4|174|4|174|55.0,157.055736
8|322|8|322|sample|10|174|10|174|32.0,135.119161
8|322|8|322|sample|9|174|9|174|32.0,134.846038
8|322|8|322|sample|7|174|7|174|32.0,145.943444
8|322|8|322|sample|8|174|8|174|32.0,133.159504
8|322|8|322|sample|12|174|12|174|22.0,143.641439
8|322|8|322|sample|8|174|8|174|22.0,12.711196
8|322|8|322|sample|11|174|11|174|22.0,124.986112
8|322|8|322|sample|11|174|11|174|32.0,13.685137
8|322|8|322|cc|1|1|174|1|174|69.0,11.315474
8|322|8|322|cc|2|1|174|1|174|69.0,11.474988
8|322|8|322|cc|3|1|174|1|174|69.0,12.496081
8|322|8|322|cc|4|1|174|1|174|69.0,11.070072
8|322|8|322|cc|5|1|174|1|174|69.0,10.985217
8|322|8|322|cc|6|1|174|1|174|69.0,10.989282
8|322|8|322|cc|7|1|174|1|174|69.0,10.892566
8|322|8|322|cc|8|1|174|1|174|69.0,11.085893
8|322|8|322|vc|1|2|174|2|174|69.0,20.171161
8|322|8|322|vc|2|2|174|2|174|69.0,20.031214
8|322|8|322|vc|3|2|174|2|174|69.0,20.024612
8|322|8|322|vc|4|2|174|2|174|69.0,20.324463
8|322|8|322|vc|5|2|174|2|174|69.0,20.226157
8|322|8|322|vc|6|2|174|2|174|69.0,20.275566
8|322|8|322|vc|7|2|174|2|174|69.0,20.391729
8|322|8|322|vc|8|2|174|2|174|69.0,23.712268
8|1043|8|1043|sample|6|174|6|174|65.0,133.039782
8|1043|8|1043|sample|7|174|7|174|65.0,123.939373
8|1043|8|1043|sample|8|174|8|174|65.0,124.430439
8|1043|8|1043|sample|5|174|5|174|65.0,141.916817
8|1043|8|1043|sample|11|174|11|174|28.0,133.200105
8|1043|8|1043|sample|12|174|12|174|28.0,126.805721
8|1043|8|1043|sample|10|174|10|174|28.0,133.989757
8|1043|8|1043|sample|9|174|9|174|28.0,132.420839
8|1043|8|1043|sample|4|174|4|174|22.0,127.096034
8|1043|8|1043|sample|3|174|3|174|22.0,130.872064
8|1043|8|1043|cc|1|1|174|1|174|69.0,10.663938
8|1043|8|1043|cc|2|1|174|1|174|69.0,10.797418
8|1043|8|1043|cc|3|1|174|1|174|69.0,11.233571
8|1043|8|1043|cc|4|1|174|1|174|69.0,11.263904
8|1043|8|1043|cc|5|1|174|1|174|69.0,10.958576
8|1043|8|1043|cc|6|1|174|1|174|69.0,10.791574
8|1043|8|1043|cc|7|1|174|1|174|69.0,10.661014
8|1043|8|1043|cc|8|1|174|1|174|69.0,10.741448
8|1043|8|1043|vc|1|2|174|2|174|69.0,19.652523
8|1043|8|1043|vc|2|2|174|2|174|69.0,20.249584
8|1043|8|1043|vc|3|2|174|2|174|69.0,21.990364
8|1043|8|1043|vc|4|2|174|2|174|69.0,20.435798
8|1043|8|1043|vc|5|2|174|2|174|69.0,19.733230
8|1043|8|1043|vc|6|2|174|2|174|69.0,20.238050
8|1043|8|1043|vc|7|2|174|2|174|69.0,19.709328
8|1043|8|1043|vc|8|2|174|2|174|69.0,20.055924
8|963|8|963|sample|6|319|6|319|55.0,124.458735
8|963|8|963|sample|5|319|5|319|55.0,127.860287
8|963|8|963|sample|4|319|4|319|55.0,143.516331
8|963|8|963|sample|3|319|3|319|55.0,144.894044
8|963|8|963|sample|10|319|10|319|32.0,131.425797
8|963|8|963|sample|9|319|9|319|32.0,132.200576
8|963|8|963|sample|7|319|7|319|32.0,138.681329
8|963|8|963|sample|8|319|8|319|32.0,140.610626
8|963|8|963|sample|11|319|11|319|22.0,140.857207
8|963|8|963|sample|12|319|12|319|22.0,141.047205
8|963|8|963|cc|1|1|319|1|319|69.0,10.949401
8|963|8|963|cc|2|1|319|1|319|69.0,10.622330
8|963|8|963|cc|3|1|319|1|319|69.0,10.918179
8|963|8|963|cc|4|1|319|1|319|69.0,10.673320
8|963|8|963|cc|5|1|319|1|319|69.0,10.916314
8|963|8|963|cc|6|1|319|1|319|69.0,11.865342
8|963|8|963|cc|7|1|319|1|319|69.0,11.287660
8|963|8|963|cc|8|1|319|1|319|69.0,10.889964
8|963|8|963|vc|1|2|319|2|319|69.0,20.534847
8|963|8|963|vc|2|2|319|2|319|69.0,19.785758
8|963|8|963|vc|3|2|319|2|319|69.0,20.785040
8|963|8|963|vc|4|2|319|2|319|69.0,20.352165
8|963|8|963|vc|5|2|319|2|319|69.0,20.483570
8|963|8|963|vc|6|2|319|2|319|69.0,19.483965
8|963|8|963|vc|7|2|319|2|319|69.0,19.791050
8|963|8|963|vc|8|2|319|2|319|69.0,19.636016
8|1260|8|1260|sample|8|319|8|319|65.0,115.919386
8|1260|8|1260|sample|7|319|7|319|65.0,117.994416
8|1260|8|1260|sample|6|319|6|319|65.0,129.543854
8|1260|8|1260|sample|5|319|5|319|65.0,126.677409
8|1260|8|1260|sample|11|319|11|319|28.0,126.381638
8|1260|8|1260|sample|12|319|12|319|28.0,122.493197
8|1260|8|1260|sample|10|319|10|319|28.0,131.412206
8|1260|8|1260|sample|9|319|9|319|28.0,133.195728
8|1260|8|1260|sample|4|319|4|319|22.0,131.126401
8|1260|8|1260|sample|3|319|3|319|22.0,132.798900
8|1260|8|1260|cc|1|1|319|1|319|69.0,11.332562
8|1260|8|1260|cc|2|1|319|1|319|69.0,14.391980
8|1260|8|1260|cc|3|1|319|1|319|69.0,12.129372
8|1260|8|1260|cc|4|1|319|1|319|69.0,13.331932
8|1260|8|1260|cc|5|1|319|1|319|69.0,12.732970
8|1260|8|1260|cc|6|1|319|1|319|69.0,11.204877
8|1260|8|1260|cc|7|1|319|1|319|69.0,10.685232
8|1260|8|1260|cc|8|1|319|1|319|69.0,10.629554
8|1260|8|1260|vc|1|2|319|2|319|69.0,19.730831
8|1260|8|1260|vc|2|2|319|2|319|69.0,20.752381
8|1260|8|1260|vc|3|2|319|2|319|69.0,20.232399
8|1260|8|1260|vc|4|2|319|2|319|69.0,21.660951
8|1260|8|1260|vc|5|2|319|2|319|69.0,20.012108
8|1260|8|1260|vc|6|2|319|2|319|69.0,19.902582
8|1260|8|1260|vc|7|2|319|2|319|69.0,20.354975
8|1260|8|1260|vc|8|2|319|2|319|69.0,19.028660
