id,f_SAEM,h_SAEM,s_SAEM,L_gap_SAEM,eta_alpha_SAEM,f_mode,h_mode,s_mode,L_gap_mode,eta_alpha_mode,mab_virus,run_id
411|4,1.46223,1.01992,2.27092,-175.85,0.000450734,1.39139,1.01459,2.21987,-175.85,0.000458587,70.0|274,411
411|3,0.887249,1.01992,2.36702,-175.85,0.000450734,0.870822,1.01459,2.3508,-175.85,0.000458587,70.0|274,411
411|5,1.42347,1.01992,2.11608,-175.85,0.000450734,1.42596,1.01459,2.12997,-175.85,0.000458587,70.0|274,411
411|6,0.952107,1.01992,1.58584,-175.85,0.000450734,0.950437,1.01459,1.59412,-175.85,0.000458587,70.0|274,411
411|8,1.27543,1.01992,2.45707,-175.85,0.000450734,1.11876,1.01459,2.27689,-175.85,0.000458587,70.0|274,411
411|7,1.18736,1.01992,2.47467,-175.85,0.000450734,1.1513,1.01459,2.43308,-175.85,0.000458587,70.0|274,411
411|9,1.07052,1.01992,1.84848,-175.85,0.000450734,1.06588,1.01459,1.8622,-175.85,0.000458587,70.0|274,411
411|10,1.59273,1.01992,2.16917,-175.85,0.000450734,1.52135,1.01459,2.13502,-175.85,0.000458587,70.0|274,411
411|12,0.76556,1.01992,1.90492,-175.85,0.000450734,0.799281,1.01459,1.97044,-175.85,0.000458587,70.0|274,411
411|11,1.00359,1.01992,2.08417,-175.85,0.000450734,0.952676,1.01459,2.02974,-175.85,0.000458587,70.0|274,411
411|1,1.26357,0.754593,6.00597,-174.692,-1.12387e-07,1,0.755583,1,-174.692,-1.22398e-07,69.0|274,411
411|2,1.22244,0.754593,4.26977,-174.692,-1.12387e-07,1,0.755583,1,-174.692,-1.22398e-07,69.0|274,411
152|8,1.13516,0.750709,2.86719,-178.81,0.000154957,0.994376,0.751746,2.71667,-178.81,0.000152472,65.0|322,152
152|7,1.22353,0.750709,2.82672,-178.81,0.000154957,0.902258,0.751746,2.46444,-178.81,0.000152472,65.0|322,152
152|6,0.484055,0.750709,1.84498,-178.81,0.000154957,0.46928,0.751746,1.84559,-178.81,0.000152472,65.0|322,152
152|5,0.601525,0.750709,2.11534,-178.81,0.000154957,0.496528,0.751746,1.96314,-178.81,0.000152472,65.0|322,152
152|12,0.367445,0.61105,2.92961,-173.225,1.70324e-05,0.401669,0.610612,3.07525,-173.225,1.69505e-05,28.0|322,152
152|11,1.0331,0.61105,4.23633,-173.225,1.70324e-05,0.763017,0.610612,3.75329,-173.225,1.69505e-05,28.0|322,152
152|10,0.567226,0.61105,3.29401,-173.225,1.70324e-05,0.654038,0.610612,3.53655,-173.225,1.69505e-05,28.0|322,152
152|9,1.01692,0.61105,3.91115,-173.225,1.70324e-05,0.852697,0.610612,3.67258,-173.225,1.69505e-05,28.0|322,152
152|3,0.386929,0.75131,1.94331,-174.274,0.00080313,0.328494,0.752351,1.81264,-174.274,0.000791974,22.0|322,152
152|4,0.543076,0.75131,2.14989,-174.274,0.00080313,0.540682,0.752351,2.14795,-174.274,0.000791974,22.0|322,152
152|1,1.30555,0.736405,6.45204,-174.44,1.39878e-05,1,0.737965,1,-174.44,1.40249e-05,69.0|322,152
152|2,1.22419,0.736405,4.37559,-174.44,1.39878e-05,1,0.737965,1,-174.44,1.40249e-05,69.0|322,152
1056|8,0.95602,0.939529,4.86104,-174.463,0.000257481,0.81157,0.932006,4.38602,-174.463,0.000263336,65.0|276,1056
1056|7,0.992945,0.939529,5.10537,-174.463,0.000257481,0.856689,0.932006,4.61629,-174.463,0.000263336,65.0|276,1056
1056|6,0.934468,0.939529,4.75418,-174.463,0.000257481,0.870122,0.932006,4.54754,-174.463,0.000263336,65.0|276,1056
1056|5,1.03422,0.939529,5.3447,-174.463,0.000257481,1.04488,0.932006,5.37684,-174.463,0.000263336,65.0|276,1056
1056|12,0.950045,0.750842,11.0966,-177.618,5.09446e-08,0.738969,0.751886,9.53673,-177.618,5.21399e-08,28.0|276,1056
1056|11,1.26525,0.750842,11.8813,-177.618,5.09446e-08,0.901055,0.751886,9.5654,-177.618,5.21399e-08,28.0|276,1056
1056|10,2.13429,0.750842,12.7025,-177.618,5.09446e-08,1.60386,0.751886,10.5973,-177.618,5.21399e-08,28.0|276,1056
1056|9,1.80199,0.750842,10.5763,-177.618,5.09446e-08,1.64978,0.751886,10.2971,-177.618,5.21399e-08,28.0|276,1056
1056|4,0.756713,1.01301,4.80539,-176.554,0.000260742,0.726708,1.02408,4.67276,-176.554,0.00026314,22.0|276,1056
1056|3,0.835167,1.01301,5.57393,-176.554,0.000260742,0.786098,1.02408,5.36093,-176.554,0.00026314,22.0|276,1056
1056|1,1.29252,0.736957,4.37231,-177.963,5.41029e-08,1,0.738412,1,-177.963,5.51388e-08,69.0|276,1056
1056|2,1.20333,0.736957,4.75275,-177.963,5.41029e-08,1,0.738412,1,-177.963,5.51388e-08,69.0|276,1056
462|6,0.948968,0.356264,1.35444,-178.171,-0.000314044,0.835933,0.357764,1.33894,-178.171,-0.000320405,55.0|292,462
462|5,1.62158,0.356264,1.39909,-178.171,-0.000314044,1.01245,0.357764,1.31526,-178.171,-0.000320405,55.0|292,462
462|4,1.08044,0.356264,1.3341,-178.171,-0.000314044,1.09781,0.357764,1.39019,-178.171,-0.000320405,55.0|292,462
462|3,0.996631,0.356264,1.27592,-178.171,-0.000314044,1.04176,0.357764,1.32382,-178.171,-0.000320405,55.0|292,462
462|9,0.715688,0.750575,13.5707,-174.512,4.34122e-07,0.696156,0.75161,13.5678,-174.512,4.30369e-07,32.0|292,462
462|10,0.518703,0.750575,11.1319,-174.512,4.34122e-07,0.582996,0.75161,12.0908,-174.512,4.30369e-07,32.0|292,462
462|7,0.89829,0.750575,14.5866,-174.512,4.34122e-07,0.850869,0.75161,14.2217,-174.512,4.30369e-07,32.0|292,462
462|8,1.08065,0.750575,16.238,-174.512,4.34122e-07,0.964118,0.75161,15.1876,-174.512,4.30369e-07,32.0|292,462
462|11,1.77522,0.869654,4.84113,-176.406,3.72529e-08,1.25643,0.86459,3.91148,-176.406,3.84205e-08,22.0|292,462
462|12,0.646984,0.869654,2.59405,-176.406,3.72529e-08,0.648162,0.86459,2.61944,-176.406,3.84205e-08,22.0|292,462
462|1,1.16512,0.162015,4.02294,-176.413,5.30554e-08,1,0.176748,1,-176.413,5.4092e-08,69.0|292,462
462|2,1.13347,0.162015,3.56082,-176.413,5.30554e-08,1,0.176748,1,-176.413,5.4092e-08,69.0|292,462
1159|8,2.80877,0.75077,6.28668,-175.665,5.51783e-08,2.42253,0.75181,5.81115,-175.665,5.63805e-08,65.0|292,1159
1159|7,5.18322,0.75077,8.86912,-175.665,5.51783e-08,3.32373,0.75181,6.72671,-175.665,5.63805e-08,65.0|292,1159
1159|5,2.38854,0.75077,5.52561,-175.665,5.51783e-08,2.30047,0.75181,5.44084,-175.665,5.63805e-08,65.0|292,1159
1159|6,3.22898,0.75077,6.6368,-175.665,5.51783e-08,2.39435,0.75181,5.55317,-175.665,5.63805e-08,65.0|292,1159
1159|11,1.65592,0.750746,11.9717,-175.001,5.00646e-08,1.01138,0.751786,8.97548,-175.001,5.1245e-08,28.0|292,1159
1159|12,0.929151,0.750746,9.30996,-175.001,5.00646e-08,0.800022,0.751786,8.59427,-175.001,5.1245e-08,28.0|292,1159
1159|9,1.40061,0.750746,7.76979,-175.001,5.00646e-08,1.63444,0.751786,8.64188,-175.001,5.1245e-08,28.0|292,1159
1159|10,0.770085,0.750746,5.50782,-175.001,5.00646e-08,0.835187,0.751786,5.76946,-175.001,5.1245e-08,28.0|292,1159
1159|4,2.02784,0.869654,4.43507,-171.828,3.50502e-08,2.17821,0.86459,4.66496,-171.828,3.63702e-08,22.0|292,1159
1159|3,2.7419,0.869654,5.72399,-171.828,3.50502e-08,2.28277,0.86459,5.0829,-171.828,3.63702e-08,22.0|292,1159
1159|1,1.22558,0.162015,3.92819,-171.835,5.08527e-08,1,0.176748,1,-171.835,5.20417e-08,69.0|292,1159
1159|2,1.16319,0.162015,6.50058,-171.835,5.08527e-08,1,0.176748,0.999999,-171.835,5.20417e-08,69.0|292,1159
1197|7,0.80201,0.761611,10.5078,-179.96,8.97167e-08,0.742353,0.761123,10.1499,-179.96,9.20603e-08,65.0|103,1197
1197|8,0.530943,0.761611,7.96091,-179.96,8.97167e-08,0.674257,0.761123,9.47951,-179.96,9.20603e-08,65.0|103,1197
1197|6,0.996526,0.761611,12.8604,-179.96,8.97167e-08,0.838324,0.761123,11.5069,-179.96,9.20603e-08,65.0|103,1197
1197|5,1.4543,0.761611,15.9854,-179.96,8.97167e-08,1.19475,0.761123,14.0214,-179.96,9.20603e-08,65.0|103,1197
1197|12,0.604005,0.695346,10.6338,-178.158,8.8796e-08,0.898875,0.695923,13.6958,-178.158,9.11948e-08,28.0|103,1197
1197|10,1.02242,0.695346,13.1509,-178.158,8.8796e-08,0.886443,0.695923,12.2007,-178.158,9.11948e-08,28.0|103,1197
1197|9,1.58884,0.695346,17.5349,-178.158,8.8796e-08,1.56826,0.695923,17.479,-178.158,9.11948e-08,28.0|103,1197
1197|3,0.710874,0.826475,11.414,-170.549,8.94984e-08,0.62731,0.828603,10.5681,-170.549,9.18561e-08,22.0|103,1197
1197|4,0.971331,0.826475,15.6098,-170.549,8.94984e-08,0.822505,0.828603,13.9102,-170.549,9.18561e-08,22.0|103,1197
1197|11,0.578066,0.695346,10.5565,-178.158,8.8796e-08,0.488518,0.695923,9.81681,-178.158,9.11948e-08,28.0|103,1197
1197|1,1.11158,1.16072,2.76303,-175.976,1.34367e-07,1,1.16066,1,-175.976,1.37992e-07,69.0|103,1197
1197|2,1.32612,1.16072,3.1184,-175.976,1.34367e-07,1,1.16066,1,-175.976,1.37992e-07,69.0|103,1197
