rep,id,eta_L,eta_m,eta_e,eta_alpha,eta_k,goes_down,mab_virus,run_id
1,8|84|cc|1|1|162,-2.29473e-05,-1.6809e-05,3.84585e-06,0,0,False,69.0|162,84
1,8|84|cc|2|1|162,-1.16848e-05,-3.60816e-05,9.41685e-06,0,0,False,69.0|162,84
1,8|84|cc|3|1|162,6.38717e-06,-7.8856e-06,1.46346e-05,0,0,False,69.0|162,84
1,8|84|cc|4|1|162,2.01175e-06,5.52197e-06,-5.11379e-07,0,0,False,69.0|162,84
1,8|84|cc|5|1|162,1.44987e-05,-5.86888e-06,-2.70154e-05,0,0,False,69.0|162,84
1,8|84|cc|6|1|162,-1.46806e-05,-1.65844e-05,-1.61995e-05,0,0,False,69.0|162,84
1,8|84|cc|7|1|162,-9.6294e-06,-1.67689e-05,2.58004e-06,0,0,False,69.0|162,84
1,8|84|cc|8|1|162,-1.62495e-05,1.36982e-05,7.21219e-06,0,0,False,69.0|162,84
1,8|84|sample|10|162,-4.10867e-06,6.03158e-06,-1.18417e-05,0,0,True,32.0|162,84
1,8|84|sample|11|162,1.38912e-05,-9.1808e-06,-5.06767e-06,0,0,True,22.0|162,84
1,8|84|sample|12|162,9.37934e-06,1.66205e-06,5.72012e-06,0,0,True,22.0|162,84
1,8|84|sample|3|162,2.17761e-05,3.11099e-06,2.21209e-05,0,0,True,55.0|162,84
1,8|84|sample|4|162,-2.18221e-07,3.66092e-06,2.11897e-05,0,0,True,55.0|162,84
1,8|84|sample|5|162,2.49158e-06,1.16645e-05,-1.95795e-06,0,0,True,55.0|162,84
1,8|84|sample|6|162,-5.74249e-06,5.09693e-06,1.51413e-05,0,0,True,55.0|162,84
1,8|84|sample|7|162,-3.14804e-05,1.44722e-05,-5.53751e-06,0,0,True,32.0|162,84
1,8|84|sample|8|162,-1.93628e-05,9.45773e-06,7.11665e-06,0,0,True,32.0|162,84
1,8|84|sample|9|162,7.80621e-06,1.30914e-05,7.36257e-06,0,0,True,32.0|162,84
1,8|84|vc|1|2|162,-4.30513e-06,1.37274e-05,-1.52577e-05,0,0,False,69.0|162,84
1,8|84|vc|2|2|162,5.68528e-06,-1.65491e-05,-6.96037e-06,0,0,False,69.0|162,84
1,8|84|vc|3|2|162,2.12678e-05,1.97503e-05,1.16634e-05,0,0,False,69.0|162,84
1,8|84|vc|4|2|162,1.99463e-05,-3.25329e-06,8.40518e-06,0,0,False,69.0|162,84
1,8|84|vc|5|2|162,4.05656e-06,1.84827e-06,-7.64621e-06,0,0,False,69.0|162,84
1,8|84|vc|6|2|162,3.22492e-05,-2.61949e-06,-1.45122e-05,0,0,False,69.0|162,84
1,8|84|vc|7|2|162,1.71424e-05,1.10162e-05,-1.666e-05,0,0,False,69.0|162,84
1,8|84|vc|8|2|162,2.91692e-06,-3.10372e-06,-1.06191e-05,0,0,False,69.0|162,84
1,8|719|cc|1|1|274,7.17415e-06,1.00856e-05,-9.28988e-06,0,0,False,69.0|274,719
1,8|719|cc|2|1|274,5.18388e-06,9.03186e-07,-1.25009e-05,0,0,False,69.0|274,719
1,8|719|cc|3|1|274,-2.71172e-06,-6.55198e-06,-1.53494e-05,0,0,False,69.0|274,719
1,8|719|cc|4|1|274,-4.07293e-05,4.37528e-06,-5.49976e-06,0,0,False,69.0|274,719
1,8|719|cc|5|1|274,1.89893e-05,2.50225e-05,1.05606e-05,0,0,False,69.0|274,719
1,8|719|cc|6|1|274,1.00732e-05,4.26774e-06,-8.71128e-06,0,0,False,69.0|274,719
1,8|719|cc|7|1|274,3.10923e-05,6.22771e-06,-2.95909e-06,0,0,False,69.0|274,719
1,8|719|cc|8|1|274,-6.35705e-06,-2.10479e-06,-3.36747e-06,0,0,False,69.0|274,719
1,8|719|sample|10|274,-2.54382e-05,-1.00616e-05,-2.6513e-05,0,0,True,32.0|274,719
1,8|719|sample|11|274,-1.65837e-05,2.5843e-05,3.316e-06,0,0,True,22.0|274,719
1,8|719|sample|12|274,-2.89082e-05,2.42855e-06,8.81642e-07,0,0,True,22.0|274,719
1,8|719|sample|3|274,-1.86799e-05,2.51574e-05,9.82433e-06,0,0,True,55.0|274,719
1,8|719|sample|4|274,-1.4309e-05,8.21956e-06,-1.19808e-05,0,0,True,55.0|274,719
1,8|719|sample|5|274,-3.58396e-05,-5.49441e-06,1.29552e-05,0,0,True,55.0|274,719
1,8|719|sample|6|274,2.78668e-05,-6.27998e-06,2.76316e-06,0,0,True,55.0|274,719
1,8|719|sample|7|274,2.79568e-05,3.71425e-06,-1.31945e-05,0,0,True,32.0|274,719
1,8|719|sample|8|274,-6.4662e-07,-1.15322e-05,1.25239e-05,0,0,True,32.0|274,719
1,8|719|sample|9|274,-1.36066e-05,-1.67755e-05,-1.6168e-06,0,0,True,32.0|274,719
1,8|719|vc|1|2|274,-2.73754e-05,4.2119e-06,-6.88477e-06,0,0,False,69.0|274,719
1,8|719|vc|2|2|274,2.17984e-05,-1.8008e-05,1.07547e-05,0,0,False,69.0|274,719
1,8|719|vc|3|2|274,2.1249e-05,-5.6162e-06,-2.22447e-05,0,0,False,69.0|274,719
1,8|719|vc|4|2|274,-4.33095e-06,1.51302e-05,2.41562e-06,0,0,False,69.0|274,719
1,8|719|vc|5|2|274,-1.16954e-05,3.45746e-05,4.13507e-06,0,0,False,69.0|274,719
1,8|719|vc|6|2|274,-1.31368e-05,1.96775e-05,1.50077e-05,0,0,False,69.0|274,719
1,8|719|vc|7|2|274,1.03329e-05,2.59503e-06,5.45128e-06,0,0,False,69.0|274,719
1,8|719|vc|8|2|274,1.3501e-05,7.16445e-06,-4.40276e-06,0,0,False,69.0|274,719
1,8|488|cc|1|1|322,1.89626e-05,5.61505e-06,1.1365e-05,0,0,False,69.0|322,488
1,8|488|cc|2|1|322,-8.98922e-06,-2.62786e-05,1.16897e-05,0,0,False,69.0|322,488
1,8|488|cc|3|1|322,-6.65439e-06,1.22716e-05,-1.66705e-05,0,0,False,69.0|322,488
1,8|488|cc|4|1|322,-1.46278e-05,-1.46888e-05,4.43937e-06,0,0,False,69.0|322,488
1,8|488|cc|5|1|322,-1.13653e-05,1.10111e-05,-1.23177e-06,0,0,False,69.0|322,488
1,8|488|cc|6|1|322,1.94614e-05,-9.74043e-06,1.07864e-05,0,0,False,69.0|322,488
1,8|488|cc|7|1|322,-1.59527e-05,5.45348e-06,1.55051e-05,0,0,False,69.0|322,488
1,8|488|cc|8|1|322,-1.6388e-05,-1.04816e-05,6.09123e-06,0,0,False,69.0|322,488
1,8|488|sample|10|322,-6.52305e-06,4.51344e-06,-7.62056e-06,0,0,True,32.0|322,488
1,8|488|sample|11|322,-1.3814e-06,2.17055e-05,-1.7407e-06,0,0,True,22.0|322,488
1,8|488|sample|12|322,1.61897e-05,-4.95561e-06,2.1068e-06,0,0,True,22.0|322,488
1,8|488|sample|3|322,-4.56841e-06,1.92778e-05,8.27524e-06,0,0,True,55.0|322,488
1,8|488|sample|4|322,1.20301e-05,3.98881e-06,1.93601e-05,0,0,True,55.0|322,488
1,8|488|sample|5|322,1.64448e-05,-5.78099e-06,2.41569e-06,0,0,True,55.0|322,488
1,8|488|sample|6|322,4.42233e-06,2.25985e-05,-1.60665e-05,0,0,True,55.0|322,488
1,8|488|sample|7|322,-1.1588e-05,-1.3661e-05,-9.46437e-06,0,0,True,32.0|322,488
1,8|488|sample|8|322,6.09286e-06,-4.78407e-07,9.65343e-06,0,0,True,32.0|322,488
1,8|488|sample|9|322,-2.78169e-05,5.80396e-06,-8.22509e-06,0,0,True,32.0|322,488
1,8|488|vc|1|2|322,-3.85369e-05,4.42162e-06,7.50451e-06,0,0,False,69.0|322,488
1,8|488|vc|2|2|322,-7.15001e-06,-5.67438e-06,1.52548e-05,0,0,False,69.0|322,488
1,8|488|vc|3|2|322,-1.42082e-05,6.76883e-06,-1.17938e-05,0,0,False,69.0|322,488
1,8|488|vc|4|2|322,-1.21203e-05,-3.014e-05,-1.01641e-05,0,0,False,69.0|322,488
1,8|488|vc|5|2|322,8.21519e-06,1.18286e-06,-1.90435e-05,0,0,False,69.0|322,488
1,8|488|vc|6|2|322,-1.28976e-05,5.17673e-06,8.22655e-06,0,0,False,69.0|322,488
1,8|488|vc|7|2|322,6.52194e-06,9.19317e-06,-8.93023e-06,0,0,False,69.0|322,488
1,8|488|vc|8|2|322,-1.11291e-05,-3.52412e-06,1.23738e-05,0,0,False,69.0|322,488
1,8|847|cc|1|1|69,1.01692e-05,-2.19503e-05,-9.17881e-06,0,0,False,69.0|69,847
1,8|847|cc|2|1|69,-2.85441e-05,6.00981e-06,-6.26271e-06,0,0,False,69.0|69,847
1,8|847|cc|3|1|69,2.48444e-05,-2.58028e-05,2.63316e-05,0,0,False,69.0|69,847
1,8|847|cc|4|1|69,8.39323e-06,1.34862e-06,-1.08396e-05,0,0,False,69.0|69,847
1,8|847|cc|5|1|69,-5.89863e-06,1.51924e-05,1.48939e-05,0,0,False,69.0|69,847
1,8|847|cc|6|1|69,5.01324e-06,1.50141e-05,-1.41623e-05,0,0,False,69.0|69,847
1,8|847|cc|7|1|69,-3.23404e-05,1.07645e-05,1.15066e-05,0,0,False,69.0|69,847
1,8|847|cc|8|1|69,-1.05067e-06,8.72149e-07,4.10921e-06,0,0,False,69.0|69,847
1,8|847|sample|10|69,-7.42114e-06,1.28209e-05,5.76126e-06,0,0,True,32.0|69,847
1,8|847|sample|11|69,-4.48869e-08,1.30492e-06,1.39946e-06,0,0,True,22.0|69,847
1,8|847|sample|12|69,-1.76921e-05,-1.37158e-05,3.91832e-06,0,0,True,22.0|69,847
1,8|847|sample|3|69,1.81985e-07,1.46592e-05,-1.29107e-05,0,0,True,55.0|69,847
1,8|847|sample|4|69,1.51611e-05,-2.08766e-05,-3.79287e-05,0,0,True,55.0|69,847
1,8|847|sample|5|69,3.57013e-06,-3.1175e-06,-5.84849e-06,0,0,True,55.0|69,847
1,8|847|sample|6|69,7.59684e-06,-4.09946e-07,9.36834e-06,0,0,True,55.0|69,847
1,8|847|sample|7|69,1.3667e-05,-2.73783e-06,3.16159e-05,0,0,True,32.0|69,847
1,8|847|sample|8|69,3.21408e-05,-6.1236e-06,3.57116e-06,0,0,True,32.0|69,847
1,8|847|sample|9|69,2.24712e-06,9.55173e-06,-5.32939e-06,0,0,True,32.0|69,847
1,8|847|vc|1|2|69,-2.01553e-05,-1.57577e-05,-3.38977e-06,0,0,False,69.0|69,847
1,8|847|vc|2|2|69,-2.31835e-06,-3.49304e-05,2.28502e-05,0,0,False,69.0|69,847
1,8|847|vc|3|2|69,-1.57599e-05,1.32556e-05,2.26179e-05,0,0,False,69.0|69,847
1,8|847|vc|4|2|69,1.65651e-05,-1.09947e-05,8.18034e-06,0,0,False,69.0|69,847
1,8|847|vc|5|2|69,2.53144e-05,8.67255e-06,1.57484e-05,0,0,False,69.0|69,847
1,8|847|vc|6|2|69,3.86636e-05,-6.9375e-06,7.43155e-06,0,0,False,69.0|69,847
1,8|847|vc|7|2|69,1.68044e-05,5.6119e-06,1.23026e-06,0,0,False,69.0|69,847
1,8|847|vc|8|2|69,-2.10963e-06,-2.44787e-05,4.13096e-06,0,0,False,69.0|69,847
1,8|474|cc|1|1|276,1.70045e-05,-4.30364e-06,-1.81768e-05,0,0,False,69.0|276,474
1,8|474|cc|2|1|276,-3.75546e-06,5.76018e-06,4.82435e-06,0,0,False,69.0|276,474
1,8|474|cc|3|1|276,2.43783e-05,8.43611e-08,-6.04498e-06,0,0,False,69.0|276,474
1,8|474|cc|4|1|276,6.69705e-06,-2.13903e-05,-1.15567e-05,0,0,False,69.0|276,474
1,8|474|cc|5|1|276,9.81169e-06,-5.2609e-06,-1.51352e-05,0,0,False,69.0|276,474
1,8|474|cc|6|1|276,-1.00349e-05,-1.03082e-06,1.05182e-05,0,0,False,69.0|276,474
1,8|474|cc|7|1|276,-5.91675e-06,1.30948e-05,-1.07881e-05,0,0,False,69.0|276,474
1,8|474|cc|8|1|276,-2.03665e-05,-2.42948e-06,-2.16317e-05,0,0,False,69.0|276,474
1,8|474|sample|10|276,-2.59722e-05,-2.1375e-06,-1.67273e-05,0,0,True,32.0|276,474
1,8|474|sample|11|276,-1.27565e-05,-1.68926e-06,-1.36268e-05,0,0,True,22.0|276,474
1,8|474|sample|12|276,-1.22827e-05,-9.33599e-07,-7.88956e-06,0,0,True,22.0|276,474
1,8|474|sample|3|276,8.83022e-06,2.21283e-06,1.34773e-05,0,0,True,55.0|276,474
1,8|474|sample|4|276,-1.84134e-05,1.39994e-05,1.1562e-05,0,0,True,55.0|276,474
1,8|474|sample|5|276,1.58767e-05,-2.11738e-05,-1.99098e-05,0,0,True,55.0|276,474
1,8|474|sample|6|276,-1.717e-05,-3.12809e-07,-2.68729e-05,0,0,True,55.0|276,474
1,8|474|sample|7|276,2.03065e-06,3.7931e-06,-3.93621e-06,0,0,True,32.0|276,474
1,8|474|sample|8|276,-3.34443e-06,-1.36116e-05,4.88667e-07,0,0,True,32.0|276,474
1,8|474|sample|9|276,6.46422e-06,-1.64725e-05,1.17681e-05,0,0,True,32.0|276,474
1,8|474|vc|1|2|276,-6.54506e-06,-2.23129e-06,-2.87362e-06,0,0,False,69.0|276,474
1,8|474|vc|2|2|276,-1.3653e-05,4.99798e-06,-7.73627e-06,0,0,False,69.0|276,474
1,8|474|vc|3|2|276,-1.87937e-05,7.05773e-06,-1.45072e-05,0,0,False,69.0|276,474
1,8|474|vc|4|2|276,-1.09342e-05,1.71505e-05,-7.1273e-06,0,0,False,69.0|276,474
1,8|474|vc|5|2|276,-8.19191e-06,-7.82782e-06,-9.453e-06,0,0,False,69.0|276,474
1,8|474|vc|6|2|276,6.0424e-06,1.14028e-05,-8.7902e-06,0,0,False,69.0|276,474
1,8|474|vc|7|2|276,-1.76147e-05,-3.70658e-06,-7.91178e-06,0,0,False,69.0|276,474
1,8|474|vc|8|2|276,1.92255e-05,1.7778e-05,-4.25721e-06,0,0,False,69.0|276,474
1,8|462|cc|1|1|292,1.42093e-05,4.73753e-06,3.83888e-06,0,0,False,69.0|292,462
1,8|462|cc|2|1|292,-1.83209e-05,-1.02357e-05,-8.73048e-06,0,0,False,69.0|292,462
1,8|462|cc|3|1|292,-9.21529e-06,-4.81268e-06,-2.10873e-05,0,0,False,69.0|292,462
1,8|462|cc|4|1|292,-5.01023e-06,4.70845e-07,6.97642e-06,0,0,False,69.0|292,462
1,8|462|cc|5|1|292,-1.04575e-05,1.102e-05,3.79853e-06,0,0,False,69.0|292,462
1,8|462|cc|6|1|292,-4.54541e-06,-2.00259e-06,3.61515e-07,0,0,False,69.0|292,462
1,8|462|cc|7|1|292,-1.06524e-05,9.44906e-06,5.40975e-06,0,0,False,69.0|292,462
1,8|462|cc|8|1|292,-6.61333e-06,-9.49236e-06,-7.39878e-06,0,0,False,69.0|292,462
1,8|462|sample|10|292,-1.97736e-05,5.15026e-05,-1.56128e-06,0,0,True,32.0|292,462
1,8|462|sample|11|292,-1.52087e-05,-9.2963e-06,1.31462e-05,0,0,True,22.0|292,462
1,8|462|sample|12|292,-1.38686e-05,3.69752e-06,2.62636e-05,0,0,True,22.0|292,462
1,8|462|sample|3|292,-3.30501e-06,-1.66022e-05,-1.12352e-05,0,0,True,55.0|292,462
1,8|462|sample|4|292,-3.59537e-05,6.12803e-06,-5.09833e-07,0,0,True,55.0|292,462
1,8|462|sample|5|292,1.61994e-05,-4.53649e-06,2.08851e-05,0,0,True,55.0|292,462
1,8|462|sample|6|292,-7.87471e-06,-2.71237e-06,4.67297e-06,0,0,True,55.0|292,462
1,8|462|sample|7|292,3.70619e-05,-8.94204e-06,1.40146e-05,0,0,True,32.0|292,462
1,8|462|sample|8|292,1.80632e-05,-6.82935e-06,3.78552e-07,0,0,True,32.0|292,462
1,8|462|sample|9|292,-1.65982e-06,-8.49993e-06,8.83249e-07,0,0,True,32.0|292,462
1,8|462|vc|1|2|292,-3.14897e-05,5.77751e-06,5.09821e-06,0,0,False,69.0|292,462
1,8|462|vc|2|2|292,-2.80279e-05,6.49533e-06,7.98171e-06,0,0,False,69.0|292,462
1,8|462|vc|3|2|292,2.41094e-05,-9.99835e-06,1.24238e-05,0,0,False,69.0|292,462
1,8|462|vc|4|2|292,-1.2208e-05,1.54028e-06,-2.28229e-06,0,0,False,69.0|292,462
1,8|462|vc|5|2|292,-4.08492e-06,-2.27452e-07,6.04041e-06,0,0,False,69.0|292,462
1,8|462|vc|6|2|292,-1.1572e-05,-9.83239e-06,2.31213e-05,0,0,False,69.0|292,462
1,8|462|vc|7|2|292,-1.96627e-06,2.26861e-05,8.86536e-06,0,0,False,69.0|292,462
1,8|462|vc|8|2|292,3.04929e-06,-2.00027e-06,1.68943e-05,0,0,False,69.0|292,462
1,8|75|cc|1|1|65,-1.23026e-05,1.5286e-07,-9.56788e-06,0,0,False,69.0|65,75
1,8|75|cc|2|1|65,3.235e-05,-2.06938e-05,1.61544e-05,0,0,False,69.0|65,75
1,8|75|cc|3|1|65,9.74467e-06,9.73394e-06,-1.46032e-05,0,0,False,69.0|65,75
1,8|75|cc|4|1|65,-7.40484e-06,-3.56812e-08,-1.0637e-05,0,0,False,69.0|65,75
1,8|75|cc|5|1|65,-1.43558e-06,-6.90506e-06,-1.1621e-05,0,0,False,69.0|65,75
1,8|75|cc|6|1|65,1.30972e-05,-2.10278e-06,-3.10521e-06,0,0,False,69.0|65,75
1,8|75|cc|7|1|65,8.62645e-06,1.0486e-06,2.89471e-05,0,0,False,69.0|65,75
1,8|75|cc|8|1|65,8.92435e-06,-5.15718e-06,-2.8387e-05,0,0,False,69.0|65,75
1,8|75|sample|10|65,-1.31095e-06,4.82051e-06,2.03114e-06,0,0,True,32.0|65,75
1,8|75|sample|11|65,-2.35516e-05,-9.16351e-06,8.33336e-06,0,0,True,22.0|65,75
1,8|75|sample|12|65,-1.61093e-05,-1.98742e-06,-8.8917e-06,0,0,True,22.0|65,75
1,8|75|sample|3|65,-1.05888e-05,-2.41935e-05,8.52921e-06,0,0,True,55.0|65,75
1,8|75|sample|4|65,-9.40808e-07,-1.67989e-06,-4.80416e-06,0,0,True,55.0|65,75
1,8|75|sample|5|65,-5.73046e-06,-1.33183e-05,8.47561e-06,0,0,True,55.0|65,75
1,8|75|sample|6|65,2.68603e-05,1.5387e-05,-8.17267e-07,0,0,True,55.0|65,75
1,8|75|sample|7|65,-1.75924e-06,3.75591e-06,3.56141e-06,0,0,True,32.0|65,75
1,8|75|sample|8|65,1.17081e-05,-1.48103e-05,-9.71643e-06,0,0,True,32.0|65,75
1,8|75|sample|9|65,-4.41662e-07,-7.23987e-06,-1.53791e-05,0,0,True,32.0|65,75
1,8|75|vc|1|2|65,-1.35587e-05,-1.68117e-05,-1.16739e-05,0,0,False,69.0|65,75
1,8|75|vc|2|2|65,1.53189e-05,-1.23015e-05,3.34774e-06,0,0,False,69.0|65,75
1,8|75|vc|3|2|65,-1.79544e-05,9.7381e-06,1.48055e-06,0,0,False,69.0|65,75
1,8|75|vc|4|2|65,2.15703e-06,5.1606e-06,-1.091e-05,0,0,False,69.0|65,75
1,8|75|vc|5|2|65,-2.8063e-05,-6.1992e-06,-2.86315e-05,0,0,False,69.0|65,75
1,8|75|vc|6|2|65,-2.01141e-05,-1.40812e-05,-1.29361e-05,0,0,False,69.0|65,75
1,8|75|vc|7|2|65,1.33412e-05,-9.49025e-06,9.64095e-06,0,0,False,69.0|65,75
1,8|75|vc|8|2|65,-2.11417e-06,-5.09166e-06,2.1213e-05,0,0,False,69.0|65,75
1,8|291|cc|1|1|103,-2.46309e-05,1.44053e-05,2.24426e-05,0,0,False,69.0|103,291
1,8|291|cc|2|1|103,7.5508e-06,1.95345e-07,-2.74762e-06,0,0,False,69.0|103,291
1,8|291|cc|3|1|103,-1.71097e-05,2.09942e-05,-7.89962e-06,0,0,False,69.0|103,291
1,8|291|cc|4|1|103,1.51538e-05,9.74229e-06,-1.18596e-05,0,0,False,69.0|103,291
1,8|291|cc|5|1|103,-3.68745e-06,4.97718e-06,1.05699e-05,0,0,False,69.0|103,291
1,8|291|cc|6|1|103,2.29259e-05,1.89762e-06,-6.94552e-06,0,0,False,69.0|103,291
1,8|291|cc|7|1|103,2.55338e-06,8.95708e-06,-1.30698e-05,0,0,False,69.0|103,291
1,8|291|cc|8|1|103,-2.31336e-05,-1.59181e-05,-2.46314e-05,0,0,False,69.0|103,291
1,8|291|sample|10|103,-7.15439e-06,3.4898e-06,-9.33477e-06,0,0,True,32.0|103,291
1,8|291|sample|11|103,-4.18991e-07,8.54583e-06,-5.09327e-06,0,0,True,22.0|103,291
1,8|291|sample|12|103,-5.85043e-06,-4.39588e-06,5.13055e-06,0,0,True,22.0|103,291
1,8|291|sample|3|103,-1.36445e-05,1.44293e-05,-5.6389e-07,0,0,True,55.0|103,291
1,8|291|sample|4|103,-4.57273e-06,1.67344e-05,-2.32954e-05,0,0,True,55.0|103,291
1,8|291|sample|5|103,3.43345e-06,-1.61074e-06,2.17279e-06,0,0,True,55.0|103,291
1,8|291|sample|6|103,-1.86947e-05,-7.38788e-06,-7.54435e-06,0,0,True,55.0|103,291
1,8|291|sample|7|103,4.58807e-06,4.15946e-07,1.46206e-05,0,0,True,32.0|103,291
1,8|291|sample|8|103,1.97521e-05,-8.146e-06,1.87593e-06,0,0,True,32.0|103,291
1,8|291|sample|9|103,-3.40549e-06,-2.3146e-05,9.44112e-06,0,0,True,32.0|103,291
1,8|291|vc|1|2|103,-1.47935e-05,-4.80249e-06,4.62622e-06,0,0,False,69.0|103,291
1,8|291|vc|2|2|103,1.68234e-05,1.03737e-05,-8.87474e-07,0,0,False,69.0|103,291
1,8|291|vc|3|2|103,1.66901e-06,1.2771e-05,-2.67258e-07,0,0,False,69.0|103,291
1,8|291|vc|4|2|103,2.62916e-06,-2.43174e-07,-9.81065e-06,0,0,False,69.0|103,291
1,8|291|vc|5|2|103,-2.06043e-05,2.10961e-06,-1.14714e-05,0,0,False,69.0|103,291
1,8|291|vc|6|2|103,4.37419e-06,-1.31906e-05,-5.63514e-06,0,0,False,69.0|103,291
1,8|291|vc|7|2|103,-6.91359e-06,2.90787e-06,-1.09457e-05,0,0,False,69.0|103,291
1,8|291|vc|8|2|103,2.4439e-05,-3.28397e-06,-2.06627e-06,0,0,False,69.0|103,291
1,8|77|cc|1|1|218,-2.93674e-06,-3.23981e-05,-7.43684e-07,0,0,False,69.0|218,77
1,8|77|cc|2|1|218,-1.41285e-05,-6.61456e-06,-1.14986e-05,0,0,False,69.0|218,77
1,8|77|cc|3|1|218,2.8784e-05,-6.4773e-06,3.42227e-06,0,0,False,69.0|218,77
1,8|77|cc|4|1|218,-1.84475e-05,-5.06992e-06,8.55586e-06,0,0,False,69.0|218,77
1,8|77|cc|5|1|218,-3.96873e-06,-3.98086e-07,-5.22487e-06,0,0,False,69.0|218,77
1,8|77|cc|6|1|218,-4.84587e-06,1.49336e-05,-4.69209e-06,0,0,False,69.0|218,77
1,8|77|cc|7|1|218,-9.13394e-06,-3.56667e-06,-9.33842e-07,0,0,False,69.0|218,77
1,8|77|cc|8|1|218,-8.91305e-06,8.53354e-06,1.11977e-05,0,0,False,69.0|218,77
1,8|77|sample|10|218,-2.65779e-05,8.201e-06,3.97472e-06,0,0,True,32.0|218,77
1,8|77|sample|11|218,-3.31207e-05,-9.14785e-06,1.95162e-05,0,0,True,22.0|218,77
1,8|77|sample|12|218,1.09163e-05,-1.39611e-05,5.71853e-06,0,0,True,22.0|218,77
1,8|77|sample|3|218,1.29483e-05,-2.17679e-05,2.37964e-06,0,0,True,55.0|218,77
1,8|77|sample|4|218,-8.95424e-06,-6.63353e-06,-5.45602e-06,0,0,True,55.0|218,77
1,8|77|sample|5|218,2.00068e-05,2.02738e-05,3.27668e-06,0,0,True,55.0|218,77
1,8|77|sample|6|218,-1.58563e-05,4.26241e-06,6.02341e-06,0,0,True,55.0|218,77
1,8|77|sample|7|218,-2.12838e-05,-1.66301e-05,2.11796e-05,0,0,True,32.0|218,77
1,8|77|sample|8|218,1.74498e-05,1.55773e-05,-7.52703e-06,0,0,True,32.0|218,77
1,8|77|sample|9|218,-4.50664e-06,9.26855e-07,1.05186e-05,0,0,True,32.0|218,77
1,8|77|vc|1|2|218,1.7704e-05,5.66209e-06,-1.23602e-05,0,0,False,69.0|218,77
1,8|77|vc|2|2|218,4.19989e-05,2.74109e-06,6.19953e-07,0,0,False,69.0|218,77
1,8|77|vc|3|2|218,8.25145e-06,1.11725e-05,-7.11705e-06,0,0,False,69.0|218,77
1,8|77|vc|4|2|218,-1.29612e-05,-5.71974e-06,1.32985e-05,0,0,False,69.0|218,77
1,8|77|vc|5|2|218,2.05771e-05,-5.01421e-06,-3.75726e-06,0,0,False,69.0|218,77
1,8|77|vc|6|2|218,-8.77587e-07,1.21577e-05,-4.44546e-06,0,0,False,69.0|218,77
1,8|77|vc|7|2|218,5.05489e-06,-7.75719e-06,-1.16096e-05,0,0,False,69.0|218,77
1,8|77|vc|8|2|218,-1.56064e-05,-8.78404e-06,5.3827e-06,0,0,False,69.0|218,77
1,8|322|cc|1|1|174,-2.85258e-05,-2.32788e-06,-3.29588e-06,0,0,False,69.0|174,322
1,8|322|cc|2|1|174,1.79269e-05,-7.55569e-06,1.51677e-05,0,0,False,69.0|174,322
1,8|322|cc|3|1|174,1.74606e-06,3.04575e-05,1.23033e-05,0,0,False,69.0|174,322
1,8|322|cc|4|1|174,-2.643e-06,8.55585e-06,-7.79407e-06,0,0,False,69.0|174,322
1,8|322|cc|5|1|174,-2.72774e-05,-1.40703e-05,2.07169e-05,0,0,False,69.0|174,322
1,8|322|cc|6|1|174,1.07702e-05,-1.37927e-05,-2.34258e-06,0,0,False,69.0|174,322
1,8|322|cc|7|1|174,1.89126e-06,2.85136e-05,-1.1304e-05,0,0,False,69.0|174,322
1,8|322|cc|8|1|174,8.35153e-07,4.24646e-06,-9.37965e-07,0,0,False,69.0|174,322
1,8|322|sample|10|174,1.51771e-05,-6.6667e-07,1.34692e-05,0,0,True,32.0|174,322
1,8|322|sample|11|174,-1.50664e-05,1.90838e-05,-1.18633e-05,0,0,True,22.0|174,322
1,8|322|sample|12|174,-6.07394e-06,5.26326e-07,-7.61508e-06,0,0,True,22.0|174,322
1,8|322|sample|3|174,-2.29673e-05,3.16206e-05,-1.34422e-05,0,0,True,55.0|174,322
1,8|322|sample|4|174,8.92775e-06,1.0554e-05,1.44938e-05,0,0,True,55.0|174,322
1,8|322|sample|5|174,8.56443e-06,-1.23038e-06,3.89266e-06,0,0,True,55.0|174,322
1,8|322|sample|6|174,7.71882e-07,-8.84159e-06,1.63528e-05,0,0,True,55.0|174,322
1,8|322|sample|7|174,-1.9421e-06,-1.52661e-06,-4.83028e-06,0,0,True,32.0|174,322
1,8|322|sample|8|174,-3.1981e-06,1.11839e-06,8.12756e-06,0,0,True,32.0|174,322
1,8|322|sample|9|174,-1.35793e-05,1.13882e-05,7.50468e-06,0,0,True,32.0|174,322
1,8|322|vc|1|2|174,1.51349e-06,9.28831e-06,9.06298e-06,0,0,False,69.0|174,322
1,8|322|vc|2|2|174,1.82219e-05,-5.17864e-07,-3.37408e-06,0,0,False,69.0|174,322
1,8|322|vc|3|2|174,1.18392e-05,1.01534e-05,-1.72979e-05,0,0,False,69.0|174,322
1,8|322|vc|4|2|174,4.14074e-05,-1.51369e-05,2.37563e-05,0,0,False,69.0|174,322
1,8|322|vc|5|2|174,1.46801e-05,5.61475e-06,2.22388e-05,0,0,False,69.0|174,322
1,8|322|vc|6|2|174,-3.85195e-05,1.25751e-05,2.21623e-05,0,0,False,69.0|174,322
1,8|322|vc|7|2|174,1.26923e-05,-4.85187e-07,1.84771e-05,0,0,False,69.0|174,322
1,8|322|vc|8|2|174,-2.05344e-05,-1.08686e-05,-1.32186e-06,0,0,False,69.0|174,322
1,8|963|cc|1|1|319,1.61849e-05,-1.03465e-05,-1.44983e-05,0,0,False,69.0|319,963
1,8|963|cc|2|1|319,-1.233e-05,-2.34106e-05,2.05487e-05,0,0,False,69.0|319,963
1,8|963|cc|3|1|319,6.70944e-06,9.06451e-06,-3.34008e-06,0,0,False,69.0|319,963
1,8|963|cc|4|1|319,-1.12386e-05,1.14444e-05,-5.77475e-06,0,0,False,69.0|319,963
1,8|963|cc|5|1|319,1.10755e-05,2.86893e-07,-3.32838e-06,0,0,False,69.0|319,963
1,8|963|cc|6|1|319,-4.74125e-06,4.22051e-06,5.0328e-06,0,0,False,69.0|319,963
1,8|963|cc|7|1|319,-2.55799e-05,6.74634e-06,-1.39899e-05,0,0,False,69.0|319,963
1,8|963|cc|8|1|319,-1.47113e-06,-2.45484e-06,-6.6181e-06,0,0,False,69.0|319,963
1,8|963|sample|10|319,1.5842e-05,-1.30471e-05,-9.77972e-06,0,0,True,32.0|319,963
1,8|963|sample|11|319,-1.58658e-05,1.04743e-05,4.4068e-06,0,0,True,22.0|319,963
1,8|963|sample|12|319,8.20373e-06,-1.06771e-05,-4.19396e-07,0,0,True,22.0|319,963
1,8|963|sample|3|319,-2.67197e-05,-2.45028e-05,1.15495e-05,0,0,True,55.0|319,963
1,8|963|sample|4|319,3.49938e-05,2.06111e-05,1.75801e-06,0,0,True,55.0|319,963
1,8|963|sample|5|319,-1.51526e-05,1.09015e-05,-1.58843e-05,0,0,True,55.0|319,963
1,8|963|sample|6|319,-6.32001e-06,1.23357e-05,-9.08217e-06,0,0,True,55.0|319,963
1,8|963|sample|7|319,-6.14674e-06,8.06906e-06,2.99672e-06,0,0,True,32.0|319,963
1,8|963|sample|8|319,6.37717e-06,3.69277e-06,4.24459e-06,0,0,True,32.0|319,963
1,8|963|sample|9|319,-1.20871e-05,-3.18354e-06,-4.36481e-06,0,0,True,32.0|319,963
1,8|963|vc|1|2|319,-1.65806e-05,1.25328e-05,-1.29613e-05,0,0,False,69.0|319,963
1,8|963|vc|2|2|319,-9.44802e-06,8.07221e-06,-2.0224e-05,0,0,False,69.0|319,963
1,8|963|vc|3|2|319,-5.95684e-06,5.52341e-06,5.79281e-07,0,0,False,69.0|319,963
1,8|963|vc|4|2|319,2.2048e-05,-3.13644e-07,1.12669e-06,0,0,False,69.0|319,963
1,8|963|vc|5|2|319,-4.24362e-06,8.12815e-06,3.22177e-06,0,0,False,69.0|319,963
1,8|963|vc|6|2|319,-1.50738e-05,1.43935e-05,6.55772e-06,0,0,False,69.0|319,963
1,8|963|vc|7|2|319,2.04424e-05,6.34691e-06,1.13883e-05,0,0,False,69.0|319,963
1,8|963|vc|8|2|319,2.43017e-05,-1.3745e-05,4.76293e-06,0,0,False,69.0|319,963
1,8|1241|cc|1|1|69,9.23199e-06,-1.66628e-05,1.72144e-05,0,0,False,69.0|69,1241
1,8|1241|cc|2|1|69,2.23435e-06,-4.93136e-06,-6.68287e-06,0,0,False,69.0|69,1241
1,8|1241|cc|3|1|69,2.0636e-05,-2.05745e-05,-6.535e-06,0,0,False,69.0|69,1241
1,8|1241|cc|4|1|69,-1.34983e-05,-1.99679e-05,9.57035e-06,0,0,False,69.0|69,1241
1,8|1241|cc|5|1|69,-2.59778e-05,6.38246e-06,5.19536e-06,0,0,False,69.0|69,1241
1,8|1241|cc|6|1|69,1.48912e-05,-1.35035e-05,1.33603e-05,0,0,False,69.0|69,1241
1,8|1241|cc|7|1|69,-2.28277e-05,9.07444e-06,-1.12572e-05,0,0,False,69.0|69,1241
1,8|1241|cc|8|1|69,-1.99487e-06,6.34417e-06,-2.40353e-07,0,0,False,69.0|69,1241
1,8|1241|sample|3|69,-1.65692e-05,-6.3196e-06,-7.28366e-06,0,0,True,22.0|69,1241
1,8|1241|sample|4|69,-1.49126e-05,5.07609e-06,9.60006e-06,0,0,True,22.0|69,1241
1,8|1241|sample|8|69,4.78542e-06,1.09174e-05,-1.79938e-05,0,0,True,22.0|69,1241
1,8|1241|vc|1|2|69,1.10368e-05,-4.05981e-06,1.06563e-05,0,0,False,69.0|69,1241
1,8|1241|vc|2|2|69,-2.07593e-06,1.52832e-05,1.24146e-05,0,0,False,69.0|69,1241
1,8|1241|vc|3|2|69,3.65374e-06,-1.97633e-06,-1.31052e-06,0,0,False,69.0|69,1241
1,8|1241|vc|4|2|69,2.60631e-06,2.52704e-05,1.27832e-05,0,0,False,69.0|69,1241
1,8|1241|vc|5|2|69,3.2755e-05,5.12859e-06,1.49084e-05,0,0,False,69.0|69,1241
1,8|1241|vc|6|2|69,-1.66175e-05,-4.11047e-06,-4.73996e-06,0,0,False,69.0|69,1241
1,8|1241|vc|7|2|69,2.234e-05,2.08311e-06,2.69699e-06,0,0,False,69.0|69,1241
1,8|1241|vc|8|2|69,7.43613e-06,1.60859e-05,8.76378e-06,0,0,False,69.0|69,1241
1,8|1056|cc|1|1|276,-3.72984e-06,3.46011e-07,1.44718e-05,0,0,False,69.0|276,1056
1,8|1056|cc|2|1|276,-8.9542e-06,-4.26368e-06,2.19966e-06,0,0,False,69.0|276,1056
1,8|1056|cc|3|1|276,-2.5619e-05,2.87761e-06,-3.96665e-06,0,0,False,69.0|276,1056
1,8|1056|cc|4|1|276,2.63047e-05,-1.48538e-05,-9.56546e-06,0,0,False,69.0|276,1056
1,8|1056|cc|5|1|276,-2.55541e-05,7.793e-06,-1.64999e-05,0,0,False,69.0|276,1056
1,8|1056|cc|6|1|276,-1.29609e-05,-8.52177e-06,1.29776e-05,0,0,False,69.0|276,1056
1,8|1056|cc|7|1|276,-3.33854e-05,-2.17281e-05,6.77988e-06,0,0,False,69.0|276,1056
1,8|1056|cc|8|1|276,3.17602e-06,7.01293e-06,-2.67382e-05,0,0,False,69.0|276,1056
1,8|1056|sample|3|276,-1.12447e-05,-1.6641e-05,-1.77616e-05,0,0,True,22.0|276,1056
1,8|1056|sample|4|276,-1.18484e-05,-1.3569e-05,-3.22465e-06,0,0,True,22.0|276,1056
1,8|1056|vc|1|2|276,-1.75096e-06,1.05203e-05,1.7562e-05,0,0,False,69.0|276,1056
1,8|1056|vc|2|2|276,2.28531e-05,2.26457e-06,7.96598e-06,0,0,False,69.0|276,1056
1,8|1056|vc|3|2|276,-2.17478e-05,-1.13029e-05,-1.66705e-05,0,0,False,69.0|276,1056
1,8|1056|vc|4|2|276,-8.12808e-06,-2.42664e-05,-3.11767e-06,0,0,False,69.0|276,1056
1,8|1056|vc|5|2|276,-4.5173e-06,2.8324e-05,-6.54941e-07,0,0,False,69.0|276,1056
1,8|1056|vc|6|2|276,1.87446e-05,-5.71399e-06,-4.67424e-06,0,0,False,69.0|276,1056
1,8|1056|vc|7|2|276,-1.27271e-08,1.57801e-05,-1.0261e-05,0,0,False,69.0|276,1056
1,8|1056|vc|8|2|276,8.34372e-06,2.36864e-06,-1.33565e-05,0,0,False,69.0|276,1056
1,8|1159|cc|1|1|292,-4.8972e-06,-2.35253e-05,1.65585e-05,0,0,False,69.0|292,1159
1,8|1159|cc|2|1|292,3.91447e-06,3.81106e-06,-1.30214e-05,0,0,False,69.0|292,1159
1,8|1159|cc|3|1|292,1.36614e-05,1.29203e-05,1.60388e-06,0,0,False,69.0|292,1159
1,8|1159|cc|4|1|292,-1.76181e-05,-6.45665e-06,-1.94084e-07,0,0,False,69.0|292,1159
1,8|1159|cc|5|1|292,1.89047e-06,4.01321e-06,1.09328e-06,0,0,False,69.0|292,1159
1,8|1159|cc|6|1|292,1.46535e-05,-3.90886e-06,-1.72751e-05,0,0,False,69.0|292,1159
1,8|1159|cc|7|1|292,-2.40611e-05,1.19178e-06,-1.26306e-05,0,0,False,69.0|292,1159
1,8|1159|cc|8|1|292,1.45627e-05,-6.1683e-06,-9.7099e-06,0,0,False,69.0|292,1159
1,8|1159|sample|3|292,1.06702e-05,4.14018e-06,3.63387e-06,0,0,True,22.0|292,1159
1,8|1159|sample|4|292,2.53527e-06,1.81644e-06,6.32007e-06,0,0,True,22.0|292,1159
1,8|1159|vc|1|2|292,-2.0237e-05,9.47409e-07,-3.08578e-06,0,0,False,69.0|292,1159
1,8|1159|vc|2|2|292,-1.5701e-05,3.75685e-06,-1.82673e-05,0,0,False,69.0|292,1159
1,8|1159|vc|3|2|292,-2.46216e-07,-9.55071e-06,7.3683e-06,0,0,False,69.0|292,1159
1,8|1159|vc|4|2|292,3.03629e-05,1.57795e-05,7.95769e-06,0,0,False,69.0|292,1159
1,8|1159|vc|5|2|292,-4.01388e-05,3.29089e-06,3.17309e-06,0,0,False,69.0|292,1159
1,8|1159|vc|6|2|292,1.50896e-06,1.00711e-05,-4.63276e-06,0,0,False,69.0|292,1159
1,8|1159|vc|7|2|292,1.91362e-06,1.6359e-05,-4.76415e-06,0,0,False,69.0|292,1159
1,8|1159|vc|8|2|292,-2.83932e-05,-7.87777e-06,-3.06595e-06,0,0,False,69.0|292,1159
1,8|1017|cc|1|1|65,-2.78553e-06,-1.57324e-05,1.39393e-05,0,0,False,69.0|65,1017
1,8|1017|cc|2|1|65,4.54099e-07,1.1037e-05,5.34984e-06,0,0,False,69.0|65,1017
1,8|1017|cc|3|1|65,3.62409e-06,4.74762e-06,-9.43121e-06,0,0,False,69.0|65,1017
1,8|1017|cc|4|1|65,-1.89371e-05,-2.67219e-05,7.39821e-06,0,0,False,69.0|65,1017
1,8|1017|cc|5|1|65,-2.24309e-05,1.82452e-05,2.86987e-05,0,0,False,69.0|65,1017
1,8|1017|cc|6|1|65,3.53826e-05,1.61527e-05,7.46895e-06,0,0,False,69.0|65,1017
1,8|1017|cc|7|1|65,-3.21129e-05,8.28021e-07,-1.06948e-05,0,0,False,69.0|65,1017
1,8|1017|cc|8|1|65,-7.12038e-06,-5.94464e-06,1.84896e-05,0,0,False,69.0|65,1017
1,8|1017|sample|3|65,-5.11477e-05,-1.29677e-05,8.75584e-06,0,0,True,22.0|65,1017
1,8|1017|sample|4|65,-5.72849e-06,1.00926e-05,2.54487e-06,0,0,True,22.0|65,1017
1,8|1017|sample|8|65,-2.09404e-05,-2.61745e-05,8.11098e-06,0,0,True,22.0|65,1017
1,8|1017|vc|1|2|65,1.38527e-05,3.71807e-06,-2.95378e-06,0,0,False,69.0|65,1017
1,8|1017|vc|2|2|65,4.74299e-05,-3.61839e-06,-1.21383e-05,0,0,False,69.0|65,1017
1,8|1017|vc|3|2|65,-4.66703e-06,7.88707e-06,-7.41813e-06,0,0,False,69.0|65,1017
1,8|1017|vc|4|2|65,2.43192e-05,-1.05081e-05,-1.7076e-05,0,0,False,69.0|65,1017
1,8|1017|vc|5|2|65,-3.30477e-05,1.43933e-05,3.50816e-06,0,0,False,69.0|65,1017
1,8|1017|vc|6|2|65,1.66241e-05,-5.27175e-06,-6.97765e-06,0,0,False,69.0|65,1017
1,8|1017|vc|7|2|65,1.01806e-06,-8.85843e-06,-1.13001e-05,0,0,False,69.0|65,1017
1,8|1017|vc|8|2|65,-1.216e-05,1.22503e-05,2.02666e-05,0,0,False,69.0|65,1017
1,8|1197|cc|1|1|103,-2.84545e-05,-1.35699e-05,-2.05975e-05,0,0,False,69.0|103,1197
1,8|1197|cc|2|1|103,-7.15285e-06,7.4851e-06,1.40278e-05,0,0,False,69.0|103,1197
1,8|1197|cc|3|1|103,-7.6515e-06,8.64461e-06,1.39079e-05,0,0,False,69.0|103,1197
1,8|1197|cc|4|1|103,2.70307e-05,1.47928e-06,-4.1262e-06,0,0,False,69.0|103,1197
1,8|1197|cc|5|1|103,-8.70278e-06,8.33626e-09,1.3544e-05,0,0,False,69.0|103,1197
1,8|1197|cc|6|1|103,5.96955e-06,-1.01049e-05,1.27512e-05,0,0,False,69.0|103,1197
1,8|1197|cc|7|1|103,-4.44099e-06,-1.7225e-06,2.87756e-06,0,0,False,69.0|103,1197
1,8|1197|cc|8|1|103,6.7475e-06,-1.23177e-05,2.43151e-05,0,0,False,69.0|103,1197
1,8|1197|sample|3|103,-1.4396e-05,-1.1361e-05,2.80464e-06,0,0,True,22.0|103,1197
1,8|1197|sample|4|103,4.75032e-06,4.96364e-06,-5.19171e-06,0,0,True,22.0|103,1197
1,8|1197|vc|1|2|103,1.81294e-06,-1.78698e-06,-5.50727e-06,0,0,False,69.0|103,1197
1,8|1197|vc|2|2|103,1.45722e-05,-1.26891e-05,1.44584e-05,0,0,False,69.0|103,1197
1,8|1197|vc|3|2|103,1.72478e-06,1.67094e-06,-1.70695e-06,0,0,False,69.0|103,1197
1,8|1197|vc|4|2|103,2.25716e-05,1.91685e-05,8.07002e-06,0,0,False,69.0|103,1197
1,8|1197|vc|5|2|103,-1.07155e-05,3.12863e-06,-4.45076e-06,0,0,False,69.0|103,1197
1,8|1197|vc|6|2|103,3.88421e-06,1.98385e-05,-1.08838e-06,0,0,False,69.0|103,1197
1,8|1197|vc|7|2|103,-4.18839e-05,-1.96859e-06,-1.22348e-05,0,0,False,69.0|103,1197
1,8|1197|vc|8|2|103,8.51209e-06,-5.56574e-06,2.37606e-06,0,0,False,69.0|103,1197
1,8|745|cc|1|1|218,-5.94454e-06,3.17653e-05,-1.48401e-05,0,0,False,69.0|218,745
1,8|745|cc|2|1|218,1.83876e-05,1.21788e-05,-2.25723e-05,0,0,False,69.0|218,745
1,8|745|cc|3|1|218,1.53525e-05,-1.4393e-05,4.82295e-06,0,0,False,69.0|218,745
1,8|745|cc|4|1|218,3.9746e-05,-4.30244e-06,4.47619e-06,0,0,False,69.0|218,745
1,8|745|cc|5|1|218,9.40504e-06,-2.41607e-05,1.05419e-05,0,0,False,69.0|218,745
1,8|745|cc|6|1|218,1.36879e-05,-6.75469e-07,3.82363e-06,0,0,False,69.0|218,745
1,8|745|cc|7|1|218,1.63381e-05,1.73836e-05,1.38607e-05,0,0,False,69.0|218,745
1,8|745|cc|8|1|218,4.23769e-05,-8.71353e-06,9.95199e-06,0,0,False,69.0|218,745
1,8|745|sample|3|218,-8.87913e-06,2.83953e-06,8.35752e-06,0,0,True,22.0|218,745
1,8|745|sample|4|218,-1.51508e-05,1.83954e-06,8.50477e-06,0,0,True,22.0|218,745
1,8|745|sample|5|218,1.78177e-05,8.69962e-06,-2.12876e-05,0,0,True,22.0|218,745
1,8|745|vc|1|2|218,-2.06703e-05,-1.37391e-05,8.22795e-06,0,0,False,69.0|218,745
1,8|745|vc|2|2|218,1.38422e-05,-8.74227e-06,-1.09493e-05,0,0,False,69.0|218,745
1,8|745|vc|3|2|218,-3.18989e-05,-3.01088e-06,-9.70901e-06,0,0,False,69.0|218,745
1,8|745|vc|4|2|218,1.308e-05,-4.92659e-06,-1.0114e-05,0,0,False,69.0|218,745
1,8|745|vc|5|2|218,3.47791e-06,-8.89554e-07,-1.16865e-05,0,0,False,69.0|218,745
1,8|745|vc|6|2|218,-1.3991e-05,1.47342e-05,-1.11268e-05,0,0,False,69.0|218,745
1,8|745|vc|7|2|218,-1.11611e-05,-4.88856e-06,-4.3835e-05,0,0,False,69.0|218,745
1,8|745|vc|8|2|218,1.32596e-05,-6.41291e-06,2.02624e-05,0,0,False,69.0|218,745
1,8|1043|cc|1|1|174,1.11218e-05,-6.49622e-06,4.41634e-06,0,0,False,69.0|174,1043
1,8|1043|cc|2|1|174,-1.44995e-05,1.57785e-06,5.25622e-06,0,0,False,69.0|174,1043
1,8|1043|cc|3|1|174,4.90592e-05,-3.16423e-05,5.9589e-06,0,0,False,69.0|174,1043
1,8|1043|cc|4|1|174,-1.33413e-05,8.68902e-06,7.82416e-06,0,0,False,69.0|174,1043
1,8|1043|cc|5|1|174,6.87635e-07,-4.9703e-06,6.37932e-06,0,0,False,69.0|174,1043
1,8|1043|cc|6|1|174,-8.28691e-06,2.71574e-06,-1.5714e-05,0,0,False,69.0|174,1043
1,8|1043|cc|7|1|174,4.71897e-06,-5.57286e-06,-2.00358e-05,0,0,False,69.0|174,1043
1,8|1043|cc|8|1|174,-1.69281e-06,5.35798e-06,-7.75364e-06,0,0,False,69.0|174,1043
1,8|1043|sample|3|174,-4.94588e-07,2.42602e-05,-3.88841e-06,0,0,True,22.0|174,1043
1,8|1043|sample|4|174,2.52588e-05,5.92582e-07,1.37513e-05,0,0,True,22.0|174,1043
1,8|1043|vc|1|2|174,-4.22191e-06,1.61087e-06,-2.01518e-06,0,0,False,69.0|174,1043
1,8|1043|vc|2|2|174,-1.05708e-05,2.39082e-05,-1.26066e-06,0,0,False,69.0|174,1043
1,8|1043|vc|3|2|174,1.47564e-05,-2.36247e-05,-7.14635e-06,0,0,False,69.0|174,1043
1,8|1043|vc|4|2|174,6.13269e-06,2.13578e-05,6.60168e-07,0,0,False,69.0|174,1043
1,8|1043|vc|5|2|174,-2.33482e-05,-1.41868e-05,9.89736e-06,0,0,False,69.0|174,1043
1,8|1043|vc|6|2|174,1.70171e-05,2.1567e-05,-7.92923e-06,0,0,False,69.0|174,1043
1,8|1043|vc|7|2|174,-2.41759e-05,1.24376e-06,-2.97822e-06,0,0,False,69.0|174,1043
1,8|1043|vc|8|2|174,-1.52338e-05,-1.05166e-05,-6.24581e-06,0,0,False,69.0|174,1043
1,8|1260|cc|1|1|319,-4.70651e-06,4.056e-06,-3.75553e-06,0,0,False,69.0|319,1260
1,8|1260|cc|2|1|319,-1.18891e-06,3.3083e-06,-7.16091e-06,0,0,False,69.0|319,1260
1,8|1260|cc|3|1|319,1.7748e-05,2.63381e-05,3.78878e-05,0,0,False,69.0|319,1260
1,8|1260|cc|4|1|319,8.14473e-06,1.2069e-05,-4.6853e-06,0,0,False,69.0|319,1260
1,8|1260|cc|5|1|319,9.21927e-06,1.25143e-05,1.90804e-05,0,0,False,69.0|319,1260
1,8|1260|cc|6|1|319,-6.1247e-06,-1.99569e-05,-1.43357e-06,0,0,False,69.0|319,1260
1,8|1260|cc|7|1|319,1.54812e-06,-7.15319e-06,6.25558e-06,0,0,False,69.0|319,1260
1,8|1260|cc|8|1|319,-2.33568e-05,3.22696e-06,8.40634e-06,0,0,False,69.0|319,1260
1,8|1260|sample|3|319,2.57995e-05,-2.90992e-06,1.59739e-05,0,0,True,22.0|319,1260
1,8|1260|sample|4|319,-1.9789e-05,-1.23952e-05,2.25098e-05,0,0,True,22.0|319,1260
1,8|1260|vc|1|2|319,2.91709e-05,-2.3224e-06,1.33382e-05,0,0,False,69.0|319,1260
1,8|1260|vc|2|2|319,1.15408e-05,-1.77337e-05,-1.29614e-05,0,0,False,69.0|319,1260
1,8|1260|vc|3|2|319,1.18564e-05,7.59555e-06,5.70051e-06,0,0,False,69.0|319,1260
1,8|1260|vc|4|2|319,1.44704e-05,-5.68771e-06,-4.8053e-06,0,0,False,69.0|319,1260
1,8|1260|vc|5|2|319,-2.79601e-05,9.68094e-06,1.76916e-05,0,0,False,69.0|319,1260
1,8|1260|vc|6|2|319,1.05097e-05,-1.38957e-05,-5.65e-06,0,0,False,69.0|319,1260
1,8|1260|vc|7|2|319,3.12453e-05,3.97936e-06,1.62285e-05,0,0,False,69.0|319,1260
1,8|1260|vc|8|2|319,-3.57832e-07,-1.37963e-05,-1.39988e-05,0,0,False,69.0|319,1260
1,8|1042|cc|1|1|162,-6.64546e-06,-1.0107e-05,-1.08553e-06,0,0,False,69.0|162,1042
1,8|1042|cc|2|1|162,-2.97335e-06,-7.16587e-07,5.49379e-07,0,0,False,69.0|162,1042
1,8|1042|cc|3|1|162,-4.83374e-06,6.7913e-06,-6.53644e-06,0,0,False,69.0|162,1042
1,8|1042|cc|4|1|162,1.02561e-05,4.46417e-06,-1.89975e-05,0,0,False,69.0|162,1042
1,8|1042|cc|5|1|162,8.33395e-06,-3.13632e-05,3.13938e-06,0,0,False,69.0|162,1042
1,8|1042|cc|6|1|162,-1.4733e-05,2.42083e-06,1.82913e-05,0,0,False,69.0|162,1042
1,8|1042|cc|7|1|162,-1.81431e-05,-9.51496e-06,-2.54982e-05,0,0,False,69.0|162,1042
1,8|1042|cc|8|1|162,-2.78749e-05,-1.79008e-05,2.13561e-05,0,0,False,69.0|162,1042
1,8|1042|sample|3|162,2.90641e-06,-8.34274e-06,1.05023e-05,0,0,True,22.0|162,1042
1,8|1042|sample|4|162,1.32911e-05,-1.02553e-05,9.61778e-06,0,0,True,22.0|162,1042
1,8|1042|vc|1|2|162,-2.93017e-05,-9.6823e-06,-1.23249e-05,0,0,False,69.0|162,1042
1,8|1042|vc|2|2|162,-1.17334e-05,-8.58577e-06,-1.34294e-05,0,0,False,69.0|162,1042
1,8|1042|vc|3|2|162,1.76142e-05,-1.86905e-06,-7.58464e-06,0,0,False,69.0|162,1042
1,8|1042|vc|4|2|162,-9.38133e-06,-1.26553e-05,1.01484e-05,0,0,False,69.0|162,1042
1,8|1042|vc|5|2|162,-1.20147e-05,2.70876e-05,1.42834e-05,0,0,False,69.0|162,1042
1,8|1042|vc|6|2|162,1.74903e-05,-2.89805e-06,-2.91636e-06,0,0,False,69.0|162,1042
1,8|1042|vc|7|2|162,-6.71419e-06,2.32539e-05,1.97068e-05,0,0,False,69.0|162,1042
1,8|1042|vc|8|2|162,4.42791e-06,1.11077e-05,-5.09546e-06,0,0,False,69.0|162,1042
1,8|863|cc|1|1|274,1.10626e-05,8.86174e-07,1.11074e-05,0,0,False,69.0|274,863
1,8|863|cc|2|1|274,3.36627e-05,-2.67297e-06,-1.72665e-07,0,0,False,69.0|274,863
1,8|863|cc|3|1|274,-6.0741e-06,8.80077e-06,-6.12941e-08,0,0,False,69.0|274,863
1,8|863|cc|4|1|274,2.03511e-06,2.12896e-05,-1.5814e-05,0,0,False,69.0|274,863
1,8|863|cc|5|1|274,3.85746e-06,1.23526e-05,-1.55722e-05,0,0,False,69.0|274,863
1,8|863|cc|6|1|274,5.1152e-06,8.22355e-06,1.77322e-05,0,0,False,69.0|274,863
1,8|863|cc|7|1|274,-5.62633e-06,3.01248e-05,-1.90169e-05,0,0,False,69.0|274,863
1,8|863|cc|8|1|274,-1.29609e-05,6.15575e-06,1.67026e-06,0,0,False,69.0|274,863
1,8|863|sample|3|274,9.28776e-07,-1.67122e-05,2.16957e-05,0,0,True,22.0|274,863
1,8|863|sample|4|274,-1.98083e-05,-1.25083e-05,1.49333e-05,0,0,True,22.0|274,863
1,8|863|vc|1|2|274,-8.31578e-07,-1.24685e-06,-2.25506e-06,0,0,False,69.0|274,863
1,8|863|vc|2|2|274,7.48804e-06,-7.84845e-06,5.63334e-06,0,0,False,69.0|274,863
1,8|863|vc|3|2|274,4.21869e-06,-1.28908e-05,4.96008e-06,0,0,False,69.0|274,863
1,8|863|vc|4|2|274,-4.91992e-06,-5.09662e-06,-4.109e-06,0,0,False,69.0|274,863
1,8|863|vc|5|2|274,1.35034e-05,5.46608e-06,-3.89709e-06,0,0,False,69.0|274,863
1,8|863|vc|6|2|274,-1.27813e-05,1.05306e-05,-1.71014e-05,0,0,False,69.0|274,863
1,8|863|vc|7|2|274,4.76347e-06,1.90323e-05,2.11879e-05,0,0,False,69.0|274,863
1,8|863|vc|8|2|274,-1.47144e-05,-1.97258e-05,5.01816e-06,0,0,False,69.0|274,863
1,8|152|cc|1|1|322,-8.64756e-06,1.26237e-06,9.86856e-06,0,0,False,69.0|322,152
1,8|152|cc|2|1|322,-2.336e-05,-8.2746e-06,-9.79496e-06,0,0,False,69.0|322,152
1,8|152|cc|3|1|322,-1.18401e-05,-7.43024e-06,4.50117e-06,0,0,False,69.0|322,152
1,8|152|cc|4|1|322,-1.82519e-05,-1.479e-06,1.37791e-05,0,0,False,69.0|322,152
1,8|152|cc|5|1|322,9.098e-06,-7.74149e-06,3.5402e-06,0,0,False,69.0|322,152
1,8|152|cc|6|1|322,1.72499e-05,-4.36541e-06,1.4796e-05,0,0,False,69.0|322,152
1,8|152|cc|7|1|322,-1.5927e-05,-1.09205e-05,1.3453e-05,0,0,False,69.0|322,152
1,8|152|cc|8|1|322,8.39105e-06,1.50174e-05,1.49865e-06,0,0,False,69.0|322,152
1,8|152|sample|3|322,3.87854e-05,-4.03219e-06,1.85109e-05,0,0,True,22.0|322,152
1,8|152|sample|4|322,9.27443e-06,1.57048e-05,-2.38582e-05,0,0,True,22.0|322,152
1,8|152|vc|1|2|322,1.34936e-05,2.015e-05,1.81039e-05,0,0,False,69.0|322,152
1,8|152|vc|2|2|322,-1.19978e-05,-1.69117e-05,-5.52752e-06,0,0,False,69.0|322,152
1,8|152|vc|3|2|322,1.56326e-05,-6.79887e-06,-1.62984e-05,0,0,False,69.0|322,152
1,8|152|vc|4|2|322,-3.10737e-05,7.28093e-06,1.11764e-05,0,0,False,69.0|322,152
1,8|152|vc|5|2|322,2.01382e-05,-8.12875e-06,9.48716e-06,0,0,False,69.0|322,152
1,8|152|vc|6|2|322,6.01755e-06,-1.4076e-05,-2.66377e-06,0,0,False,69.0|322,152
1,8|152|vc|7|2|322,1.20124e-06,-3.9988e-06,-1.19116e-05,0,0,False,69.0|322,152
1,8|152|vc|8|2|322,-2.57532e-05,-1.01086e-05,-8.91048e-06,0,0,False,69.0|322,152
1,9|411|cc|1|1|274,-8.46171e-07,-1.53147e-05,-2.32204e-05,0,0,False,69.0|274,411
1,9|411|cc|2|1|274,-1.92795e-05,-7.9656e-06,-7.36771e-06,0,0,False,69.0|274,411
1,9|411|cc|3|1|274,3.04635e-05,8.36058e-06,-3.54829e-06,0,0,False,69.0|274,411
1,9|411|cc|4|1|274,-9.98994e-06,1.50516e-05,-1.90859e-05,0,0,False,69.0|274,411
1,9|411|cc|5|1|274,-1.43956e-05,5.2101e-06,7.65098e-06,0,0,False,69.0|274,411
1,9|411|cc|6|1|274,-3.14434e-05,-1.18148e-05,2.35836e-05,0,0,False,69.0|274,411
1,9|411|cc|7|1|274,-2.71151e-06,-7.81963e-06,-4.04881e-06,0,0,False,69.0|274,411
1,9|411|cc|8|1|274,2.14537e-05,2.19576e-05,-1.25656e-07,0,0,False,69.0|274,411
1,9|411|sample|10|274,1.20555e-06,-4.74053e-06,6.19571e-06,0,0,True,70.0|274,411
1,9|411|sample|11|274,-6.24903e-06,2.11336e-05,-4.65996e-06,0,0,True,70.0|274,411
1,9|411|sample|12|274,-7.19499e-06,-4.04452e-05,-1.03426e-05,0,0,True,70.0|274,411
1,9|411|sample|3|274,2.06493e-07,-1.71079e-05,-6.65738e-08,0,0,True,70.0|274,411
1,9|411|sample|4|274,1.14704e-05,1.53894e-06,1.31045e-05,0,0,True,70.0|274,411
1,9|411|sample|5|274,-4.09201e-05,1.49833e-05,-1.0193e-05,0,0,True,70.0|274,411
1,9|411|sample|6|274,-9.83216e-07,8.15927e-06,-2.53543e-05,0,0,True,70.0|274,411
1,9|411|sample|7|274,1.73568e-05,1.09439e-05,2.38224e-05,0,0,True,70.0|274,411
1,9|411|sample|8|274,1.08388e-05,7.32897e-06,4.09954e-06,0,0,True,70.0|274,411
1,9|411|sample|9|274,2.95981e-05,1.45006e-05,5.18881e-07,0,0,True,70.0|274,411
1,9|411|vc|1|2|274,2.44694e-06,1.34008e-05,9.11111e-06,0,0,False,69.0|274,411
1,9|411|vc|2|2|274,-2.96091e-05,-9.72918e-06,-1.56512e-06,0,0,False,69.0|274,411
1,9|411|vc|3|2|274,-3.83741e-06,-3.37919e-06,5.69172e-06,0,0,False,69.0|274,411
1,9|411|vc|4|2|274,-1.1047e-05,-1.16201e-05,9.3566e-06,0,0,False,69.0|274,411
1,9|411|vc|5|2|274,6.37857e-06,2.07003e-06,2.14126e-05,0,0,False,69.0|274,411
1,9|411|vc|6|2|274,5.82288e-06,1.63408e-05,-1.33558e-05,0,0,False,69.0|274,411
1,9|411|vc|7|2|274,-5.52334e-06,-2.36852e-05,-3.69653e-06,0,0,False,69.0|274,411
1,9|411|vc|8|2|274,-3.69433e-06,-4.28425e-06,-5.91136e-08,0,0,False,69.0|274,411
