id,eta_U_SAEM,eta_L_SAEM,eta_m_SAEM,eta_e_SAEM,eta_s_SAEM,eta_alpha_SAEM,eta_k_SAEM,eta_U_mode,eta_L_mode,eta_m_mode,eta_e_mode,eta_s_mode,eta_alpha_mode,eta_k_mode,goes_down,mab_virus,run_id
8|84|cc|1|1|162,0,0,-0.00155035,3.45576e-09,0,0,0,0,0,-2.65989e-07,-1.31006e-13,0,0,0,False,69.0|162,84
8|84|cc|2|1|162,0,0,-0.00525306,1.86898e-09,0,0,0,0,0,-3.62227e-07,-7.99361e-14,0,0,0,False,69.0|162,84
8|84|cc|3|1|162,0,0,-0.010552,-5.97363e-09,0,0,0,0,0,-1.31945e-07,-3.4639e-14,0,0,0,False,69.0|162,84
8|84|cc|4|1|162,0,0,-0.0298934,2.62254e-09,0,0,0,0,0,3.53542e-07,-8.88178e-16,0,0,0,False,69.0|162,84
8|84|cc|5|1|162,0,0,0.00899365,-6.04951e-10,0,0,0,0,0,-4.91765e-07,-2.22045e-14,0,0,0,False,69.0|162,84
8|84|cc|6|1|162,0,0,-0.00372355,-1.21551e-09,0,0,0,0,0,2.76615e-07,-1.44773e-13,0,0,0,False,69.0|162,84
8|84|cc|7|1|162,0,0,0.0455589,4.6845e-09,0,0,0,0,0,-3.08664e-07,1.11022e-14,0,0,0,False,69.0|162,84
8|84|cc|8|1|162,0,0,0.00476099,1.76675e-10,0,0,0,0,0,1.02943e-07,-8.9706e-14,0,0,0,False,69.0|162,84
8|84|sample|10|162,0,0,-0.0164689,-7.159e-09,0,0,0,0,0,-0.0202524,6.59028e-13,0,0,0,True,32.0|162,84
8|84|sample|11|162,0,0,-0.0963862,8.38989e-09,0,0,0,0,0,-0.0950002,9.80549e-13,0,0,0,True,22.0|162,84
8|84|sample|12|162,0,0,-0.136764,-1.41069e-09,0,0,0,0,0,-0.136636,1.95399e-13,0,0,0,True,22.0|162,84
8|84|sample|3|162,0,0,0.00375149,-1.5049e-09,0,0,0,0,0,0.002153,-9.12159e-13,0,0,0,True,55.0|162,84
8|84|sample|4|162,0,0,0.000823137,1.05738e-08,0,0,0,0,0,-0.00966235,4.51195e-13,0,0,0,True,55.0|162,84
8|84|sample|5|162,0,0,0.516165,-1.24031e-08,0,0,0,0,0,0.53145,-1.29674e-13,0,0,0,True,55.0|162,84
8|84|sample|6|162,0,0,0.516241,7.25151e-09,0,0,0,0,0,0.499835,-1.67866e-13,0,0,0,True,55.0|162,84
8|84|sample|7|162,0,0,0.00648216,5.0661e-09,0,0,0,0,0,0.000857954,-6.99885e-13,0,0,0,True,32.0|162,84
8|84|sample|8|162,0,0,-0.00453476,-4.51171e-09,0,0,0,0,0,-0.00165432,1.95399e-13,0,0,0,True,32.0|162,84
8|84|sample|9|162,0,0,-0.0275348,6.73492e-09,0,0,0,0,0,-0.0249228,7.67386e-13,0,0,0,True,32.0|162,84
8|84|vc|1|2|162,0,0,0.033436,-3.21992e-09,0,0,0,0,0,2.93303e-07,1.95399e-14,0,0,0,False,69.0|162,84
8|84|vc|2|2|162,0,0,-0.00946779,-6.34614e-09,0,0,0,0,0,4.69879e-07,9.14824e-14,0,0,0,False,69.0|162,84
8|84|vc|3|2|162,0,0,-0.0169909,9.32843e-10,0,0,0,0,0,-2.95776e-07,6.92779e-14,0,0,0,False,69.0|162,84
8|84|vc|4|2|162,0,0,0.0258327,8.26809e-10,0,0,0,0,0,4.12988e-07,1.77636e-15,0,0,0,False,69.0|162,84
8|84|vc|5|2|162,0,0,0.00181582,1.31293e-09,0,0,0,0,0,-1.87157e-07,1.12799e-13,0,0,0,False,69.0|162,84
8|84|vc|6|2|162,0,0,0.0299121,-6.20563e-09,0,0,0,0,0,-6.84595e-07,-1.40332e-13,0,0,0,False,69.0|162,84
8|84|vc|7|2|162,0,0,0.0359664,-7.13485e-09,0,0,0,0,0,3.48104e-07,1.07025e-13,0,0,0,False,69.0|162,84
8|84|vc|8|2|162,0,0,0.0536351,9.72382e-11,0,0,0,0,0,1.15577e-07,4.44089e-15,0,0,0,False,69.0|162,84
8|719|cc|1|1|274,0,0,0.00377139,2.96727e-09,0,0,0,0,0,2.52065e-08,-9.72555e-14,0,0,0,False,69.0|274,719
8|719|cc|2|1|274,0,0,0.00695669,5.15547e-09,0,0,0,0,0,-1.51037e-07,-7.81597e-14,0,0,0,False,69.0|274,719
8|719|cc|3|1|274,0,0,0.0118924,1.53133e-09,0,0,0,0,0,-4.00145e-07,-2.11831e-13,0,0,0,False,69.0|274,719
8|719|cc|4|1|274,0,0,-0.0526742,-2.81856e-09,0,0,0,0,0,4.25671e-07,-3.15303e-14,0,0,0,False,69.0|274,719
8|719|cc|5|1|274,0,0,0.0307628,1.25084e-09,0,0,0,0,0,1.99817e-07,-9.23706e-14,0,0,0,False,69.0|274,719
8|719|cc|6|1|274,0,0,-0.0414925,-5.51938e-09,0,0,0,0,0,1.58637e-07,1.32783e-13,0,0,0,False,69.0|274,719
8|719|cc|7|1|274,0,0,0.00940274,-7.95273e-09,0,0,0,0,0,7.13566e-08,-8.12683e-14,0,0,0,False,69.0|274,719
8|719|cc|8|1|274,0,0,0.00352833,1.9411e-09,0,0,0,0,0,3.35605e-07,3.41949e-14,0,0,0,False,69.0|274,719
8|719|sample|10|274,0,0,-0.0405779,-8.29869e-09,0,0,0,0,0,-0.0475641,1.1191e-13,0,0,0,True,32.0|274,719
8|719|sample|11|274,0,0,-0.101558,5.80813e-10,0,0,0,0,0,-0.106444,1.10401e-12,0,0,0,True,22.0|274,719
8|719|sample|12|274,0,0,-0.125108,4.24487e-09,0,0,0,0,0,-0.118712,-6.9722e-13,0,0,0,True,22.0|274,719
8|719|sample|3|274,0,0,-0.0586166,-1.49228e-09,0,0,0,0,0,-0.0604331,7.42517e-13,0,0,0,True,55.0|274,719
8|719|sample|4|274,0,0,-0.0585323,-4.16919e-09,0,0,0,0,0,-0.0579255,-8.26006e-14,0,0,0,True,55.0|274,719
8|719|sample|5|274,0,0,-0.0492103,-9.94968e-09,0,0,0,0,0,-0.0484301,5.76428e-13,0,0,0,True,55.0|274,719
8|719|sample|6|274,0,0,-0.0742338,5.53183e-10,0,0,0,0,0,-0.0700746,-1.70886e-12,0,0,0,True,55.0|274,719
8|719|sample|7|274,0,0,-0.0440968,4.01525e-09,0,0,0,0,0,-0.0455649,1.19904e-13,0,0,0,True,32.0|274,719
8|719|sample|8|274,0,0,-0.0567498,-7.40896e-09,0,0,0,0,0,-0.0483781,-4.43645e-13,0,0,0,True,32.0|274,719
8|719|sample|9|274,0,0,-0.0528566,1.01775e-09,0,0,0,0,0,-0.0510863,-2.85993e-13,0,0,0,True,32.0|274,719
8|719|vc|1|2|274,0,0,-0.0103467,4.80716e-09,0,0,0,0,0,4.16426e-07,9.63674e-14,0,0,0,False,69.0|274,719
8|719|vc|2|2|274,0,0,-0.00183677,1.26792e-09,0,0,0,0,0,2.98755e-07,1.86517e-14,0,0,0,False,69.0|274,719
8|719|vc|3|2|274,0,0,-0.0173664,3.9969e-10,0,0,0,0,0,3.89001e-07,6.52811e-14,0,0,0,False,69.0|274,719
8|719|vc|4|2|274,0,0,-0.00504717,-1.97614e-09,0,0,0,0,0,7.60648e-10,-9.23706e-14,0,0,0,False,69.0|274,719
8|719|vc|5|2|274,0,0,-0.0204443,5.09565e-09,0,0,0,0,0,-6.6936e-07,2.86438e-13,0,0,0,False,69.0|274,719
8|719|vc|6|2|274,0,0,-0.000927092,3.35008e-09,0,0,0,0,0,-1.43968e-07,-9.4591e-14,0,0,0,False,69.0|274,719
8|719|vc|7|2|274,0,0,0.0144798,4.32293e-09,0,0,0,0,0,-1.50968e-07,-1.15907e-13,0,0,0,False,69.0|274,719
8|719|vc|8|2|274,0,0,0.0233633,-3.67265e-09,0,0,0,0,0,3.24726e-07,2.22045e-14,0,0,0,False,69.0|274,719
8|488|cc|1|1|322,0,0,0.0224965,2.68574e-09,0,0,0,0,0,1.82865e-07,3.19744e-14,0,0,0,False,69.0|322,488
8|488|cc|2|1|322,0,0,0.00486454,-3.47452e-09,0,0,0,0,0,-1.38982e-07,7.81597e-14,0,0,0,False,69.0|322,488
8|488|cc|3|1|322,0,0,0.00959909,5.38005e-09,0,0,0,0,0,4.54595e-08,-6.83897e-14,0,0,0,False,69.0|322,488
8|488|cc|4|1|322,0,0,-0.0367437,2.56962e-09,0,0,0,0,0,2.57148e-07,2.32703e-13,0,0,0,False,69.0|322,488
8|488|cc|5|1|322,0,0,-0.00307545,3.27773e-09,0,0,0,0,0,-3.74743e-07,-9.23706e-14,0,0,0,False,69.0|322,488
8|488|cc|6|1|322,0,0,-0.00358212,-2.56985e-09,0,0,0,0,0,8.20659e-08,5.59552e-14,0,0,0,False,69.0|322,488
8|488|cc|7|1|322,0,0,0.00115786,-3.60245e-09,0,0,0,0,0,1.75483e-07,1.33227e-13,0,0,0,False,69.0|322,488
8|488|cc|8|1|322,0,0,-0.00810753,-2.90881e-09,0,0,0,0,0,-2.52173e-07,-7.63833e-14,0,0,0,False,69.0|322,488
8|488|sample|10|322,0,0,0.583857,-2.26965e-09,0,0,0,0,0,0.605231,1.00364e-13,0,0,0,True,32.0|322,488
8|488|sample|11|322,0,0,-0.0718403,6.06836e-10,0,0,0,0,0,-0.076658,1.34115e-13,0,0,0,True,22.0|322,488
8|488|sample|12|322,0,0,-0.11103,-1.13041e-09,0,0,0,0,0,-0.103199,3.78364e-13,0,0,0,True,22.0|322,488
8|488|sample|3|322,0,0,0.0729109,-7.29344e-09,0,0,0,0,0,0.0533403,6.42153e-13,0,0,0,True,55.0|322,488
8|488|sample|4|322,0,0,0.0901602,1.60175e-09,0,0,0,0,0,0.0694425,9.14824e-14,0,0,0,True,55.0|322,488
8|488|sample|5|322,0,0,0.27367,-7.42185e-09,0,0,0,0,0,0.268815,-2.04281e-13,0,0,0,True,55.0|322,488
8|488|sample|6|322,0,0,0.274349,-2.35195e-09,0,0,0,0,0,0.277303,-1.13687e-13,0,0,0,True,55.0|322,488
8|488|sample|7|322,0,0,0.0959923,-7.9006e-09,0,0,0,0,0,0.0884387,-4.20108e-13,0,0,0,True,32.0|322,488
8|488|sample|8|322,0,0,0.0819698,9.7571e-09,0,0,0,0,0,0.0891776,6.1906e-13,0,0,0,True,32.0|322,488
8|488|sample|9|322,0,0,0.647934,5.42682e-09,0,0,0,0,0,0.616691,5.88862e-13,0,0,0,True,32.0|322,488
8|488|vc|1|2|322,0,0,0.000471408,4.64709e-09,0,0,0,0,0,-2.70803e-07,4.61853e-14,0,0,0,False,69.0|322,488
8|488|vc|2|2|322,0,0,0.0113699,-4.16474e-09,0,0,0,0,0,4.17868e-07,6.75016e-14,0,0,0,False,69.0|322,488
8|488|vc|3|2|322,0,0,-0.0404792,2.13963e-09,0,0,0,0,0,-6.18135e-08,1.06581e-13,0,0,0,False,69.0|322,488
8|488|vc|4|2|322,0,0,0.0051518,6.31464e-09,0,0,0,0,0,2.41434e-07,2.93099e-14,0,0,0,False,69.0|322,488
8|488|vc|5|2|322,0,0,-0.0413379,2.82711e-09,0,0,0,0,0,3.28998e-07,9.9476e-14,0,0,0,False,69.0|322,488
8|488|vc|6|2|322,0,0,0.00360911,-8.98695e-09,0,0,0,0,0,4.87596e-07,-1.2701e-13,0,0,0,False,69.0|322,488
8|488|vc|7|2|322,0,0,-0.013475,-4.76205e-09,0,0,0,0,0,5.55678e-07,-1.22569e-13,0,0,0,False,69.0|322,488
8|488|vc|8|2|322,0,0,0.00355662,6.75386e-10,0,0,0,0,0,3.81695e-08,8.52651e-14,0,0,0,False,69.0|322,488
8|847|cc|1|1|69,0,0,0.00773541,-5.99086e-09,0,0,0,0,0,-2.30488e-07,2.13163e-14,0,0,0,False,69.0|69,847
8|847|cc|2|1|69,0,0,0.00476534,6.73025e-09,0,0,0,0,0,9.56328e-08,-7.81597e-14,0,0,0,False,69.0|69,847
8|847|cc|3|1|69,0,0,0.012897,-4.32089e-09,0,0,0,0,0,-3.20953e-07,-1.42109e-14,0,0,0,False,69.0|69,847
8|847|cc|4|1|69,0,0,0.0038881,-9.93933e-09,0,0,0,0,0,-1.55892e-07,8.88178e-16,0,0,0,False,69.0|69,847
8|847|cc|5|1|69,0,0,0.00613338,-3.89029e-09,0,0,0,0,0,-3.57635e-07,-7.10543e-15,0,0,0,False,69.0|69,847
8|847|cc|6|1|69,0,0,-0.00786446,5.13898e-09,0,0,0,0,0,-5.59523e-09,9.23706e-14,0,0,0,False,69.0|69,847
8|847|cc|7|1|69,0,0,-0.0211215,-4.98826e-09,0,0,0,0,0,-2.31952e-07,4.70735e-14,0,0,0,False,69.0|69,847
8|847|cc|8|1|69,0,0,0.000472551,1.46985e-09,0,0,0,0,0,-2.41384e-07,-4.26326e-14,0,0,0,False,69.0|69,847
8|847|sample|10|69,0,0,-0.0117021,1.25056e-08,0,0,0,0,0,-0.0107995,-1.42109e-13,0,0,0,True,32.0|69,847
8|847|sample|11|69,0,0,-0.011415,-2.59556e-09,0,0,0,0,0,-0.00476467,4.3876e-13,0,0,0,True,22.0|69,847
8|847|sample|12|69,0,0,-0.0102066,-4.18367e-09,0,0,0,0,0,-0.00553749,-9.0683e-13,0,0,0,True,22.0|69,847
8|847|sample|3|69,0,0,0.00426156,2.54438e-09,0,0,0,0,0,0.000824143,-2.39808e-13,0,0,0,True,55.0|69,847
8|847|sample|4|69,0,0,0.000429004,2.43596e-09,0,0,0,0,0,0.00155495,-6.95444e-13,0,0,0,True,55.0|69,847
8|847|sample|5|69,0,0,0.72296,8.3996e-09,0,0,0,0,0,0.72832,5.06262e-14,0,0,0,True,55.0|69,847
8|847|sample|6|69,0,0,0.744775,-5.62205e-09,0,0,0,0,0,0.7261,-3.64153e-14,0,0,0,True,55.0|69,847
8|847|sample|7|69,0,0,0.0469301,5.48734e-09,0,0,0,0,0,0.0422541,-1.73195e-14,0,0,0,True,32.0|69,847
8|847|sample|8|69,0,0,0.0384766,6.51704e-09,0,0,0,0,0,0.030697,7.18092e-13,0,0,0,True,32.0|69,847
8|847|sample|9|69,0,0,-0.00344714,-4.94317e-09,0,0,0,0,0,0.00350205,1.4122e-13,0,0,0,True,32.0|69,847
8|847|vc|1|2|69,0,0,-0.0292576,-7.82743e-10,0,0,0,0,0,-9.06722e-08,1.5099e-13,0,0,0,False,69.0|69,847
8|847|vc|2|2|69,0,0,0.00507164,-7.295e-09,0,0,0,0,0,9.42178e-08,1.97176e-13,0,0,0,False,69.0|69,847
8|847|vc|3|2|69,0,0,0.00230835,3.90851e-09,0,0,0,0,0,2.75155e-07,2.57572e-14,0,0,0,False,69.0|69,847
8|847|vc|4|2|69,0,0,0.00910035,4.25848e-09,0,0,0,0,0,-4.45228e-07,8.70415e-14,0,0,0,False,69.0|69,847
8|847|vc|5|2|69,0,0,-0.00426295,1.01527e-08,0,0,0,0,0,-3.73145e-08,1.42109e-14,0,0,0,False,69.0|69,847
8|847|vc|6|2|69,0,0,0.0375627,-1.38863e-09,0,0,0,0,0,3.15532e-07,-6.92779e-14,0,0,0,False,69.0|69,847
8|847|vc|7|2|69,0,0,0.018547,3.7951e-09,0,0,0,0,0,3.7328e-07,-5.32907e-15,0,0,0,False,69.0|69,847
8|847|vc|8|2|69,0,0,0.00267799,5.69282e-09,0,0,0,0,0,-1.70761e-08,1.1724e-13,0,0,0,False,69.0|69,847
8|474|cc|1|1|276,0,0,-0.0307815,4.03149e-09,0,0,0,0,0,-3.87852e-07,-1.06581e-14,0,0,0,False,69.0|276,474
8|474|cc|2|1|276,0,0,0.00619923,-1.60674e-09,0,0,0,0,0,5.07335e-07,6.21725e-15,0,0,0,False,69.0|276,474
8|474|cc|3|1|276,0,0,0.00647155,2.9971e-09,0,0,0,0,0,-2.54557e-07,-1.68754e-13,0,0,0,False,69.0|276,474
8|474|cc|4|1|276,0,0,0.00703636,-6.48098e-09,0,0,0,0,0,-1.98249e-07,1.35003e-13,0,0,0,False,69.0|276,474
8|474|cc|5|1|276,0,0,-0.0186527,-3.88074e-09,0,0,0,0,0,-1.43508e-07,-5.50671e-14,0,0,0,False,69.0|276,474
8|474|cc|6|1|276,0,0,0.0258528,-2.52809e-09,0,0,0,0,0,-2.16315e-07,-1.04805e-13,0,0,0,False,69.0|276,474
8|474|cc|7|1|276,0,0,0.0315233,8.63953e-09,0,0,0,0,0,-6.6571e-11,-7.90479e-14,0,0,0,False,69.0|276,474
8|474|cc|8|1|276,0,0,-0.0259151,-3.25436e-09,0,0,0,0,0,5.79481e-07,-1.73195e-13,0,0,0,False,69.0|276,474
8|474|sample|10|276,0,0,-0.00634945,-7.46784e-09,0,0,0,0,0,0.000768718,-5.8642e-13,0,0,0,True,32.0|276,474
8|474|sample|11|276,0,0,-0.000212922,-1.00522e-08,0,0,0,0,0,0.00226162,-1.61204e-13,0,0,0,True,22.0|276,474
8|474|sample|12|276,0,0,-0.0209508,-2.33127e-09,0,0,0,0,0,-0.012278,-2.81553e-13,0,0,0,True,22.0|276,474
8|474|sample|3|276,0,0,-0.0270263,-7.32928e-10,0,0,0,0,0,-0.0313088,6.2883e-13,0,0,0,True,55.0|276,474
8|474|sample|4|276,0,0,-0.0333835,-5.91236e-09,0,0,0,0,0,-0.0320673,-7.48734e-13,0,0,0,True,55.0|276,474
8|474|sample|5|276,0,0,-0.00708062,-4.32566e-09,0,0,0,0,0,-0.00350973,4.10338e-13,0,0,0,True,55.0|276,474
8|474|sample|6|276,0,0,-0.0138395,-3.42958e-09,0,0,0,0,0,-0.00582721,-2.6823e-13,0,0,0,True,55.0|276,474
8|474|sample|7|276,0,0,0.0200661,4.17653e-09,0,0,0,0,0,0.0195915,-5.81757e-13,0,0,0,True,32.0|276,474
8|474|sample|8|276,0,0,0.0262712,7.68688e-09,0,0,0,0,0,0.0309662,-9.7744e-13,0,0,0,True,32.0|276,474
8|474|sample|9|276,0,0,-0.0131134,-4.89889e-09,0,0,0,0,0,-0.001237,4.17444e-13,0,0,0,True,32.0|276,474
8|474|vc|1|2|276,0,0,-0.0454041,-5.9057e-09,0,0,0,0,0,-3.80438e-07,-1.24345e-13,0,0,0,False,69.0|276,474
8|474|vc|2|2|276,0,0,0.004626,-7.01768e-10,0,0,0,0,0,-4.01809e-07,-9.59233e-14,0,0,0,False,69.0|276,474
8|474|vc|3|2|276,0,0,0.00492682,-4.56432e-10,0,0,0,0,0,-2.74467e-07,-5.15143e-14,0,0,0,False,69.0|276,474
8|474|vc|4|2|276,0,0,0.0106013,5.81644e-09,0,0,0,0,0,1.58974e-07,3.55271e-14,0,0,0,False,69.0|276,474
8|474|vc|5|2|276,0,0,-0.0247039,6.38702e-09,0,0,0,0,0,7.08533e-08,-1.14575e-13,0,0,0,False,69.0|276,474
8|474|vc|6|2|276,0,0,-0.00410306,8.01503e-10,0,0,0,0,0,-2.17301e-07,-5.41789e-14,0,0,0,False,69.0|276,474
8|474|vc|7|2|276,0,0,0.00813215,-9.19182e-10,0,0,0,0,0,9.3286e-08,-1.93623e-13,0,0,0,False,69.0|276,474
8|474|vc|8|2|276,0,0,-0.0179507,-7.30772e-09,0,0,0,0,0,2.53962e-07,7.63833e-14,0,0,0,False,69.0|276,474
8|462|cc|1|1|292,0,0,0.0087432,-5.07139e-09,0,0,0,0,0,-5.37836e-07,-7.03881e-14,0,0,0,False,69.0|292,462
8|462|cc|2|1|292,0,0,0.00897108,1.23436e-09,0,0,0,0,0,3.94426e-07,1.803e-13,0,0,0,False,69.0|292,462
8|462|cc|3|1|292,0,0,0.0172758,-3.60609e-09,0,0,0,0,0,2.62995e-07,-1.06581e-14,0,0,0,False,69.0|292,462
8|462|cc|4|1|292,0,0,-0.0294601,3.37248e-09,0,0,0,0,0,1.96226e-07,-5.12923e-14,0,0,0,False,69.0|292,462
8|462|cc|5|1|292,0,0,-0.0193478,-4.54116e-09,0,0,0,0,0,-2.32401e-08,-1.22569e-13,0,0,0,False,69.0|292,462
8|462|cc|6|1|292,0,0,0.0367781,-6.26047e-09,0,0,0,0,0,2.00443e-07,5.55112e-14,0,0,0,False,69.0|292,462
8|462|cc|7|1|292,0,0,0.0261743,-1.76932e-09,0,0,0,0,0,-1.79831e-07,5.41789e-14,0,0,0,False,69.0|292,462
8|462|cc|8|1|292,0,0,-0.00788785,-2.86102e-09,0,0,0,0,0,-2.92604e-07,6.17284e-14,0,0,0,False,69.0|292,462
8|462|sample|10|292,0,0,-0.00316123,5.97812e-09,0,0,0,0,0,-0.00400038,6.32383e-13,0,0,0,True,32.0|292,462
8|462|sample|11|292,0,0,-0.031101,1.20248e-08,0,0,0,0,0,-0.0300547,-9.76996e-14,0,0,0,True,22.0|292,462
8|462|sample|12|292,0,0,-0.0574861,-9.52616e-09,0,0,0,0,0,-0.0648393,-1.51257e-12,0,0,0,True,22.0|292,462
8|462|sample|3|292,0,0,-0.195419,-9.79727e-09,0,0,0,0,0,-0.192618,3.58824e-13,0,0,0,True,55.0|292,462
8|462|sample|4|292,0,0,-0.197116,-2.6934e-09,0,0,0,0,0,-0.193628,-7.70051e-13,0,0,0,True,55.0|292,462
8|462|sample|5|292,0,0,0.0130624,9.16701e-09,0,0,0,0,0,0.0154438,-1.4726e-12,0,0,0,True,55.0|292,462
8|462|sample|6|292,0,0,0.00310863,-1.74467e-09,0,0,0,0,0,0.00384034,-1.93623e-13,0,0,0,True,55.0|292,462
8|462|sample|7|292,0,0,0.0411963,3.09562e-10,0,0,0,0,0,0.036971,-6.1684e-13,0,0,0,True,32.0|292,462
8|462|sample|8|292,0,0,0.0381139,6.32308e-09,0,0,0,0,0,0.0445004,2.42029e-14,0,0,0,True,32.0|292,462
8|462|sample|9|292,0,0,0.00626845,-1.25955e-08,0,0,0,0,0,0.00712905,2.14051e-13,0,0,0,True,32.0|292,462
8|462|vc|1|2|292,0,0,0.0406495,5.88192e-09,0,0,0,0,0,-5.39624e-07,-1.1724e-13,0,0,0,False,69.0|292,462
8|462|vc|2|2|292,0,0,0.0194307,2.78445e-09,0,0,0,0,0,-1.74626e-07,1.29896e-13,0,0,0,False,69.0|292,462
8|462|vc|3|2|292,0,0,-0.0309069,-2.69843e-09,0,0,0,0,0,-1.39757e-08,9.32587e-14,0,0,0,False,69.0|292,462
8|462|vc|4|2|292,0,0,0.00963458,3.39502e-09,0,0,0,0,0,2.08087e-07,7.90479e-14,0,0,0,False,69.0|292,462
8|462|vc|5|2|292,0,0,-0.0326781,7.812e-09,0,0,0,0,0,-5.23122e-07,5.4623e-14,0,0,0,False,69.0|292,462
8|462|vc|6|2|292,0,0,0.00975257,-5.98535e-09,0,0,0,0,0,6.11607e-08,8.61533e-14,0,0,0,False,69.0|292,462
8|462|vc|7|2|292,0,0,0.0251793,8.08493e-09,0,0,0,0,0,-1.17724e-07,1.91847e-13,0,0,0,False,69.0|292,462
8|462|vc|8|2|292,0,0,0.052137,-8.32918e-10,0,0,0,0,0,2.04141e-07,4.68514e-14,0,0,0,False,69.0|292,462
8|75|cc|1|1|65,0,0,0.030043,7.20889e-09,0,0,0,0,0,-4.25531e-07,1.43441e-13,0,0,0,False,69.0|65,75
8|75|cc|2|1|65,0,0,0.00364306,2.5457e-09,0,0,0,0,0,2.68503e-07,6.57252e-14,0,0,0,False,69.0|65,75
8|75|cc|3|1|65,0,0,-0.00210358,-4.5465e-10,0,0,0,0,0,-3.58338e-08,1.11466e-13,0,0,0,False,69.0|65,75
8|75|cc|4|1|65,0,0,0.0288897,-7.24611e-09,0,0,0,0,0,-2.36923e-07,-2.66454e-15,0,0,0,False,69.0|65,75
8|75|cc|5|1|65,0,0,0.0288317,3.13453e-09,0,0,0,0,0,3.43294e-07,-7.9492e-14,0,0,0,False,69.0|65,75
8|75|cc|6|1|65,0,0,0.0236459,-3.97999e-09,0,0,0,0,0,1.84918e-08,-9.4591e-14,0,0,0,False,69.0|65,75
8|75|cc|7|1|65,0,0,0.0168255,1.04274e-09,0,0,0,0,0,9.71956e-08,2.13163e-14,0,0,0,False,69.0|65,75
8|75|cc|8|1|65,0,0,-0.0256188,-5.27052e-09,0,0,0,0,0,-3.3187e-07,-2.08722e-14,0,0,0,False,69.0|65,75
8|75|sample|10|65,0,0,0.00600434,3.81029e-09,0,0,0,0,0,0.0125838,-8.34888e-14,0,0,0,True,32.0|65,75
8|75|sample|11|65,0,0,-0.0195681,-3.72582e-09,0,0,0,0,0,-0.0265879,-2.11386e-13,0,0,0,True,22.0|65,75
8|75|sample|12|65,0,0,-0.111429,-4.74847e-09,0,0,0,0,0,-0.110127,1.16618e-12,0,0,0,True,22.0|65,75
8|75|sample|3|65,0,0,-0.0662173,-8.99024e-10,0,0,0,0,0,-0.0843682,4.48974e-13,0,0,0,True,55.0|65,75
8|75|sample|4|65,0,0,-0.0676184,-4.1476e-09,0,0,0,0,0,-0.0703167,-8.40217e-13,0,0,0,True,55.0|65,75
8|75|sample|5|65,0,0,0.27213,-2.32758e-09,0,0,0,0,0,0.104735,4.86722e-13,0,0,0,True,55.0|65,75
8|75|sample|6|65,0,0,0.209932,4.58919e-09,0,0,0,0,0,0.146621,-1.10578e-13,0,0,0,True,55.0|65,75
8|75|sample|7|65,0,0,-0.139448,-6.38485e-09,0,0,0,0,0,-0.139548,4.84945e-13,0,0,0,True,32.0|65,75
8|75|sample|8|65,0,0,-0.149588,-5.70907e-09,0,0,0,0,0,-0.151802,-3.4639e-13,0,0,0,True,32.0|65,75
8|75|sample|9|65,0,0,0.0268837,6.68087e-09,0,0,0,0,0,0.0297954,-5.58664e-13,0,0,0,True,32.0|65,75
8|75|vc|1|2|65,0,0,0.0467302,-1.21837e-08,0,0,0,0,0,1.33206e-07,3.77476e-14,0,0,0,False,69.0|65,75
8|75|vc|2|2|65,0,0,-0.0104982,1.09546e-08,0,0,0,0,0,-3.7382e-07,-3.86358e-14,0,0,0,False,69.0|65,75
8|75|vc|3|2|65,0,0,0.0104347,-4.66681e-09,0,0,0,0,0,3.28086e-07,-7.10543e-15,0,0,0,False,69.0|65,75
8|75|vc|4|2|65,0,0,0.00690069,1.32467e-09,0,0,0,0,0,3.08042e-07,-2.66454e-15,0,0,0,False,69.0|65,75
8|75|vc|5|2|65,0,0,-0.0111606,-1.93557e-09,0,0,0,0,0,-3.73386e-07,5.37348e-14,0,0,0,False,69.0|65,75
8|75|vc|6|2|65,0,0,-0.00792104,4.65912e-09,0,0,0,0,0,-4.08873e-07,-1.46549e-14,0,0,0,False,69.0|65,75
8|75|vc|7|2|65,0,0,-0.0195665,3.85403e-09,0,0,0,0,0,-1.81148e-07,1.43885e-13,0,0,0,False,69.0|65,75
8|75|vc|8|2|65,0,0,-0.0081284,1.22538e-09,0,0,0,0,0,2.95908e-07,-3.68594e-14,0,0,0,False,69.0|65,75
8|291|cc|1|1|103,0,0,-0.019928,-1.64262e-09,0,0,0,0,0,-2.86042e-07,1.59872e-14,0,0,0,False,69.0|103,291
8|291|cc|2|1|103,0,0,0.0402248,5.30587e-09,0,0,0,0,0,8.90816e-08,-9.05942e-14,0,0,0,False,69.0|103,291
8|291|cc|3|1|103,0,0,-0.0257689,-3.57402e-09,0,0,0,0,0,4.15832e-07,3.64153e-14,0,0,0,False,69.0|103,291
8|291|cc|4|1|103,0,0,0.00967069,-1.73142e-09,0,0,0,0,0,3.43074e-07,4.35207e-14,0,0,0,False,69.0|103,291
8|291|cc|5|1|103,0,0,0.0200694,-5.14682e-09,0,0,0,0,0,-2.78394e-08,1.12799e-13,0,0,0,False,69.0|103,291
8|291|cc|6|1|103,0,0,0.0237551,4.15054e-09,0,0,0,0,0,-7.83519e-08,-1.10134e-13,0,0,0,False,69.0|103,291
8|291|cc|7|1|103,0,0,0.00463991,-8.90198e-10,0,0,0,0,0,-3.63405e-07,8.52651e-14,0,0,0,False,69.0|103,291
8|291|cc|8|1|103,0,0,-0.00406571,-4.70972e-09,0,0,0,0,0,6.6981e-08,-1.01252e-13,0,0,0,False,69.0|103,291
8|291|sample|10|103,0,0,-0.273256,-8.09553e-09,0,0,0,0,0,-0.262711,-1.28342e-12,0,0,0,True,32.0|103,291
8|291|sample|11|103,0,0,-0.116896,5.79749e-09,0,0,0,0,0,-0.110904,1.21192e-12,0,0,0,True,22.0|103,291
8|291|sample|12|103,0,0,-0.0842152,8.87658e-09,0,0,0,0,0,-0.0803102,-2.38476e-13,0,0,0,True,22.0|103,291
8|291|sample|3|103,0,0,0.0394108,1.74185e-09,0,0,0,0,0,0.0466631,5.19584e-13,0,0,0,True,55.0|103,291
8|291|sample|4|103,0,0,0.0472756,-1.54785e-09,0,0,0,0,0,0.0506994,-4.60965e-13,0,0,0,True,55.0|103,291
8|291|sample|5|103,0,0,0.0233334,-6.46821e-09,0,0,0,0,0,0.0171985,-7.77156e-13,0,0,0,True,55.0|103,291
8|291|sample|6|103,0,0,0.0192482,9.69295e-10,0,0,0,0,0,0.0160146,-9.59233e-14,0,0,0,True,55.0|103,291
8|291|sample|7|103,0,0,-0.251183,3.8277e-09,0,0,0,0,0,-0.251137,1.50102e-13,0,0,0,True,32.0|103,291
8|291|sample|8|103,0,0,-0.241162,8.98355e-09,0,0,0,0,0,-0.235982,-7.4607e-13,0,0,0,True,32.0|103,291
8|291|sample|9|103,0,0,-0.2512,-6.32233e-09,0,0,0,0,0,-0.25227,-2.21778e-12,0,0,0,True,32.0|103,291
8|291|vc|1|2|103,0,0,0.00374156,3.87485e-09,0,0,0,0,0,1.44455e-07,-1.03917e-13,0,0,0,False,69.0|103,291
8|291|vc|2|2|103,0,0,0.00546424,-1.28651e-09,0,0,0,0,0,9.90869e-08,-9.85878e-14,0,0,0,False,69.0|103,291
8|291|vc|3|2|103,0,0,0.0576512,-5.10291e-09,0,0,0,0,0,-3.61496e-07,-2.30926e-14,0,0,0,False,69.0|103,291
8|291|vc|4|2|103,0,0,0.00827116,-2.77246e-09,0,0,0,0,0,9.26779e-08,-8.79297e-14,0,0,0,False,69.0|103,291
8|291|vc|5|2|103,0,0,0.0357523,-2.39642e-09,0,0,0,0,0,-5.47381e-07,2.75335e-14,0,0,0,False,69.0|103,291
8|291|vc|6|2|103,0,0,0.0225681,3.98398e-09,0,0,0,0,0,5.25547e-07,1.43885e-13,0,0,0,False,69.0|103,291
8|291|vc|7|2|103,0,0,-0.0117458,5.69017e-09,0,0,0,0,0,-5.07575e-07,-2.22045e-14,0,0,0,False,69.0|103,291
8|291|vc|8|2|103,0,0,0.00593176,-1.21637e-09,0,0,0,0,0,8.04489e-08,-8.9706e-14,0,0,0,False,69.0|103,291
8|77|cc|1|1|218,0,0,-0.0224477,-1.95414e-09,0,0,0,0,0,-2.73925e-07,1.45661e-13,0,0,0,False,69.0|218,77
8|77|cc|2|1|218,0,0,-0.0273507,8.78361e-09,0,0,0,0,0,-2.1591e-07,1.05693e-13,0,0,0,False,69.0|218,77
8|77|cc|3|1|218,0,0,-0.0134422,2.51947e-09,0,0,0,0,0,3.68434e-07,3.5083e-14,0,0,0,False,69.0|218,77
8|77|cc|4|1|218,0,0,0.00458935,9.65522e-09,0,0,0,0,0,-3.41474e-07,-1.73195e-14,0,0,0,False,69.0|218,77
8|77|cc|5|1|218,0,0,0.0154811,2.22186e-09,0,0,0,0,0,-4.52638e-08,-6.83897e-14,0,0,0,False,69.0|218,77
8|77|cc|6|1|218,0,0,0.00070286,-3.84353e-10,0,0,0,0,0,-3.54738e-07,3.10862e-14,0,0,0,False,69.0|218,77
8|77|cc|7|1|218,0,0,-0.0200914,-5.22874e-09,0,0,0,0,0,4.67396e-07,3.4639e-14,0,0,0,False,69.0|218,77
8|77|cc|8|1|218,0,0,-0.00665069,-3.42915e-09,0,0,0,0,0,4.28349e-07,1.77636e-14,0,0,0,False,69.0|218,77
8|77|sample|10|218,0,0,0.00625884,-4.07848e-09,0,0,0,0,0,0.012799,2.43361e-13,0,0,0,True,32.0|218,77
8|77|sample|11|218,0,0,-0.108008,3.97565e-09,0,0,0,0,0,-0.099634,-2.08722e-13,0,0,0,True,22.0|218,77
8|77|sample|12|218,0,0,-0.107233,-4.63914e-09,0,0,0,0,0,-0.10852,-3.83693e-13,0,0,0,True,22.0|218,77
8|77|sample|3|218,0,0,-0.250365,-3.69017e-10,0,0,0,0,0,-0.253215,8.11795e-13,0,0,0,True,55.0|218,77
8|77|sample|4|218,0,0,-0.244837,1.34836e-09,0,0,0,0,0,-0.241648,6.54143e-13,0,0,0,True,55.0|218,77
8|77|sample|5|218,0,0,-0.27177,7.91179e-09,0,0,0,0,0,-0.266946,1.30163e-12,0,0,0,True,55.0|218,77
8|77|sample|6|218,0,0,-0.282345,-1.15625e-08,0,0,0,0,0,-0.274811,7.68274e-13,0,0,0,True,55.0|218,77
8|77|sample|7|218,0,0,0.0398945,-1.5583e-10,0,0,0,0,0,0.0384961,3.0731e-13,0,0,0,True,32.0|218,77
8|77|sample|8|218,0,0,0.103733,-1.20774e-09,0,0,0,0,0,0.112391,-1.77636e-13,0,0,0,True,32.0|218,77
8|77|sample|9|218,0,0,0.0584791,4.15014e-09,0,0,0,0,0,0.0595418,3.08642e-13,0,0,0,True,32.0|218,77
8|77|vc|1|2|218,0,0,-0.00439845,-6.63414e-09,0,0,0,0,0,-5.5069e-07,1.33227e-15,0,0,0,False,69.0|218,77
8|77|vc|2|2|218,0,0,0.00447902,-3.89735e-09,0,0,0,0,0,2.25278e-07,6.39488e-14,0,0,0,False,69.0|218,77
8|77|vc|3|2|218,0,0,-0.0254933,8.07022e-09,0,0,0,0,0,-3.35058e-07,-4.04121e-14,0,0,0,False,69.0|218,77
8|77|vc|4|2|218,0,0,-0.00284585,4.30493e-09,0,0,0,0,0,-4.09084e-07,1.11022e-13,0,0,0,False,69.0|218,77
8|77|vc|5|2|218,0,0,-0.0210145,4.51945e-09,0,0,0,0,0,2.37833e-07,1.05693e-13,0,0,0,False,69.0|218,77
8|77|vc|6|2|218,0,0,-0.0242943,-1.4109e-10,0,0,0,0,0,-6.27747e-07,-1.15907e-13,0,0,0,False,69.0|218,77
8|77|vc|7|2|218,0,0,0.0252949,-7.40563e-10,0,0,0,0,0,-2.18442e-07,2.13163e-14,0,0,0,False,69.0|218,77
8|77|vc|8|2|218,0,0,-0.0434139,4.11832e-09,0,0,0,0,0,3.14575e-07,-9.90319e-14,0,0,0,False,69.0|218,77
8|322|cc|1|1|174,0,0,-0.0275816,-6.57846e-10,0,0,0,0,0,4.52338e-07,1.45661e-13,0,0,0,False,69.0|174,322
8|322|cc|2|1|174,0,0,-0.019825,-1.74284e-09,0,0,0,0,0,-1.49454e-07,1.42997e-13,0,0,0,False,69.0|174,322
8|322|cc|3|1|174,0,0,-0.00642982,-8.45228e-10,0,0,0,0,0,-3.87056e-07,-1.06581e-14,0,0,0,False,69.0|174,322
8|322|cc|4|1|174,0,0,-0.0107724,-3.5482e-09,0,0,0,0,0,-5.28296e-08,-5.86198e-14,0,0,0,False,69.0|174,322
8|322|cc|5|1|174,0,0,0.0127123,-6.31459e-09,0,0,0,0,0,3.7127e-07,2.13163e-14,0,0,0,False,69.0|174,322
8|322|cc|6|1|174,0,0,-0.00940969,3.50819e-09,0,0,0,0,0,2.41997e-07,-9.14824e-14,0,0,0,False,69.0|174,322
8|322|cc|7|1|174,0,0,0.00273911,-3.83044e-09,0,0,0,0,0,3.83632e-07,1.0747e-13,0,0,0,False,69.0|174,322
8|322|cc|8|1|174,0,0,0.0444996,-5.13508e-09,0,0,0,0,0,2.88973e-07,-4.26326e-14,0,0,0,False,69.0|174,322
8|322|sample|10|174,0,0,0.0171888,5.93296e-09,0,0,0,0,0,0.0147838,-1.02696e-13,0,0,0,True,32.0|174,322
8|322|sample|11|174,0,0,-0.0749626,3.33459e-09,0,0,0,0,0,-0.0715282,6.29718e-13,0,0,0,True,22.0|174,322
8|322|sample|12|174,0,0,-0.124326,-2.25841e-09,0,0,0,0,0,-0.118008,3.05977e-13,0,0,0,True,22.0|174,322
8|322|sample|3|174,0,0,-0.109661,7.81051e-09,0,0,0,0,0,-0.105465,3.55271e-14,0,0,0,True,55.0|174,322
8|322|sample|4|174,0,0,0.00902522,-3.04164e-09,0,0,0,0,0,0.0150481,-6.21725e-15,0,0,0,True,55.0|174,322
8|322|sample|5|174,0,0,-0.107634,-1.48714e-09,0,0,0,0,0,-0.0996553,-1.48015e-12,0,0,0,True,55.0|174,322
8|322|sample|6|174,0,0,-0.0913461,-9.52762e-09,0,0,0,0,0,-0.0952751,-6.55032e-13,0,0,0,True,55.0|174,322
8|322|sample|7|174,0,0,0.0664173,2.26842e-09,0,0,0,0,0,0.0736964,8.38885e-13,0,0,0,True,32.0|174,322
8|322|sample|8|174,0,0,0.0845719,-3.71403e-10,0,0,0,0,0,0.0850259,-8.5798e-13,0,0,0,True,32.0|174,322
8|322|sample|9|174,0,0,0.0707547,5.35534e-09,0,0,0,0,0,0.0630056,1.49214e-13,0,0,0,True,32.0|174,322
8|322|vc|1|2|174,0,0,0.026756,1.85525e-09,0,0,0,0,0,-8.19881e-08,-6.21725e-14,0,0,0,False,69.0|174,322
8|322|vc|2|2|174,0,0,-0.0269252,2.226e-09,0,0,0,0,0,-3.11557e-07,2.30926e-14,0,0,0,False,69.0|174,322
8|322|vc|3|2|174,0,0,0.0349095,1.79918e-09,0,0,0,0,0,3.1892e-07,1.2168e-13,0,0,0,False,69.0|174,322
8|322|vc|4|2|174,0,0,0.0254371,-2.09333e-09,0,0,0,0,0,-1.60224e-07,-1.27898e-13,0,0,0,False,69.0|174,322
8|322|vc|5|2|174,0,0,0.0239325,3.09774e-09,0,0,0,0,0,1.60719e-07,-6.57252e-14,0,0,0,False,69.0|174,322
8|322|vc|6|2|174,0,0,0.000561357,2.03784e-09,0,0,0,0,0,-1.43933e-07,1.02141e-13,0,0,0,False,69.0|174,322
8|322|vc|7|2|174,0,0,0.00379092,1.8217e-10,0,0,0,0,0,1.44583e-07,5.15143e-14,0,0,0,False,69.0|174,322
8|322|vc|8|2|174,0,0,9.21522e-05,-2.03053e-09,0,0,0,0,0,3.78325e-07,-8.88178e-15,0,0,0,False,69.0|174,322
8|963|cc|1|1|319,0,0,0.0364953,-1.8235e-09,0,0,0,0,0,4.23262e-07,-4.88498e-14,0,0,0,False,69.0|319,963
8|963|cc|2|1|319,0,0,0.014264,-5.55412e-09,0,0,0,0,0,3.45722e-07,2.44249e-14,0,0,0,False,69.0|319,963
8|963|cc|3|1|319,0,0,-0.00627551,-3.33498e-10,0,0,0,0,0,1.4092e-06,4.35207e-14,0,0,0,False,69.0|319,963
8|963|cc|4|1|319,0,0,0.0132605,-8.19322e-10,0,0,0,0,0,2.02048e-07,-2.75335e-14,0,0,0,False,69.0|319,963
8|963|cc|5|1|319,0,0,0.00656538,1.91883e-09,0,0,0,0,0,-4.27635e-07,3.19744e-14,0,0,0,False,69.0|319,963
8|963|cc|6|1|319,0,0,0.0199634,5.12805e-09,0,0,0,0,0,-3.37979e-08,-9.76996e-14,0,0,0,False,69.0|319,963
8|963|cc|7|1|319,0,0,-0.0382294,-5.21198e-09,0,0,0,0,0,-5.63311e-07,1.42109e-14,0,0,0,False,69.0|319,963
8|963|cc|8|1|319,0,0,0.00836394,4.97818e-09,0,0,0,0,0,-1.66664e-07,5.24025e-14,0,0,0,False,69.0|319,963
8|963|sample|10|319,0,0,-0.0186244,-1.63831e-09,0,0,0,0,0,-0.0233496,9.47242e-13,0,0,0,True,32.0|319,963
8|963|sample|11|319,0,0,-0.0369824,-2.29019e-09,0,0,0,0,0,-0.0308897,9.55236e-13,0,0,0,True,22.0|319,963
8|963|sample|12|319,0,0,-0.037712,4.88502e-10,0,0,0,0,0,-0.0455424,-6.10179e-13,0,0,0,True,22.0|319,963
8|963|sample|3|319,0,0,0.0202115,-1.47052e-09,0,0,0,0,0,0.0131655,1.51679e-12,0,0,0,True,55.0|319,963
8|963|sample|4|319,0,0,0.024429,-9.40653e-09,0,0,0,0,0,0.00131056,1.04028e-13,0,0,0,True,55.0|319,963
8|963|sample|5|319,0,0,0.00371818,7.4101e-09,0,0,0,0,0,-0.00339205,-5.3646e-13,0,0,0,True,55.0|319,963
8|963|sample|6|319,0,0,-0.0572685,-7.81845e-09,0,0,0,0,0,-0.0548358,-9.10383e-14,0,0,0,True,55.0|319,963
8|963|sample|7|319,0,0,-0.0392506,1.00284e-08,0,0,0,0,0,-0.0371573,7.86482e-13,0,0,0,True,32.0|319,963
8|963|sample|8|319,0,0,0.00090875,-2.74216e-09,0,0,0,0,0,0.00358914,5.09814e-13,0,0,0,True,32.0|319,963
8|963|sample|9|319,0,0,-0.0335803,-4.29039e-09,0,0,0,0,0,-0.0384248,-3.92353e-13,0,0,0,True,32.0|319,963
8|963|vc|1|2|319,0,0,-0.0109067,4.49633e-10,0,0,0,0,0,-1.76163e-07,-1.46994e-13,0,0,0,False,69.0|319,963
8|963|vc|2|2|319,0,0,0.0289832,-5.29282e-09,0,0,0,0,0,-2.93282e-07,-3.64153e-14,0,0,0,False,69.0|319,963
8|963|vc|3|2|319,0,0,-0.0101604,-2.68301e-09,0,0,0,0,0,1.85351e-07,5.37348e-14,0,0,0,False,69.0|319,963
8|963|vc|4|2|319,0,0,-0.00233084,2.10059e-09,0,0,0,0,0,-1.45577e-07,1.16351e-13,0,0,0,False,69.0|319,963
8|963|vc|5|2|319,0,0,0.0163619,1.93643e-10,0,0,0,0,0,-3.15997e-07,-3.06422e-14,0,0,0,False,69.0|319,963
8|963|vc|6|2|319,0,0,0.0111612,1.00401e-08,0,0,0,0,0,-2.5324e-07,-9.23706e-14,0,0,0,False,69.0|319,963
8|963|vc|7|2|319,0,0,0.0259779,-1.0006e-09,0,0,0,0,0,1.98904e-08,6.9722e-14,0,0,0,False,69.0|319,963
8|963|vc|8|2|319,0,0,-0.00629455,4.7166e-10,0,0,0,0,0,2.84728e-07,-2.79776e-14,0,0,0,False,69.0|319,963
8|1241|cc|1|1|69,0,0,-0.00335131,2.51603e-09,0,0,0,0,0,-9.65861e-09,-1.36779e-13,0,0,0,False,69.0|69,1241
8|1241|cc|2|1|69,0,0,0.0166233,-3.48822e-09,0,0,0,0,0,-9.85268e-08,4.61853e-14,0,0,0,False,69.0|69,1241
8|1241|cc|3|1|69,0,0,0.00152978,-2.09139e-09,0,0,0,0,0,5.29814e-07,-2.30926e-14,0,0,0,False,69.0|69,1241
8|1241|cc|4|1|69,0,0,-0.0178726,7.53104e-09,0,0,0,0,0,-1.8606e-08,8.34888e-14,0,0,0,False,69.0|69,1241
8|1241|cc|5|1|69,0,0,-0.0144318,-5.64345e-09,0,0,0,0,0,2.87715e-07,3.19744e-14,0,0,0,False,69.0|69,1241
8|1241|cc|6|1|69,0,0,-0.00790687,2.57166e-09,0,0,0,0,0,-1.63964e-07,6.66134e-14,0,0,0,False,69.0|69,1241
8|1241|cc|7|1|69,0,0,-0.00196332,-3.01166e-10,0,0,0,0,0,2.80215e-07,1.68754e-14,0,0,0,False,69.0|69,1241
8|1241|cc|8|1|69,0,0,0.000166246,4.31498e-09,0,0,0,0,0,3.52324e-07,-1.42109e-14,0,0,0,False,69.0|69,1241
8|1241|sample|3|69,0,0,0.0828175,7.76741e-09,0,0,0,0,0,0.0771032,-9.29035e-13,0,0,0,True,22.0|69,1241
8|1241|sample|4|69,0,0,0.069104,1.34152e-10,0,0,0,0,0,0.0721647,-6.06626e-13,0,0,0,True,22.0|69,1241
8|1241|sample|8|69,0,0,-0.00275765,-1.81353e-09,0,0,0,0,0,-0.000129371,1.0747e-13,0,0,0,True,22.0|69,1241
8|1241|vc|1|2|69,0,0,-0.00620871,4.58279e-09,0,0,0,0,0,-5.06496e-08,-1.0747e-13,0,0,0,False,69.0|69,1241
8|1241|vc|2|2|69,0,0,-0.00480023,2.75889e-10,0,0,0,0,0,3.03347e-07,-1.40332e-13,0,0,0,False,69.0|69,1241
8|1241|vc|3|2|69,0,0,-0.0155421,5.13101e-09,0,0,0,0,0,3.17788e-07,-1.27898e-13,0,0,0,False,69.0|69,1241
8|1241|vc|4|2|69,0,0,0.0165431,-3.64944e-09,0,0,0,0,0,-1.05832e-07,5.15143e-14,0,0,0,False,69.0|69,1241
8|1241|vc|5|2|69,0,0,-0.0162826,-6.77891e-09,0,0,0,0,0,-3.34229e-07,-2.84217e-14,0,0,0,False,69.0|69,1241
8|1241|vc|6|2|69,0,0,-0.0342461,3.52661e-10,0,0,0,0,0,-2.11699e-07,5.32907e-14,0,0,0,False,69.0|69,1241
8|1241|vc|7|2|69,0,0,-0.0057429,2.30971e-09,0,0,0,0,0,-1.85564e-07,-4.44089e-15,0,0,0,False,69.0|69,1241
8|1241|vc|8|2|69,0,0,0.0156316,-4.48053e-09,0,0,0,0,0,-3.59991e-07,3.73035e-14,0,0,0,False,69.0|69,1241
8|1056|cc|1|1|276,0,0,-0.00162069,-1.05368e-09,0,0,0,0,0,1.43164e-07,-4.79616e-14,0,0,0,False,69.0|276,1056
8|1056|cc|2|1|276,0,0,0.0328603,-2.22556e-09,0,0,0,0,0,-7.4759e-09,-1.27898e-13,0,0,0,False,69.0|276,1056
8|1056|cc|3|1|276,0,0,-0.0217021,-2.695e-09,0,0,0,0,0,3.01973e-07,-5.77316e-14,0,0,0,False,69.0|276,1056
8|1056|cc|4|1|276,0,0,-0.0290519,1.05761e-09,0,0,0,0,0,2.37361e-07,1.08358e-13,0,0,0,False,69.0|276,1056
8|1056|cc|5|1|276,0,0,0.0298857,-2.21922e-09,0,0,0,0,0,2.93833e-07,-5.9508e-14,0,0,0,False,69.0|276,1056
8|1056|cc|6|1|276,0,0,-0.00229762,3.28182e-09,0,0,0,0,0,-7.44882e-08,4.08562e-14,0,0,0,False,69.0|276,1056
8|1056|cc|7|1|276,0,0,-0.00323884,-1.25128e-10,0,0,0,0,0,-3.30458e-07,7.63833e-14,0,0,0,False,69.0|276,1056
8|1056|cc|8|1|276,0,0,0.00948681,2.09292e-09,0,0,0,0,0,9.7551e-08,-1.35003e-13,0,0,0,False,69.0|276,1056
8|1056|sample|3|276,0,0,0.0125663,1.12046e-08,0,0,0,0,0,0.0160669,-1.00231e-12,0,0,0,True,22.0|276,1056
8|1056|sample|4|276,0,0,0.0281201,-5.95603e-09,0,0,0,0,0,0.0287963,-2.02061e-13,0,0,0,True,22.0|276,1056
8|1056|vc|1|2|276,0,0,-0.00518009,3.04524e-09,0,0,0,0,0,-2.08363e-07,-2.84217e-14,0,0,0,False,69.0|276,1056
8|1056|vc|2|2|276,0,0,0.0131719,-1.10086e-08,0,0,0,0,0,-4.22208e-07,4.61853e-14,0,0,0,False,69.0|276,1056
8|1056|vc|3|2|276,0,0,-0.00816939,7.56295e-09,0,0,0,0,0,-2.95234e-07,1.85629e-13,0,0,0,False,69.0|276,1056
8|1056|vc|4|2|276,0,0,-0.014242,7.37903e-09,0,0,0,0,0,-3.38898e-08,1.1191e-13,0,0,0,False,69.0|276,1056
8|1056|vc|5|2|276,0,0,-0.0322865,3.77017e-09,0,0,0,0,0,-1.44797e-07,4.44089e-14,0,0,0,False,69.0|276,1056
8|1056|vc|6|2|276,0,0,-0.00150665,6.87155e-09,0,0,0,0,0,-4.73806e-07,-1.77636e-15,0,0,0,False,69.0|276,1056
8|1056|vc|7|2|276,0,0,-0.0190772,5.35565e-09,0,0,0,0,0,-2.49223e-08,-1.74083e-13,0,0,0,False,69.0|276,1056
8|1056|vc|8|2|276,0,0,-0.0296222,6.34879e-09,0,0,0,0,0,2.95549e-07,2.4869e-14,0,0,0,False,69.0|276,1056
8|1159|cc|1|1|292,0,0,-0.0277482,-1.91878e-09,0,0,0,0,0,-3.19375e-07,1.02141e-14,0,0,0,False,69.0|292,1159
8|1159|cc|2|1|292,0,0,0.0259013,2.48819e-09,0,0,0,0,0,-3.27224e-07,-1.1724e-13,0,0,0,False,69.0|292,1159
8|1159|cc|3|1|292,0,0,0.0201741,6.63387e-10,0,0,0,0,0,1.64323e-07,1.90958e-14,0,0,0,False,69.0|292,1159
8|1159|cc|4|1|292,0,0,-0.00641534,-2.02629e-09,0,0,0,0,0,4.28488e-08,-3.90799e-14,0,0,0,False,69.0|292,1159
8|1159|cc|5|1|292,0,0,0.000533503,-1.70611e-09,0,0,0,0,0,-1.37791e-07,1.31006e-13,0,0,0,False,69.0|292,1159
8|1159|cc|6|1|292,0,0,-0.00621568,-3.42019e-09,0,0,0,0,0,-3.58373e-07,-5.24025e-14,0,0,0,False,69.0|292,1159
8|1159|cc|7|1|292,0,0,-0.00423507,6.91607e-09,0,0,0,0,0,-2.92353e-07,1.82077e-14,0,0,0,False,69.0|292,1159
8|1159|cc|8|1|292,0,0,0.000634287,1.10818e-09,0,0,0,0,0,-1.37748e-07,-8.83738e-14,0,0,0,False,69.0|292,1159
8|1159|sample|3|292,0,0,0.020725,-1.1791e-08,0,0,0,0,0,0.0220629,3.41061e-13,0,0,0,True,22.0|292,1159
8|1159|sample|4|292,0,0,0.0477629,8.94191e-10,0,0,0,0,0,0.0408648,1.10756e-12,0,0,0,True,22.0|292,1159
8|1159|vc|1|2|292,0,0,0.00362264,-3.93402e-09,0,0,0,0,0,-1.73638e-07,-6.30607e-14,0,0,0,False,69.0|292,1159
8|1159|vc|2|2|292,0,0,0.00394151,4.99172e-09,0,0,0,0,0,3.41021e-07,-5.9508e-14,0,0,0,False,69.0|292,1159
8|1159|vc|3|2|292,0,0,-0.0386903,-4.31899e-09,0,0,0,0,0,3.61971e-07,1.64313e-14,0,0,0,False,69.0|292,1159
8|1159|vc|4|2|292,0,0,-0.0100513,2.0399e-09,0,0,0,0,0,3.12335e-07,3.9968e-14,0,0,0,False,69.0|292,1159
8|1159|vc|5|2|292,0,0,0.00698875,-4.09702e-09,0,0,0,0,0,-1.14839e-07,1.07025e-13,0,0,0,False,69.0|292,1159
8|1159|vc|6|2|292,0,0,-0.000379787,6.37986e-09,0,0,0,0,0,-3.36037e-07,-3.88578e-14,0,0,0,False,69.0|292,1159
8|1159|vc|7|2|292,0,0,-0.0198918,3.30981e-09,0,0,0,0,0,-3.06014e-07,2.66454e-14,0,0,0,False,69.0|292,1159
8|1159|vc|8|2|292,0,0,0.029932,-2.68325e-09,0,0,0,0,0,-2.20135e-07,8.4821e-14,0,0,0,False,69.0|292,1159
8|1017|cc|1|1|65,0,0,-0.0132369,-6.96577e-09,0,0,0,0,0,1.96439e-07,2.84217e-14,0,0,0,False,69.0|65,1017
8|1017|cc|2|1|65,0,0,0.0192509,3.26388e-09,0,0,0,0,0,2.27311e-07,5.32907e-14,0,0,0,False,69.0|65,1017
8|1017|cc|3|1|65,0,0,-0.0163478,4.12789e-10,0,0,0,0,0,3.36901e-07,5.19584e-14,0,0,0,False,69.0|65,1017
8|1017|cc|4|1|65,0,0,-0.00589133,-5.72635e-09,0,0,0,0,0,1.44578e-07,-1.31006e-13,0,0,0,False,69.0|65,1017
8|1017|cc|5|1|65,0,0,0.0172488,-2.33829e-09,0,0,0,0,0,-1.7592e-07,-8.34888e-14,0,0,0,False,69.0|65,1017
8|1017|cc|6|1|65,0,0,-0.00730545,-7.12435e-10,0,0,0,0,0,-2.78997e-07,-2.75335e-14,0,0,0,False,69.0|65,1017
8|1017|cc|7|1|65,0,0,0.00136311,3.55152e-09,0,0,0,0,0,2.72258e-07,1.5099e-13,0,0,0,False,69.0|65,1017
8|1017|cc|8|1|65,0,0,0.0394273,-2.69809e-09,0,0,0,0,0,-2.24997e-07,7.06102e-14,0,0,0,False,69.0|65,1017
8|1017|sample|3|65,0,0,-0.042394,-2.32643e-09,0,0,0,0,0,-0.0463123,-2.50022e-13,0,0,0,True,22.0|65,1017
8|1017|sample|4|65,0,0,-0.0187964,6.55396e-09,0,0,0,0,0,-0.0224313,-3.55271e-14,0,0,0,True,22.0|65,1017
8|1017|sample|8|65,0,0,-0.0286236,2.53219e-09,0,0,0,0,0,4.04802e-07,8.52651e-14,0,0,0,True,22.0|65,1017
8|1017|vc|1|2|65,0,0,-0.038103,-1.80219e-09,0,0,0,0,0,1.56828e-07,7.28306e-14,0,0,0,False,69.0|65,1017
8|1017|vc|2|2|65,0,0,0.0234907,-8.82599e-10,0,0,0,0,0,1.33963e-07,5.86198e-14,0,0,0,False,69.0|65,1017
8|1017|vc|3|2|65,0,0,0.0194488,-4.68083e-09,0,0,0,0,0,-1.76762e-09,1.58096e-13,0,0,0,False,69.0|65,1017
8|1017|vc|4|2|65,0,0,0.00422215,-5.52013e-10,0,0,0,0,0,-1.34049e-07,1.45661e-13,0,0,0,False,69.0|65,1017
8|1017|vc|5|2|65,0,0,0.00479014,-6.1581e-09,0,0,0,0,0,-2.0907e-07,-2.9754e-14,0,0,0,False,69.0|65,1017
8|1017|vc|6|2|65,0,0,0.00428223,-2.24618e-11,0,0,0,0,0,4.01985e-07,-2.75335e-14,0,0,0,False,69.0|65,1017
8|1017|vc|7|2|65,0,0,-0.00347444,7.67421e-09,0,0,0,0,0,1.41568e-07,3.01981e-14,0,0,0,False,69.0|65,1017
8|1017|vc|8|2|65,0,0,0.0138542,3.56265e-09,0,0,0,0,0,-1.11236e-07,-1.88738e-13,0,0,0,False,69.0|65,1017
8|1197|cc|1|1|103,0,0,-0.0579909,5.00709e-09,0,0,0,0,0,4.03785e-07,-5.59552e-14,0,0,0,False,69.0|103,1197
8|1197|cc|2|1|103,0,0,-0.0088797,-7.73019e-10,0,0,0,0,0,-3.32843e-07,-3.81917e-14,0,0,0,False,69.0|103,1197
8|1197|cc|3|1|103,0,0,-0.0286988,-5.37221e-09,0,0,0,0,0,5.08311e-07,-3.90799e-14,0,0,0,False,69.0|103,1197
8|1197|cc|4|1|103,0,0,-0.00492697,7.80104e-11,0,0,0,0,0,-2.68066e-07,-1.5099e-14,0,0,0,False,69.0|103,1197
8|1197|cc|5|1|103,0,0,-0.0118057,-1.0197e-08,0,0,0,0,0,1.44677e-07,-1.11022e-13,0,0,0,False,69.0|103,1197
8|1197|cc|6|1|103,0,0,-0.0153204,-2.0306e-09,0,0,0,0,0,2.8265e-07,-8.88178e-14,0,0,0,False,69.0|103,1197
8|1197|cc|7|1|103,0,0,0.00024474,-4.243e-09,0,0,0,0,0,-2.28457e-07,-1.06581e-13,0,0,0,False,69.0|103,1197
8|1197|cc|8|1|103,0,0,0.00792273,-6.29071e-10,0,0,0,0,0,3.77566e-07,-4.88498e-14,0,0,0,False,69.0|103,1197
8|1197|sample|3|103,0,0,0.00387915,-2.3362e-09,0,0,0,0,0,-0.0064004,-5.67102e-13,0,0,0,True,22.0|103,1197
8|1197|sample|4|103,0,0,-0.00822841,-1.05562e-09,0,0,0,0,0,-0.0152171,2.70006e-13,0,0,0,True,22.0|103,1197
8|1197|vc|1|2|103,0,0,-0.00547961,2.41459e-09,0,0,0,0,0,-2.64907e-07,-1.68754e-14,0,0,0,False,69.0|103,1197
8|1197|vc|2|2|103,0,0,0.016447,1.79757e-09,0,0,0,0,0,5.3811e-08,-1.14575e-13,0,0,0,False,69.0|103,1197
8|1197|vc|3|2|103,0,0,-0.0177253,4.69851e-09,0,0,0,0,0,2.3862e-07,-7.81597e-14,0,0,0,False,69.0|103,1197
8|1197|vc|4|2|103,0,0,0.0182442,-2.89214e-09,0,0,0,0,0,5.24915e-08,1.19016e-13,0,0,0,False,69.0|103,1197
8|1197|vc|5|2|103,0,0,0.0209208,-1.47623e-09,0,0,0,0,0,6.16949e-08,-2.40696e-13,0,0,0,False,69.0|103,1197
8|1197|vc|6|2|103,0,0,-0.0144005,-4.97619e-10,0,0,0,0,0,4.53218e-07,1.5099e-14,0,0,0,False,69.0|103,1197
8|1197|vc|7|2|103,0,0,0.0154852,1.47871e-09,0,0,0,0,0,4.2658e-07,-3.01981e-14,0,0,0,False,69.0|103,1197
8|1197|vc|8|2|103,0,0,0.0227651,5.78084e-09,0,0,0,0,0,3.62848e-07,6.21725e-14,0,0,0,False,69.0|103,1197
8|745|cc|1|1|218,0,0,-0.000224079,-4.97536e-09,0,0,0,0,0,-1.68272e-07,4.17444e-14,0,0,0,False,69.0|218,745
8|745|cc|2|1|218,0,0,0.000324937,-7.40329e-09,0,0,0,0,0,-4.4491e-07,-1.28786e-14,0,0,0,False,69.0|218,745
8|745|cc|3|1|218,0,0,0.0370582,8.64503e-10,0,0,0,0,0,-8.29213e-07,9.90319e-14,0,0,0,False,69.0|218,745
8|745|cc|4|1|218,0,0,-0.00412575,3.66623e-09,0,0,0,0,0,2.51814e-07,-1.16351e-13,0,0,0,False,69.0|218,745
8|745|cc|5|1|218,0,0,0.0189007,-1.62761e-09,0,0,0,0,0,2.98036e-07,-3.06422e-14,0,0,0,False,69.0|218,745
8|745|cc|6|1|218,0,0,0.053658,7.98795e-09,0,0,0,0,0,-1.75592e-07,1.66089e-13,0,0,0,False,69.0|218,745
8|745|cc|7|1|218,0,0,-0.0231873,-2.74667e-09,0,0,0,0,0,5.87993e-07,-2.15827e-13,0,0,0,False,69.0|218,745
8|745|cc|8|1|218,0,0,-0.0232262,3.2006e-09,0,0,0,0,0,-9.16785e-08,3.19744e-14,0,0,0,False,69.0|218,745
8|745|sample|3|218,0,0,-0.0987585,-7.1983e-09,0,0,0,0,0,-0.095158,1.2963e-12,0,0,0,True,22.0|218,745
8|745|sample|4|218,0,0,-0.103399,-1.31099e-09,0,0,0,0,0,-0.0889972,1.68487e-12,0,0,0,True,22.0|218,745
8|745|sample|5|218,0,0,-0.00376759,8.03794e-10,0,0,0,0,0,-0.001383,1.76303e-13,0,0,0,True,22.0|218,745
8|745|vc|1|2|218,0,0,-0.00728799,8.79803e-10,0,0,0,0,0,-3.7674e-07,-3.10862e-14,0,0,0,False,69.0|218,745
8|745|vc|2|2|218,0,0,-0.00367692,5.27417e-09,0,0,0,0,0,-4.12302e-07,-3.73035e-14,0,0,0,False,69.0|218,745
8|745|vc|3|2|218,0,0,0.0197045,-5.23923e-09,0,0,0,0,0,-5.87105e-07,-1.57208e-13,0,0,0,False,69.0|218,745
8|745|vc|4|2|218,0,0,-0.0291599,2.00327e-09,0,0,0,0,0,-1.52271e-07,-1.43885e-13,0,0,0,False,69.0|218,745
8|745|vc|5|2|218,0,0,0.0379472,7.24142e-09,0,0,0,0,0,-6.00897e-07,-1.28342e-13,0,0,0,False,69.0|218,745
8|745|vc|6|2|218,0,0,-0.00743143,3.94635e-10,0,0,0,0,0,5.22941e-07,-1.33227e-14,0,0,0,False,69.0|218,745
8|745|vc|7|2|218,0,0,-0.0160335,-1.02349e-09,0,0,0,0,0,7.12657e-08,6.52811e-14,0,0,0,False,69.0|218,745
8|745|vc|8|2|218,0,0,-0.0245784,3.15855e-09,0,0,0,0,0,-3.47304e-07,-7.54952e-14,0,0,0,False,69.0|218,745
8|1043|cc|1|1|174,0,0,0.0496081,-5.83583e-09,0,0,0,0,0,-3.40544e-07,1.59872e-14,0,0,0,False,69.0|174,1043
8|1043|cc|2|1|174,0,0,0.00594657,1.31092e-09,0,0,0,0,0,-2.96299e-07,3.10862e-14,0,0,0,False,69.0|174,1043
8|1043|cc|3|1|174,0,0,-0.0339286,-1.06347e-08,0,0,0,0,0,-3.6174e-07,-1.95399e-14,0,0,0,False,69.0|174,1043
8|1043|cc|4|1|174,0,0,0.0098498,7.71995e-09,0,0,0,0,0,-2.82091e-07,6.4837e-14,0,0,0,False,69.0|174,1043
8|1043|cc|5|1|174,0,0,-0.0157543,1.43514e-09,0,0,0,0,0,-4.67743e-07,6.57252e-14,0,0,0,False,69.0|174,1043
8|1043|cc|6|1|174,0,0,0.028944,2.50676e-09,0,0,0,0,0,-4.39222e-07,-2.84217e-14,0,0,0,False,69.0|174,1043
8|1043|cc|7|1|174,0,0,-0.0332365,9.12612e-10,0,0,0,0,0,-2.4738e-07,-2.54907e-13,0,0,0,False,69.0|174,1043
8|1043|cc|8|1|174,0,0,-0.00732348,5.27978e-09,0,0,0,0,0,1.60792e-07,-7.28306e-14,0,0,0,False,69.0|174,1043
8|1043|sample|3|174,0,0,-0.035844,2.00768e-09,0,0,0,0,0,-0.0317797,-1.42242e-12,0,0,0,True,22.0|174,1043
8|1043|sample|4|174,0,0,-0.0365824,-3.88191e-09,0,0,0,0,0,-0.0446914,-3.71925e-13,0,0,0,True,22.0|174,1043
8|1043|vc|1|2|174,0,0,0.0252064,-4.17877e-10,0,0,0,0,0,3.68415e-07,4.61853e-14,0,0,0,False,69.0|174,1043
8|1043|vc|2|2|174,0,0,0.0270157,1.39556e-09,0,0,0,0,0,1.91577e-08,3.90799e-14,0,0,0,False,69.0|174,1043
8|1043|vc|3|2|174,0,0,0.0013579,-6.62552e-09,0,0,0,0,0,1.94342e-07,-1.03029e-13,0,0,0,False,69.0|174,1043
8|1043|vc|4|2|174,0,0,-0.00941709,2.80562e-09,0,0,0,0,0,-2.31518e-07,2.75335e-14,0,0,0,False,69.0|174,1043
8|1043|vc|5|2|174,0,0,0.00274988,-7.31457e-10,0,0,0,0,0,3.94508e-08,1.4122e-13,0,0,0,False,69.0|174,1043
8|1043|vc|6|2|174,0,0,-0.0128426,-1.28364e-10,0,0,0,0,0,2.96974e-07,1.27898e-13,0,0,0,False,69.0|174,1043
8|1043|vc|7|2|174,0,0,-0.0181901,4.24985e-10,0,0,0,0,0,-2.31603e-07,-2.30926e-14,0,0,0,False,69.0|174,1043
8|1043|vc|8|2|174,0,0,0.0299859,-7.5501e-09,0,0,0,0,0,-2.59635e-07,-1.50102e-13,0,0,0,False,69.0|174,1043
8|1260|cc|1|1|319,0,0,0.0234323,3.96992e-09,0,0,0,0,0,3.57477e-07,3.86358e-14,0,0,0,False,69.0|319,1260
8|1260|cc|2|1|319,0,0,0.0216375,-9.40317e-09,0,0,0,0,0,-1.89513e-07,-1.68754e-14,0,0,0,False,69.0|319,1260
8|1260|cc|3|1|319,0,0,-0.00579446,-8.21746e-09,0,0,0,0,0,-2.68567e-07,-5.59552e-14,0,0,0,False,69.0|319,1260
8|1260|cc|4|1|319,0,0,0.0496209,-1.54368e-09,0,0,0,0,0,-5.87502e-07,1.7053e-13,0,0,0,False,69.0|319,1260
8|1260|cc|5|1|319,0,0,0.0110515,-2.73642e-09,0,0,0,0,0,-7.42856e-08,1.39888e-13,0,0,0,False,69.0|319,1260
8|1260|cc|6|1|319,0,0,0.0165297,3.23279e-09,0,0,0,0,0,-3.4817e-07,-1.4877e-13,0,0,0,False,69.0|319,1260
8|1260|cc|7|1|319,0,0,0.0533163,7.46792e-09,0,0,0,0,0,2.80438e-07,8.88178e-15,0,0,0,False,69.0|319,1260
8|1260|cc|8|1|319,0,0,-0.0153758,-1.54671e-09,0,0,0,0,0,2.98449e-07,-2.4869e-14,0,0,0,False,69.0|319,1260
8|1260|sample|3|319,0,0,-0.0128291,1.13358e-08,0,0,0,0,0,-0.00761549,-5.27134e-13,0,0,0,True,22.0|319,1260
8|1260|sample|4|319,0,0,-0.0377788,-1.43577e-09,0,0,0,0,0,-0.030898,1.82077e-14,0,0,0,True,22.0|319,1260
8|1260|vc|1|2|319,0,0,0.00347707,1.06839e-08,0,0,0,0,0,-3.06772e-07,5.9508e-14,0,0,0,False,69.0|319,1260
8|1260|vc|2|2|319,0,0,-0.0472835,-6.01867e-10,0,0,0,0,0,-2.33928e-07,1.24789e-13,0,0,0,False,69.0|319,1260
8|1260|vc|3|2|319,0,0,-0.00820717,1.91476e-09,0,0,0,0,0,-6.63873e-07,-8.08242e-14,0,0,0,False,69.0|319,1260
8|1260|vc|4|2|319,0,0,-0.0156777,-3.16901e-09,0,0,0,0,0,3.53351e-07,1.05249e-13,0,0,0,False,69.0|319,1260
8|1260|vc|5|2|319,0,0,0.0189344,5.61646e-10,0,0,0,0,0,-3.5467e-07,-2.51354e-13,0,0,0,False,69.0|319,1260
8|1260|vc|6|2|319,0,0,-0.021477,2.26215e-09,0,0,0,0,0,-4.39332e-08,9.59233e-14,0,0,0,False,69.0|319,1260
8|1260|vc|7|2|319,0,0,0.00515172,-6.29296e-09,0,0,0,0,0,3.88787e-07,1.15463e-14,0,0,0,False,69.0|319,1260
8|1260|vc|8|2|319,0,0,-0.0194388,1.19598e-08,0,0,0,0,0,1.60159e-07,-7.23865e-14,0,0,0,False,69.0|319,1260
8|1042|cc|1|1|162,0,0,0.00361525,1.86868e-09,0,0,0,0,0,-5.52793e-08,-1.66533e-13,0,0,0,False,69.0|162,1042
8|1042|cc|2|1|162,0,0,-0.00816004,1.55387e-09,0,0,0,0,0,2.68902e-07,-9.68114e-14,0,0,0,False,69.0|162,1042
8|1042|cc|3|1|162,0,0,-0.00931139,-6.31537e-09,0,0,0,0,0,-1.36898e-07,6.43929e-14,0,0,0,False,69.0|162,1042
8|1042|cc|4|1|162,0,0,0.00371594,-4.48153e-09,0,0,0,0,0,3.65227e-07,6.12843e-14,0,0,0,False,69.0|162,1042
8|1042|cc|5|1|162,0,0,-0.0020446,-5.3758e-09,0,0,0,0,0,-1.8894e-07,1.95399e-14,0,0,0,False,69.0|162,1042
8|1042|cc|6|1|162,0,0,-0.0414127,5.62425e-10,0,0,0,0,0,-2.8339e-07,6.12843e-14,0,0,0,False,69.0|162,1042
8|1042|cc|7|1|162,0,0,0.0198633,-3.24923e-09,0,0,0,0,0,2.66969e-07,-5.10703e-14,0,0,0,False,69.0|162,1042
8|1042|cc|8|1|162,0,0,-0.00920732,1.04867e-08,0,0,0,0,0,-1.43764e-07,-6.43929e-14,0,0,0,False,69.0|162,1042
8|1042|sample|3|162,0,0,-0.0781878,6.12473e-09,0,0,0,0,0,-0.0738258,-1.80567e-12,0,0,0,True,22.0|162,1042
8|1042|sample|4|162,0,0,-0.0696734,8.88426e-09,0,0,0,0,0,-0.0667335,-1.39444e-13,0,0,0,True,22.0|162,1042
8|1042|vc|1|2|162,0,0,-0.0169098,7.37475e-09,0,0,0,0,0,1.3465e-08,1.06581e-13,0,0,0,False,69.0|162,1042
8|1042|vc|2|2|162,0,0,0.0481291,-2.10404e-09,0,0,0,0,0,2.68577e-07,-7.99361e-14,0,0,0,False,69.0|162,1042
8|1042|vc|3|2|162,0,0,-0.0347499,4.85465e-09,0,0,0,0,0,3.97433e-07,8.08242e-14,0,0,0,False,69.0|162,1042
8|1042|vc|4|2|162,0,0,0.0140261,-3.11777e-10,0,0,0,0,0,3.19761e-07,-1.01252e-13,0,0,0,False,69.0|162,1042
8|1042|vc|5|2|162,0,0,0.022951,-1.14514e-09,0,0,0,0,0,-4.44561e-07,-3.81917e-14,0,0,0,False,69.0|162,1042
8|1042|vc|6|2|162,0,0,-0.00692516,5.7488e-10,0,0,0,0,0,-9.08744e-09,-1.51434e-13,0,0,0,False,69.0|162,1042
8|1042|vc|7|2|162,0,0,0.0333487,-1.67452e-09,0,0,0,0,0,-3.47308e-07,-7.81597e-14,0,0,0,False,69.0|162,1042
8|1042|vc|8|2|162,0,0,0.0140883,-5.07541e-10,0,0,0,0,0,-8.25932e-08,9.85878e-14,0,0,0,False,69.0|162,1042
8|863|cc|1|1|274,0,0,0.0249992,-4.29405e-09,0,0,0,0,0,1.65447e-07,-1.01252e-13,0,0,0,False,69.0|274,863
8|863|cc|2|1|274,0,0,0.030608,4.18662e-09,0,0,0,0,0,-7.68068e-08,-5.28466e-14,0,0,0,False,69.0|274,863
8|863|cc|3|1|274,0,0,0.00626038,-4.85814e-09,0,0,0,0,0,5.97448e-07,-1.68754e-13,0,0,0,False,69.0|274,863
8|863|cc|4|1|274,0,0,-0.00445422,-1.7051e-09,0,0,0,0,0,2.74074e-07,-4.66294e-14,0,0,0,False,69.0|274,863
8|863|cc|5|1|274,0,0,-0.00754693,-6.57527e-09,0,0,0,0,0,-2.87533e-07,2.17604e-14,0,0,0,False,69.0|274,863
8|863|cc|6|1|274,0,0,0.012645,7.33264e-10,0,0,0,0,0,-3.29177e-07,5.37348e-14,0,0,0,False,69.0|274,863
8|863|cc|7|1|274,0,0,0.0192555,-5.7769e-09,0,0,0,0,0,2.48735e-07,-8.39329e-14,0,0,0,False,69.0|274,863
8|863|cc|8|1|274,0,0,-0.00405745,1.23455e-09,0,0,0,0,0,2.50281e-07,1.55431e-14,0,0,0,False,69.0|274,863
8|863|sample|3|274,0,0,-0.0957639,9.76195e-10,0,0,0,0,0,-0.0995347,2.5846e-13,0,0,0,True,22.0|274,863
8|863|sample|4|274,0,0,-0.0856615,8.34782e-09,0,0,0,0,0,-0.0839888,-8.57092e-13,0,0,0,True,22.0|274,863
8|863|vc|1|2|274,0,0,-0.00519793,-6.44087e-09,0,0,0,0,0,1.97023e-07,1.42109e-14,0,0,0,False,69.0|274,863
8|863|vc|2|2|274,0,0,-0.0066157,6.4054e-09,0,0,0,0,0,2.72513e-07,7.10543e-15,0,0,0,False,69.0|274,863
8|863|vc|3|2|274,0,0,-0.0451382,-2.42873e-09,0,0,0,0,0,-3.58727e-07,-1.45661e-13,0,0,0,False,69.0|274,863
8|863|vc|4|2|274,0,0,-0.0184367,1.46567e-09,0,0,0,0,0,-1.46281e-07,6.70575e-14,0,0,0,False,69.0|274,863
8|863|vc|5|2|274,0,0,0.0217207,6.78961e-09,0,0,0,0,0,-1.97002e-07,-1.11022e-14,0,0,0,False,69.0|274,863
8|863|vc|6|2|274,0,0,-0.0169566,-6.10054e-09,0,0,0,0,0,-3.80661e-07,3.9968e-15,0,0,0,False,69.0|274,863
8|863|vc|7|2|274,0,0,-0.0144233,-1.22736e-09,0,0,0,0,0,-1.60912e-08,9.72555e-14,0,0,0,False,69.0|274,863
8|863|vc|8|2|274,0,0,-0.0081169,-2.18421e-09,0,0,0,0,0,3.18696e-07,-3.06422e-14,0,0,0,False,69.0|274,863
8|152|cc|1|1|322,0,0,0.0155097,-4.91919e-09,0,0,0,0,0,-1.72889e-07,-1.95399e-14,0,0,0,False,69.0|322,152
8|152|cc|2|1|322,0,0,0.0208986,1.13712e-09,0,0,0,0,0,3.02902e-07,-1.95399e-14,0,0,0,False,69.0|322,152
8|152|cc|3|1|322,0,0,-0.038885,6.48029e-09,0,0,0,0,0,1.10838e-07,1.77636e-14,0,0,0,False,69.0|322,152
8|152|cc|4|1|322,0,0,-0.0083034,-4.42765e-09,0,0,0,0,0,1.81631e-07,7.63833e-14,0,0,0,False,69.0|322,152
8|152|cc|5|1|322,0,0,-0.0274517,1.68515e-09,0,0,0,0,0,1.96824e-07,4.79616e-14,0,0,0,False,69.0|322,152
8|152|cc|6|1|322,0,0,-0.0198851,3.95464e-09,0,0,0,0,0,-3.11649e-07,-3.37508e-14,0,0,0,False,69.0|322,152
8|152|cc|7|1|322,0,0,0.0254746,-3.62429e-09,0,0,0,0,0,-2.58271e-07,6.03961e-14,0,0,0,False,69.0|322,152
8|152|cc|8|1|322,0,0,0.0195673,-1.90634e-09,0,0,0,0,0,2.84426e-08,-1.49214e-13,0,0,0,False,69.0|322,152
8|152|sample|3|322,0,0,-0.00673876,-2.65752e-09,0,0,0,0,0,0.00051904,-4.89386e-13,0,0,0,True,22.0|322,152
8|152|sample|4|322,0,0,0.0272045,4.57784e-09,0,0,0,0,0,0.0332431,5.71987e-13,0,0,0,True,22.0|322,152
8|152|vc|1|2|322,0,0,0.0258758,7.73986e-09,0,0,0,0,0,2.73557e-07,-3.19744e-14,0,0,0,False,69.0|322,152
8|152|vc|2|2|322,0,0,0.0151855,-1.33808e-09,0,0,0,0,0,-8.30573e-07,-5.24025e-14,0,0,0,False,69.0|322,152
8|152|vc|3|2|322,0,0,-0.0301945,1.2979e-09,0,0,0,0,0,4.30319e-07,4.61853e-14,0,0,0,False,69.0|322,152
8|152|vc|4|2|322,0,0,0.0149939,4.60879e-10,0,0,0,0,0,2.28936e-07,-7.63833e-14,0,0,0,False,69.0|322,152
8|152|vc|5|2|322,0,0,-0.0325807,-2.91799e-09,0,0,0,0,0,2.78844e-07,-2.4869e-14,0,0,0,False,69.0|322,152
8|152|vc|6|2|322,0,0,0.0169518,-3.88937e-09,0,0,0,0,0,3.33859e-07,-4.44089e-15,0,0,0,False,69.0|322,152
8|152|vc|7|2|322,0,0,0.0445979,4.64467e-09,0,0,0,0,0,-1.59037e-07,-3.37508e-14,0,0,0,False,69.0|322,152
8|152|vc|8|2|322,0,0,0.000286554,-8.03142e-10,0,0,0,0,0,3.07388e-07,5.77316e-14,0,0,0,False,69.0|322,152
9|411|cc|1|1|274,0,0,0.00304941,2.38569e-09,0,0,0,0,0,-2.50806e-07,-3.9968e-14,0,0,0,False,69.0|274,411
9|411|cc|2|1|274,0,0,0.00885877,9.02142e-09,0,0,0,0,0,-2.21881e-07,-9.14824e-14,0,0,0,False,69.0|274,411
9|411|cc|3|1|274,0,0,-0.0241383,5.96844e-09,0,0,0,0,0,3.33812e-07,-4.44089e-16,0,0,0,False,69.0|274,411
9|411|cc|4|1|274,0,0,0.000109768,2.22597e-09,0,0,0,0,0,-3.30705e-07,-2.35367e-14,0,0,0,False,69.0|274,411
9|411|cc|5|1|274,0,0,0.00761936,-2.89912e-09,0,0,0,0,0,-3.69598e-07,-4.84057e-14,0,0,0,False,69.0|274,411
9|411|cc|6|1|274,0,0,-0.00459626,-4.81897e-09,0,0,0,0,0,2.38973e-07,1.98952e-13,0,0,0,False,69.0|274,411
9|411|cc|7|1|274,0,0,0.0251568,-3.04069e-10,0,0,0,0,0,4.05959e-07,-2.9754e-14,0,0,0,False,69.0|274,411
9|411|cc|8|1|274,0,0,0.0507505,-4.55408e-09,0,0,0,0,0,3.09158e-07,-9.37028e-14,0,0,0,False,69.0|274,411
9|411|sample|10|274,0,0,-0.0240018,-6.82858e-09,0,0,0,0,0,-0.0173901,7.19425e-13,0,0,0,True,70.0|274,411
9|411|sample|11|274,0,0,-0.0808381,6.37705e-09,0,0,0,0,0,-0.0740736,3.0731e-13,0,0,0,True,70.0|274,411
9|411|sample|12|274,0,0,-0.0999427,5.28222e-09,0,0,0,0,0,-0.0964602,6.0929e-13,0,0,0,True,70.0|274,411
9|411|sample|3|274,0,0,-0.117579,-5.09166e-09,0,0,0,0,0,-0.109732,1.2701e-13,0,0,0,True,70.0|274,411
9|411|sample|4|274,0,0,-0.0403525,-1.20117e-09,0,0,0,0,0,-0.0346147,-9.18376e-13,0,0,0,True,70.0|274,411
9|411|sample|5|274,0,0,-0.021563,6.25056e-09,0,0,0,0,0,-0.0262876,-3.83693e-13,0,0,0,True,70.0|274,411
9|411|sample|6|274,0,0,-0.0196363,-2.95164e-09,0,0,0,0,0,-0.00788804,4.17444e-13,0,0,0,True,70.0|274,411
9|411|sample|7|274,0,0,-0.0864565,-5.71554e-09,0,0,0,0,0,-0.0821913,1.1724e-13,0,0,0,True,70.0|274,411
9|411|sample|8|274,0,0,-0.0834621,4.06368e-09,0,0,0,0,0,-0.0731169,1.01874e-12,0,0,0,True,70.0|274,411
9|411|sample|9|274,0,0,-0.0365552,-4.99001e-10,0,0,0,0,0,-0.0317493,-8.79297e-13,0,0,0,True,70.0|274,411
9|411|vc|1|2|274,0,0,0.0060484,-5.99986e-09,0,0,0,0,0,-1.58285e-07,-5.9952e-14,0,0,0,False,69.0|274,411
9|411|vc|2|2|274,0,0,-0.00843344,-6.8946e-09,0,0,0,0,0,-3.25385e-08,1.17684e-13,0,0,0,False,69.0|274,411
9|411|vc|3|2|274,0,0,-0.0270716,5.34332e-09,0,0,0,0,0,-8.72841e-08,1.28342e-13,0,0,0,False,69.0|274,411
9|411|vc|4|2|274,0,0,0.00566616,4.41895e-09,0,0,0,0,0,-1.49538e-07,-5.63993e-14,0,0,0,False,69.0|274,411
9|411|vc|5|2|274,0,0,0.0104075,-9.66836e-09,0,0,0,0,0,-2.40092e-07,-1.08802e-13,0,0,0,False,69.0|274,411
9|411|vc|6|2|274,0,0,0.00321699,2.37052e-09,0,0,0,0,0,-1.46243e-07,-1.32339e-13,0,0,0,False,69.0|274,411
9|411|vc|7|2|274,0,0,0.000107197,-1.77467e-09,0,0,0,0,0,-2.86246e-07,8.17124e-14,0,0,0,False,69.0|274,411
9|411|vc|8|2|274,0,0,0.0258201,8.91062e-09,0,0,0,0,0,-1.56293e-07,-1.12355e-13,0,0,0,False,69.0|274,411
