rep,id,L_gap,m,e,alpha,k,goes_down,mab_virus,run_id
1,9|411|9|411|sample|4|274|4|274|70.0,1.95434,1.5659,0.522816,0.0937219,-5.12421e-07,True,70.0|274,411
1,9|411|9|411|sample|3|274|3|274|70.0,1.95434,1.5659,0.394328,0.0937219,-5.12421e-07,True,70.0|274,411
1,9|411|9|411|sample|5|274|5|274|70.0,1.95434,1.5659,0.689486,0.0937219,-5.12421e-07,True,70.0|274,411
1,9|411|9|411|sample|6|274|6|274|70.0,1.95434,1.5659,0.782304,0.0937219,-5.12421e-07,True,70.0|274,411
1,9|411|9|411|sample|8|274|8|274|70.0,1.95434,1.5659,0.583255,0.0937219,-5.12421e-07,True,70.0|274,411
1,9|411|9|411|sample|7|274|7|274|70.0,1.95434,1.5659,0.551767,0.0937219,-5.12421e-07,True,70.0|274,411
1,9|411|9|411|sample|9|274|9|274|70.0,1.95434,1.5659,0.502561,0.0937219,-5.12421e-07,True,70.0|274,411
1,9|411|9|411|sample|10|274|10|274|70.0,1.95434,1.5659,0.696251,0.0937219,-5.12421e-07,True,70.0|274,411
1,9|411|9|411|sample|12|274|12|274|70.0,1.95434,1.5659,0.381015,0.0937219,-5.12421e-07,True,70.0|274,411
1,9|411|9|411|sample|11|274|11|274|70.0,1.95434,1.5659,0.393543,0.0937219,-5.12421e-07,True,70.0|274,411
1,9|411|9|411|cc|1|1|274|1|274|69.0,-0.422944,1.5659,0.156236,0.0937219,-5.12421e-07,False,69.0|274,411
1,9|411|9|411|cc|2|1|274|1|274|69.0,-0.422944,1.5659,30.0772,0.0937219,-5.12421e-07,False,69.0|274,411
1,9|411|9|411|cc|3|1|274|1|274|69.0,-0.422944,1.5659,13.376,0.0937219,-5.12421e-07,False,69.0|274,411
1,9|411|9|411|cc|4|1|274|1|274|69.0,-0.422944,1.5659,2.83928,0.0937219,-5.12421e-07,False,69.0|274,411
1,9|411|9|411|cc|5|1|274|1|274|69.0,-0.422944,1.5659,0.0439673,0.0937219,-5.12421e-07,False,69.0|274,411
1,9|411|9|411|cc|6|1|274|1|274|69.0,-0.422944,1.5659,1.48851,0.0937219,-5.12421e-07,False,69.0|274,411
1,9|411|9|411|cc|7|1|274|1|274|69.0,-0.422944,1.5659,0.500997,0.0937219,-5.12421e-07,False,69.0|274,411
1,9|411|9|411|cc|8|1|274|1|274|69.0,-0.422944,1.5659,2.00428,0.0937219,-5.12421e-07,False,69.0|274,411
1,9|411|9|411|vc|1|2|274|2|274|69.0,-0.422944,1.5659,5.88019,0.0937219,-5.12421e-07,False,69.0|274,411
1,9|411|9|411|vc|2|2|274|2|274|69.0,-0.422944,1.5659,0.007233,0.0937219,-5.12421e-07,False,69.0|274,411
1,9|411|9|411|vc|3|2|274|2|274|69.0,-0.422944,1.5659,0.397444,0.0937219,-5.12421e-07,False,69.0|274,411
1,9|411|9|411|vc|4|2|274|2|274|69.0,-0.422944,1.5659,2.62396,0.0937219,-5.12421e-07,False,69.0|274,411
1,9|411|9|411|vc|5|2|274|2|274|69.0,-0.422944,1.5659,17.5623,0.0937219,-5.12421e-07,False,69.0|274,411
1,9|411|9|411|vc|6|2|274|2|274|69.0,-0.422944,1.5659,0.00849356,0.0937219,-5.12421e-07,False,69.0|274,411
1,9|411|9|411|vc|7|2|274|2|274|69.0,-0.422944,1.5659,0.179566,0.0937219,-5.12421e-07,False,69.0|274,411
1,9|411|9|411|vc|8|2|274|2|274|69.0,-0.422944,1.5659,679.462,0.0937219,-5.12421e-07,False,69.0|274,411
1,14|783|14|783|sample|3|71|3|71|6.0,0.489868,1.5659,43.0266,0.0937377,-5.97349e-07,True,6.0|71,783
1,14|783|14|783|sample|4|71|4|71|6.0,0.489868,1.5659,34.0651,0.0937377,-5.97349e-07,True,6.0|71,783
1,14|783|14|783|sample|5|71|5|71|6.0,0.489868,1.5659,21.2571,0.0937377,-5.97349e-07,True,6.0|71,783
1,14|783|14|783|sample|6|71|6|71|6.0,0.489868,1.5659,19.7232,0.0937377,-5.97349e-07,True,6.0|71,783
1,14|783|14|783|sample|7|71|7|71|6.0,0.489868,1.5659,0.0592178,0.0937377,-5.97349e-07,True,6.0|71,783
1,14|783|14|783|sample|8|71|8|71|6.0,0.489868,1.5659,0.0878958,0.0937377,-5.97349e-07,True,6.0|71,783
1,14|783|14|783|sample|10|71|10|71|6.0,0.489868,1.5659,37.9987,0.0937377,-5.97349e-07,True,6.0|71,783
1,14|783|14|783|sample|9|71|9|71|6.0,0.489868,1.5659,34.2586,0.0937377,-5.97349e-07,True,6.0|71,783
1,14|783|14|783|sample|12|71|12|71|6.0,0.489868,1.5659,0.0183628,0.0937377,-5.97349e-07,True,6.0|71,783
1,14|783|14|783|sample|11|71|11|71|6.0,0.489868,1.5659,0.0189024,0.0937377,-5.97349e-07,True,6.0|71,783
1,14|783|14|783|cc|1|1|71|1|71|69.0,-0.641916,1.5659,3.96284,0.0937377,-5.97349e-07,False,69.0|71,783
1,14|783|14|783|cc|2|1|71|1|71|69.0,-0.641916,1.5659,5.22309,0.0937377,-5.97349e-07,False,69.0|71,783
1,14|783|14|783|cc|3|1|71|1|71|69.0,-0.641916,1.5659,8.2996,0.0937377,-5.97349e-07,False,69.0|71,783
1,14|783|14|783|cc|4|1|71|1|71|69.0,-0.641916,1.5659,0.065895,0.0937377,-5.97349e-07,False,69.0|71,783
1,14|783|14|783|cc|5|1|71|1|71|69.0,-0.641916,1.5659,0.418133,0.0937377,-5.97349e-07,False,69.0|71,783
1,14|783|14|783|cc|6|1|71|1|71|69.0,-0.641916,1.5659,0.00569842,0.0937377,-5.97349e-07,False,69.0|71,783
1,14|783|14|783|cc|7|1|71|1|71|69.0,-0.641916,1.5659,0.0632756,0.0937377,-5.97349e-07,False,69.0|71,783
1,14|783|14|783|cc|8|1|71|1|71|69.0,-0.641916,1.5659,11.7271,0.0937377,-5.97349e-07,False,69.0|71,783
1,14|783|14|783|vc|1|2|71|2|71|69.0,-0.641916,1.5659,4.21912,0.0937377,-5.97349e-07,False,69.0|71,783
1,14|783|14|783|vc|2|2|71|2|71|69.0,-0.641916,1.5659,0.0117947,0.0937377,-5.97349e-07,False,69.0|71,783
1,14|783|14|783|vc|3|2|71|2|71|69.0,-0.641916,1.5659,1.64182,0.0937377,-5.97349e-07,False,69.0|71,783
1,14|783|14|783|vc|4|2|71|2|71|69.0,-0.641916,1.5659,5.86039,0.0937377,-5.97349e-07,False,69.0|71,783
1,14|783|14|783|vc|5|2|71|2|71|69.0,-0.641916,1.5659,2.11495,0.0937377,-5.97349e-07,False,69.0|71,783
1,14|783|14|783|vc|6|2|71|2|71|69.0,-0.641916,1.5659,0.500838,0.0937377,-5.97349e-07,False,69.0|71,783
1,14|783|14|783|vc|7|2|71|2|71|69.0,-0.641916,1.5659,2.39748,0.0937377,-5.97349e-07,False,69.0|71,783
1,14|783|14|783|vc|8|2|71|2|71|69.0,-0.641916,1.5659,0.00712971,0.0937377,-5.97349e-07,False,69.0|71,783
1,14|491|14|491|sample|10|99|10|99|6.0,0.691427,1.5659,0.00763378,0.0937502,-0.000146771,True,6.0|99,491
1,14|491|14|491|sample|9|99|9|99|6.0,0.691427,1.5659,0.0075121,0.0937502,-0.000146771,True,6.0|99,491
1,14|491|14|491|sample|12|99|12|99|6.0,0.691427,1.5659,0.0645018,0.0937502,-0.000146771,True,6.0|99,491
1,14|491|14|491|sample|11|99|11|99|6.0,0.691427,1.5659,0.0909089,0.0937502,-0.000146771,True,6.0|99,491
1,14|491|14|491|sample|4|99|4|99|44.0,3.24917,1.5659,0.0956151,0.0937502,-0.000146771,True,44.0|99,491
1,14|491|14|491|sample|3|99|3|99|44.0,3.24917,1.5659,0.11053,0.0937502,-0.000146771,True,44.0|99,491
1,14|491|14|491|sample|6|99|6|99|44.0,3.24917,1.5659,0.336108,0.0937502,-0.000146771,True,44.0|99,491
1,14|491|14|491|sample|5|99|5|99|44.0,3.24917,1.5659,0.284471,0.0937502,-0.000146771,True,44.0|99,491
1,14|491|14|491|sample|7|99|7|99|63.0,1.59162,1.5659,0.00310695,0.0937502,-0.000146771,True,63.0|99,491
1,14|491|14|491|sample|8|99|8|99|63.0,1.59162,1.5659,0.00483932,0.0937502,-0.000146771,True,63.0|99,491
1,14|491|14|491|cc|1|1|99|1|99|69.0,0.381755,1.5659,4.06839,0.0937502,-0.000146771,False,69.0|99,491
1,14|491|14|491|cc|2|1|99|1|99|69.0,0.381755,1.5659,0.0158446,0.0937502,-0.000146771,False,69.0|99,491
1,14|491|14|491|cc|3|1|99|1|99|69.0,0.381755,1.5659,4.21035,0.0937502,-0.000146771,False,69.0|99,491
1,14|491|14|491|cc|4|1|99|1|99|69.0,0.381755,1.5659,14.5398,0.0937502,-0.000146771,False,69.0|99,491
1,14|491|14|491|cc|5|1|99|1|99|69.0,0.381755,1.5659,57.4125,0.0937502,-0.000146771,False,69.0|99,491
1,14|491|14|491|cc|6|1|99|1|99|69.0,0.381755,1.5659,30581.3,0.0937502,-0.000146771,False,69.0|99,491
1,14|491|14|491|cc|7|1|99|1|99|69.0,0.381755,1.5659,0.838698,0.0937502,-0.000146771,False,69.0|99,491
1,14|491|14|491|cc|8|1|99|1|99|69.0,0.381755,1.5659,27.1094,0.0937502,-0.000146771,False,69.0|99,491
1,14|491|14|491|vc|1|2|99|2|99|69.0,0.381755,1.5659,227.038,0.0937502,-0.000146771,False,69.0|99,491
1,14|491|14|491|vc|2|2|99|2|99|69.0,0.381755,1.5659,12.5094,0.0937502,-0.000146771,False,69.0|99,491
1,14|491|14|491|vc|3|2|99|2|99|69.0,0.381755,1.5659,3.44629,0.0937502,-0.000146771,False,69.0|99,491
1,14|491|14|491|vc|4|2|99|2|99|69.0,0.381755,1.5659,0.118777,0.0937502,-0.000146771,False,69.0|99,491
1,14|491|14|491|vc|5|2|99|2|99|69.0,0.381755,1.5659,7.53433,0.0937502,-0.000146771,False,69.0|99,491
1,14|491|14|491|vc|6|2|99|2|99|69.0,0.381755,1.5659,0.409642,0.0937502,-0.000146771,False,69.0|99,491
1,14|491|14|491|vc|7|2|99|2|99|69.0,0.381755,1.5659,29.9052,0.0937502,-0.000146771,False,69.0|99,491
1,14|491|14|491|vc|8|2|99|2|99|69.0,0.381755,1.5659,0.00194278,0.0937502,-0.000146771,False,69.0|99,491
1,14|433|14|433|sample|4|99|4|99|6.0,0.691427,1.5659,0.0784884,0.093734,-7.94479e-07,True,6.0|99,433
1,14|433|14|433|sample|3|99|3|99|6.0,0.691427,1.5659,0.0564656,0.093734,-7.94479e-07,True,6.0|99,433
1,14|433|14|433|sample|6|99|6|99|6.0,0.691427,1.5659,1.32842,0.093734,-7.94479e-07,True,6.0|99,433
1,14|433|14|433|sample|5|99|5|99|6.0,0.691427,1.5659,1.67968,0.093734,-7.94479e-07,True,6.0|99,433
1,14|433|14|433|sample|8|99|8|99|6.0,0.691427,1.5659,0.0132576,0.093734,-7.94479e-07,True,6.0|99,433
1,14|433|14|433|sample|7|99|7|99|6.0,0.691427,1.5659,0.0110625,0.093734,-7.94479e-07,True,6.0|99,433
1,14|433|14|433|sample|10|99|10|99|6.0,0.691427,1.5659,0.118674,0.093734,-7.94479e-07,True,6.0|99,433
1,14|433|14|433|sample|9|99|9|99|6.0,0.691427,1.5659,0.185211,0.093734,-7.94479e-07,True,6.0|99,433
1,14|433|14|433|sample|11|99|11|99|6.0,0.691427,1.5659,0.790272,0.093734,-7.94479e-07,True,6.0|99,433
1,14|433|14|433|sample|12|99|12|99|6.0,0.691427,1.5659,0.807999,0.093734,-7.94479e-07,True,6.0|99,433
1,14|433|14|433|cc|1|1|99|1|99|69.0,0.381755,1.5659,0.065516,0.093734,-7.94479e-07,False,69.0|99,433
1,14|433|14|433|cc|2|1|99|1|99|69.0,0.381755,1.5659,2.39565,0.093734,-7.94479e-07,False,69.0|99,433
1,14|433|14|433|cc|3|1|99|1|99|69.0,0.381755,1.5659,51.3396,0.093734,-7.94479e-07,False,69.0|99,433
1,14|433|14|433|cc|4|1|99|1|99|69.0,0.381755,1.5659,11.582,0.093734,-7.94479e-07,False,69.0|99,433
1,14|433|14|433|cc|5|1|99|1|99|69.0,0.381755,1.5659,0.784397,0.093734,-7.94479e-07,False,69.0|99,433
1,14|433|14|433|cc|6|1|99|1|99|69.0,0.381755,1.5659,0.975341,0.093734,-7.94479e-07,False,69.0|99,433
1,14|433|14|433|cc|7|1|99|1|99|69.0,0.381755,1.5659,2.02873,0.093734,-7.94479e-07,False,69.0|99,433
1,14|433|14|433|cc|8|1|99|1|99|69.0,0.381755,1.5659,8.23983,0.093734,-7.94479e-07,False,69.0|99,433
1,14|433|14|433|vc|1|2|99|2|99|69.0,0.381755,1.5659,22.0694,0.093734,-7.94479e-07,False,69.0|99,433
1,14|433|14|433|vc|2|2|99|2|99|69.0,0.381755,1.5659,0.841608,0.093734,-7.94479e-07,False,69.0|99,433
1,14|433|14|433|vc|3|2|99|2|99|69.0,0.381755,1.5659,0.00655881,0.093734,-7.94479e-07,False,69.0|99,433
1,14|433|14|433|vc|4|2|99|2|99|69.0,0.381755,1.5659,0.542592,0.093734,-7.94479e-07,False,69.0|99,433
1,14|433|14|433|vc|5|2|99|2|99|69.0,0.381755,1.5659,1.39367,0.093734,-7.94479e-07,False,69.0|99,433
1,14|433|14|433|vc|6|2|99|2|99|69.0,0.381755,1.5659,11.6429,0.093734,-7.94479e-07,False,69.0|99,433
1,14|433|14|433|vc|7|2|99|2|99|69.0,0.381755,1.5659,108.567,0.093734,-7.94479e-07,False,69.0|99,433
1,14|433|14|433|vc|8|2|99|2|99|69.0,0.381755,1.5659,3.86094,0.093734,-7.94479e-07,False,69.0|99,433
1,14|297|14|297|sample|3|71|3|71|6.0,0.489868,1.5659,1.04999,0.0937499,-5.58227e-07,True,6.0|71,297
1,14|297|14|297|sample|4|71|4|71|6.0,0.489868,1.5659,1.11657,0.0937499,-5.58227e-07,True,6.0|71,297
1,14|297|14|297|sample|5|71|5|71|6.0,0.489868,1.5659,0.0305541,0.0937499,-5.58227e-07,True,6.0|71,297
1,14|297|14|297|sample|6|71|6|71|6.0,0.489868,1.5659,0.0257536,0.0937499,-5.58227e-07,True,6.0|71,297
1,14|297|14|297|sample|8|71|8|71|6.0,0.489868,1.5659,0.0757738,0.0937499,-5.58227e-07,True,6.0|71,297
1,14|297|14|297|sample|7|71|7|71|6.0,0.489868,1.5659,0.0544582,0.0937499,-5.58227e-07,True,6.0|71,297
1,14|297|14|297|sample|9|71|9|71|6.0,0.489868,1.5659,0.0408917,0.0937499,-5.58227e-07,True,6.0|71,297
1,14|297|14|297|sample|10|71|10|71|6.0,0.489868,1.5659,0.0301046,0.0937499,-5.58227e-07,True,6.0|71,297
1,14|297|14|297|sample|12|71|12|71|6.0,0.489868,1.5659,3.74354,0.0937499,-5.58227e-07,True,6.0|71,297
1,14|297|14|297|sample|11|71|11|71|6.0,0.489868,1.5659,3.2786,0.0937499,-5.58227e-07,True,6.0|71,297
1,14|297|14|297|cc|1|1|71|1|71|69.0,-0.641916,1.5659,1.07052,0.0937499,-5.58227e-07,False,69.0|71,297
1,14|297|14|297|cc|2|1|71|1|71|69.0,-0.641916,1.5659,2.14884,0.0937499,-5.58227e-07,False,69.0|71,297
1,14|297|14|297|cc|3|1|71|1|71|69.0,-0.641916,1.5659,0.637789,0.0937499,-5.58227e-07,False,69.0|71,297
1,14|297|14|297|cc|4|1|71|1|71|69.0,-0.641916,1.5659,3.60563,0.0937499,-5.58227e-07,False,69.0|71,297
1,14|297|14|297|cc|5|1|71|1|71|69.0,-0.641916,1.5659,2.24797,0.0937499,-5.58227e-07,False,69.0|71,297
1,14|297|14|297|cc|6|1|71|1|71|69.0,-0.641916,1.5659,9.54789,0.0937499,-5.58227e-07,False,69.0|71,297
1,14|297|14|297|cc|7|1|71|1|71|69.0,-0.641916,1.5659,21.9171,0.0937499,-5.58227e-07,False,69.0|71,297
1,14|297|14|297|cc|8|1|71|1|71|69.0,-0.641916,1.5659,2.70857,0.0937499,-5.58227e-07,False,69.0|71,297
1,14|297|14|297|vc|1|2|71|2|71|69.0,-0.641916,1.5659,0.307438,0.0937499,-5.58227e-07,False,69.0|71,297
1,14|297|14|297|vc|2|2|71|2|71|69.0,-0.641916,1.5659,1.20391,0.0937499,-5.58227e-07,False,69.0|71,297
1,14|297|14|297|vc|3|2|71|2|71|69.0,-0.641916,1.5659,0.00288889,0.0937499,-5.58227e-07,False,69.0|71,297
1,14|297|14|297|vc|4|2|71|2|71|69.0,-0.641916,1.5659,1.72585,0.0937499,-5.58227e-07,False,69.0|71,297
1,14|297|14|297|vc|5|2|71|2|71|69.0,-0.641916,1.5659,0.00128408,0.0937499,-5.58227e-07,False,69.0|71,297
1,14|297|14|297|vc|6|2|71|2|71|69.0,-0.641916,1.5659,0.335477,0.0937499,-5.58227e-07,False,69.0|71,297
1,14|297|14|297|vc|7|2|71|2|71|69.0,-0.641916,1.5659,0.65089,0.0937499,-5.58227e-07,False,69.0|71,297
1,14|297|14|297|vc|8|2|71|2|71|69.0,-0.641916,1.5659,0.00455567,0.0937499,-5.58227e-07,False,69.0|71,297
1,14|183|14|183|sample|4|233|4|233|6.0,3.93314,1.5659,0.247804,-0.0368261,4.36482e-05,True,6.0|233,183
1,14|183|14|183|sample|3|233|3|233|6.0,3.93314,1.5659,0.400586,-0.0368261,4.36482e-05,True,6.0|233,183
1,14|183|14|183|sample|6|233|6|233|6.0,3.93314,1.5659,0.117795,-0.0368261,4.36482e-05,True,6.0|233,183
1,14|183|14|183|sample|5|233|5|233|6.0,3.93314,1.5659,0.126748,-0.0368261,4.36482e-05,True,6.0|233,183
1,14|183|14|183|sample|7|233|7|233|6.0,3.93314,1.5659,0.278897,-0.0368261,4.36482e-05,True,6.0|233,183
1,14|183|14|183|sample|8|233|8|233|6.0,3.93314,1.5659,0.344515,-0.0368261,4.36482e-05,True,6.0|233,183
1,14|183|14|183|sample|10|233|10|233|6.0,3.93314,1.5659,0.117749,-0.0368261,4.36482e-05,True,6.0|233,183
1,14|183|14|183|sample|9|233|9|233|6.0,3.93314,1.5659,0.118289,-0.0368261,4.36482e-05,True,6.0|233,183
1,14|183|14|183|sample|12|233|12|233|6.0,3.93314,1.5659,0.490874,-0.0368261,4.36482e-05,True,6.0|233,183
1,14|183|14|183|sample|11|233|11|233|6.0,3.93314,1.5659,1.33621,-0.0368261,4.36482e-05,True,6.0|233,183
1,14|183|14|183|cc|1|1|233|1|233|69.0,-0.0395339,1.5659,0.651832,-0.0368261,4.36482e-05,False,69.0|233,183
1,14|183|14|183|cc|2|1|233|1|233|69.0,-0.039534,1.5659,1.85547,-0.0368261,4.36482e-05,False,69.0|233,183
1,14|183|14|183|cc|3|1|233|1|233|69.0,-0.0395339,1.5659,0.270563,-0.0368261,4.36482e-05,False,69.0|233,183
1,14|183|14|183|cc|4|1|233|1|233|69.0,-0.039534,1.5659,1.60838,-0.0368261,4.36482e-05,False,69.0|233,183
1,14|183|14|183|cc|5|1|233|1|233|69.0,-0.039534,1.5659,0.434544,-0.0368261,4.36482e-05,False,69.0|233,183
1,14|183|14|183|cc|6|1|233|1|233|69.0,-0.039534,1.5659,0.0350366,-0.0368261,4.36482e-05,False,69.0|233,183
1,14|183|14|183|cc|7|1|233|1|233|69.0,-0.039534,1.5659,32.6461,-0.0368261,4.36482e-05,False,69.0|233,183
1,14|183|14|183|cc|8|1|233|1|233|69.0,-0.0395341,1.5659,114.849,-0.0368261,4.36482e-05,False,69.0|233,183
1,14|183|14|183|vc|1|2|233|2|233|69.0,-0.039534,1.5659,0.0801031,-0.0368261,4.36482e-05,False,69.0|233,183
1,14|183|14|183|vc|2|2|233|2|233|69.0,-0.039534,1.5659,1.71024,-0.0368261,4.36482e-05,False,69.0|233,183
1,14|183|14|183|vc|3|2|233|2|233|69.0,-0.039534,1.5659,7.78341,-0.0368261,4.36482e-05,False,69.0|233,183
1,14|183|14|183|vc|4|2|233|2|233|69.0,-0.039534,1.5659,0.121282,-0.0368261,4.36482e-05,False,69.0|233,183
1,14|183|14|183|vc|5|2|233|2|233|69.0,-0.0395339,1.5659,0.165124,-0.0368261,4.36482e-05,False,69.0|233,183
1,14|183|14|183|vc|6|2|233|2|233|69.0,-0.039534,1.5659,2.19619,-0.0368261,4.36482e-05,False,69.0|233,183
1,14|183|14|183|vc|7|2|233|2|233|69.0,-0.039534,1.5659,0.489241,-0.0368261,4.36482e-05,False,69.0|233,183
1,14|183|14|183|vc|8|2|233|2|233|69.0,-0.0395339,1.5659,0.167356,-0.0368261,4.36482e-05,False,69.0|233,183
1,14|705|14|705|sample|3|233|3|233|6.0,3.93314,1.5659,48.7138,0.0937377,-3.40731e-07,False,6.0|233,705
1,14|705|14|705|sample|4|233|4|233|6.0,3.93314,1.5659,82.2467,0.0937377,-3.40731e-07,False,6.0|233,705
1,14|705|14|705|sample|5|233|5|233|6.0,3.93314,1.5659,84.708,0.0937377,-3.40731e-07,False,6.0|233,705
1,14|705|14|705|sample|6|233|6|233|6.0,3.93314,1.5659,257.551,0.0937377,-3.40731e-07,False,6.0|233,705
1,14|705|14|705|sample|7|233|7|233|6.0,3.93314,1.5659,90.5286,0.0937377,-3.40731e-07,False,6.0|233,705
1,14|705|14|705|sample|8|233|8|233|6.0,3.93314,1.5659,69.3244,0.0937377,-3.40731e-07,False,6.0|233,705
1,14|705|14|705|sample|10|233|10|233|6.0,3.93314,1.5659,0.168681,0.0937377,-3.40731e-07,True,6.0|233,705
1,14|705|14|705|sample|9|233|9|233|6.0,3.93314,1.5659,0.241704,0.0937377,-3.40731e-07,True,6.0|233,705
1,14|705|14|705|sample|12|233|12|233|6.0,3.93314,1.5659,0.211357,0.0937377,-3.40731e-07,True,6.0|233,705
1,14|705|14|705|sample|11|233|11|233|6.0,3.93314,1.5659,0.234381,0.0937377,-3.40731e-07,True,6.0|233,705
1,14|705|14|705|cc|1|1|233|1|233|69.0,-0.039534,1.5659,1.40822,0.0937377,-3.40731e-07,False,69.0|233,705
1,14|705|14|705|cc|2|1|233|1|233|69.0,-0.039534,1.5659,198.76,0.0937377,-3.40731e-07,False,69.0|233,705
1,14|705|14|705|cc|3|1|233|1|233|69.0,-0.0395339,1.5659,0.0872056,0.0937377,-3.40731e-07,False,69.0|233,705
1,14|705|14|705|cc|4|1|233|1|233|69.0,-0.0395339,1.5659,7.60101,0.0937377,-3.40731e-07,False,69.0|233,705
1,14|705|14|705|cc|5|1|233|1|233|69.0,-0.039534,1.5659,3.30472,0.0937377,-3.40731e-07,False,69.0|233,705
1,14|705|14|705|cc|6|1|233|1|233|69.0,-0.039534,1.5659,347.239,0.0937377,-3.40731e-07,False,69.0|233,705
1,14|705|14|705|cc|7|1|233|1|233|69.0,-0.0395339,1.5659,0.0190112,0.0937377,-3.40731e-07,False,69.0|233,705
1,14|705|14|705|cc|8|1|233|1|233|69.0,-0.039534,1.5659,1.31164,0.0937377,-3.40731e-07,False,69.0|233,705
1,14|705|14|705|vc|1|2|233|2|233|69.0,-0.0395339,1.5659,0.0230986,0.0937377,-3.40731e-07,False,69.0|233,705
1,14|705|14|705|vc|2|2|233|2|233|69.0,-0.039534,1.5659,0.10139,0.0937377,-3.40731e-07,False,69.0|233,705
1,14|705|14|705|vc|3|2|233|2|233|69.0,-0.0395339,1.5659,0.023665,0.0937377,-3.40731e-07,False,69.0|233,705
1,14|705|14|705|vc|4|2|233|2|233|69.0,-0.039534,1.5659,1.12042,0.0937377,-3.40731e-07,False,69.0|233,705
1,14|705|14|705|vc|5|2|233|2|233|69.0,-0.0395341,1.5659,0.00421984,0.0937377,-3.40731e-07,False,69.0|233,705
1,14|705|14|705|vc|6|2|233|2|233|69.0,-0.039534,1.5659,18.6053,0.0937377,-3.40731e-07,False,69.0|233,705
1,14|705|14|705|vc|7|2|233|2|233|69.0,-0.039534,1.5659,8.39501,0.0937377,-3.40731e-07,False,69.0|233,705
1,14|705|14|705|vc|8|2|233|2|233|69.0,-0.0395341,1.5659,5.86418,0.0937377,-3.40731e-07,False,69.0|233,705
1,14|555|14|555|sample|4|233|4|233|6.0,3.93314,1.5659,8.57219,0.0937374,-6.59236e-07,True,6.0|233,555
1,14|555|14|555|sample|3|233|3|233|6.0,3.93314,1.5659,9.08273,0.0937374,-6.59236e-07,True,6.0|233,555
1,14|555|14|555|sample|5|233|5|233|6.0,3.93314,1.5659,6.55979,0.0937374,-6.59236e-07,True,6.0|233,555
1,14|555|14|555|sample|6|233|6|233|6.0,3.93314,1.5659,10.0027,0.0937374,-6.59236e-07,True,6.0|233,555
1,14|555|14|555|sample|7|233|7|233|6.0,3.93314,1.5659,0.217677,0.0937374,-6.59236e-07,True,6.0|233,555
1,14|555|14|555|sample|8|233|8|233|6.0,3.93314,1.5659,0.323099,0.0937374,-6.59236e-07,True,6.0|233,555
1,14|555|14|555|sample|9|233|9|233|6.0,3.93314,1.5659,5.91123,0.0937374,-6.59236e-07,True,6.0|233,555
1,14|555|14|555|sample|10|233|10|233|6.0,3.93314,1.5659,10.1886,0.0937374,-6.59236e-07,True,6.0|233,555
1,14|555|14|555|sample|12|233|12|233|6.0,3.93314,1.5659,0.085592,0.0937374,-6.59236e-07,True,6.0|233,555
1,14|555|14|555|sample|11|233|11|233|6.0,3.93314,1.5659,0.0959356,0.0937374,-6.59236e-07,True,6.0|233,555
1,14|555|14|555|cc|1|1|233|1|233|69.0,-0.0395339,1.5659,0.00688221,0.0937374,-6.59236e-07,False,69.0|233,555
1,14|555|14|555|cc|2|1|233|1|233|69.0,-0.0395339,1.5659,8.45668,0.0937374,-6.59236e-07,False,69.0|233,555
1,14|555|14|555|cc|3|1|233|1|233|69.0,-0.039534,1.5659,0.0634362,0.0937374,-6.59236e-07,False,69.0|233,555
1,14|555|14|555|cc|4|1|233|1|233|69.0,-0.0395341,1.5659,0.128302,0.0937374,-6.59236e-07,False,69.0|233,555
1,14|555|14|555|cc|5|1|233|1|233|69.0,-0.039534,1.5659,2.22333,0.0937374,-6.59236e-07,False,69.0|233,555
1,14|555|14|555|cc|6|1|233|1|233|69.0,-0.0395339,1.5659,1178.59,0.0937374,-6.59236e-07,False,69.0|233,555
1,14|555|14|555|cc|7|1|233|1|233|69.0,-0.039534,1.5659,24.4741,0.0937374,-6.59236e-07,False,69.0|233,555
1,14|555|14|555|cc|8|1|233|1|233|69.0,-0.039534,1.5659,14.8635,0.0937374,-6.59236e-07,False,69.0|233,555
1,14|555|14|555|vc|1|2|233|2|233|69.0,-0.0395339,1.5659,3.15974,0.0937374,-6.59236e-07,False,69.0|233,555
1,14|555|14|555|vc|2|2|233|2|233|69.0,-0.0395339,1.5659,0.00524896,0.0937374,-6.59236e-07,False,69.0|233,555
1,14|555|14|555|vc|3|2|233|2|233|69.0,-0.0395339,1.5659,0.00683242,0.0937374,-6.59236e-07,False,69.0|233,555
1,14|555|14|555|vc|4|2|233|2|233|69.0,-0.0395339,1.5659,315.943,0.0937374,-6.59236e-07,False,69.0|233,555
1,14|555|14|555|vc|5|2|233|2|233|69.0,-0.0395339,1.5659,23.754,0.0937374,-6.59236e-07,False,69.0|233,555
1,14|555|14|555|vc|6|2|233|2|233|69.0,-0.039534,1.5659,0.510949,0.0937374,-6.59236e-07,False,69.0|233,555
1,14|555|14|555|vc|7|2|233|2|233|69.0,-0.039534,1.5659,0.0125937,0.0937374,-6.59236e-07,False,69.0|233,555
1,14|555|14|555|vc|8|2|233|2|233|69.0,-0.0395339,1.5659,1.46752,0.0937374,-6.59236e-07,False,69.0|233,555
1,14|394|14|394|sample|5|42|5|42|6.0,1.57456,1.5659,21.3646,0.0937371,1.69209e-05,True,6.0|42,394
1,14|394|14|394|sample|6|42|6|42|6.0,1.57456,1.5659,20.7505,0.0937371,1.69209e-05,True,6.0|42,394
1,14|394|14|394|sample|7|42|7|42|6.0,1.57456,1.5659,48.2542,0.0937371,1.69209e-05,True,6.0|42,394
1,14|394|14|394|sample|8|42|8|42|6.0,1.57456,1.5659,56.2637,0.0937371,1.69209e-05,True,6.0|42,394
1,14|394|14|394|sample|10|42|10|42|6.0,1.57456,1.5659,10.541,0.0937371,1.69209e-05,True,6.0|42,394
1,14|394|14|394|sample|9|42|9|42|6.0,1.57456,1.5659,8.19586,0.0937371,1.69209e-05,True,6.0|42,394
1,14|394|14|394|sample|12|42|12|42|6.0,1.57456,1.5659,32.8372,0.0937371,1.69209e-05,True,6.0|42,394
1,14|394|14|394|sample|11|42|11|42|6.0,1.57456,1.5659,25.021,0.0937371,1.69209e-05,True,6.0|42,394
1,14|394|14|394|sample|3|42|3|42|63.0,8.34622,1.5659,0.0309726,0.0937371,1.69209e-05,True,63.0|42,394
1,14|394|14|394|sample|4|42|4|42|63.0,8.34622,1.5659,0.178544,0.0937371,1.69209e-05,True,63.0|42,394
1,14|394|14|394|cc|1|1|42|1|42|69.0,-0.468826,1.5659,2.45152,0.0937371,1.69209e-05,False,69.0|42,394
1,14|394|14|394|cc|2|1|42|1|42|69.0,-0.468826,1.5659,0.0030429,0.0937371,1.69209e-05,False,69.0|42,394
1,14|394|14|394|cc|3|1|42|1|42|69.0,-0.468826,1.5659,0.0542842,0.0937371,1.69209e-05,False,69.0|42,394
1,14|394|14|394|cc|4|1|42|1|42|69.0,-0.468826,1.5659,0.804805,0.0937371,1.69209e-05,False,69.0|42,394
1,14|394|14|394|cc|5|1|42|1|42|69.0,-0.468826,1.5659,0.726125,0.0937371,1.69209e-05,False,69.0|42,394
1,14|394|14|394|cc|6|1|42|1|42|69.0,-0.468826,1.5659,0.12874,0.0937371,1.69209e-05,False,69.0|42,394
1,14|394|14|394|cc|7|1|42|1|42|69.0,-0.468826,1.5659,2.49257,0.0937371,1.69209e-05,False,69.0|42,394
1,14|394|14|394|cc|8|1|42|1|42|69.0,-0.468826,1.5659,0.522438,0.0937371,1.69209e-05,False,69.0|42,394
1,14|394|14|394|vc|1|2|42|2|42|69.0,-0.468826,1.5659,0.0566738,0.0937371,1.69209e-05,False,69.0|42,394
1,14|394|14|394|vc|2|2|42|2|42|69.0,-0.468826,1.5659,0.1835,0.0937371,1.69209e-05,False,69.0|42,394
1,14|394|14|394|vc|3|2|42|2|42|69.0,-0.468826,1.5659,175.074,0.0937371,1.69209e-05,False,69.0|42,394
1,14|394|14|394|vc|4|2|42|2|42|69.0,-0.468826,1.5659,26.5631,0.0937371,1.69209e-05,False,69.0|42,394
1,14|394|14|394|vc|5|2|42|2|42|69.0,-0.468826,1.5659,4.17434,0.0937371,1.69209e-05,False,69.0|42,394
1,14|394|14|394|vc|6|2|42|2|42|69.0,-0.468826,1.5659,46.6228,0.0937371,1.69209e-05,False,69.0|42,394
1,14|394|14|394|vc|7|2|42|2|42|69.0,-0.468826,1.5659,18.8669,0.0937371,1.69209e-05,False,69.0|42,394
1,14|394|14|394|vc|8|2|42|2|42|69.0,-0.468826,1.5659,0.970516,0.0937371,1.69209e-05,False,69.0|42,394
1,14|1099|14|1099|sample|3|73|3|73|6.0,2.38906,1.5659,14.9699,0.0937354,3.26503e-06,True,6.0|73,1099
1,14|1099|14|1099|sample|4|73|4|73|6.0,2.38906,1.5659,19.9126,0.0937354,3.26503e-06,True,6.0|73,1099
1,14|1099|14|1099|sample|5|73|5|73|6.0,2.38906,1.5659,28.0016,0.0937354,3.26503e-06,True,6.0|73,1099
1,14|1099|14|1099|sample|6|73|6|73|6.0,2.38906,1.5659,34.5579,0.0937354,3.26503e-06,True,6.0|73,1099
1,14|1099|14|1099|sample|8|73|8|73|6.0,2.38906,1.5659,33.9815,0.0937354,3.26503e-06,True,6.0|73,1099
1,14|1099|14|1099|sample|7|73|7|73|6.0,2.38906,1.5659,80.5053,0.0937354,3.26503e-06,True,6.0|73,1099
1,14|1099|14|1099|sample|9|73|9|73|6.0,2.38906,1.5659,25.0655,0.0937354,3.26503e-06,True,6.0|73,1099
1,14|1099|14|1099|sample|10|73|10|73|6.0,2.38906,1.5659,29.5169,0.0937354,3.26503e-06,True,6.0|73,1099
1,14|1099|14|1099|sample|11|73|11|73|6.0,2.38906,1.5659,65.4051,0.0937354,3.26503e-06,True,6.0|73,1099
1,14|1099|14|1099|sample|12|73|12|73|6.0,2.38906,1.5659,95.5447,0.0937354,3.26503e-06,True,6.0|73,1099
1,14|1099|14|1099|cc|1|1|73|1|73|69.0,1.21835,1.5659,1.36032,0.0937354,3.26503e-06,False,69.0|73,1099
1,14|1099|14|1099|cc|2|1|73|1|73|69.0,1.21835,1.5659,0.645035,0.0937354,3.26503e-06,False,69.0|73,1099
1,14|1099|14|1099|cc|3|1|73|1|73|69.0,1.21835,1.5659,7.36405,0.0937354,3.26503e-06,False,69.0|73,1099
1,14|1099|14|1099|cc|4|1|73|1|73|69.0,1.21835,1.5659,8.09846,0.0937354,3.26503e-06,False,69.0|73,1099
1,14|1099|14|1099|cc|5|1|73|1|73|69.0,1.21835,1.5659,0.0952251,0.0937354,3.26503e-06,False,69.0|73,1099
1,14|1099|14|1099|cc|6|1|73|1|73|69.0,1.21835,1.5659,229.794,0.0937354,3.26503e-06,False,69.0|73,1099
1,14|1099|14|1099|cc|7|1|73|1|73|69.0,1.21835,1.5659,6.87607,0.0937354,3.26503e-06,False,69.0|73,1099
1,14|1099|14|1099|cc|8|1|73|1|73|69.0,1.21835,1.5659,1.34043,0.0937354,3.26503e-06,False,69.0|73,1099
1,14|1099|14|1099|vc|1|2|73|2|73|69.0,1.21835,1.5659,6.09988,0.0937354,3.26503e-06,False,69.0|73,1099
1,14|1099|14|1099|vc|2|2|73|2|73|69.0,1.21835,1.5659,0.0698592,0.0937354,3.26503e-06,False,69.0|73,1099
1,14|1099|14|1099|vc|3|2|73|2|73|69.0,1.21835,1.5659,0.134343,0.0937354,3.26503e-06,False,69.0|73,1099
1,14|1099|14|1099|vc|4|2|73|2|73|69.0,1.21835,1.5659,10.7252,0.0937354,3.26503e-06,False,69.0|73,1099
1,14|1099|14|1099|vc|5|2|73|2|73|69.0,1.21835,1.5659,0.0924181,0.0937354,3.26503e-06,False,69.0|73,1099
1,14|1099|14|1099|vc|6|2|73|2|73|69.0,1.21835,1.5659,1.64748,0.0937354,3.26503e-06,False,69.0|73,1099
1,14|1099|14|1099|vc|7|2|73|2|73|69.0,1.21835,1.5659,0.905799,0.0937354,3.26503e-06,False,69.0|73,1099
1,14|1099|14|1099|vc|8|2|73|2|73|69.0,1.21835,1.5659,0.0425762,0.0937354,3.26503e-06,False,69.0|73,1099
1,14|611|14|611|sample|4|73|4|73|6.0,2.38906,1.5659,106.01,0.00760407,9.05772e-06,True,6.0|73,611
1,14|611|14|611|sample|3|73|3|73|6.0,2.38906,1.5659,99.1524,0.00760407,9.05772e-06,True,6.0|73,611
1,14|611|14|611|sample|5|73|5|73|6.0,2.38906,1.5659,35.911,0.00760407,9.05772e-06,True,6.0|73,611
1,14|611|14|611|sample|6|73|6|73|6.0,2.38906,1.5659,42.9389,0.00760407,9.05772e-06,True,6.0|73,611
1,14|611|14|611|sample|7|73|7|73|6.0,2.38906,1.5659,76.859,0.00760407,9.05772e-06,True,6.0|73,611
1,14|611|14|611|sample|8|73|8|73|6.0,2.38906,1.5659,4398.7,0.00760407,9.05772e-06,True,6.0|73,611
1,14|611|14|611|sample|9|73|9|73|6.0,2.38906,1.5659,13.7359,0.00760407,9.05772e-06,True,6.0|73,611
1,14|611|14|611|sample|10|73|10|73|6.0,2.38906,1.5659,15.6678,0.00760407,9.05772e-06,True,6.0|73,611
1,14|611|14|611|sample|12|73|12|73|6.0,2.38906,1.5659,85.6981,0.00760407,9.05772e-06,True,6.0|73,611
1,14|611|14|611|sample|11|73|11|73|6.0,2.38906,1.5659,80.4278,0.00760407,9.05772e-06,True,6.0|73,611
1,14|611|14|611|cc|1|1|73|1|73|69.0,1.21835,1.5659,0.626542,0.00760407,9.05772e-06,False,69.0|73,611
1,14|611|14|611|cc|2|1|73|1|73|69.0,1.21835,1.5659,0.0099556,0.00760407,9.05772e-06,False,69.0|73,611
1,14|611|14|611|cc|3|1|73|1|73|69.0,1.21835,1.5659,204.824,0.00760407,9.05772e-06,False,69.0|73,611
1,14|611|14|611|cc|4|1|73|1|73|69.0,1.21835,1.5659,0.0120974,0.00760407,9.05772e-06,False,69.0|73,611
1,14|611|14|611|cc|5|1|73|1|73|69.0,1.21835,1.5659,0.0270702,0.00760407,9.05772e-06,False,69.0|73,611
1,14|611|14|611|cc|6|1|73|1|73|69.0,1.21835,1.5659,0.0163414,0.00760407,9.05772e-06,False,69.0|73,611
1,14|611|14|611|cc|7|1|73|1|73|69.0,1.21835,1.5659,0.294456,0.00760407,9.05772e-06,False,69.0|73,611
1,14|611|14|611|cc|8|1|73|1|73|69.0,1.21835,1.5659,3.11256,0.00760407,9.05772e-06,False,69.0|73,611
1,14|611|14|611|vc|1|2|73|2|73|69.0,1.21835,1.5659,68.1444,0.00760407,9.05772e-06,False,69.0|73,611
1,14|611|14|611|vc|2|2|73|2|73|69.0,1.21835,1.5659,0.193943,0.00760407,9.05772e-06,False,69.0|73,611
1,14|611|14|611|vc|3|2|73|2|73|69.0,1.21835,1.5659,11.0083,0.00760407,9.05772e-06,False,69.0|73,611
1,14|611|14|611|vc|4|2|73|2|73|69.0,1.21835,1.5659,6.47033,0.00760407,9.05772e-06,False,69.0|73,611
1,14|611|14|611|vc|5|2|73|2|73|69.0,1.21835,1.5659,1.38301,0.00760407,9.05772e-06,False,69.0|73,611
1,14|611|14|611|vc|6|2|73|2|73|69.0,1.21835,1.5659,6.93088,0.00760407,9.05772e-06,False,69.0|73,611
1,14|611|14|611|vc|7|2|73|2|73|69.0,1.21835,1.5659,0.00862203,0.00760407,9.05772e-06,False,69.0|73,611
1,14|611|14|611|vc|8|2|73|2|73|69.0,1.21835,1.5659,0.192837,0.00760407,9.05772e-06,False,69.0|73,611
1,8|84|8|84|sample|5|162|5|162|55.0,0.527845,1.5659,7.51518,0.0936781,-3.46317e-06,True,55.0|162,84
1,8|84|8|84|sample|6|162|6|162|55.0,0.527845,1.5659,5.5153,0.0936781,-3.46317e-06,True,55.0|162,84
1,8|84|8|84|sample|4|162|4|162|55.0,0.527845,1.5659,1.79566,0.0936781,-3.46317e-06,True,55.0|162,84
1,8|84|8|84|sample|3|162|3|162|55.0,0.527845,1.5659,1.83856,0.0936781,-3.46317e-06,True,55.0|162,84
1,8|84|8|84|sample|9|162|9|162|32.0,1.36841,1.5659,0.353527,0.0936781,-3.46317e-06,True,32.0|162,84
1,8|84|8|84|sample|10|162|10|162|32.0,1.36841,1.5659,0.481899,0.0936781,-3.46317e-06,True,32.0|162,84
1,8|84|8|84|sample|7|162|7|162|32.0,1.36841,1.5659,0.47858,0.0936781,-3.46317e-06,True,32.0|162,84
1,8|84|8|84|sample|8|162|8|162|32.0,1.36841,1.5659,0.471372,0.0936781,-3.46317e-06,True,32.0|162,84
1,8|84|8|84|sample|12|162|12|162|22.0,0.991752,1.5659,0.407188,0.0936781,-3.46317e-06,True,22.0|162,84
1,8|84|8|84|sample|11|162|11|162|22.0,0.991752,1.5659,0.486048,0.0936781,-3.46317e-06,True,22.0|162,84
1,8|84|8|84|cc|1|1|162|1|162|69.0,1.27018,1.5659,3.00572,0.0936781,-3.46317e-06,False,69.0|162,84
1,8|84|8|84|cc|2|1|162|1|162|69.0,1.27018,1.5659,0.110417,0.0936781,-3.46317e-06,False,69.0|162,84
1,8|84|8|84|cc|3|1|162|1|162|69.0,1.27018,1.5659,0.0595894,0.0936781,-3.46317e-06,False,69.0|162,84
1,8|84|8|84|cc|4|1|162|1|162|69.0,1.27018,1.5659,3.15933,0.0936781,-3.46317e-06,False,69.0|162,84
1,8|84|8|84|cc|5|1|162|1|162|69.0,1.27018,1.5659,0.184074,0.0936781,-3.46317e-06,False,69.0|162,84
1,8|84|8|84|cc|6|1|162|1|162|69.0,1.27018,1.5659,0.768645,0.0936781,-3.46317e-06,False,69.0|162,84
1,8|84|8|84|cc|7|1|162|1|162|69.0,1.27018,1.5659,0.0592989,0.0936781,-3.46317e-06,False,69.0|162,84
1,8|84|8|84|cc|8|1|162|1|162|69.0,1.27018,1.5659,0.00126828,0.0936781,-3.46317e-06,False,69.0|162,84
1,8|84|8|84|vc|1|2|162|2|162|69.0,1.27018,1.5659,5.54808,0.0936781,-3.46317e-06,False,69.0|162,84
1,8|84|8|84|vc|2|2|162|2|162|69.0,1.27018,1.5659,12.1561,0.0936781,-3.46317e-06,False,69.0|162,84
1,8|84|8|84|vc|3|2|162|2|162|69.0,1.27018,1.5659,0.126402,0.0936781,-3.46317e-06,False,69.0|162,84
1,8|84|8|84|vc|4|2|162|2|162|69.0,1.27018,1.5659,0.0495178,0.0936781,-3.46317e-06,False,69.0|162,84
1,8|84|8|84|vc|5|2|162|2|162|69.0,1.27018,1.5659,2.03519,0.0936781,-3.46317e-06,False,69.0|162,84
1,8|84|8|84|vc|6|2|162|2|162|69.0,1.27018,1.5659,5.64492,0.0936781,-3.46317e-06,False,69.0|162,84
1,8|84|8|84|vc|7|2|162|2|162|69.0,1.27018,1.5659,2.3558,0.0936781,-3.46317e-06,False,69.0|162,84
1,8|84|8|84|vc|8|2|162|2|162|69.0,1.27018,1.5659,52.7727,0.0936781,-3.46317e-06,False,69.0|162,84
1,8|1042|8|1042|sample|8|162|8|162|65.0,2.63715,1.5659,0.778688,0.0937377,3.89246e-06,True,65.0|162,1042
1,8|1042|8|1042|sample|7|162|7|162|65.0,2.63715,1.5659,0.558672,0.0937377,3.89246e-06,True,65.0|162,1042
1,8|1042|8|1042|sample|6|162|6|162|65.0,2.63715,1.5659,0.677941,0.0937377,3.89246e-06,True,65.0|162,1042
1,8|1042|8|1042|sample|5|162|5|162|65.0,2.63715,1.5659,0.740623,0.0937377,3.89246e-06,True,65.0|162,1042
1,8|1042|8|1042|sample|12|162|12|162|28.0,-2.85512,1.5659,0.386098,0.0937377,3.89246e-06,True,28.0|162,1042
1,8|1042|8|1042|sample|7|162|7|162|28.0,-2.85512,1.5659,0.238236,0.0937377,3.89246e-06,True,28.0|162,1042
1,8|1042|8|1042|sample|11|162|11|162|28.0,-2.85512,1.5659,0.316962,0.0937377,3.89246e-06,True,28.0|162,1042
1,8|1042|8|1042|sample|9|162|9|162|28.0,-2.85512,1.5659,0.586959,0.0937377,3.89246e-06,True,28.0|162,1042
1,8|1042|8|1042|sample|10|162|10|162|28.0,-2.85512,1.5659,0.542099,0.0937377,3.89246e-06,True,28.0|162,1042
1,8|1042|8|1042|sample|4|162|4|162|22.0,0.991752,1.5659,0.675936,0.0937377,3.89246e-06,True,22.0|162,1042
1,8|1042|8|1042|sample|3|162|3|162|22.0,0.991752,1.5659,0.555999,0.0937377,3.89246e-06,True,22.0|162,1042
1,8|1042|8|1042|sample|12|162|12|162|65.0,2.63715,1.5659,0.154611,0.0937377,3.89246e-06,True,65.0|162,1042
1,8|1042|8|1042|cc|1|1|162|1|162|69.0,1.27018,1.5659,1.23576,0.0937377,3.89246e-06,False,69.0|162,1042
1,8|1042|8|1042|cc|2|1|162|1|162|69.0,1.27018,1.5659,0.0438814,0.0937377,3.89246e-06,False,69.0|162,1042
1,8|1042|8|1042|cc|3|1|162|1|162|69.0,1.27018,1.5659,6.59774,0.0937377,3.89246e-06,False,69.0|162,1042
1,8|1042|8|1042|cc|4|1|162|1|162|69.0,1.27018,1.5659,0.663114,0.0937377,3.89246e-06,False,69.0|162,1042
1,8|1042|8|1042|cc|5|1|162|1|162|69.0,1.27018,1.5659,9.21724,0.0937377,3.89246e-06,False,69.0|162,1042
1,8|1042|8|1042|cc|6|1|162|1|162|69.0,1.27018,1.5659,1.764,0.0937377,3.89246e-06,False,69.0|162,1042
1,8|1042|8|1042|cc|7|1|162|1|162|69.0,1.27018,1.5659,0.2591,0.0937377,3.89246e-06,False,69.0|162,1042
1,8|1042|8|1042|cc|8|1|162|1|162|69.0,1.27018,1.5659,12.5953,0.0937377,3.89246e-06,False,69.0|162,1042
1,8|1042|8|1042|vc|1|2|162|2|162|69.0,1.27018,1.5659,0.224814,0.0937377,3.89246e-06,False,69.0|162,1042
1,8|1042|8|1042|vc|2|2|162|2|162|69.0,1.27018,1.5659,2.72815,0.0937377,3.89246e-06,False,69.0|162,1042
1,8|1042|8|1042|vc|3|2|162|2|162|69.0,1.27018,1.5659,0.419005,0.0937377,3.89246e-06,False,69.0|162,1042
1,8|1042|8|1042|vc|4|2|162|2|162|69.0,1.27018,1.5659,0.177864,0.0937377,3.89246e-06,False,69.0|162,1042
1,8|1042|8|1042|vc|5|2|162|2|162|69.0,1.27018,1.5659,0.733449,0.0937377,3.89246e-06,False,69.0|162,1042
1,8|1042|8|1042|vc|6|2|162|2|162|69.0,1.27018,1.5659,0.219115,0.0937377,3.89246e-06,False,69.0|162,1042
1,8|1042|8|1042|vc|7|2|162|2|162|69.0,1.27018,1.5659,3.96084,0.0937377,3.89246e-06,False,69.0|162,1042
1,8|1042|8|1042|vc|8|2|162|2|162|69.0,1.27018,1.5659,611.198,0.0937377,3.89246e-06,False,69.0|162,1042
1,8|719|8|719|sample|5|274|5|274|55.0,0.810826,1.5659,1.33073,0.0937376,-5.44955e-05,True,55.0|274,719
1,8|719|8|719|sample|6|274|6|274|55.0,0.810826,1.5659,1.39729,0.0937376,-5.44955e-05,True,55.0|274,719
1,8|719|8|719|sample|3|274|3|274|55.0,0.810826,1.5659,1.51986,0.0937376,-5.44955e-05,True,55.0|274,719
1,8|719|8|719|sample|4|274|4|274|55.0,0.810826,1.5659,1.40733,0.0937376,-5.44955e-05,True,55.0|274,719
1,8|719|8|719|sample|10|274|10|274|32.0,-0.603341,1.5659,0.187016,0.0937376,-5.44955e-05,True,32.0|274,719
1,8|719|8|719|sample|9|274|9|274|32.0,-0.603341,1.5659,0.126862,0.0937376,-5.44955e-05,True,32.0|274,719
1,8|719|8|719|sample|8|274|8|274|32.0,-0.603341,1.5659,0.152277,0.0937376,-5.44955e-05,True,32.0|274,719
1,8|719|8|719|sample|7|274|7|274|32.0,-0.603341,1.5659,0.126157,0.0937376,-5.44955e-05,True,32.0|274,719
1,8|719|8|719|sample|12|274|12|274|22.0,2.01166,1.5659,0.0911214,0.0937376,-5.44955e-05,True,22.0|274,719
1,8|719|8|719|sample|11|274|11|274|22.0,2.01166,1.5659,0.113014,0.0937376,-5.44955e-05,True,22.0|274,719
1,8|719|8|719|cc|1|1|274|1|274|69.0,-0.422944,1.5659,35.6115,0.0937376,-5.44955e-05,False,69.0|274,719
1,8|719|8|719|cc|2|1|274|1|274|69.0,-0.422944,1.5659,10.7375,0.0937376,-5.44955e-05,False,69.0|274,719
1,8|719|8|719|cc|3|1|274|1|274|69.0,-0.422944,1.5659,76.4522,0.0937376,-5.44955e-05,False,69.0|274,719
1,8|719|8|719|cc|4|1|274|1|274|69.0,-0.422944,1.5659,0.783555,0.0937376,-5.44955e-05,False,69.0|274,719
1,8|719|8|719|cc|5|1|274|1|274|69.0,-0.422944,1.5659,0.529885,0.0937376,-5.44955e-05,False,69.0|274,719
1,8|719|8|719|cc|6|1|274|1|274|69.0,-0.422944,1.5659,0.0153255,0.0937376,-5.44955e-05,False,69.0|274,719
1,8|719|8|719|cc|7|1|274|1|274|69.0,-0.422944,1.5659,0.0214426,0.0937376,-5.44955e-05,False,69.0|274,719
1,8|719|8|719|cc|8|1|274|1|274|69.0,-0.422944,1.5659,6.80323,0.0937376,-5.44955e-05,False,69.0|274,719
1,8|719|8|719|vc|1|2|274|2|274|69.0,-0.422944,1.5659,0.0749666,0.0937376,-5.44955e-05,False,69.0|274,719
1,8|719|8|719|vc|2|2|274|2|274|69.0,-0.422944,1.5659,114.858,0.0937376,-5.44955e-05,False,69.0|274,719
1,8|719|8|719|vc|3|2|274|2|274|69.0,-0.422944,1.5659,1.03648,0.0937376,-5.44955e-05,False,69.0|274,719
1,8|719|8|719|vc|4|2|274|2|274|69.0,-0.422944,1.5659,0.778312,0.0937376,-5.44955e-05,False,69.0|274,719
1,8|719|8|719|vc|5|2|274|2|274|69.0,-0.422944,1.5659,0.0794668,0.0937376,-5.44955e-05,False,69.0|274,719
1,8|719|8|719|vc|6|2|274|2|274|69.0,-0.422944,1.5659,47.9391,0.0937376,-5.44955e-05,False,69.0|274,719
1,8|719|8|719|vc|7|2|274|2|274|69.0,-0.422944,1.5659,7.62337,0.0937376,-5.44955e-05,False,69.0|274,719
1,8|719|8|719|vc|8|2|274|2|274|69.0,-0.422944,1.5659,729.548,0.0937376,-5.44955e-05,False,69.0|274,719
1,8|863|8|863|sample|7|274|7|274|65.0,-1.27572,1.5659,0.155939,0.0793933,-3.41571e-07,True,65.0|274,863
1,8|863|8|863|sample|8|274|8|274|65.0,-1.27572,1.5659,0.152671,0.0793933,-3.41571e-07,True,65.0|274,863
1,8|863|8|863|sample|6|274|6|274|65.0,-1.27572,1.5659,0.145015,0.0793933,-3.41571e-07,True,65.0|274,863
1,8|863|8|863|sample|5|274|5|274|65.0,-1.27572,1.5659,0.148985,0.0793933,-3.41571e-07,True,65.0|274,863
1,8|863|8|863|sample|11|274|11|274|28.0,-1.52038,1.5659,0.102584,0.0793933,-3.41571e-07,True,28.0|274,863
1,8|863|8|863|sample|12|274|12|274|28.0,-1.52038,1.5659,0.136355,0.0793933,-3.41571e-07,True,28.0|274,863
1,8|863|8|863|sample|9|274|9|274|28.0,-1.52038,1.5659,0.136088,0.0793933,-3.41571e-07,True,28.0|274,863
1,8|863|8|863|sample|10|274|10|274|28.0,-1.52038,1.5659,0.139718,0.0793933,-3.41571e-07,True,28.0|274,863
1,8|863|8|863|sample|5|274|5|274|28.0,-1.52038,1.5659,0.00120895,0.0793933,-3.41571e-07,True,28.0|274,863
1,8|863|8|863|sample|3|274|3|274|22.0,2.01166,1.5659,0.11257,0.0793933,-3.41571e-07,True,22.0|274,863
1,8|863|8|863|sample|4|274|4|274|22.0,2.01166,1.5659,0.188912,0.0793933,-3.41571e-07,True,22.0|274,863
1,8|863|8|863|sample|10|274|10|274|65.0,-1.27572,1.5659,0.0251266,0.0793933,-3.41571e-07,True,65.0|274,863
1,8|863|8|863|cc|1|1|274|1|274|69.0,-0.422944,1.5659,0.16779,0.0793933,-3.41571e-07,False,69.0|274,863
1,8|863|8|863|cc|2|1|274|1|274|69.0,-0.422944,1.5659,3.74397,0.0793933,-3.41571e-07,False,69.0|274,863
1,8|863|8|863|cc|3|1|274|1|274|69.0,-0.422944,1.5659,5.00827,0.0793933,-3.41571e-07,False,69.0|274,863
1,8|863|8|863|cc|4|1|274|1|274|69.0,-0.422944,1.5659,7.31502,0.0793933,-3.41571e-07,False,69.0|274,863
1,8|863|8|863|cc|5|1|274|1|274|69.0,-0.422944,1.5659,2.94257,0.0793933,-3.41571e-07,False,69.0|274,863
1,8|863|8|863|cc|6|1|274|1|274|69.0,-0.422944,1.5659,3.99943,0.0793933,-3.41571e-07,False,69.0|274,863
1,8|863|8|863|cc|7|1|274|1|274|69.0,-0.422944,1.5659,0.331692,0.0793933,-3.41571e-07,False,69.0|274,863
1,8|863|8|863|cc|8|1|274|1|274|69.0,-0.422944,1.5659,1.14957,0.0793933,-3.41571e-07,False,69.0|274,863
1,8|863|8|863|vc|1|2|274|2|274|69.0,-0.422944,1.5659,9.70177,0.0793933,-3.41571e-07,False,69.0|274,863
1,8|863|8|863|vc|2|2|274|2|274|69.0,-0.422944,1.5659,0.0668383,0.0793933,-3.41571e-07,False,69.0|274,863
1,8|863|8|863|vc|3|2|274|2|274|69.0,-0.422944,1.5659,1.62959,0.0793933,-3.41571e-07,False,69.0|274,863
1,8|863|8|863|vc|4|2|274|2|274|69.0,-0.422944,1.5659,0.003568,0.0793933,-3.41571e-07,False,69.0|274,863
1,8|863|8|863|vc|5|2|274|2|274|69.0,-0.422944,1.5659,38.1751,0.0793933,-3.41571e-07,False,69.0|274,863
1,8|863|8|863|vc|6|2|274|2|274|69.0,-0.422944,1.5659,0.057266,0.0793933,-3.41571e-07,False,69.0|274,863
1,8|863|8|863|vc|7|2|274|2|274|69.0,-0.422944,1.5659,1.3147,0.0793933,-3.41571e-07,False,69.0|274,863
1,8|863|8|863|vc|8|2|274|2|274|69.0,-0.422944,1.5659,3.48648,0.0793933,-3.41571e-07,False,69.0|274,863
1,8|488|8|488|sample|6|322|6|322|55.0,0.536765,1.5659,7.34489,0.0937381,4.54149e-05,True,55.0|322,488
1,8|488|8|488|sample|5|322|5|322|55.0,0.536765,1.5659,6.36442,0.0937381,4.54149e-05,True,55.0|322,488
1,8|488|8|488|sample|4|322|4|322|55.0,0.536765,1.5659,3.9002,0.0937381,4.54149e-05,True,55.0|322,488
1,8|488|8|488|sample|3|322|3|322|55.0,0.536765,1.5659,27.9585,0.0937381,4.54149e-05,True,55.0|322,488
1,8|488|8|488|sample|10|322|10|322|32.0,0.267651,1.5659,3.77167,0.0937381,4.54149e-05,True,32.0|322,488
1,8|488|8|488|sample|9|322|9|322|32.0,0.267651,1.5659,3.23949,0.0937381,4.54149e-05,True,32.0|322,488
1,8|488|8|488|sample|8|322|8|322|32.0,0.267651,1.5659,1.1631,0.0937381,4.54149e-05,True,32.0|322,488
1,8|488|8|488|sample|7|322|7|322|32.0,0.267651,1.5659,1.5118,0.0937381,4.54149e-05,True,32.0|322,488
1,8|488|8|488|sample|11|322|11|322|22.0,6.22746,1.5659,0.290246,0.0937381,4.54149e-05,True,22.0|322,488
1,8|488|8|488|sample|12|322|12|322|22.0,6.22746,1.5659,0.212374,0.0937381,4.54149e-05,True,22.0|322,488
1,8|488|8|488|cc|1|1|322|1|322|69.0,1.62786,1.5659,0.0553093,0.0937381,4.54149e-05,False,69.0|322,488
1,8|488|8|488|cc|2|1|322|1|322|69.0,1.62786,1.5659,0.798773,0.0937381,4.54149e-05,False,69.0|322,488
1,8|488|8|488|cc|3|1|322|1|322|69.0,1.62786,1.5659,0.0410789,0.0937381,4.54149e-05,False,69.0|322,488
1,8|488|8|488|cc|4|1|322|1|322|69.0,1.62786,1.5659,139.975,0.0937381,4.54149e-05,False,69.0|322,488
1,8|488|8|488|cc|5|1|322|1|322|69.0,1.62786,1.5659,1.52132,0.0937381,4.54149e-05,False,69.0|322,488
1,8|488|8|488|cc|6|1|322|1|322|69.0,1.62786,1.5659,1.23175,0.0937381,4.54149e-05,False,69.0|322,488
1,8|488|8|488|cc|7|1|322|1|322|69.0,1.62786,1.5659,0.625609,0.0937381,4.54149e-05,False,69.0|322,488
1,8|488|8|488|cc|8|1|322|1|322|69.0,1.62786,1.5659,0.157648,0.0937381,4.54149e-05,False,69.0|322,488
1,8|488|8|488|vc|1|2|322|2|322|69.0,1.62786,1.5659,11.8342,0.0937381,4.54149e-05,False,69.0|322,488
1,8|488|8|488|vc|2|2|322|2|322|69.0,1.62786,1.5659,0.0243639,0.0937381,4.54149e-05,False,69.0|322,488
1,8|488|8|488|vc|3|2|322|2|322|69.0,1.62786,1.5659,0.440325,0.0937381,4.54149e-05,False,69.0|322,488
1,8|488|8|488|vc|4|2|322|2|322|69.0,1.62786,1.5659,0.871558,0.0937381,4.54149e-05,False,69.0|322,488
1,8|488|8|488|vc|5|2|322|2|322|69.0,1.62786,1.5659,0.00196475,0.0937381,4.54149e-05,False,69.0|322,488
1,8|488|8|488|vc|6|2|322|2|322|69.0,1.62786,1.5659,0.328367,0.0937381,4.54149e-05,False,69.0|322,488
1,8|488|8|488|vc|7|2|322|2|322|69.0,1.62786,1.5659,46.5709,0.0937381,4.54149e-05,False,69.0|322,488
1,8|488|8|488|vc|8|2|322|2|322|69.0,1.62786,1.5659,89.7135,0.0937381,4.54149e-05,False,69.0|322,488
1,8|152|8|152|sample|8|322|8|322|65.0,-1.1476,1.5659,0.37726,0.0937381,4.57342e-05,True,65.0|322,152
1,8|152|8|152|sample|7|322|7|322|65.0,-1.1476,1.5659,0.496451,0.0937381,4.57342e-05,True,65.0|322,152
1,8|152|8|152|sample|6|322|6|322|65.0,-1.1476,1.5659,0.50715,0.0937381,4.57342e-05,True,65.0|322,152
1,8|152|8|152|sample|5|322|5|322|65.0,-1.1476,1.5659,0.492062,0.0937381,4.57342e-05,True,65.0|322,152
1,8|152|8|152|sample|12|322|12|322|28.0,-2.16201,1.5659,0.111725,0.0937381,4.57342e-05,True,28.0|322,152
1,8|152|8|152|sample|11|322|11|322|28.0,-2.16201,1.5659,0.134248,0.0937381,4.57342e-05,True,28.0|322,152
1,8|152|8|152|sample|10|322|10|322|28.0,-2.16201,1.5659,0.188836,0.0937381,4.57342e-05,True,28.0|322,152
1,8|152|8|152|sample|9|322|9|322|28.0,-2.16201,1.5659,0.158515,0.0937381,4.57342e-05,True,28.0|322,152
1,8|152|8|152|sample|3|322|3|322|22.0,6.22746,1.5659,0.263144,0.0937381,4.57342e-05,True,22.0|322,152
1,8|152|8|152|sample|4|322|4|322|22.0,6.22746,1.5659,0.334132,0.0937381,4.57342e-05,True,22.0|322,152
1,8|152|8|152|cc|1|1|322|1|322|69.0,1.62786,1.5659,0.0828901,0.0937381,4.57342e-05,False,69.0|322,152
1,8|152|8|152|cc|2|1|322|1|322|69.0,1.62786,1.5659,0.163618,0.0937381,4.57342e-05,False,69.0|322,152
1,8|152|8|152|cc|3|1|322|1|322|69.0,1.62786,1.5659,1.10435,0.0937381,4.57342e-05,False,69.0|322,152
1,8|152|8|152|cc|4|1|322|1|322|69.0,1.62786,1.5659,0.434021,0.0937381,4.57342e-05,False,69.0|322,152
1,8|152|8|152|cc|5|1|322|1|322|69.0,1.62786,1.5659,0.0804691,0.0937381,4.57342e-05,False,69.0|322,152
1,8|152|8|152|cc|6|1|322|1|322|69.0,1.62786,1.5659,0.0919865,0.0937381,4.57342e-05,False,69.0|322,152
1,8|152|8|152|cc|7|1|322|1|322|69.0,1.62786,1.5659,0.118627,0.0937381,4.57342e-05,False,69.0|322,152
1,8|152|8|152|cc|8|1|322|1|322|69.0,1.62786,1.5659,0.00143468,0.0937381,4.57342e-05,False,69.0|322,152
1,8|152|8|152|vc|1|2|322|2|322|69.0,1.62786,1.5659,213.698,0.0937381,4.57342e-05,False,69.0|322,152
1,8|152|8|152|vc|2|2|322|2|322|69.0,1.62786,1.5659,0.467702,0.0937381,4.57342e-05,False,69.0|322,152
1,8|152|8|152|vc|3|2|322|2|322|69.0,1.62786,1.5659,25.039,0.0937381,4.57342e-05,False,69.0|322,152
1,8|152|8|152|vc|4|2|322|2|322|69.0,1.62786,1.5659,53.7961,0.0937381,4.57342e-05,False,69.0|322,152
1,8|152|8|152|vc|5|2|322|2|322|69.0,1.62786,1.5659,0.691376,0.0937381,4.57342e-05,False,69.0|322,152
1,8|152|8|152|vc|6|2|322|2|322|69.0,1.62786,1.5659,16.3958,0.0937381,4.57342e-05,False,69.0|322,152
1,8|152|8|152|vc|7|2|322|2|322|69.0,1.62786,1.5659,0.274931,0.0937381,4.57342e-05,False,69.0|322,152
1,8|152|8|152|vc|8|2|322|2|322|69.0,1.62786,1.5659,197.627,0.0937381,4.57342e-05,False,69.0|322,152
1,8|847|8|847|sample|6|69|6|69|55.0,3.81038,1.5659,7.66464,0.0937377,-5.71894e-07,True,55.0|69,847
1,8|847|8|847|sample|3|69|3|69|55.0,3.81038,1.5659,1.93378,0.0937377,-5.71894e-07,True,55.0|69,847
1,8|847|8|847|sample|4|69|4|69|55.0,3.81038,1.5659,1.35721,0.0937377,-5.71894e-07,True,55.0|69,847
1,8|847|8|847|sample|10|69|10|69|32.0,-0.00415498,1.5659,0.0595908,0.0937377,-5.71894e-07,True,32.0|69,847
1,8|847|8|847|sample|9|69|9|69|32.0,-0.00415503,1.5659,0.0564073,0.0937377,-5.71894e-07,True,32.0|69,847
1,8|847|8|847|sample|7|69|7|69|32.0,-0.00415502,1.5659,0.0599496,0.0937377,-5.71894e-07,True,32.0|69,847
1,8|847|8|847|sample|8|69|8|69|32.0,-0.00415503,1.5659,0.0547377,0.0937377,-5.71894e-07,True,32.0|69,847
1,8|847|8|847|sample|12|69|12|69|22.0,1.20443,1.5659,0.296992,0.0937377,-5.71894e-07,True,22.0|69,847
1,8|847|8|847|sample|11|69|11|69|22.0,1.20443,1.5659,0.313381,0.0937377,-5.71894e-07,True,22.0|69,847
1,8|847|8|847|sample|5|69|5|69|55.0,3.81038,1.5659,7.39406,0.0937377,-5.71894e-07,True,55.0|69,847
1,8|847|8|847|cc|1|1|69|1|69|69.0,-0.958649,1.5659,1.12603,0.0937377,-5.71894e-07,False,69.0|69,847
1,8|847|8|847|cc|2|1|69|1|69|69.0,-0.958649,1.5659,41.1536,0.0937377,-5.71894e-07,False,69.0|69,847
1,8|847|8|847|cc|3|1|69|1|69|69.0,-0.958649,1.5659,4.41087,0.0937377,-5.71894e-07,False,69.0|69,847
1,8|847|8|847|cc|4|1|69|1|69|69.0,-0.958649,1.5659,47.1963,0.0937377,-5.71894e-07,False,69.0|69,847
1,8|847|8|847|cc|5|1|69|1|69|69.0,-0.958649,1.5659,467.96,0.0937377,-5.71894e-07,False,69.0|69,847
1,8|847|8|847|cc|6|1|69|1|69|69.0,-0.958649,1.5659,0.0113569,0.0937377,-5.71894e-07,False,69.0|69,847
1,8|847|8|847|cc|7|1|69|1|69|69.0,-0.958649,1.5659,0.105004,0.0937377,-5.71894e-07,False,69.0|69,847
1,8|847|8|847|cc|8|1|69|1|69|69.0,-0.958649,1.5659,0.616011,0.0937377,-5.71894e-07,False,69.0|69,847
1,8|847|8|847|vc|1|2|69|2|69|69.0,-0.958649,1.5659,0.705958,0.0937377,-5.71894e-07,False,69.0|69,847
1,8|847|8|847|vc|2|2|69|2|69|69.0,-0.958649,1.5659,1.20747,0.0937377,-5.71894e-07,False,69.0|69,847
1,8|847|8|847|vc|3|2|69|2|69|69.0,-0.958649,1.5659,0.9262,0.0937377,-5.71894e-07,False,69.0|69,847
1,8|847|8|847|vc|4|2|69|2|69|69.0,-0.958649,1.5659,0.612133,0.0937377,-5.71894e-07,False,69.0|69,847
1,8|847|8|847|vc|5|2|69|2|69|69.0,-0.95865,1.5659,0.0583774,0.0937377,-5.71894e-07,False,69.0|69,847
1,8|847|8|847|vc|6|2|69|2|69|69.0,-0.958649,1.5659,5.45368,0.0937377,-5.71894e-07,False,69.0|69,847
1,8|847|8|847|vc|7|2|69|2|69|69.0,-0.958649,1.5659,28.4282,0.0937377,-5.71894e-07,False,69.0|69,847
1,8|847|8|847|vc|8|2|69|2|69|69.0,-0.958649,1.5659,0.228493,0.0937377,-5.71894e-07,False,69.0|69,847
1,8|1241|8|1241|sample|8|69|8|69|65.0,1.38955,1.5659,0.263802,0.138585,3.48638e-07,True,65.0|69,1241
1,8|1241|8|1241|sample|7|69|7|69|65.0,1.38955,1.5659,0.302003,0.138585,3.48638e-07,True,65.0|69,1241
1,8|1241|8|1241|sample|5|69|5|69|65.0,1.38955,1.5659,0.318513,0.138585,3.48638e-07,True,65.0|69,1241
1,8|1241|8|1241|sample|6|69|6|69|65.0,1.38955,1.5659,0.268182,0.138585,3.48638e-07,True,65.0|69,1241
1,8|1241|8|1241|sample|11|69|11|69|28.0,2.66815,1.5659,0.14356,0.138585,3.48638e-07,True,28.0|69,1241
1,8|1241|8|1241|sample|12|69|12|69|28.0,2.66815,1.5659,0.118487,0.138585,3.48638e-07,True,28.0|69,1241
1,8|1241|8|1241|sample|9|69|9|69|28.0,2.66815,1.5659,0.186526,0.138585,3.48638e-07,True,28.0|69,1241
1,8|1241|8|1241|sample|10|69|10|69|28.0,2.66815,1.5659,0.181092,0.138585,3.48638e-07,True,28.0|69,1241
1,8|1241|8|1241|sample|3|69|3|69|22.0,1.20443,1.5659,0.525272,0.138585,3.48638e-07,True,22.0|69,1241
1,8|1241|8|1241|sample|4|69|4|69|22.0,1.20443,1.5659,0.475297,0.138585,3.48638e-07,True,22.0|69,1241
1,8|1241|8|1241|sample|3|69|3|69|65.0,1.38955,1.5659,0.102055,0.138585,3.48638e-07,True,65.0|69,1241
1,8|1241|8|1241|sample|8|69|8|69|22.0,1.20443,1.5659,0.0979358,0.138585,3.48638e-07,True,22.0|69,1241
1,8|1241|8|1241|cc|1|1|69|1|69|69.0,-0.958649,1.5659,1.17538,0.138585,3.48638e-07,False,69.0|69,1241
1,8|1241|8|1241|cc|2|1|69|1|69|69.0,-0.958649,1.5659,0.201236,0.138585,3.48638e-07,False,69.0|69,1241
1,8|1241|8|1241|cc|3|1|69|1|69|69.0,-0.958649,1.5659,0.244828,0.138585,3.48638e-07,False,69.0|69,1241
1,8|1241|8|1241|cc|4|1|69|1|69|69.0,-0.958649,1.5659,8.5003,0.138585,3.48638e-07,False,69.0|69,1241
1,8|1241|8|1241|cc|5|1|69|1|69|69.0,-0.958649,1.5659,0.567416,0.138585,3.48638e-07,False,69.0|69,1241
1,8|1241|8|1241|cc|6|1|69|1|69|69.0,-0.958649,1.5659,0.812694,0.138585,3.48638e-07,False,69.0|69,1241
1,8|1241|8|1241|cc|7|1|69|1|69|69.0,-0.958649,1.5659,0.986795,0.138585,3.48638e-07,False,69.0|69,1241
1,8|1241|8|1241|cc|8|1|69|1|69|69.0,-0.95865,1.5659,0.0181528,0.138585,3.48638e-07,False,69.0|69,1241
1,8|1241|8|1241|vc|1|2|69|2|69|69.0,-0.95865,1.5659,0.0279805,0.138585,3.48638e-07,False,69.0|69,1241
1,8|1241|8|1241|vc|2|2|69|2|69|69.0,-0.958649,1.5659,1.24138,0.138585,3.48638e-07,False,69.0|69,1241
1,8|1241|8|1241|vc|3|2|69|2|69|69.0,-0.95865,1.5659,0.000267764,0.138585,3.48638e-07,False,69.0|69,1241
1,8|1241|8|1241|vc|4|2|69|2|69|69.0,-0.958649,1.5659,0.13181,0.138585,3.48638e-07,False,69.0|69,1241
1,8|1241|8|1241|vc|5|2|69|2|69|69.0,-0.958649,1.5659,4.17284,0.138585,3.48638e-07,False,69.0|69,1241
1,8|1241|8|1241|vc|6|2|69|2|69|69.0,-0.958649,1.5659,0.0631521,0.138585,3.48638e-07,False,69.0|69,1241
1,8|1241|8|1241|vc|7|2|69|2|69|69.0,-0.958649,1.5659,0.466007,0.138585,3.48638e-07,False,69.0|69,1241
1,8|1241|8|1241|vc|8|2|69|2|69|69.0,-0.958649,1.5659,7.01285,0.138585,3.48638e-07,False,69.0|69,1241
1,8|474|8|474|sample|5|276|5|276|55.0,2.80319,1.5659,1.04226,0.0937188,34.0302,True,55.0|276,474
1,8|474|8|474|sample|6|276|6|276|55.0,2.80319,1.5659,0.870087,0.0937188,34.0302,True,55.0|276,474
1,8|474|8|474|sample|3|276|3|276|55.0,2.80319,1.5659,0.673881,0.0937188,34.0302,True,55.0|276,474
1,8|474|8|474|sample|4|276|4|276|55.0,2.80319,1.5659,0.759274,0.0937188,34.0302,True,55.0|276,474
1,8|474|8|474|sample|9|276|9|276|32.0,-0.306672,1.5659,0.0148737,0.0937188,34.0302,True,32.0|276,474
1,8|474|8|474|sample|10|276|10|276|32.0,-0.306672,1.5659,0.0120258,0.0937188,34.0302,True,32.0|276,474
1,8|474|8|474|sample|8|276|8|276|32.0,-0.306672,1.5659,0.0169597,0.0937188,34.0302,True,32.0|276,474
1,8|474|8|474|sample|7|276|7|276|32.0,-0.306672,1.5659,0.0161709,0.0937188,34.0302,True,32.0|276,474
1,8|474|8|474|sample|12|276|12|276|22.0,-1.98671,1.5659,0.103035,0.0937188,34.0302,True,22.0|276,474
1,8|474|8|474|sample|11|276|11|276|22.0,-1.98671,1.5659,0.101964,0.0937188,34.0302,True,22.0|276,474
1,8|474|8|474|cc|1|1|276|1|276|69.0,2.31908,1.5659,2.43005,0.0937188,34.0302,False,69.0|276,474
1,8|474|8|474|cc|2|1|276|1|276|69.0,2.31908,1.5659,0.195793,0.0937188,34.0302,False,69.0|276,474
1,8|474|8|474|cc|3|1|276|1|276|69.0,2.31908,1.5659,0.567003,0.0937188,34.0302,False,69.0|276,474
1,8|474|8|474|cc|4|1|276|1|276|69.0,2.31908,1.5659,1.70665,0.0937188,34.0302,False,69.0|276,474
1,8|474|8|474|cc|5|1|276|1|276|69.0,2.31908,1.5659,5.80253,0.0937188,34.0302,False,69.0|276,474
1,8|474|8|474|cc|6|1|276|1|276|69.0,2.31908,1.5659,201.221,0.0937188,34.0302,False,69.0|276,474
1,8|474|8|474|cc|7|1|276|1|276|69.0,2.31908,1.5659,1.90657,0.0937188,34.0302,False,69.0|276,474
1,8|474|8|474|cc|8|1|276|1|276|69.0,2.31908,1.5659,6.80766,0.0937188,34.0302,False,69.0|276,474
1,8|474|8|474|vc|1|2|276|2|276|69.0,2.31908,1.5659,0.151785,0.0937188,34.0302,False,69.0|276,474
1,8|474|8|474|vc|2|2|276|2|276|69.0,2.31908,1.5659,23.9045,0.0937188,34.0302,False,69.0|276,474
1,8|474|8|474|vc|3|2|276|2|276|69.0,2.31908,1.5659,1.99194,0.0937188,34.0302,False,69.0|276,474
1,8|474|8|474|vc|4|2|276|2|276|69.0,2.31908,1.5659,3.60347,0.0937188,34.0302,False,69.0|276,474
1,8|474|8|474|vc|5|2|276|2|276|69.0,2.31908,1.5659,0.598264,0.0937188,34.0302,False,69.0|276,474
1,8|474|8|474|vc|6|2|276|2|276|69.0,2.31908,1.5659,3.58778,0.0937188,34.0302,False,69.0|276,474
1,8|474|8|474|vc|7|2|276|2|276|69.0,2.31908,1.5659,2.59293,0.0937188,34.0302,False,69.0|276,474
1,8|474|8|474|vc|8|2|276|2|276|69.0,2.31908,1.5659,0.4575,0.0937188,34.0302,False,69.0|276,474
1,8|1056|8|1056|sample|8|276|8|276|65.0,0.451513,1.5659,0.110473,0.0937377,-4.7941e-07,True,65.0|276,1056
1,8|1056|8|1056|sample|7|276|7|276|65.0,0.451513,1.5659,0.0989598,0.0937377,-4.7941e-07,True,65.0|276,1056
1,8|1056|8|1056|sample|6|276|6|276|65.0,0.451513,1.5659,0.118666,0.0937377,-4.7941e-07,True,65.0|276,1056
1,8|1056|8|1056|sample|5|276|5|276|65.0,0.451513,1.5659,0.120576,0.0937377,-4.7941e-07,True,65.0|276,1056
1,8|1056|8|1056|sample|12|276|12|276|28.0,2.69756,1.5659,0.0285077,0.0937377,-4.7941e-07,True,28.0|276,1056
1,8|1056|8|1056|sample|11|276|11|276|28.0,2.69756,1.5659,0.0333001,0.0937377,-4.7941e-07,True,28.0|276,1056
1,8|1056|8|1056|sample|10|276|10|276|28.0,2.69756,1.5659,0.062256,0.0937377,-4.7941e-07,True,28.0|276,1056
1,8|1056|8|1056|sample|9|276|9|276|28.0,2.69756,1.5659,0.0591666,0.0937377,-4.7941e-07,True,28.0|276,1056
1,8|1056|8|1056|sample|4|276|4|276|22.0,-1.98671,1.5659,0.118848,0.0937377,-4.7941e-07,True,22.0|276,1056
1,8|1056|8|1056|sample|3|276|3|276|22.0,-1.98671,1.5659,0.0781672,0.0937377,-4.7941e-07,True,22.0|276,1056
1,8|1056|8|1056|cc|1|1|276|1|276|69.0,2.31908,1.5659,20.4642,0.0937377,-4.7941e-07,False,69.0|276,1056
1,8|1056|8|1056|cc|2|1|276|1|276|69.0,2.31908,1.5659,0.103131,0.0937377,-4.7941e-07,False,69.0|276,1056
1,8|1056|8|1056|cc|3|1|276|1|276|69.0,2.31908,1.5659,0.412638,0.0937377,-4.7941e-07,False,69.0|276,1056
1,8|1056|8|1056|cc|4|1|276|1|276|69.0,2.31908,1.5659,2.74797,0.0937377,-4.7941e-07,False,69.0|276,1056
1,8|1056|8|1056|cc|5|1|276|1|276|69.0,2.31908,1.5659,1.45102,0.0937377,-4.7941e-07,False,69.0|276,1056
1,8|1056|8|1056|cc|6|1|276|1|276|69.0,2.31908,1.5659,0.205845,0.0937377,-4.7941e-07,False,69.0|276,1056
1,8|1056|8|1056|cc|7|1|276|1|276|69.0,2.31908,1.5659,0.00124877,0.0937377,-4.7941e-07,False,69.0|276,1056
1,8|1056|8|1056|cc|8|1|276|1|276|69.0,2.31908,1.5659,1.29222,0.0937377,-4.7941e-07,False,69.0|276,1056
1,8|1056|8|1056|vc|1|2|276|2|276|69.0,2.31908,1.5659,0.0827146,0.0937377,-4.7941e-07,False,69.0|276,1056
1,8|1056|8|1056|vc|2|2|276|2|276|69.0,2.31908,1.5659,0.00995394,0.0937377,-4.7941e-07,False,69.0|276,1056
1,8|1056|8|1056|vc|3|2|276|2|276|69.0,2.31908,1.5659,100.298,0.0937377,-4.7941e-07,False,69.0|276,1056
1,8|1056|8|1056|vc|4|2|276|2|276|69.0,2.31908,1.5659,6.96392,0.0937377,-4.7941e-07,False,69.0|276,1056
1,8|1056|8|1056|vc|5|2|276|2|276|69.0,2.31908,1.5659,0.00524573,0.0937377,-4.7941e-07,False,69.0|276,1056
1,8|1056|8|1056|vc|6|2|276|2|276|69.0,2.31908,1.5659,0.239917,0.0937377,-4.7941e-07,False,69.0|276,1056
1,8|1056|8|1056|vc|7|2|276|2|276|69.0,2.31908,1.5659,0.112012,0.0937377,-4.7941e-07,False,69.0|276,1056
1,8|1056|8|1056|vc|8|2|276|2|276|69.0,2.31908,1.5659,30.2847,0.0937377,-4.7941e-07,False,69.0|276,1056
1,8|462|8|462|sample|6|292|6|292|55.0,1.44662,1.5659,13.0702,0.161577,-4.33446e-05,True,55.0|292,462
1,8|462|8|462|sample|5|292|5|292|55.0,1.44662,1.5659,11.2708,0.161577,-4.33446e-05,True,55.0|292,462
1,8|462|8|462|sample|4|292|4|292|55.0,1.44662,1.5659,2.47969,0.161577,-4.33446e-05,True,55.0|292,462
1,8|462|8|462|sample|3|292|3|292|55.0,1.44662,1.5659,2.29336,0.161577,-4.33446e-05,True,55.0|292,462
1,8|462|8|462|sample|9|292|9|292|32.0,0.423639,1.5659,0.0189665,0.161577,-4.33446e-05,True,32.0|292,462
1,8|462|8|462|sample|10|292|10|292|32.0,0.423639,1.5659,0.0191969,0.161577,-4.33446e-05,True,32.0|292,462
1,8|462|8|462|sample|7|292|7|292|32.0,0.423639,1.5659,0.0269509,0.161577,-4.33446e-05,True,32.0|292,462
1,8|462|8|462|sample|8|292|8|292|32.0,0.423639,1.5659,0.0244373,0.161577,-4.33446e-05,True,32.0|292,462
1,8|462|8|462|sample|11|292|11|292|22.0,-0.253939,1.5659,0.212048,0.161577,-4.33446e-05,True,22.0|292,462
1,8|462|8|462|sample|12|292|12|292|22.0,-0.253939,1.5659,0.220494,0.161577,-4.33446e-05,True,22.0|292,462
1,8|462|8|462|cc|1|1|292|1|292|69.0,1.68978,1.5659,0.129484,0.161577,-4.33446e-05,False,69.0|292,462
1,8|462|8|462|cc|2|1|292|1|292|69.0,1.68978,1.5659,0.142887,0.161577,-4.33446e-05,False,69.0|292,462
1,8|462|8|462|cc|3|1|292|1|292|69.0,1.68978,1.5659,0.0330572,0.161577,-4.33446e-05,False,69.0|292,462
1,8|462|8|462|cc|4|1|292|1|292|69.0,1.68978,1.5659,2329.73,0.161577,-4.33446e-05,False,69.0|292,462
1,8|462|8|462|cc|5|1|292|1|292|69.0,1.68978,1.5659,0.00329643,0.161577,-4.33446e-05,False,69.0|292,462
1,8|462|8|462|cc|6|1|292|1|292|69.0,1.68978,1.5659,0.609412,0.161577,-4.33446e-05,False,69.0|292,462
1,8|462|8|462|cc|7|1|292|1|292|69.0,1.68978,1.5659,0.0096909,0.161577,-4.33446e-05,False,69.0|292,462
1,8|462|8|462|cc|8|1|292|1|292|69.0,1.68978,1.5659,73.2491,0.161577,-4.33446e-05,False,69.0|292,462
1,8|462|8|462|vc|1|2|292|2|292|69.0,1.68978,1.5659,121.394,0.161577,-4.33446e-05,False,69.0|292,462
1,8|462|8|462|vc|2|2|292|2|292|69.0,1.68978,1.5659,404.512,0.161577,-4.33446e-05,False,69.0|292,462
1,8|462|8|462|vc|3|2|292|2|292|69.0,1.68978,1.5659,0.16463,0.161577,-4.33446e-05,False,69.0|292,462
1,8|462|8|462|vc|4|2|292|2|292|69.0,1.68978,1.5659,0.101375,0.161577,-4.33446e-05,False,69.0|292,462
1,8|462|8|462|vc|5|2|292|2|292|69.0,1.68978,1.5659,0.0434867,0.161577,-4.33446e-05,False,69.0|292,462
1,8|462|8|462|vc|6|2|292|2|292|69.0,1.68978,1.5659,17.6029,0.161577,-4.33446e-05,False,69.0|292,462
1,8|462|8|462|vc|7|2|292|2|292|69.0,1.68978,1.5659,0.483217,0.161577,-4.33446e-05,False,69.0|292,462
1,8|462|8|462|vc|8|2|292|2|292|69.0,1.68978,1.5659,0.156083,0.161577,-4.33446e-05,False,69.0|292,462
1,8|1159|8|1159|sample|8|292|8|292|65.0,-0.415959,1.5659,0.213118,0.0937368,-2.44095e-06,True,65.0|292,1159
1,8|1159|8|1159|sample|7|292|7|292|65.0,-0.415959,1.5659,0.305636,0.0937368,-2.44095e-06,True,65.0|292,1159
1,8|1159|8|1159|sample|5|292|5|292|65.0,-0.415959,1.5659,0.309229,0.0937368,-2.44095e-06,True,65.0|292,1159
1,8|1159|8|1159|sample|6|292|6|292|65.0,-0.415959,1.5659,0.268567,0.0937368,-2.44095e-06,True,65.0|292,1159
1,8|1159|8|1159|sample|11|292|11|292|28.0,1.47429,1.5659,0.0411061,0.0937368,-2.44095e-06,True,28.0|292,1159
1,8|1159|8|1159|sample|12|292|12|292|28.0,1.47429,1.5659,0.0394693,0.0937368,-2.44095e-06,True,28.0|292,1159
1,8|1159|8|1159|sample|9|292|9|292|28.0,1.47429,1.5659,0.0925224,0.0937368,-2.44095e-06,True,28.0|292,1159
1,8|1159|8|1159|sample|10|292|10|292|28.0,1.47429,1.5659,0.0895845,0.0937368,-2.44095e-06,True,28.0|292,1159
1,8|1159|8|1159|sample|4|292|4|292|22.0,-0.253939,1.5659,0.414849,0.0937368,-2.44095e-06,True,22.0|292,1159
1,8|1159|8|1159|sample|3|292|3|292|22.0,-0.253939,1.5659,0.37846,0.0937368,-2.44095e-06,True,22.0|292,1159
1,8|1159|8|1159|cc|1|1|292|1|292|69.0,1.68978,1.5659,77.4783,0.0937368,-2.44095e-06,False,69.0|292,1159
1,8|1159|8|1159|cc|2|1|292|1|292|69.0,1.68978,1.5659,0.404376,0.0937368,-2.44095e-06,False,69.0|292,1159
1,8|1159|8|1159|cc|3|1|292|1|292|69.0,1.68978,1.5659,0.00956956,0.0937368,-2.44095e-06,False,69.0|292,1159
1,8|1159|8|1159|cc|4|1|292|1|292|69.0,1.68978,1.5659,15.5496,0.0937368,-2.44095e-06,False,69.0|292,1159
1,8|1159|8|1159|cc|5|1|292|1|292|69.0,1.68978,1.5659,0.557889,0.0937368,-2.44095e-06,False,69.0|292,1159
1,8|1159|8|1159|cc|6|1|292|1|292|69.0,1.68978,1.5659,1.26528,0.0937368,-2.44095e-06,False,69.0|292,1159
1,8|1159|8|1159|cc|7|1|292|1|292|69.0,1.68978,1.5659,4.44284,0.0937368,-2.44095e-06,False,69.0|292,1159
1,8|1159|8|1159|cc|8|1|292|1|292|69.0,1.68978,1.5659,107.079,0.0937368,-2.44095e-06,False,69.0|292,1159
1,8|1159|8|1159|vc|1|2|292|2|292|69.0,1.68978,1.5659,89.6406,0.0937368,-2.44095e-06,False,69.0|292,1159
1,8|1159|8|1159|vc|2|2|292|2|292|69.0,1.68978,1.5659,62.3107,0.0937368,-2.44095e-06,False,69.0|292,1159
1,8|1159|8|1159|vc|3|2|292|2|292|69.0,1.68978,1.5659,0.475289,0.0937368,-2.44095e-06,False,69.0|292,1159
1,8|1159|8|1159|vc|4|2|292|2|292|69.0,1.68978,1.5659,1.34849,0.0937368,-2.44095e-06,False,69.0|292,1159
1,8|1159|8|1159|vc|5|2|292|2|292|69.0,1.68978,1.5659,0.493341,0.0937368,-2.44095e-06,False,69.0|292,1159
1,8|1159|8|1159|vc|6|2|292|2|292|69.0,1.68978,1.5659,0.110832,0.0937368,-2.44095e-06,False,69.0|292,1159
1,8|1159|8|1159|vc|7|2|292|2|292|69.0,1.68978,1.5659,0.396017,0.0937368,-2.44095e-06,False,69.0|292,1159
1,8|1159|8|1159|vc|8|2|292|2|292|69.0,1.68978,1.5659,0.909344,0.0937368,-2.44095e-06,False,69.0|292,1159
1,8|75|8|75|sample|6|65|6|65|55.0,5.95194,1.5659,0.0729559,0.0937377,-1.96404e-08,True,55.0|65,75
1,8|75|8|75|sample|5|65|5|65|55.0,5.95194,1.5659,0.048922,0.0937377,-1.96404e-08,True,55.0|65,75
1,8|75|8|75|sample|3|65|3|65|55.0,5.95194,1.5659,0.0547661,0.0937377,-1.96404e-08,True,55.0|65,75
1,8|75|8|75|sample|4|65|4|65|55.0,5.95194,1.5659,0.102067,0.0937377,-1.96404e-08,True,55.0|65,75
1,8|75|8|75|sample|9|65|9|65|32.0,7.08961,1.5659,2.71656,0.0937377,-1.96404e-08,True,32.0|65,75
1,8|75|8|75|sample|10|65|10|65|32.0,7.08961,1.5659,1.96734,0.0937377,-1.96404e-08,True,32.0|65,75
1,8|75|8|75|sample|7|65|7|65|32.0,7.08961,1.5659,1.31586,0.0937377,-1.96404e-08,True,32.0|65,75
1,8|75|8|75|sample|8|65|8|65|32.0,7.08961,1.5659,1.91474,0.0937377,-1.96404e-08,True,32.0|65,75
1,8|75|8|75|sample|12|65|12|65|22.0,-1.45617,1.5659,0.0534167,0.0937377,-1.96404e-08,True,22.0|65,75
1,8|75|8|75|sample|11|65|11|65|22.0,-1.45617,1.5659,0.0826914,0.0937377,-1.96404e-08,True,22.0|65,75
1,8|75|8|75|cc|1|1|65|1|65|69.0,0.178494,1.5659,0.564256,0.0937377,-1.96404e-08,False,69.0|65,75
1,8|75|8|75|cc|2|1|65|1|65|69.0,0.178494,1.5659,1.92561,0.0937377,-1.96404e-08,False,69.0|65,75
1,8|75|8|75|cc|3|1|65|1|65|69.0,0.178494,1.5659,0.0312029,0.0937377,-1.96404e-08,False,69.0|65,75
1,8|75|8|75|cc|4|1|65|1|65|69.0,0.178494,1.5659,0.494068,0.0937377,-1.96404e-08,False,69.0|65,75
1,8|75|8|75|cc|5|1|65|1|65|69.0,0.178494,1.5659,49.6092,0.0937377,-1.96404e-08,False,69.0|65,75
1,8|75|8|75|cc|6|1|65|1|65|69.0,0.178494,1.5659,1.07048,0.0937377,-1.96404e-08,False,69.0|65,75
1,8|75|8|75|cc|7|1|65|1|65|69.0,0.178494,1.5659,0.741249,0.0937377,-1.96404e-08,False,69.0|65,75
1,8|75|8|75|cc|8|1|65|1|65|69.0,0.178494,1.5659,0.263963,0.0937377,-1.96404e-08,False,69.0|65,75
1,8|75|8|75|vc|1|2|65|2|65|69.0,0.178494,1.5659,43.2467,0.0937377,-1.96404e-08,False,69.0|65,75
1,8|75|8|75|vc|2|2|65|2|65|69.0,0.178494,1.5659,4.98596,0.0937377,-1.96404e-08,False,69.0|65,75
1,8|75|8|75|vc|3|2|65|2|65|69.0,0.178494,1.5659,0.86219,0.0937377,-1.96404e-08,False,69.0|65,75
1,8|75|8|75|vc|4|2|65|2|65|69.0,0.178494,1.5659,40.6156,0.0937377,-1.96404e-08,False,69.0|65,75
1,8|75|8|75|vc|5|2|65|2|65|69.0,0.178494,1.5659,1.21047,0.0937377,-1.96404e-08,False,69.0|65,75
1,8|75|8|75|vc|6|2|65|2|65|69.0,0.178494,1.5659,11.149,0.0937377,-1.96404e-08,False,69.0|65,75
1,8|75|8|75|vc|7|2|65|2|65|69.0,0.178494,1.5659,0.712318,0.0937377,-1.96404e-08,False,69.0|65,75
1,8|75|8|75|vc|8|2|65|2|65|69.0,0.178494,1.5659,0.00277985,0.0937377,-1.96404e-08,False,69.0|65,75
1,8|1017|8|1017|sample|7|65|7|65|65.0,3.6525,1.5659,0.0321232,0.0937377,-4.74974e-07,True,65.0|65,1017
1,8|1017|8|1017|sample|8|65|8|65|65.0,3.6525,1.5659,0.0429624,0.0937377,-4.74974e-07,True,65.0|65,1017
1,8|1017|8|1017|sample|5|65|5|65|65.0,3.6525,1.5659,0.0362918,0.0937377,-4.74974e-07,True,65.0|65,1017
1,8|1017|8|1017|sample|6|65|6|65|65.0,3.6525,1.5659,0.0556989,0.0937377,-4.74974e-07,True,65.0|65,1017
1,8|1017|8|1017|sample|12|65|12|65|28.0,-1.63703,1.5659,0.0681703,0.0937377,-4.74974e-07,True,28.0|65,1017
1,8|1017|8|1017|sample|11|65|11|65|28.0,-1.63703,1.5659,0.0852887,0.0937377,-4.74974e-07,True,28.0|65,1017
1,8|1017|8|1017|sample|8|65|8|65|28.0,-1.63703,1.5659,0.204977,0.0937377,-4.74974e-07,True,28.0|65,1017
1,8|1017|8|1017|sample|10|65|10|65|28.0,-1.63703,1.5659,0.0861825,0.0937377,-4.74974e-07,True,28.0|65,1017
1,8|1017|8|1017|sample|9|65|9|65|28.0,-1.63703,1.5659,0.0638577,0.0937377,-4.74974e-07,True,28.0|65,1017
1,8|1017|8|1017|sample|4|65|4|65|22.0,-1.45617,1.5659,0.0742088,0.0937377,-4.74974e-07,True,22.0|65,1017
1,8|1017|8|1017|sample|3|65|3|65|22.0,-1.45617,1.5659,0.0717908,0.0937377,-4.74974e-07,True,22.0|65,1017
1,8|1017|8|1017|sample|3|65|3|65|65.0,3.6525,1.5659,1.63247,0.0937377,-4.74974e-07,True,65.0|65,1017
1,8|1017|8|1017|sample|11|65|11|65|65.0,3.6525,1.5659,0.163977,0.0937377,-4.74974e-07,True,65.0|65,1017
1,8|1017|8|1017|sample|8|65|8|65|22.0,-1.45617,1.5659,0.317172,0.0937377,-4.74974e-07,True,22.0|65,1017
1,8|1017|8|1017|cc|1|1|65|1|65|69.0,0.178494,1.5659,4.47184,0.0937377,-4.74974e-07,False,69.0|65,1017
1,8|1017|8|1017|cc|2|1|65|1|65|69.0,0.178494,1.5659,37.8042,0.0937377,-4.74974e-07,False,69.0|65,1017
1,8|1017|8|1017|cc|3|1|65|1|65|69.0,0.178494,1.5659,1.5502,0.0937377,-4.74974e-07,False,69.0|65,1017
1,8|1017|8|1017|cc|4|1|65|1|65|69.0,0.178494,1.5659,45.5863,0.0937377,-4.74974e-07,False,69.0|65,1017
1,8|1017|8|1017|cc|5|1|65|1|65|69.0,0.178494,1.5659,0.0650927,0.0937377,-4.74974e-07,False,69.0|65,1017
1,8|1017|8|1017|cc|6|1|65|1|65|69.0,0.178494,1.5659,1.741,0.0937377,-4.74974e-07,False,69.0|65,1017
1,8|1017|8|1017|cc|7|1|65|1|65|69.0,0.178494,1.5659,1.82741,0.0937377,-4.74974e-07,False,69.0|65,1017
1,8|1017|8|1017|cc|8|1|65|1|65|69.0,0.178494,1.5659,0.0542311,0.0937377,-4.74974e-07,False,69.0|65,1017
1,8|1017|8|1017|vc|1|2|65|2|65|69.0,0.178494,1.5659,4.18943,0.0937377,-4.74974e-07,False,69.0|65,1017
1,8|1017|8|1017|vc|2|2|65|2|65|69.0,0.178494,1.5659,0.0164635,0.0937377,-4.74974e-07,False,69.0|65,1017
1,8|1017|8|1017|vc|3|2|65|2|65|69.0,0.178494,1.5659,47.7541,0.0937377,-4.74974e-07,False,69.0|65,1017
1,8|1017|8|1017|vc|4|2|65|2|65|69.0,0.178494,1.5659,3.87548,0.0937377,-4.74974e-07,False,69.0|65,1017
1,8|1017|8|1017|vc|5|2|65|2|65|69.0,0.178494,1.5659,0.316004,0.0937377,-4.74974e-07,False,69.0|65,1017
1,8|1017|8|1017|vc|6|2|65|2|65|69.0,0.178494,1.5659,0.00500606,0.0937377,-4.74974e-07,False,69.0|65,1017
1,8|1017|8|1017|vc|7|2|65|2|65|69.0,0.178494,1.5659,0.0864851,0.0937377,-4.74974e-07,False,69.0|65,1017
1,8|1017|8|1017|vc|8|2|65|2|65|69.0,0.178494,1.5659,0.519095,0.0937377,-4.74974e-07,False,69.0|65,1017
1,8|291|8|291|sample|6|103|6|103|55.0,0.770317,1.5659,0.403011,0.0937248,-6.10105e-06,True,55.0|103,291
1,8|291|8|291|sample|5|103|5|103|55.0,0.770317,1.5659,0.487492,0.0937248,-6.10105e-06,True,55.0|103,291
1,8|291|8|291|sample|4|103|4|103|55.0,0.770317,1.5659,0.369869,0.0937248,-6.10105e-06,True,55.0|103,291
1,8|291|8|291|sample|3|103|3|103|55.0,0.770317,1.5659,0.487602,0.0937248,-6.10105e-06,True,55.0|103,291
1,8|291|8|291|sample|9|103|9|103|32.0,1.4325,1.5659,0.0214739,0.0937248,-6.10105e-06,True,32.0|103,291
1,8|291|8|291|sample|10|103|10|103|32.0,1.4325,1.5659,0.0187661,0.0937248,-6.10105e-06,True,32.0|103,291
1,8|291|8|291|sample|8|103|8|103|32.0,1.4325,1.5659,0.0290539,0.0937248,-6.10105e-06,True,32.0|103,291
1,8|291|8|291|sample|7|103|7|103|32.0,1.4325,1.5659,0.0256599,0.0937248,-6.10105e-06,True,32.0|103,291
1,8|291|8|291|sample|11|103|11|103|22.0,-1.17994,1.5659,0.0181606,0.0937248,-6.10105e-06,True,22.0|103,291
1,8|291|8|291|sample|12|103|12|103|22.0,-1.17994,1.5659,0.0192512,0.0937248,-6.10105e-06,True,22.0|103,291
1,8|291|8|291|cc|1|1|103|1|103|69.0,0.824465,1.5659,2.02036,0.0937248,-6.10105e-06,False,69.0|103,291
1,8|291|8|291|cc|2|1|103|1|103|69.0,0.824465,1.5659,0.65039,0.0937248,-6.10105e-06,False,69.0|103,291
1,8|291|8|291|cc|3|1|103|1|103|69.0,0.824465,1.5659,0.113552,0.0937248,-6.10105e-06,False,69.0|103,291
1,8|291|8|291|cc|4|1|103|1|103|69.0,0.824465,1.5659,15.5748,0.0937248,-6.10105e-06,False,69.0|103,291
1,8|291|8|291|cc|5|1|103|1|103|69.0,0.824465,1.5659,0.119791,0.0937248,-6.10105e-06,False,69.0|103,291
1,8|291|8|291|cc|6|1|103|1|103|69.0,0.824465,1.5659,2.21157,0.0937248,-6.10105e-06,False,69.0|103,291
1,8|291|8|291|cc|7|1|103|1|103|69.0,0.824465,1.5659,0.184579,0.0937248,-6.10105e-06,False,69.0|103,291
1,8|291|8|291|cc|8|1|103|1|103|69.0,0.824465,1.5659,3.77531,0.0937248,-6.10105e-06,False,69.0|103,291
1,8|291|8|291|vc|1|2|103|2|103|69.0,0.824465,1.5659,389.382,0.0937248,-6.10105e-06,False,69.0|103,291
1,8|291|8|291|vc|2|2|103|2|103|69.0,0.824465,1.5659,0.245195,0.0937248,-6.10105e-06,False,69.0|103,291
1,8|291|8|291|vc|3|2|103|2|103|69.0,0.824465,1.5659,0.0728056,0.0937248,-6.10105e-06,False,69.0|103,291
1,8|291|8|291|vc|4|2|103|2|103|69.0,0.824465,1.5659,0.0882897,0.0937248,-6.10105e-06,False,69.0|103,291
1,8|291|8|291|vc|5|2|103|2|103|69.0,0.824465,1.5659,178.462,0.0937248,-6.10105e-06,False,69.0|103,291
1,8|291|8|291|vc|6|2|103|2|103|69.0,0.824465,1.5659,1.69549,0.0937248,-6.10105e-06,False,69.0|103,291
1,8|291|8|291|vc|7|2|103|2|103|69.0,0.824465,1.5659,0.159417,0.0937248,-6.10105e-06,False,69.0|103,291
1,8|291|8|291|vc|8|2|103|2|103|69.0,0.824465,1.5659,9.6824,0.0937248,-6.10105e-06,False,69.0|103,291
1,8|1197|8|1197|sample|7|103|7|103|65.0,-1.09525,1.5659,0.0325965,0.093723,0.000104099,True,65.0|103,1197
1,8|1197|8|1197|sample|8|103|8|103|65.0,-1.09525,1.5659,0.0306859,0.093723,0.000104099,True,65.0|103,1197
1,8|1197|8|1197|sample|6|103|6|103|65.0,-1.09525,1.5659,0.0244132,0.093723,0.000104099,True,65.0|103,1197
1,8|1197|8|1197|sample|5|103|5|103|65.0,-1.09525,1.5659,0.0320908,0.093723,0.000104099,True,65.0|103,1197
1,8|1197|8|1197|sample|12|103|12|103|28.0,0.470296,1.5659,0.0221145,0.093723,0.000104099,True,28.0|103,1197
1,8|1197|8|1197|sample|10|103|10|103|28.0,0.470296,1.5659,0.0252737,0.093723,0.000104099,True,28.0|103,1197
1,8|1197|8|1197|sample|9|103|9|103|28.0,0.470296,1.5659,0.0271893,0.093723,0.000104099,True,28.0|103,1197
1,8|1197|8|1197|sample|3|103|3|103|22.0,-1.17994,1.5659,0.035312,0.093723,0.000104099,True,22.0|103,1197
1,8|1197|8|1197|sample|4|103|4|103|22.0,-1.17994,1.5659,0.0243696,0.093723,0.000104099,True,22.0|103,1197
1,8|1197|8|1197|sample|11|103|11|103|28.0,0.470296,1.5659,0.019821,0.093723,0.000104099,True,28.0|103,1197
1,8|1197|8|1197|cc|1|1|103|1|103|69.0,0.824465,1.5659,0.375315,0.093723,0.000104099,False,69.0|103,1197
1,8|1197|8|1197|cc|2|1|103|1|103|69.0,0.824465,1.5659,0.0705869,0.093723,0.000104099,False,69.0|103,1197
1,8|1197|8|1197|cc|3|1|103|1|103|69.0,0.824465,1.5659,48.2954,0.093723,0.000104099,False,69.0|103,1197
1,8|1197|8|1197|cc|4|1|103|1|103|69.0,0.824465,1.5659,1.3864,0.093723,0.000104099,False,69.0|103,1197
1,8|1197|8|1197|cc|5|1|103|1|103|69.0,0.824465,1.5659,1.21339,0.093723,0.000104099,False,69.0|103,1197
1,8|1197|8|1197|cc|6|1|103|1|103|69.0,0.824465,1.5659,3.24797,0.093723,0.000104099,False,69.0|103,1197
1,8|1197|8|1197|cc|7|1|103|1|103|69.0,0.824465,1.5659,17.6261,0.093723,0.000104099,False,69.0|103,1197
1,8|1197|8|1197|cc|8|1|103|1|103|69.0,0.824465,1.5659,181.372,0.093723,0.000104099,False,69.0|103,1197
1,8|1197|8|1197|vc|1|2|103|2|103|69.0,0.824465,1.5659,0.663829,0.093723,0.000104099,False,69.0|103,1197
1,8|1197|8|1197|vc|2|2|103|2|103|69.0,0.824465,1.5659,0.222497,0.093723,0.000104099,False,69.0|103,1197
1,8|1197|8|1197|vc|3|2|103|2|103|69.0,0.824465,1.5659,3.31975,0.093723,0.000104099,False,69.0|103,1197
1,8|1197|8|1197|vc|4|2|103|2|103|69.0,0.824465,1.5659,0.177005,0.093723,0.000104099,False,69.0|103,1197
1,8|1197|8|1197|vc|5|2|103|2|103|69.0,0.824465,1.5659,48.377,0.093723,0.000104099,False,69.0|103,1197
1,8|1197|8|1197|vc|6|2|103|2|103|69.0,0.824465,1.5659,0.0384842,0.093723,0.000104099,False,69.0|103,1197
1,8|1197|8|1197|vc|7|2|103|2|103|69.0,0.824465,1.5659,0.104068,0.093723,0.000104099,False,69.0|103,1197
1,8|1197|8|1197|vc|8|2|103|2|103|69.0,0.824465,1.5659,1.08949,0.093723,0.000104099,False,69.0|103,1197
1,8|77|8|77|sample|6|218|6|218|55.0,-4.34615,1.5659,0.00495256,0.0937418,10.0152,True,55.0|218,77
1,8|77|8|77|sample|5|218|5|218|55.0,-4.34615,1.5659,0.00436927,0.0937418,10.0152,True,55.0|218,77
1,8|77|8|77|sample|3|218|3|218|55.0,-4.34615,1.5659,0.00434934,0.0937418,10.0152,True,55.0|218,77
1,8|77|8|77|sample|4|218|4|218|55.0,-4.34615,1.5659,0.00462738,0.0937418,10.0152,True,55.0|218,77
1,8|77|8|77|sample|9|218|9|218|32.0,5.87301,1.5659,0.0712477,0.0937418,10.0152,True,32.0|218,77
1,8|77|8|77|sample|10|218|10|218|32.0,5.87301,1.5659,0.0660076,0.0937418,10.0152,True,32.0|218,77
1,8|77|8|77|sample|8|218|8|218|32.0,5.87301,1.5659,0.0700193,0.0937418,10.0152,True,32.0|218,77
1,8|77|8|77|sample|7|218|7|218|32.0,5.87301,1.5659,0.0644431,0.0937418,10.0152,True,32.0|218,77
1,8|77|8|77|sample|12|218|12|218|22.0,1.13611,1.5659,0.034909,0.0937418,10.0152,True,22.0|218,77
1,8|77|8|77|sample|11|218|11|218|22.0,1.13611,1.5659,0.037818,0.0937418,10.0152,True,22.0|218,77
1,8|77|8|77|cc|1|1|218|1|218|69.0,0.0506184,1.5659,0.147885,0.0937418,10.0152,False,69.0|218,77
1,8|77|8|77|cc|2|1|218|1|218|69.0,0.0506185,1.5659,5.98715,0.0937418,10.0152,False,69.0|218,77
1,8|77|8|77|cc|3|1|218|1|218|69.0,0.0506184,1.5659,6.4545,0.0937418,10.0152,False,69.0|218,77
1,8|77|8|77|cc|4|1|218|1|218|69.0,0.0506184,1.5659,0.13267,0.0937418,10.0152,False,69.0|218,77
1,8|77|8|77|cc|5|1|218|1|218|69.0,0.0506184,1.5659,1.90435,0.0937418,10.0152,False,69.0|218,77
1,8|77|8|77|cc|6|1|218|1|218|69.0,0.0506185,1.5659,0.979804,0.0937418,10.0152,False,69.0|218,77
1,8|77|8|77|cc|7|1|218|1|218|69.0,0.0506185,1.5659,0.695592,0.0937418,10.0152,False,69.0|218,77
1,8|77|8|77|cc|8|1|218|1|218|69.0,0.0506184,1.5659,13.9762,0.0937418,10.0152,False,69.0|218,77
1,8|77|8|77|vc|1|2|218|2|218|69.0,0.0506185,1.5659,0.0809955,0.0937418,10.0152,False,69.0|218,77
1,8|77|8|77|vc|2|2|218|2|218|69.0,0.0506183,1.5659,0.085862,0.0937418,10.0152,False,69.0|218,77
1,8|77|8|77|vc|3|2|218|2|218|69.0,0.0506185,1.5659,41.1153,0.0937418,10.0152,False,69.0|218,77
1,8|77|8|77|vc|4|2|218|2|218|69.0,0.0506184,1.5659,37.7685,0.0937418,10.0152,False,69.0|218,77
1,8|77|8|77|vc|5|2|218|2|218|69.0,0.0506184,1.5659,0.846566,0.0937418,10.0152,False,69.0|218,77
1,8|77|8|77|vc|6|2|218|2|218|69.0,0.0506183,1.5659,4.37196,0.0937418,10.0152,False,69.0|218,77
1,8|77|8|77|vc|7|2|218|2|218|69.0,0.0506184,1.5659,0.135735,0.0937418,10.0152,False,69.0|218,77
1,8|77|8|77|vc|8|2|218|2|218|69.0,0.0506185,1.5659,21.5765,0.0937418,10.0152,False,69.0|218,77
1,8|745|8|745|sample|7|218|7|218|65.0,2.75825,1.5659,0.0046532,0.093741,-5.54099e-07,True,65.0|218,745
1,8|745|8|745|sample|8|218|8|218|65.0,2.75825,1.5659,0.00636364,0.093741,-5.54099e-07,True,65.0|218,745
1,8|745|8|745|sample|6|218|6|218|65.0,2.75825,1.5659,0.0134948,0.093741,-5.54099e-07,True,65.0|218,745
1,8|745|8|745|sample|5|218|5|218|65.0,2.75825,1.5659,0.0123708,0.093741,-5.54099e-07,True,65.0|218,745
1,8|745|8|745|sample|3|218|3|218|65.0,2.75825,1.5659,0.000349482,0.093741,-5.54099e-07,True,65.0|218,745
1,8|745|8|745|sample|11|218|11|218|28.0,-0.132528,1.5659,0.0270047,0.093741,-5.54099e-07,True,28.0|218,745
1,8|745|8|745|sample|12|218|12|218|28.0,-0.132528,1.5659,0.0296347,0.093741,-5.54099e-07,True,28.0|218,745
1,8|745|8|745|sample|10|218|10|218|28.0,-0.132528,1.5659,0.0346502,0.093741,-5.54099e-07,True,28.0|218,745
1,8|745|8|745|sample|9|218|9|218|28.0,-0.132528,1.5659,0.0482593,0.093741,-5.54099e-07,True,28.0|218,745
1,8|745|8|745|sample|4|218|4|218|22.0,1.13611,1.5659,0.0421019,0.093741,-5.54099e-07,True,22.0|218,745
1,8|745|8|745|sample|3|218|3|218|22.0,1.13611,1.5659,0.0459134,0.093741,-5.54099e-07,True,22.0|218,745
1,8|745|8|745|sample|5|218|5|218|22.0,1.13611,1.5659,0.0765329,0.093741,-5.54099e-07,True,22.0|218,745
1,8|745|8|745|cc|1|1|218|1|218|69.0,0.0506184,1.5659,12.7899,0.093741,-5.54099e-07,False,69.0|218,745
1,8|745|8|745|cc|2|1|218|1|218|69.0,0.0506183,1.5659,0.0228199,0.093741,-5.54099e-07,False,69.0|218,745
1,8|745|8|745|cc|3|1|218|1|218|69.0,0.0506185,1.5659,1.45937,0.093741,-5.54099e-07,False,69.0|218,745
1,8|745|8|745|cc|4|1|218|1|218|69.0,0.0506183,1.5659,13.032,0.093741,-5.54099e-07,False,69.0|218,745
1,8|745|8|745|cc|5|1|218|1|218|69.0,0.0506185,1.5659,0.50928,0.093741,-5.54099e-07,False,69.0|218,745
1,8|745|8|745|cc|6|1|218|1|218|69.0,0.0506184,1.5659,0.0510873,0.093741,-5.54099e-07,False,69.0|218,745
1,8|745|8|745|cc|7|1|218|1|218|69.0,0.0506184,1.5659,55.5653,0.093741,-5.54099e-07,False,69.0|218,745
1,8|745|8|745|cc|8|1|218|1|218|69.0,0.0506185,1.5659,0.02095,0.093741,-5.54099e-07,False,69.0|218,745
1,8|745|8|745|vc|1|2|218|2|218|69.0,0.0506185,1.5659,0.0029063,0.093741,-5.54099e-07,False,69.0|218,745
1,8|745|8|745|vc|2|2|218|2|218|69.0,0.0506185,1.5659,0.896601,0.093741,-5.54099e-07,False,69.0|218,745
1,8|745|8|745|vc|3|2|218|2|218|69.0,0.0506183,1.5659,0.129928,0.093741,-5.54099e-07,False,69.0|218,745
1,8|745|8|745|vc|4|2|218|2|218|69.0,0.0506185,1.5659,0.885806,0.093741,-5.54099e-07,False,69.0|218,745
1,8|745|8|745|vc|5|2|218|2|218|69.0,0.0506184,1.5659,0.232181,0.093741,-5.54099e-07,False,69.0|218,745
1,8|745|8|745|vc|6|2|218|2|218|69.0,0.0506185,1.5659,0.244035,0.093741,-5.54099e-07,False,69.0|218,745
1,8|745|8|745|vc|7|2|218|2|218|69.0,0.0506184,1.5659,0.0285719,0.093741,-5.54099e-07,False,69.0|218,745
1,8|745|8|745|vc|8|2|218|2|218|69.0,0.0506184,1.5659,0.547323,0.093741,-5.54099e-07,False,69.0|218,745
1,8|322|8|322|sample|6|174|6|174|55.0,6.34781,1.5659,0.0137075,0.0937377,-4.52098e-07,True,55.0|174,322
1,8|322|8|322|sample|5|174|5|174|55.0,6.34781,1.5659,0.0114101,0.0937377,-4.52098e-07,True,55.0|174,322
1,8|322|8|322|sample|3|174|3|174|55.0,6.34781,1.5659,0.0118108,0.0937377,-4.52098e-07,True,55.0|174,322
1,8|322|8|322|sample|4|174|4|174|55.0,6.34781,1.5659,0.0181009,0.0937377,-4.52098e-07,True,55.0|174,322
1,8|322|8|322|sample|10|174|10|174|32.0,0.0792473,1.5659,0.0103042,0.0937377,-4.52098e-07,True,32.0|174,322
1,8|322|8|322|sample|9|174|9|174|32.0,0.0792473,1.5659,0.0141296,0.0937377,-4.52098e-07,True,32.0|174,322
1,8|322|8|322|sample|7|174|7|174|32.0,0.0792473,1.5659,0.0138836,0.0937377,-4.52098e-07,True,32.0|174,322
1,8|322|8|322|sample|8|174|8|174|32.0,0.0792474,1.5659,0.016455,0.0937377,-4.52098e-07,True,32.0|174,322
1,8|322|8|322|sample|12|174|12|174|22.0,-0.184155,1.5659,0.0154427,0.0937377,-4.52098e-07,True,22.0|174,322
1,8|322|8|322|sample|8|174|8|174|22.0,-0.184155,1.5659,0.0342261,0.0937377,-4.52098e-07,True,22.0|174,322
1,8|322|8|322|sample|11|174|11|174|22.0,-0.184155,1.5659,0.0221992,0.0937377,-4.52098e-07,True,22.0|174,322
1,8|322|8|322|sample|11|174|11|174|32.0,0.0792473,1.5659,0.12134,0.0937377,-4.52098e-07,True,32.0|174,322
1,8|322|8|322|cc|1|1|174|1|174|69.0,0.0504956,1.5659,0.0398755,0.0937377,-4.52098e-07,False,69.0|174,322
1,8|322|8|322|cc|2|1|174|1|174|69.0,0.0504956,1.5659,2.63169,0.0937377,-4.52098e-07,False,69.0|174,322
1,8|322|8|322|cc|3|1|174|1|174|69.0,0.0504956,1.5659,88.6826,0.0937377,-4.52098e-07,False,69.0|174,322
1,8|322|8|322|cc|4|1|174|1|174|69.0,0.0504955,1.5659,12.5896,0.0937377,-4.52098e-07,False,69.0|174,322
1,8|322|8|322|cc|5|1|174|1|174|69.0,0.0504957,1.5659,0.481957,0.0937377,-4.52098e-07,False,69.0|174,322
1,8|322|8|322|cc|6|1|174|1|174|69.0,0.0504956,1.5659,6.872,0.0937377,-4.52098e-07,False,69.0|174,322
1,8|322|8|322|cc|7|1|174|1|174|69.0,0.0504956,1.5659,1.8791,0.0937377,-4.52098e-07,False,69.0|174,322
1,8|322|8|322|cc|8|1|174|1|174|69.0,0.0504957,1.5659,21.3225,0.0937377,-4.52098e-07,False,69.0|174,322
1,8|322|8|322|vc|1|2|174|2|174|69.0,0.0504955,1.5659,1.62364,0.0937377,-4.52098e-07,False,69.0|174,322
1,8|322|8|322|vc|2|2|174|2|174|69.0,0.0504956,1.5659,0.0016398,0.0937377,-4.52098e-07,False,69.0|174,322
1,8|322|8|322|vc|3|2|174|2|174|69.0,0.0504955,1.5659,6.94655,0.0937377,-4.52098e-07,False,69.0|174,322
1,8|322|8|322|vc|4|2|174|2|174|69.0,0.0504956,1.5659,0.0179908,0.0937377,-4.52098e-07,False,69.0|174,322
1,8|322|8|322|vc|5|2|174|2|174|69.0,0.0504956,1.5659,0.0733131,0.0937377,-4.52098e-07,False,69.0|174,322
1,8|322|8|322|vc|6|2|174|2|174|69.0,0.0504956,1.5659,16.0906,0.0937377,-4.52098e-07,False,69.0|174,322
1,8|322|8|322|vc|7|2|174|2|174|69.0,0.0504955,1.5659,2.58797,0.0937377,-4.52098e-07,False,69.0|174,322
1,8|322|8|322|vc|8|2|174|2|174|69.0,0.0504955,1.5659,1.7283,0.0937377,-4.52098e-07,False,69.0|174,322
1,8|1043|8|1043|sample|6|174|6|174|65.0,1.46399,1.5659,0.0158157,0.0937467,-2.45134e-06,True,65.0|174,1043
1,8|1043|8|1043|sample|7|174|7|174|65.0,1.46399,1.5659,0.00608758,0.0937467,-2.45134e-06,True,65.0|174,1043
1,8|1043|8|1043|sample|8|174|8|174|65.0,1.46399,1.5659,0.00802701,0.0937467,-2.45134e-06,True,65.0|174,1043
1,8|1043|8|1043|sample|5|174|5|174|65.0,1.46399,1.5659,0.0152202,0.0937467,-2.45134e-06,True,65.0|174,1043
1,8|1043|8|1043|sample|11|174|11|174|28.0,-1.23227,1.5659,0.010985,0.0937467,-2.45134e-06,True,28.0|174,1043
1,8|1043|8|1043|sample|12|174|12|174|28.0,-1.23227,1.5659,0.0117622,0.0937467,-2.45134e-06,True,28.0|174,1043
1,8|1043|8|1043|sample|10|174|10|174|28.0,-1.23227,1.5659,0.0307527,0.0937467,-2.45134e-06,True,28.0|174,1043
1,8|1043|8|1043|sample|9|174|9|174|28.0,-1.23227,1.5659,0.0236291,0.0937467,-2.45134e-06,True,28.0|174,1043
1,8|1043|8|1043|sample|4|174|4|174|22.0,-0.184155,1.5659,0.0193952,0.0937467,-2.45134e-06,True,22.0|174,1043
1,8|1043|8|1043|sample|3|174|3|174|22.0,-0.184155,1.5659,0.0280752,0.0937467,-2.45134e-06,True,22.0|174,1043
1,8|1043|8|1043|cc|1|1|174|1|174|69.0,0.0504955,1.5659,107.354,0.0937467,-2.45134e-06,False,69.0|174,1043
1,8|1043|8|1043|cc|2|1|174|1|174|69.0,0.0504956,1.5659,2.14839,0.0937467,-2.45134e-06,False,69.0|174,1043
1,8|1043|8|1043|cc|3|1|174|1|174|69.0,0.0504957,1.5659,148.418,0.0937467,-2.45134e-06,False,69.0|174,1043
1,8|1043|8|1043|cc|4|1|174|1|174|69.0,0.0504955,1.5659,0.701916,0.0937467,-2.45134e-06,False,69.0|174,1043
1,8|1043|8|1043|cc|5|1|174|1|174|69.0,0.0504956,1.5659,20.1958,0.0937467,-2.45134e-06,False,69.0|174,1043
1,8|1043|8|1043|cc|6|1|174|1|174|69.0,0.0504956,1.5659,168.297,0.0937467,-2.45134e-06,False,69.0|174,1043
1,8|1043|8|1043|cc|7|1|174|1|174|69.0,0.0504956,1.5659,1.21558,0.0937467,-2.45134e-06,False,69.0|174,1043
1,8|1043|8|1043|cc|8|1|174|1|174|69.0,0.0504956,1.5659,0.0117895,0.0937467,-2.45134e-06,False,69.0|174,1043
1,8|1043|8|1043|vc|1|2|174|2|174|69.0,0.0504956,1.5659,0.00279911,0.0937467,-2.45134e-06,False,69.0|174,1043
1,8|1043|8|1043|vc|2|2|174|2|174|69.0,0.0504956,1.5659,0.0151629,0.0937467,-2.45134e-06,False,69.0|174,1043
1,8|1043|8|1043|vc|3|2|174|2|174|69.0,0.0504956,1.5659,0.0654656,0.0937467,-2.45134e-06,False,69.0|174,1043
1,8|1043|8|1043|vc|4|2|174|2|174|69.0,0.0504955,1.5659,0.0111687,0.0937467,-2.45134e-06,False,69.0|174,1043
1,8|1043|8|1043|vc|5|2|174|2|174|69.0,0.0504956,1.5659,1.7067,0.0937467,-2.45134e-06,False,69.0|174,1043
1,8|1043|8|1043|vc|6|2|174|2|174|69.0,0.0504956,1.5659,0.0156855,0.0937467,-2.45134e-06,False,69.0|174,1043
1,8|1043|8|1043|vc|7|2|174|2|174|69.0,0.0504956,1.5659,115.453,0.0937467,-2.45134e-06,False,69.0|174,1043
1,8|1043|8|1043|vc|8|2|174|2|174|69.0,0.0504955,1.5659,0.00984922,0.0937467,-2.45134e-06,False,69.0|174,1043
1,8|963|8|963|sample|6|319|6|319|55.0,5.07848,1.5659,0.00181184,0.0937405,-2.49671e-07,True,55.0|319,963
1,8|963|8|963|sample|5|319|5|319|55.0,5.07848,1.5659,0.0020239,0.0937405,-2.49671e-07,True,55.0|319,963
1,8|963|8|963|sample|4|319|4|319|55.0,5.07848,1.5659,0.00189111,0.0937405,-2.49671e-07,True,55.0|319,963
1,8|963|8|963|sample|3|319|3|319|55.0,5.07848,1.5659,0.002111,0.0937405,-2.49671e-07,True,55.0|319,963
1,8|963|8|963|sample|10|319|10|319|32.0,0.232435,1.5659,0.0186049,0.0937405,-2.49671e-07,True,32.0|319,963
1,8|963|8|963|sample|9|319|9|319|32.0,0.232435,1.5659,0.0114842,0.0937405,-2.49671e-07,True,32.0|319,963
1,8|963|8|963|sample|7|319|7|319|32.0,0.232435,1.5659,0.0152127,0.0937405,-2.49671e-07,True,32.0|319,963
1,8|963|8|963|sample|8|319|8|319|32.0,0.232435,1.5659,0.0249635,0.0937405,-2.49671e-07,True,32.0|319,963
1,8|963|8|963|sample|11|319|11|319|22.0,-0.054386,1.5659,0.0711095,0.0937405,-2.49671e-07,True,22.0|319,963
1,8|963|8|963|sample|12|319|12|319|22.0,-0.0543861,1.5659,0.0790257,0.0937405,-2.49671e-07,True,22.0|319,963
1,8|963|8|963|cc|1|1|319|1|319|69.0,0.270333,1.5659,0.385696,0.0937405,-2.49671e-07,False,69.0|319,963
1,8|963|8|963|cc|2|1|319|1|319|69.0,0.270333,1.5659,0.246387,0.0937405,-2.49671e-07,False,69.0|319,963
1,8|963|8|963|cc|3|1|319|1|319|69.0,0.270333,1.5659,2.00994,0.0937405,-2.49671e-07,False,69.0|319,963
1,8|963|8|963|cc|4|1|319|1|319|69.0,0.270333,1.5659,45.4753,0.0937405,-2.49671e-07,False,69.0|319,963
1,8|963|8|963|cc|5|1|319|1|319|69.0,0.270333,1.5659,1.98055,0.0937405,-2.49671e-07,False,69.0|319,963
1,8|963|8|963|cc|6|1|319|1|319|69.0,0.270333,1.5659,0.158495,0.0937405,-2.49671e-07,False,69.0|319,963
1,8|963|8|963|cc|7|1|319|1|319|69.0,0.270333,1.5659,0.0327283,0.0937405,-2.49671e-07,False,69.0|319,963
1,8|963|8|963|cc|8|1|319|1|319|69.0,0.270333,1.5659,19.7493,0.0937405,-2.49671e-07,False,69.0|319,963
1,8|963|8|963|vc|1|2|319|2|319|69.0,0.270333,1.5659,1.30973,0.0937405,-2.49671e-07,False,69.0|319,963
1,8|963|8|963|vc|2|2|319|2|319|69.0,0.270333,1.5659,47.1313,0.0937405,-2.49671e-07,False,69.0|319,963
1,8|963|8|963|vc|3|2|319|2|319|69.0,0.270333,1.5659,6.04125,0.0937405,-2.49671e-07,False,69.0|319,963
1,8|963|8|963|vc|4|2|319|2|319|69.0,0.270333,1.5659,1.24139,0.0937405,-2.49671e-07,False,69.0|319,963
1,8|963|8|963|vc|5|2|319|2|319|69.0,0.270333,1.5659,3.47962,0.0937405,-2.49671e-07,False,69.0|319,963
1,8|963|8|963|vc|6|2|319|2|319|69.0,0.270333,1.5659,0.13224,0.0937405,-2.49671e-07,False,69.0|319,963
1,8|963|8|963|vc|7|2|319|2|319|69.0,0.270333,1.5659,54.8231,0.0937405,-2.49671e-07,False,69.0|319,963
1,8|963|8|963|vc|8|2|319|2|319|69.0,0.270333,1.5659,0.462069,0.0937405,-2.49671e-07,False,69.0|319,963
1,8|1260|8|1260|sample|8|319|8|319|65.0,1.86209,1.5659,0.00341196,0.0937358,3.16631e-05,True,65.0|319,1260
1,8|1260|8|1260|sample|7|319|7|319|65.0,1.86209,1.5659,0.00176853,0.0937358,3.16631e-05,True,65.0|319,1260
1,8|1260|8|1260|sample|6|319|6|319|65.0,1.86209,1.5659,0.00928991,0.0937358,3.16631e-05,True,65.0|319,1260
1,8|1260|8|1260|sample|5|319|5|319|65.0,1.86209,1.5659,0.00869441,0.0937358,3.16631e-05,True,65.0|319,1260
1,8|1260|8|1260|sample|11|319|11|319|28.0,1.30686,1.5659,0.0168148,0.0937358,3.16631e-05,True,28.0|319,1260
1,8|1260|8|1260|sample|12|319|12|319|28.0,1.30686,1.5659,0.0186952,0.0937358,3.16631e-05,True,28.0|319,1260
1,8|1260|8|1260|sample|10|319|10|319|28.0,1.30686,1.5659,0.0382708,0.0937358,3.16631e-05,True,28.0|319,1260
1,8|1260|8|1260|sample|9|319|9|319|28.0,1.30686,1.5659,0.0406111,0.0937358,3.16631e-05,True,28.0|319,1260
1,8|1260|8|1260|sample|4|319|4|319|22.0,-0.0543861,1.5659,0.117044,0.0937358,3.16631e-05,True,22.0|319,1260
1,8|1260|8|1260|sample|3|319|3|319|22.0,-0.0543861,1.5659,0.108639,0.0937358,3.16631e-05,True,22.0|319,1260
1,8|1260|8|1260|cc|1|1|319|1|319|69.0,0.270333,1.5659,1.62831,0.0937358,3.16631e-05,False,69.0|319,1260
1,8|1260|8|1260|cc|2|1|319|1|319|69.0,0.270333,1.5659,0.469522,0.0937358,3.16631e-05,False,69.0|319,1260
1,8|1260|8|1260|cc|3|1|319|1|319|69.0,0.270333,1.5659,0.185944,0.0937358,3.16631e-05,False,69.0|319,1260
1,8|1260|8|1260|cc|4|1|319|1|319|69.0,0.270333,1.5659,1.96856,0.0937358,3.16631e-05,False,69.0|319,1260
1,8|1260|8|1260|cc|5|1|319|1|319|69.0,0.270333,1.5659,1.47512,0.0937358,3.16631e-05,False,69.0|319,1260
1,8|1260|8|1260|cc|6|1|319|1|319|69.0,0.270333,1.5659,22.1487,0.0937358,3.16631e-05,False,69.0|319,1260
1,8|1260|8|1260|cc|7|1|319|1|319|69.0,0.270333,1.5659,0.00687971,0.0937358,3.16631e-05,False,69.0|319,1260
1,8|1260|8|1260|cc|8|1|319|1|319|69.0,0.270333,1.5659,21.3701,0.0937358,3.16631e-05,False,69.0|319,1260
1,8|1260|8|1260|vc|1|2|319|2|319|69.0,0.270333,1.5659,147.146,0.0937358,3.16631e-05,False,69.0|319,1260
1,8|1260|8|1260|vc|2|2|319|2|319|69.0,0.270333,1.5659,0.158866,0.0937358,3.16631e-05,False,69.0|319,1260
1,8|1260|8|1260|vc|3|2|319|2|319|69.0,0.270333,1.5659,7.52823,0.0937358,3.16631e-05,False,69.0|319,1260
1,8|1260|8|1260|vc|4|2|319|2|319|69.0,0.270333,1.5659,0.329762,0.0937358,3.16631e-05,False,69.0|319,1260
1,8|1260|8|1260|vc|5|2|319|2|319|69.0,0.270333,1.5659,1.08832,0.0937358,3.16631e-05,False,69.0|319,1260
1,8|1260|8|1260|vc|6|2|319|2|319|69.0,0.270333,1.5659,99.2567,0.0937358,3.16631e-05,False,69.0|319,1260
1,8|1260|8|1260|vc|7|2|319|2|319|69.0,0.270333,1.5659,0.393821,0.0937358,3.16631e-05,False,69.0|319,1260
1,8|1260|8|1260|vc|8|2|319|2|319|69.0,0.270333,1.5659,133.334,0.0937358,3.16631e-05,False,69.0|319,1260
