rep,id,f,h,s,L_gap,eta_alpha,mab_virus,run_id
1,411|4,1.80159,0.900476,2.88242,-175.85,0.0279183,70.0|274,411
1,411|3,0.713638,0.900476,2.12156,-175.85,0.0112258,70.0|274,411
1,411|5,2.16014,0.900476,2.86699,-175.85,0.0104091,70.0|274,411
1,411|6,3.40952,0.900476,3.7611,-175.85,-0.0235798,70.0|274,411
1,411|8,1.25707,0.900476,2.44448,-175.85,0.019423,70.0|274,411
1,411|7,0.976943,0.900476,2.26579,-175.85,0.0582469,70.0|274,411
1,411|9,1.18925,0.900476,2.23766,-175.85,0.00288862,70.0|274,411
1,411|10,3.23162,0.900476,3.33044,-175.85,0.00278972,70.0|274,411
1,411|12,2.17872,0.900476,3.71817,-175.85,-0.016349,70.0|274,411
1,411|11,0.943293,0.900476,2.25797,-175.85,-0.00134816,70.0|274,411
1,411|1,1.1762,3.7519,0.812504,-174.692,0.022583,69.0|274,411
1,411|2,10.0013,3.7519,0.612267,-174.692,-0.000923646,69.0|274,411
1,152|8,3.33454,0.542942,4.78368,-178.81,0.0544075,65.0|322,152
1,152|7,4.50136,0.542942,5.33554,-178.81,0.0157342,65.0|322,152
1,152|6,0.815509,0.542942,2.58484,-178.81,0.040305,65.0|322,152
1,152|5,2.51259,0.542942,4.0274,-178.81,0.0306423,65.0|322,152
1,152|12,0.465613,0.536665,3.35328,-173.225,0.0150017,28.0|322,152
1,152|11,6.31928,0.536665,8.95233,-173.225,0.0560887,28.0|322,152
1,152|10,3.15197,0.536665,6.24979,-173.225,0.0556878,28.0|322,152
1,152|9,2.70883,0.536665,5.83243,-173.225,0.0558831,28.0|322,152
1,152|3,0.380715,0.557321,2.17109,-174.274,0.0500608,22.0|322,152
1,152|4,0.990865,0.557321,2.52547,-174.274,0.0610445,22.0|322,152
1,152|1,34.3172,2.79255,0.286987,-174.44,0.0638366,69.0|322,152
1,152|2,5.46392,2.79255,0.998156,-174.44,0.0263794,69.0|322,152
1,1056|8,0.12182,1.34438,1.19558,-174.463,-0.014031,65.0|276,1056
1,1056|7,0.19188,1.34438,1.62764,-174.463,0.000306897,65.0|276,1056
1,1056|6,0.319126,1.34438,2.26168,-174.463,0.00283754,65.0|276,1056
1,1056|5,0.422385,1.34438,2.27696,-174.463,0.00980797,65.0|276,1056
1,1056|12,0.392982,1.31492,9.60237,-177.618,-0.0219253,28.0|276,1056
1,1056|11,0.194014,1.31492,3.1273,-177.618,0.0162648,28.0|276,1056
1,1056|10,0.0708909,1.31492,1.3733,-177.618,0.0171525,28.0|276,1056
1,1056|9,0.0635164,1.31492,1.21292,-177.618,0.00538296,28.0|276,1056
1,1056|4,0.187491,1.33536,1.74931,-176.554,0.0313527,22.0|276,1056
1,1056|3,0.203796,1.33536,1.78007,-176.554,0.00793866,22.0|276,1056
1,1056|1,9.73835,-0.73558,0.313491,-177.963,0.0172816,69.0|276,1056
1,1056|2,32.8949,-0.73558,1.89989,-177.963,0.00958894,69.0|276,1056
1,462|6,33.0655,-0.21846,0.202812,-178.171,0.00127333,55.0|292,462
1,462|5,25.9173,-0.21846,0.0775946,-178.171,-0.00475354,55.0|292,462
1,462|4,1.8335,-0.21846,0.0644851,-178.171,-0.00502471,55.0|292,462
1,462|3,9.39834,-0.21846,0.131518,-178.171,0.00210134,55.0|292,462
1,462|9,0.0390562,1.48027,1.92832,-174.512,0.0144519,32.0|292,462
1,462|10,0.0361729,1.48027,1.86292,-174.512,0.00103759,32.0|292,462
1,462|7,0.0352788,1.48027,1.55715,-174.512,0.0162522,32.0|292,462
1,462|8,0.0419862,1.48027,1.70697,-174.512,0.00567782,32.0|292,462
1,462|11,0.818556,1.20522,2.37723,-176.406,-0.0171065,22.0|292,462
1,462|12,0.0895465,1.20522,0.822258,-176.406,0.00359242,22.0|292,462
1,462|1,0.131569,-3.79026,3.33145,-176.413,0.00166886,69.0|292,462
1,462|2,0.607972,-3.79026,0.204742,-176.413,0.0359853,69.0|292,462
1,1159|8,0.864345,1.29123,2.82695,-175.665,-0.00728931,65.0|292,1159
1,1159|7,1.38407,1.29123,3.62513,-175.665,-0.00354151,65.0|292,1159
1,1159|5,0.341245,1.29123,1.50767,-175.665,-0.0139484,65.0|292,1159
1,1159|6,0.380527,1.29123,1.57748,-175.665,-0.0512716,65.0|292,1159
1,1159|11,0.122688,1.30618,2.18962,-175.001,-0.0198548,28.0|292,1159
1,1159|12,0.0866059,1.30618,2.17173,-175.001,-0.00446672,28.0|292,1159
1,1159|9,0.179179,1.30618,2.11549,-175.001,-0.0737033,28.0|292,1159
1,1159|10,0.16905,1.30618,1.95238,-175.001,-0.0206993,28.0|292,1159
1,1159|4,0.871506,1.20522,2.36653,-171.828,-0.0430849,22.0|292,1159
1,1159|3,0.744106,1.20522,2.37365,-171.828,-0.0192684,22.0|292,1159
1,1159|1,4.93037,-3.79026,6.85448,-171.835,-0.020308,69.0|292,1159
1,1159|2,0.0956445,-3.79026,0.701989,-171.835,-0.0156228,69.0|292,1159
1,1197|7,0.121339,1.15143,2.90981,-179.96,-0.0305876,65.0|103,1197
1,1197|8,0.0525251,1.15143,1.86052,-179.96,-0.0363151,65.0|103,1197
1,1197|6,0.0639346,1.15143,2.32896,-179.96,-0.0299869,65.0|103,1197
1,1197|5,0.161618,1.15143,3.63991,-179.96,-0.0357658,65.0|103,1197
1,1197|12,0.0147285,1.43602,1.18553,-178.158,-0.0342826,28.0|103,1197
1,1197|10,0.128349,1.43602,3.45651,-178.158,-0.0410715,28.0|103,1197
1,1197|9,0.0592336,1.43602,1.93506,-178.158,-0.0473246,28.0|103,1197
1,1197|3,0.0894751,1.155,2.46385,-170.549,-0.0419385,22.0|103,1197
1,1197|4,0.137703,1.155,4.28721,-170.549,-0.0555307,22.0|103,1197
1,1197|11,0.0222602,1.43602,1.33175,-178.158,-0.0447288,28.0|103,1197
1,1197|1,2.02362,5.9759,0.821801,-175.976,-0.017647,69.0|103,1197
1,1197|2,2.43855,5.9759,0.264107,-175.976,-0.0413201,69.0|103,1197
