id,importanceSampling
8|84|cc|1|1|162,-10.469901
8|84|cc|2|1|162,-10.575683
8|84|cc|3|1|162,-10.456199
8|84|cc|4|1|162,-10.2719
8|84|cc|5|1|162,-10.091044
8|84|cc|6|1|162,-10.133619
8|84|cc|7|1|162,-10.131851
8|84|cc|8|1|162,-10.623826
8|84|sample|10|162,-19.697007
8|84|sample|11|162,-10.680908
8|84|sample|12|162,-16.631781
8|84|sample|3|162,-4.372219
8|84|sample|4|162,-5.517691
8|84|sample|5|162,-7.746259
8|84|sample|6|162,-8.19786
8|84|sample|7|162,-9.499162
8|84|sample|8|162,-12.310554
8|84|sample|9|162,-18.386195
8|84|vc|1|2|162,-0.661191
8|84|vc|2|2|162,-0.54262
8|84|vc|3|2|162,-0.542532
8|84|vc|4|2|162,-0.569462
8|84|vc|5|2|162,-0.541507
8|84|vc|6|2|162,-0.451364
8|84|vc|7|2|162,-0.627216
8|84|vc|8|2|162,-0.359264
8|719|cc|1|1|274,-10.685215
8|719|cc|2|1|274,-10.573953
8|719|cc|3|1|274,-10.403505
8|719|cc|4|1|274,-10.000421
8|719|cc|5|1|274,-10.220681
8|719|cc|6|1|274,-9.9847
8|719|cc|7|1|274,-9.835455
8|719|cc|8|1|274,-10.118079
8|719|sample|10|274,-32.668733
8|719|sample|11|274,-34.103086
8|719|sample|12|274,-33.849833
8|719|sample|3|274,-5.635249
8|719|sample|4|274,-6.244963
8|719|sample|5|274,-3.262012
8|719|sample|6|274,-1.241858
8|719|sample|7|274,-22.453019
8|719|sample|8|274,-22.669489
8|719|sample|9|274,-32.698018
8|719|vc|1|2|274,-0.492568
8|719|vc|2|2|274,-0.63974
8|719|vc|3|2|274,-0.705665
8|719|vc|4|2|274,-0.729003
8|719|vc|5|2|274,-0.686314
8|719|vc|6|2|274,-0.735077
8|719|vc|7|2|274,-0.684418
8|719|vc|8|2|274,-0.658608
8|488|cc|1|1|322,-10.800652
8|488|cc|2|1|322,-10.599547
8|488|cc|3|1|322,-10.829301
8|488|cc|4|1|322,-10.850453
8|488|cc|5|1|322,-10.850891
8|488|cc|6|1|322,-10.816207
8|488|cc|7|1|322,-10.748598
8|488|cc|8|1|322,-10.840653
8|488|sample|10|322,-17.014266
8|488|sample|11|322,-26.149757
8|488|sample|12|322,-22.752046
8|488|sample|3|322,-5.470573
8|488|sample|4|322,-5.189424
8|488|sample|5|322,-2.025733
8|488|sample|6|322,-3.158687
8|488|sample|7|322,-13.474219
8|488|sample|8|322,-12.973344
8|488|sample|9|322,-18.226241
8|488|vc|1|2|322,-0.636365
8|488|vc|2|2|322,-0.549055
8|488|vc|3|2|322,-0.629358
8|488|vc|4|2|322,-0.644705
8|488|vc|5|2|322,-0.644082
8|488|vc|6|2|322,-0.660759
8|488|vc|7|2|322,-0.663225
8|488|vc|8|2|322,-0.628699
8|847|cc|1|1|69,-10.474203
8|847|cc|2|1|69,-10.154535
8|847|cc|3|1|69,-9.877859
8|847|cc|4|1|69,-10.356075
8|847|cc|5|1|69,-10.187757
8|847|cc|6|1|69,-10.185736
8|847|cc|7|1|69,-10.376904
8|847|cc|8|1|69,-9.353115
8|847|sample|10|69,-32.344371
8|847|sample|11|69,-21.44567
8|847|sample|12|69,-20.526887
8|847|sample|3|69,-10.161481
8|847|sample|4|69,-10.806232
8|847|sample|5|69,-19.186331
8|847|sample|6|69,-19.814306
8|847|sample|7|69,-26.256752
8|847|sample|8|69,-25.988049
8|847|sample|9|69,-32.857026
8|847|vc|1|2|69,-0.65088
8|847|vc|2|2|69,-0.598455
8|847|vc|3|2|69,-0.642672
8|847|vc|4|2|69,-0.534557
8|847|vc|5|2|69,-0.387713
8|847|vc|6|2|69,-0.574091
8|847|vc|7|2|69,-0.653037
8|847|vc|8|2|69,-0.545837
8|474|cc|1|1|276,-10.817404
8|474|cc|2|1|276,-10.75355
8|474|cc|3|1|276,-10.741395
8|474|cc|4|1|276,-10.69617
8|474|cc|5|1|276,-10.727744
8|474|cc|6|1|276,-10.464514
8|474|cc|7|1|276,-10.373186
8|474|cc|8|1|276,-10.786409
8|474|sample|10|276,-36.381941
8|474|sample|11|276,-30.667441
8|474|sample|12|276,-30.716932
8|474|sample|3|276,-7.847736
8|474|sample|4|276,-9.853252
8|474|sample|5|276,-20.749761
8|474|sample|6|276,-21.101804
8|474|sample|7|276,-27.79792
8|474|sample|8|276,-26.392947
8|474|sample|9|276,-68.804983
8|474|vc|1|2|276,-0.593195
8|474|vc|2|2|276,-0.618722
8|474|vc|3|2|276,-0.388121
8|474|vc|4|2|276,-0.562921
8|474|vc|5|2|276,-0.600547
8|474|vc|6|2|276,-0.559154
8|474|vc|7|2|276,-0.662606
8|474|vc|8|2|276,-0.75764
8|462|cc|1|1|292,-10.774949
8|462|cc|2|1|292,-10.774858
8|462|cc|3|1|292,-10.721184
8|462|cc|4|1|292,-10.453249
8|462|cc|5|1|292,-10.204424
8|462|cc|6|1|292,-10.156142
8|462|cc|7|1|292,-10.378557
8|462|cc|8|1|292,-10.121093
8|462|sample|10|292,-35.276845
8|462|sample|11|292,-27.309418
8|462|sample|12|292,-26.212161
8|462|sample|3|292,-8.422765
8|462|sample|4|292,-7.360193
8|462|sample|5|292,-10.748469
8|462|sample|6|292,-13.872459
8|462|sample|7|292,-27.287645
8|462|sample|8|292,-27.611525
8|462|sample|9|292,-36.096247
8|462|vc|1|2|292,-0.538936
8|462|vc|2|2|292,-0.575339
8|462|vc|3|2|292,-0.380427
8|462|vc|4|2|292,-0.481352
8|462|vc|5|2|292,-0.591352
8|462|vc|6|2|292,-0.43667
8|462|vc|7|2|292,-0.623937
8|462|vc|8|2|292,-0.187285
8|75|cc|1|1|65,-10.845719
8|75|cc|2|1|65,-9.720024
8|75|cc|3|1|65,-7.1484
8|75|cc|4|1|65,-8.83108
8|75|cc|5|1|65,-4.973686
8|75|cc|6|1|65,-9.540703
8|75|cc|7|1|65,5.079951
8|75|cc|8|1|65,-8.390227
8|75|sample|10|65,-13.509699
8|75|sample|11|65,-31.190301
8|75|sample|12|65,-31.924584
8|75|sample|3|65,-22.661019
8|75|sample|4|65,-22.823062
8|75|sample|5|65,-31.04848
8|75|sample|6|65,-28.865435
8|75|sample|7|65,-8.872001
8|75|sample|8|65,-8.882197
8|75|sample|9|65,-13.663051
8|75|vc|1|2|65,0.015273
8|75|vc|2|2|65,-0.283793
8|75|vc|3|2|65,-0.452208
8|75|vc|4|2|65,-0.641131
8|75|vc|5|2|65,-0.603453
8|75|vc|6|2|65,-0.455335
8|75|vc|7|2|65,-0.439375
8|75|vc|8|2|65,0.711448
8|291|cc|1|1|103,-10.702416
8|291|cc|2|1|103,-9.896311
8|291|cc|3|1|103,-10.424191
8|291|cc|4|1|103,-10.143114
8|291|cc|5|1|103,-10.121737
8|291|cc|6|1|103,-10.263511
8|291|cc|7|1|103,-9.941579
8|291|cc|8|1|103,-10.188377
8|291|sample|10|103,-34.278065
8|291|sample|11|103,-30.590101
8|291|sample|12|103,-65.129
8|291|sample|3|103,-8.102764
8|291|sample|4|103,-8.541465
8|291|sample|5|103,-22.351804
8|291|sample|6|103,-23.82082
8|291|sample|7|103,-58.646935
8|291|sample|8|103,-25.698057
8|291|sample|9|103,-34.953484
8|291|vc|1|2|103,-0.592388
8|291|vc|2|2|103,-0.525792
8|291|vc|3|2|103,-0.59665
8|291|vc|4|2|103,-0.57031
8|291|vc|5|2|103,-0.503238
8|291|vc|6|2|103,-0.646169
8|291|vc|7|2|103,-0.657981
8|291|vc|8|2|103,-0.435699
8|77|cc|1|1|218,-10.255828
8|77|cc|2|1|218,-9.541861
8|77|cc|3|1|218,-9.907257
8|77|cc|4|1|218,-8.767874
8|77|cc|5|1|218,-10.500796
8|77|cc|6|1|218,-10.669658
8|77|cc|7|1|218,-10.857097
8|77|cc|8|1|218,-9.702693
8|77|sample|10|218,-29.680304
8|77|sample|11|218,-29.984631
8|77|sample|12|218,-29.950273
8|77|sample|3|218,5.413897
8|77|sample|4|218,8.011806
8|77|sample|5|218,-2.323353
8|77|sample|6|218,-5.698679
8|77|sample|7|218,-25.600036
8|77|sample|8|218,-23.690917
8|77|sample|9|218,-32.227818
8|77|vc|1|2|218,0.35569
8|77|vc|2|2|218,0.651016
8|77|vc|3|2|218,0.099719
8|77|vc|4|2|218,-0.317841
8|77|vc|5|2|218,-0.161672
8|77|vc|6|2|218,0.035791
8|77|vc|7|2|218,-0.333797
8|77|vc|8|2|218,-0.183903
8|322|cc|1|1|174,-10.656253
8|322|cc|2|1|174,-10.731879
8|322|cc|3|1|174,-10.846934
8|322|cc|4|1|174,-10.476888
8|322|cc|5|1|174,-10.391747
8|322|cc|6|1|174,-9.502454
8|322|cc|7|1|174,-9.934643
8|322|cc|8|1|174,-9.293519
8|322|sample|10|174,-34.187543
8|322|sample|11|174,-36.220784
8|322|sample|12|174,-33.398
8|322|sample|3|174,-28.560253
8|322|sample|4|174,-23.209579
8|322|sample|5|174,-31.169872
8|322|sample|6|174,-34.56811
8|322|sample|7|174,-25.731181
8|322|sample|8|174,-24.362076
8|322|sample|9|174,-36.091418
8|322|vc|1|2|174,-0.651714
8|322|vc|2|2|174,-0.653001
8|322|vc|3|2|174,-0.655213
8|322|vc|4|2|174,-0.619117
8|322|vc|5|2|174,-0.562001
8|322|vc|6|2|174,-0.576081
8|322|vc|7|2|174,-0.510269
8|322|vc|8|2|174,0.15188
8|963|cc|1|1|319,-9.59591
8|963|cc|2|1|319,-10.780354
8|963|cc|3|1|319,-9.65193
8|963|cc|4|1|319,-10.051948
8|963|cc|5|1|319,-9.641814
8|963|cc|6|1|319,-8.425348
8|963|cc|7|1|319,-9.160788
8|963|cc|8|1|319,-10.846895
8|963|sample|10|319,-36.702092
8|963|sample|11|319,-35.689317
8|963|sample|12|319,-34.261563
8|963|sample|3|319,-51.329384
8|963|sample|4|319,-18.714312
8|963|sample|5|319,-23.313495
8|963|sample|6|319,-22.407257
8|963|sample|7|319,-23.118885
8|963|sample|8|319,-26.736969
8|963|sample|9|319,-36.300707
8|963|vc|1|2|319,-1.164233
8|963|vc|2|2|319,0.557654
8|963|vc|3|2|319,1.472412
8|963|vc|4|2|319,1.128845
8|963|vc|5|2|319,1.237631
8|963|vc|6|2|319,0.200027
8|963|vc|7|2|319,0.569462
8|963|vc|8|2|319,-0.948551
8|1241|cc|1|1|69,-10.670633
8|1241|cc|2|1|69,-10.593576
8|1241|cc|3|1|69,-10.47905
8|1241|cc|4|1|69,-10.424243
8|1241|cc|5|1|69,-10.337168
8|1241|cc|6|1|69,-10.455841
8|1241|cc|7|1|69,-10.440585
8|1241|cc|8|1|69,-10.269328
8|1241|sample|3|69,-10.833847
8|1241|sample|4|69,-16.281433
8|1241|sample|8|69,-6.646436
8|1241|vc|1|2|69,-0.656454
8|1241|vc|2|2|69,-0.591026
8|1241|vc|3|2|69,-0.540898
8|1241|vc|4|2|69,-0.385401
8|1241|vc|5|2|69,-0.403707
8|1241|vc|6|2|69,-0.452388
8|1241|vc|7|2|69,-0.606283
8|1241|vc|8|2|69,-0.494653
8|1056|cc|1|1|276,-10.729107
8|1056|cc|2|1|276,-10.731556
8|1056|cc|3|1|276,-10.672617
8|1056|cc|4|1|276,-10.696713
8|1056|cc|5|1|276,-10.543157
8|1056|cc|6|1|276,-10.716322
8|1056|cc|7|1|276,-10.501509
8|1056|cc|8|1|276,-10.441831
8|1056|sample|3|276,-35.249943
8|1056|sample|4|276,-33.261708
8|1056|vc|1|2|276,-0.489627
8|1056|vc|2|2|276,-0.440666
8|1056|vc|3|2|276,-0.483705
8|1056|vc|4|2|276,-0.409522
8|1056|vc|5|2|276,-0.494507
8|1056|vc|6|2|276,-33.229156
8|1056|vc|7|2|276,-0.589911
8|1056|vc|8|2|276,-0.655978
8|1159|cc|1|1|292,-10.481028
8|1159|cc|2|1|292,-10.587678
8|1159|cc|3|1|292,-10.223003
8|1159|cc|4|1|292,-10.586342
8|1159|cc|5|1|292,-10.563987
8|1159|cc|6|1|292,-10.410262
8|1159|cc|7|1|292,-9.929957
8|1159|cc|8|1|292,-10.332311
8|1159|sample|3|292,-29.599985
8|1159|sample|4|292,-27.015086
8|1159|vc|1|2|292,-0.558563
8|1159|vc|2|2|292,-0.59967
8|1159|vc|3|2|292,-0.377301
8|1159|vc|4|2|292,-0.454751
8|1159|vc|5|2|292,-0.615497
8|1159|vc|6|2|292,-0.536435
8|1159|vc|7|2|292,-0.652196
8|1159|vc|8|2|292,-0.544836
8|1017|cc|1|1|65,20.67793
8|1017|cc|2|1|65,4.663518
8|1017|cc|3|1|65,-6.46424
8|1017|cc|4|1|65,26.571749
8|1017|cc|5|1|65,-10.70659
8|1017|cc|6|1|65,-10.839856
8|1017|cc|7|1|65,1.53841
8|1017|cc|8|1|65,-3.213354
8|1017|sample|3|65,-32.22899
8|1017|sample|4|65,-38.088378
8|1017|sample|8|65,-7.973648
8|1017|vc|1|2|65,-0.61992
8|1017|vc|2|2|65,-0.60196
8|1017|vc|3|2|65,-0.648086
8|1017|vc|4|2|65,-0.38503
8|1017|vc|5|2|65,-0.579512
8|1017|vc|6|2|65,-0.652387
8|1017|vc|7|2|65,-0.648538
8|1017|vc|8|2|65,-0.544048
8|1197|cc|1|1|103,-9.876235
8|1197|cc|2|1|103,-9.164423
8|1197|cc|3|1|103,-9.025413
8|1197|cc|4|1|103,-9.693396
8|1197|cc|5|1|103,-10.249312
8|1197|cc|6|1|103,-9.703504
8|1197|cc|7|1|103,-8.81638
8|1197|cc|8|1|103,-9.469535
8|1197|sample|3|103,-33.726868
8|1197|sample|4|103,-34.388837
8|1197|vc|1|2|103,-0.632252
8|1197|vc|2|2|103,-0.42008
8|1197|vc|3|2|103,-0.531727
8|1197|vc|4|2|103,-0.534719
8|1197|vc|5|2|103,-0.385787
8|1197|vc|6|2|103,-0.526526
8|1197|vc|7|2|103,-0.400058
8|1197|vc|8|2|103,-0.541047
8|745|cc|1|1|218,-10.846598
8|745|cc|2|1|218,-10.834196
8|745|cc|3|1|218,-10.79842
8|745|cc|4|1|218,-10.384638
8|745|cc|5|1|218,-9.857594
8|745|cc|6|1|218,-9.452296
8|745|cc|7|1|218,-10.458602
8|745|cc|8|1|218,-9.964407
8|745|sample|3|218,-27.649549
8|745|sample|4|218,-38.512982
8|745|sample|5|218,-10.426226
8|745|vc|1|2|218,-0.501163
8|745|vc|2|2|218,-0.116532
8|745|vc|3|2|218,-0.048149
8|745|vc|4|2|218,-0.064962
8|745|vc|5|2|218,-0.321175
8|745|vc|6|2|218,-0.36073
8|745|vc|7|2|218,-0.660207
8|745|vc|8|2|218,-0.488148
8|1043|cc|1|1|174,-10.778414
8|1043|cc|2|1|174,-10.66333
8|1043|cc|3|1|174,-10.35503
8|1043|cc|4|1|174,-10.30547
8|1043|cc|5|1|174,-10.535119
8|1043|cc|6|1|174,-10.653364
8|1043|cc|7|1|174,-43.463006
8|1043|cc|8|1|174,-10.732705
8|1043|sample|3|174,-35.199827
8|1043|sample|4|174,-33.749211
8|1043|vc|1|2|174,-33.295832
8|1043|vc|2|2|174,-0.616534
8|1043|vc|3|2|174,-0.38723
8|1043|vc|4|2|174,-0.585304
8|1043|vc|5|2|174,-0.661801
8|1043|vc|6|2|174,-0.628465
8|1043|vc|7|2|174,-0.619113
8|1043|vc|8|2|174,-0.45107
8|1260|cc|1|1|319,-9.361753
8|1260|cc|2|1|319,-5.501976
8|1260|cc|3|1|319,-40.935559
8|1260|cc|4|1|319,-6.755406
8|1260|cc|5|1|319,-7.511906
8|1260|cc|6|1|319,-42.209042
8|1260|cc|7|1|319,-10.447852
8|1260|cc|8|1|319,-10.718661
8|1260|sample|3|319,-37.978564
8|1260|sample|4|319,-37.967764
8|1260|vc|1|2|319,-0.660019
8|1260|vc|2|2|319,-0.487512
8|1260|vc|3|2|319,-0.559936
8|1260|vc|4|2|319,-0.380576
8|1260|vc|5|2|319,-0.589685
8|1260|vc|6|2|319,-0.604858
8|1260|vc|7|2|319,-0.553164
8|1260|vc|8|2|319,-0.546977
8|1042|cc|1|1|162,-10.806668
8|1042|cc|2|1|162,-10.181979
8|1042|cc|3|1|162,-10.387567
8|1042|cc|4|1|162,-10.327139
8|1042|cc|5|1|162,-10.545636
8|1042|cc|6|1|162,-9.995111
8|1042|cc|7|1|162,-10.615031
8|1042|cc|8|1|162,-9.298532
8|1042|sample|3|162,-10.871369
8|1042|sample|4|162,-8.379702
8|1042|vc|1|2|162,-0.580182
8|1042|vc|2|2|162,-0.613021
8|1042|vc|3|2|162,-0.381051
8|1042|vc|4|2|162,-0.383409
8|1042|vc|5|2|162,-0.384808
8|1042|vc|6|2|162,-0.647699
8|1042|vc|7|2|162,-0.649561
8|1042|vc|8|2|162,-0.608988
8|863|cc|1|1|274,-10.797826
8|863|cc|2|1|274,-10.276072
8|863|cc|3|1|274,-10.09411
8|863|cc|4|1|274,-10.600204
8|863|cc|5|1|274,-10.710303
8|863|cc|6|1|274,-10.713873
8|863|cc|7|1|274,-10.602591
8|863|cc|8|1|274,-10.225483
8|863|sample|3|274,-40.103144
8|863|sample|4|274,-37.875067
8|863|vc|1|2|274,-0.54636
8|863|vc|2|2|274,-0.621868
8|863|vc|3|2|274,-0.603736
8|863|vc|4|2|274,-0.588858
8|863|vc|5|2|274,-0.615203
8|863|vc|6|2|274,-0.628944
8|863|vc|7|2|274,-0.66405
8|863|vc|8|2|274,-33.234467
8|152|cc|1|1|322,-10.180968
8|152|cc|2|1|322,-10.173877
8|152|cc|3|1|322,-10.673334
8|152|cc|4|1|322,-10.105503
8|152|cc|5|1|322,-10.536781
8|152|cc|6|1|322,-10.491377
8|152|cc|7|1|322,-10.086919
8|152|cc|8|1|322,-10.160762
8|152|sample|3|322,-33.423165
8|152|sample|4|322,-33.524262
8|152|vc|1|2|322,-0.537198
8|152|vc|2|2|322,-0.483938
8|152|vc|3|2|322,-0.384849
8|152|vc|4|2|322,-0.48736
8|152|vc|5|2|322,-0.556467
8|152|vc|6|2|322,-0.585567
8|152|vc|7|2|322,-0.590006
8|152|vc|8|2|322,-0.619074
9|411|cc|1|1|274,-10.166294
9|411|cc|2|1|274,-9.312771
9|411|cc|3|1|274,-10.452577
9|411|cc|4|1|274,-9.580866
9|411|cc|5|1|274,-7.961625
9|411|cc|6|1|274,-9.851196
9|411|cc|7|1|274,-9.075491
9|411|cc|8|1|274,-7.221757
9|411|sample|10|274,3.205614
9|411|sample|11|274,-24.926172
9|411|sample|12|274,-25.304022
9|411|sample|3|274,-25.269922
9|411|sample|4|274,-17.511592
9|411|sample|5|274,0.008435
9|411|sample|6|274,0.614565
9|411|sample|7|274,-23.7086
9|411|sample|8|274,-22.541544
9|411|sample|9|274,-3.359483
9|411|vc|1|2|274,-0.581902
9|411|vc|2|2|274,-0.591485
9|411|vc|3|2|274,-0.377953
9|411|vc|4|2|274,-0.57017
9|411|vc|5|2|274,-0.41294
9|411|vc|6|2|274,-0.61724
9|411|vc|7|2|274,-0.659432
9|411|vc|8|2|274,-0.656282
