rep,id,f,h,L_plate,L_gap,U,alpha,m,goes_down,mab_virus,run_id
1,411|4,0.455882,1.3332,703.178,-0.168516,59802.1,0.290989,-1.28831e-05,True,70.0|274,411
2,411|4,0.438604,1.29219,703.178,-0.168516,59802.1,0.290989,-1.28831e-05,True,70.0|274,411
1,411|3,0.335435,1.3766,703.178,-0.168516,59802.1,0.290989,-1.28831e-05,True,70.0|274,411
2,411|3,0.294922,1.26464,703.178,-0.168516,59802.1,0.290989,-1.28831e-05,True,70.0|274,411
1,411|5,0.476344,1.19704,703.178,-0.168516,59802.1,0.290989,-1.28831e-05,True,70.0|274,411
2,411|5,0.529489,1.32944,703.178,-0.168516,59802.1,0.290989,-1.28831e-05,True,70.0|274,411
1,411|6,0.496104,1.30242,703.178,-0.168516,59802.1,0.290989,-1.28831e-05,True,70.0|274,411
2,411|6,0.649423,1.21702,703.178,-0.168516,59802.1,0.290989,-1.28831e-05,True,70.0|274,411
1,411|8,0.444824,1.46557,703.178,-0.168516,59802.1,0.290989,-1.28831e-05,True,70.0|274,411
2,411|8,0.418618,1.48796,703.178,-0.168516,59802.1,0.290989,-1.28831e-05,True,70.0|274,411
1,411|7,0.339167,1.39402,703.178,-0.168516,59802.1,0.290989,-1.28831e-05,True,70.0|274,411
2,411|7,0.38853,1.3112,703.178,-0.168516,59802.1,0.290989,-1.28831e-05,True,70.0|274,411
1,411|9,0.638032,1.47861,703.178,-0.168516,59802.1,0.290989,-1.28831e-05,True,70.0|274,411
2,411|9,0.472531,1.34206,703.178,-0.168516,59802.1,0.290989,-1.28831e-05,True,70.0|274,411
1,411|10,0.564997,1.35105,703.178,-0.168516,59802.1,0.290989,-1.28831e-05,True,70.0|274,411
2,411|10,0.728623,1.46087,703.178,-0.168516,59802.1,0.290989,-1.28831e-05,True,70.0|274,411
1,411|12,0.335204,1.32664,703.178,-0.168516,59802.1,0.290989,-1.28831e-05,True,70.0|274,411
2,411|12,0.400276,1.38733,703.178,-0.168516,59802.1,0.290989,-1.28831e-05,True,70.0|274,411
1,411|11,0.419305,1.42015,703.178,-0.168516,59802.1,0.290989,-1.28831e-05,True,70.0|274,411
2,411|11,0.404227,1.3385,703.178,-0.168516,59802.1,0.290989,-1.28831e-05,True,70.0|274,411
1,411|1,1.16678,-0.364949,703.178,0.282406,59802.1,0.290989,-1.28831e-05,False,69.0|274,411
2,411|1,12.5249,-1.79064,703.178,0.282406,59802.1,0.290989,-1.28831e-05,False,69.0|274,411
1,411|2,0.509751,0.148548,703.178,0.282406,59802.1,0.290989,-1.28831e-05,False,69.0|274,411
2,411|2,0.711823,0.225689,703.178,0.282406,59802.1,0.290989,-1.28831e-05,False,69.0|274,411
1,152|8,0.266035,1.3621,644.556,-0.335974,88195.1,0.00898877,8.59505e-09,True,65.0|322,152
2,152|8,0.239784,1.29641,644.556,-0.335974,88195.1,0.00898877,8.59505e-09,True,65.0|322,152
1,152|7,0.305633,1.3036,644.556,-0.335974,88195.1,0.00898877,8.59505e-09,True,65.0|322,152
2,152|7,0.269463,1.19106,644.556,-0.335974,88195.1,0.00898877,8.59505e-09,True,65.0|322,152
1,152|6,0.192192,1.07253,644.556,-0.335974,88195.1,0.00898877,8.59505e-09,True,65.0|322,152
2,152|6,0.167757,1.03405,644.556,-0.335974,88195.1,0.00898877,8.59505e-09,True,65.0|322,152
1,152|5,0.173537,1.1232,644.556,-0.335974,88195.1,0.00898877,8.59505e-09,True,65.0|322,152
2,152|5,0.167376,0.993722,644.556,-0.335974,88195.1,0.00898877,8.59505e-09,True,65.0|322,152
1,152|12,0.0429099,0.953432,644.556,1.77419,88195.1,0.00898877,8.59505e-09,True,28.0|322,152
2,152|12,0.0379563,0.9655,644.556,1.77419,88195.1,0.00898877,8.59505e-09,True,28.0|322,152
1,152|11,0.0930223,1.18785,644.556,1.77419,88195.1,0.00898877,8.59505e-09,True,28.0|322,152
2,152|11,0.0830008,1.20808,644.556,1.77419,88195.1,0.00898877,8.59505e-09,True,28.0|322,152
1,152|10,0.0844209,1.2106,644.556,1.77419,88195.1,0.00898877,8.59505e-09,True,28.0|322,152
2,152|10,0.0807443,1.0929,644.556,1.77419,88195.1,0.00898877,8.59505e-09,True,28.0|322,152
1,152|9,0.0907703,1.18864,644.556,1.77419,88195.1,0.00898877,8.59505e-09,True,28.0|322,152
2,152|9,0.0667545,0.999735,644.556,1.77419,88195.1,0.00898877,8.59505e-09,True,28.0|322,152
1,152|3,0.15025,1.0619,644.556,2.11351,88195.1,0.00898877,8.59505e-09,True,22.0|322,152
2,152|3,0.138985,1.06909,644.556,2.11351,88195.1,0.00898877,8.59505e-09,True,22.0|322,152
1,152|4,0.255676,1.31866,644.556,2.11351,88195.1,0.00898877,8.59505e-09,True,22.0|322,152
2,152|4,0.228549,1.26341,644.556,2.11351,88195.1,0.00898877,8.59505e-09,True,22.0|322,152
1,152|1,5.55172,-0.554627,644.556,-3.14967,88195.1,0.00898877,8.59505e-09,False,69.0|322,152
2,152|1,4.22333,-1.9968,644.556,-3.14967,88195.1,0.00898877,8.59505e-09,False,69.0|322,152
1,152|2,0.202856,2.78571,644.556,-3.14967,88195.1,0.00898877,8.59505e-09,False,69.0|322,152
2,152|2,1.06763,1.02326,644.556,-3.14967,88195.1,0.00898877,8.59505e-09,False,69.0|322,152
1,1056|8,0.145257,1.82631,703.178,0.597494,124066,0.290989,8.59437e-09,True,65.0|276,1056
2,1056|8,0.155012,1.85876,703.178,0.597494,124066,0.290989,8.59437e-09,True,65.0|276,1056
1,1056|7,0.140223,1.81549,703.178,0.597494,124066,0.290989,8.59437e-09,True,65.0|276,1056
2,1056|7,0.135109,1.76114,703.178,0.597494,124066,0.290989,8.59437e-09,True,65.0|276,1056
1,1056|6,0.164814,1.96557,703.178,0.597494,124066,0.290989,8.59437e-09,True,65.0|276,1056
2,1056|6,0.14927,1.80887,703.178,0.597494,124066,0.290989,8.59437e-09,True,65.0|276,1056
1,1056|5,0.125574,1.72066,703.178,0.597494,124066,0.290989,8.59437e-09,True,65.0|276,1056
2,1056|5,0.145886,1.92639,703.178,0.597494,124066,0.290989,8.59437e-09,True,65.0|276,1056
1,1056|12,0.0395349,1.88327,703.178,-0.193794,124066,0.290989,8.59437e-09,True,28.0|276,1056
2,1056|12,0.0365819,1.81383,703.178,-0.193794,124066,0.290989,8.59437e-09,True,28.0|276,1056
1,1056|11,0.0346312,1.52151,703.178,-0.193794,124066,0.290989,8.59437e-09,True,28.0|276,1056
2,1056|11,0.0468515,1.87954,703.178,-0.193794,124066,0.290989,8.59437e-09,True,28.0|276,1056
1,1056|10,0.0682529,1.81967,703.178,-0.193794,124066,0.290989,8.59437e-09,True,28.0|276,1056
2,1056|10,0.0694355,1.90563,703.178,-0.193794,124066,0.290989,8.59437e-09,True,28.0|276,1056
1,1056|9,0.0876311,2.25522,703.178,-0.193794,124066,0.290989,8.59437e-09,True,28.0|276,1056
2,1056|9,0.0649001,1.72464,703.178,-0.193794,124066,0.290989,8.59437e-09,True,28.0|276,1056
1,1056|4,0.121732,1.85992,703.178,-0.123501,124066,0.290989,8.59437e-09,True,22.0|276,1056
2,1056|4,0.145316,2.01441,703.178,-0.123501,124066,0.290989,8.59437e-09,True,22.0|276,1056
1,1056|3,0.124159,2.03309,703.178,-0.123501,124066,0.290989,8.59437e-09,True,22.0|276,1056
2,1056|3,0.119103,1.85054,703.178,-0.123501,124066,0.290989,8.59437e-09,True,22.0|276,1056
1,1056|1,0.130027,1.12893,703.178,-3.87264,124066,0.290989,8.59437e-09,False,69.0|276,1056
2,1056|1,0.00653128,2.84914,703.178,-3.87264,124066,0.290989,8.59437e-09,False,69.0|276,1056
1,1056|2,0.08508,1.82071,703.178,-3.87264,124066,0.290989,8.59437e-09,False,69.0|276,1056
2,1056|2,0.285313,0.354411,703.178,-3.87264,124066,0.290989,8.59437e-09,False,69.0|276,1056
1,462|6,0.709351,0.512682,703.178,-0.691177,124066,0.290989,-2.90359e-07,True,55.0|292,462
2,462|6,0.614855,0.486097,703.178,-0.691177,124066,0.290989,-2.90359e-07,True,55.0|292,462
1,462|5,1.02765,0.53504,703.178,-0.691177,124066,0.290989,-2.90359e-07,True,55.0|292,462
2,462|5,1.13575,0.447851,703.178,-0.691177,124066,0.290989,-2.90359e-07,True,55.0|292,462
1,462|4,0.671095,0.588292,703.178,-0.691177,124066,0.290989,-2.90359e-07,True,55.0|292,462
2,462|4,0.959531,0.565356,703.178,-0.691177,124066,0.290989,-2.90359e-07,True,55.0|292,462
1,462|3,0.971757,0.602388,703.178,-0.691177,124066,0.290989,-2.90359e-07,True,55.0|292,462
2,462|3,0.885805,0.628433,703.178,-0.691177,124066,0.290989,-2.90359e-07,True,55.0|292,462
1,462|9,0.0256435,2.2469,703.178,0.639064,124066,0.290989,-2.90359e-07,True,32.0|292,462
2,462|9,0.0261159,2.30207,703.178,0.639064,124066,0.290989,-2.90359e-07,True,32.0|292,462
1,462|10,0.0280103,2.24307,703.178,0.639064,124066,0.290989,-2.90359e-07,True,32.0|292,462
2,462|10,0.029294,2.30662,703.178,0.639064,124066,0.290989,-2.90359e-07,True,32.0|292,462
1,462|7,0.0294698,2.11268,703.178,0.639064,124066,0.290989,-2.90359e-07,True,32.0|292,462
2,462|7,0.0292513,2.11846,703.178,0.639064,124066,0.290989,-2.90359e-07,True,32.0|292,462
1,462|8,0.0293007,2.23586,703.178,0.639064,124066,0.290989,-2.90359e-07,True,32.0|292,462
2,462|8,0.0324669,2.30505,703.178,0.639064,124066,0.290989,-2.90359e-07,True,32.0|292,462
1,462|11,0.354205,1.88537,703.178,1.57271,124066,0.290989,-2.90359e-07,True,22.0|292,462
2,462|11,0.338403,1.93149,703.178,1.57271,124066,0.290989,-2.90359e-07,True,22.0|292,462
1,462|12,0.188216,1.43654,703.178,1.57271,124066,0.290989,-2.90359e-07,True,22.0|292,462
2,462|12,0.205885,1.49495,703.178,1.57271,124066,0.290989,-2.90359e-07,True,22.0|292,462
1,462|1,0.711733,0.661816,703.178,3.50422,124066,0.290989,-2.90359e-07,False,69.0|292,462
2,462|1,2.17232,0.585093,703.178,3.50422,124066,0.290989,-2.90359e-07,False,69.0|292,462
1,462|2,0.283156,1.25224,703.178,3.50422,124066,0.290989,-2.90359e-07,False,69.0|292,462
2,462|2,0.173794,1.17146,703.178,3.50422,124066,0.290989,-2.90359e-07,False,69.0|292,462
1,1159|8,0.31431,1.85932,559.334,2.05401,124065,0.418548,9.5835e-09,True,65.0|292,1159
2,1159|8,0.288526,1.80428,559.334,2.05401,124065,0.418548,9.5835e-09,True,65.0|292,1159
1,1159|7,0.396101,2.19054,559.334,2.05401,124065,0.418548,9.5835e-09,True,65.0|292,1159
2,1159|7,0.466128,2.43091,559.334,2.05401,124065,0.418548,9.5835e-09,True,65.0|292,1159
1,1159|5,0.434272,2.25393,559.334,2.05401,124065,0.418548,9.5835e-09,True,65.0|292,1159
2,1159|5,0.336184,1.88929,559.334,2.05401,124065,0.418548,9.5835e-09,True,65.0|292,1159
1,1159|6,0.341305,1.91649,559.334,2.05401,124065,0.418548,9.5835e-09,True,65.0|292,1159
2,1159|6,0.430447,1.94045,559.334,2.05401,124065,0.418548,9.5835e-09,True,65.0|292,1159
1,1159|11,0.0889591,2.43134,559.334,-0.315976,124065,0.418548,9.5835e-09,True,28.0|292,1159
2,1159|11,0.0822685,2.20979,559.334,-0.315976,124065,0.418548,9.5835e-09,True,28.0|292,1159
1,1159|12,0.0475777,1.84003,559.334,-0.315976,124065,0.418548,9.5835e-09,True,28.0|292,1159
2,1159|12,0.0683187,2.30372,559.334,-0.315976,124065,0.418548,9.5835e-09,True,28.0|292,1159
1,1159|9,0.11474,2.04124,559.334,-0.315976,124065,0.418548,9.5835e-09,True,28.0|292,1159
2,1159|9,0.120343,1.95719,559.334,-0.315976,124065,0.418548,9.5835e-09,True,28.0|292,1159
1,1159|10,0.11179,1.85677,559.334,-0.315976,124065,0.418548,9.5835e-09,True,28.0|292,1159
2,1159|10,0.0980258,1.83365,559.334,-0.315976,124065,0.418548,9.5835e-09,True,28.0|292,1159
1,1159|4,0.516951,2.16338,559.334,1.57271,124065,0.418548,9.5835e-09,True,22.0|292,1159
2,1159|4,0.464128,2.03993,559.334,1.57271,124065,0.418548,9.5835e-09,True,22.0|292,1159
1,1159|3,0.523152,2.34386,559.334,1.57271,124065,0.418548,9.5835e-09,True,22.0|292,1159
2,1159|3,0.42363,1.98936,559.334,1.57271,124065,0.418548,9.5835e-09,True,22.0|292,1159
1,1159|1,0.0781834,2.17285,559.334,3.50422,124065,0.418548,9.5835e-09,False,69.0|292,1159
2,1159|1,0.118889,2.32121,559.334,3.50422,124065,0.418548,9.5835e-09,False,69.0|292,1159
1,1159|2,0.0823772,1.23182,559.334,3.50422,124065,0.418548,9.5835e-09,False,69.0|292,1159
2,1159|2,1.4113,0.529506,559.334,3.50422,124065,0.418548,9.5835e-09,False,69.0|292,1159
1,1197|7,0.0403031,1.79195,544.292,-3.1891,97344.8,0.290989,0.0281294,True,65.0|103,1197
2,1197|7,0.0390801,1.82517,544.292,-3.1891,97344.8,0.290989,0.0281294,True,65.0|103,1197
1,1197|8,0.0385301,1.68035,544.292,-3.1891,97344.8,0.290989,0.0281294,True,65.0|103,1197
2,1197|8,0.0331208,1.61078,544.292,-3.1891,97344.8,0.290989,0.0281294,True,65.0|103,1197
1,1197|6,0.0378004,1.97762,544.292,-3.1891,97344.8,0.290989,0.0281294,True,65.0|103,1197
2,1197|6,0.0427837,1.99914,544.292,-3.1891,97344.8,0.290989,0.0281294,True,65.0|103,1197
1,1197|5,0.050842,2.24599,544.292,-3.1891,97344.8,0.290989,0.0281294,True,65.0|103,1197
2,1197|5,0.0459996,1.97336,544.292,-3.1891,97344.8,0.290989,0.0281294,True,65.0|103,1197
1,1197|12,0.0241517,1.94159,544.292,0.924767,97344.8,0.290989,0.0281294,True,28.0|103,1197
2,1197|12,0.0285675,2.19466,544.292,0.924767,97344.8,0.290989,0.0281294,True,28.0|103,1197
1,1197|10,0.0350078,2.14607,544.292,0.924767,97344.8,0.290989,0.0281294,True,28.0|103,1197
2,1197|10,0.0290187,1.95178,544.292,0.924767,97344.8,0.290989,0.0281294,True,28.0|103,1197
1,1197|9,0.0454798,2.43205,544.292,0.924767,97344.8,0.290989,0.0281294,True,28.0|103,1197
2,1197|9,0.0395879,2.35765,544.292,0.924767,97344.8,0.290989,0.0281294,True,28.0|103,1197
1,1197|3,0.0548856,2.56649,544.292,3.22669,97344.8,0.290989,0.0281294,True,22.0|103,1197
2,1197|3,0.0394466,1.91127,544.292,3.22669,97344.8,0.290989,0.0281294,True,22.0|103,1197
1,1197|4,0.0375237,2.133,544.292,3.22669,97344.8,0.290989,0.0281294,True,22.0|103,1197
2,1197|4,0.0501905,2.57672,544.292,3.22669,97344.8,0.290989,0.0281294,True,22.0|103,1197
1,1197|11,0.0278465,2.04178,544.292,0.924767,97344.8,0.290989,0.0281294,True,28.0|103,1197
2,1197|11,0.0174933,1.63689,544.292,0.924767,97344.8,0.290989,0.0281294,True,28.0|103,1197
1,1197|1,17.438,-0.0535312,544.292,1.21542,97344.8,0.290989,0.0281294,False,69.0|103,1197
2,1197|1,6.83956,-1.06898,544.292,1.21542,97344.8,0.290989,0.0281294,False,69.0|103,1197
1,1197|2,2.15232,0.350784,544.292,1.21542,97344.8,0.290989,0.0281294,False,69.0|103,1197
2,1197|2,0.091508,1.43339,544.292,1.21542,97344.8,0.290989,0.0281294,False,69.0|103,1197
