id,f_SAEM,h_SAEM,L_gap_SAEM,eta_alpha_SAEM,f_mode,h_mode,L_gap_mode,eta_alpha_mode,mab_virus,run_id
411|4,0.484417,1.50948,-29.4038,-6.04719e-06,0.484417,1.50948,-29.4038,-6.04719e-06,70.0|274,411
411|3,0.484417,1.50948,-29.4038,-6.04719e-06,0.484417,1.50948,-29.4038,-6.04719e-06,70.0|274,411
411|5,0.484417,1.50948,-29.4038,-6.04719e-06,0.484417,1.50948,-29.4038,-6.04719e-06,70.0|274,411
411|6,0.484417,1.50948,-29.4038,-6.04719e-06,0.484417,1.50948,-29.4038,-6.04719e-06,70.0|274,411
411|8,0.484417,1.50948,-29.4038,-6.04719e-06,0.484417,1.50948,-29.4038,-6.04719e-06,70.0|274,411
411|7,0.484417,1.50948,-29.4038,-6.04719e-06,0.484417,1.50948,-29.4038,-6.04719e-06,70.0|274,411
411|9,0.484417,1.50948,-29.4038,-6.04719e-06,0.484417,1.50948,-29.4038,-6.04719e-06,70.0|274,411
411|10,0.484417,1.50948,-29.4038,-6.04719e-06,0.484417,1.50948,-29.4038,-6.04719e-06,70.0|274,411
411|12,0.484417,1.50948,-29.4038,-6.04719e-06,0.484417,1.50948,-29.4038,-6.04719e-06,70.0|274,411
411|11,0.484417,1.50948,-29.4038,-6.04719e-06,0.484417,1.50948,-29.4038,-6.04719e-06,70.0|274,411
411|1,0.120111,4.3609,-29.4069,-6.04719e-06,0.120111,4.3609,-29.4069,-6.04719e-06,69.0|274,411
411|2,0.120111,4.3609,-29.4069,-6.04719e-06,0.120111,4.3609,-29.4069,-6.04719e-06,69.0|274,411
152|8,0.120111,1.15194,-29.4179,0.023349,0.120111,1.15194,-29.4179,0.023349,65.0|322,152
152|7,0.120111,1.15194,-29.4179,0.023349,0.120111,1.15194,-29.4179,0.023349,65.0|322,152
152|6,0.120111,1.15194,-29.4179,0.023349,0.120111,1.15194,-29.4179,0.023349,65.0|322,152
152|5,0.120111,1.15194,-29.4179,0.023349,0.120111,1.15194,-29.4179,0.023349,65.0|322,152
152|12,0.0670977,1.14567,-29.4428,0.023349,0.0670977,1.14567,-29.4428,0.023349,28.0|322,152
152|11,0.0670977,1.14567,-29.4428,0.023349,0.0670977,1.14567,-29.4428,0.023349,28.0|322,152
152|10,0.0670977,1.14567,-29.4428,0.023349,0.0670977,1.14567,-29.4428,0.023349,28.0|322,152
152|9,0.0670977,1.14567,-29.4428,0.023349,0.0670977,1.14567,-29.4428,0.023349,28.0|322,152
152|3,0.120111,1.16632,-29.4238,0.023349,0.120111,1.16632,-29.4238,0.023349,22.0|322,152
152|4,0.120111,1.16632,-29.4238,0.023349,0.120111,1.16632,-29.4238,0.023349,22.0|322,152
152|1,0.120111,3.40155,-29.4179,0.023349,0.120111,3.40155,-29.4179,0.023349,69.0|322,152
152|2,0.120111,3.40155,-29.4179,0.023349,0.120111,3.40155,-29.4179,0.023349,69.0|322,152
1056|8,0.147546,1.95338,-29.4164,-6.04719e-06,0.147546,1.95338,-29.4164,-6.04719e-06,65.0|276,1056
1056|7,0.147546,1.95338,-29.4164,-6.04719e-06,0.147546,1.95338,-29.4164,-6.04719e-06,65.0|276,1056
1056|6,0.147546,1.95338,-29.4164,-6.04719e-06,0.147546,1.95338,-29.4164,-6.04719e-06,65.0|276,1056
1056|5,0.147546,1.95338,-29.4164,-6.04719e-06,0.147546,1.95338,-29.4164,-6.04719e-06,65.0|276,1056
1056|12,0.120111,1.92392,-29.0604,-6.04719e-06,0.120111,1.92392,-29.0604,-6.04719e-06,28.0|276,1056
1056|11,0.120111,1.92392,-29.0604,-6.04719e-06,0.120111,1.92392,-29.0604,-6.04719e-06,28.0|276,1056
1056|10,0.120111,1.92392,-29.0604,-6.04719e-06,0.120111,1.92392,-29.0604,-6.04719e-06,28.0|276,1056
1056|9,0.120111,1.92392,-29.0604,-6.04719e-06,0.120111,1.92392,-29.0604,-6.04719e-06,28.0|276,1056
1056|4,0.120111,1.94436,-29.4169,-6.04719e-06,0.120111,1.94436,-29.4169,-6.04719e-06,22.0|276,1056
1056|3,0.120111,1.94436,-29.4169,-6.04719e-06,0.120111,1.94436,-29.4169,-6.04719e-06,22.0|276,1056
1056|1,0.120111,-0.12658,-29.4173,-6.04719e-06,0.120111,-0.12658,-29.4173,-6.04719e-06,69.0|276,1056
1056|2,0.120111,-0.12658,-29.4173,-6.04719e-06,0.120111,-0.12658,-29.4173,-6.04719e-06,69.0|276,1056
462|6,0.120111,0.39054,-30.155,-0.0224198,0.120111,0.39054,-30.155,-0.0224198,55.0|292,462
462|5,0.120111,0.39054,-30.155,-0.0224198,0.120111,0.39054,-30.155,-0.0224198,55.0|292,462
462|4,0.120111,0.39054,-30.155,-0.0224198,0.120111,0.39054,-30.155,-0.0224198,55.0|292,462
462|3,0.120111,0.39054,-30.155,-0.0224198,0.120111,0.39054,-30.155,-0.0224198,55.0|292,462
462|9,0.0231418,2.08927,-30.1538,-0.0224198,0.0231418,2.08927,-30.1538,-0.0224198,32.0|292,462
462|10,0.0231418,2.08927,-30.1538,-0.0224198,0.0231418,2.08927,-30.1538,-0.0224198,32.0|292,462
462|7,0.0231418,2.08927,-30.1538,-0.0224198,0.0231418,2.08927,-30.1538,-0.0224198,32.0|292,462
462|8,0.0231418,2.08927,-30.1538,-0.0224198,0.0231418,2.08927,-30.1538,-0.0224198,32.0|292,462
462|11,0.292123,1.81422,-30.1535,-0.0224198,0.292123,1.81422,-30.1535,-0.0224198,22.0|292,462
462|12,0.292123,1.81422,-30.1535,-0.0224198,0.292123,1.81422,-30.1535,-0.0224198,22.0|292,462
462|1,0.120123,-3.18126,-30.1531,-0.0224198,0.120123,-3.18126,-30.1531,-0.0224198,69.0|292,462
462|2,0.120123,-3.18126,-30.1531,-0.0224198,0.120123,-3.18126,-30.1531,-0.0224198,69.0|292,462
1159|8,0.279664,1.90023,-29.3705,-6.37559e-06,0.279664,1.90023,-29.3705,-6.37559e-06,65.0|292,1159
1159|7,0.279664,1.90023,-29.3705,-6.37559e-06,0.279664,1.90023,-29.3705,-6.37559e-06,65.0|292,1159
1159|5,0.279664,1.90023,-29.3705,-6.37559e-06,0.279664,1.90023,-29.3705,-6.37559e-06,65.0|292,1159
1159|6,0.279664,1.90023,-29.3705,-6.37559e-06,0.279664,1.90023,-29.3705,-6.37559e-06,65.0|292,1159
1159|11,0.120111,1.91518,-29.4166,-6.37559e-06,0.120111,1.91518,-29.4166,-6.37559e-06,28.0|292,1159
1159|12,0.120111,1.91518,-29.4166,-6.37559e-06,0.120111,1.91518,-29.4166,-6.37559e-06,28.0|292,1159
1159|9,0.120111,1.91518,-29.4166,-6.37559e-06,0.120111,1.91518,-29.4166,-6.37559e-06,28.0|292,1159
1159|10,0.120111,1.91518,-29.4166,-6.37559e-06,0.120111,1.91518,-29.4166,-6.37559e-06,28.0|292,1159
1159|4,0.292123,1.81422,-29.4164,-6.37559e-06,0.292123,1.81422,-29.4164,-6.37559e-06,22.0|292,1159
1159|3,0.292123,1.81422,-29.4164,-6.37559e-06,0.292123,1.81422,-29.4164,-6.37559e-06,22.0|292,1159
1159|1,0.120123,-3.18126,-29.4159,-6.37559e-06,0.120123,-3.18126,-29.4159,-6.37559e-06,69.0|292,1159
1159|2,0.120123,-3.18126,-29.4159,-6.37559e-06,0.120123,-3.18126,-29.4159,-6.37559e-06,69.0|292,1159
1197|7,0.0286158,1.76043,-29.6003,0.00967664,0.0286158,1.76043,-29.6003,0.00967664,65.0|103,1197
1197|8,0.0286158,1.76043,-29.6003,0.00967664,0.0286158,1.76043,-29.6003,0.00967664,65.0|103,1197
1197|6,0.0286158,1.76043,-29.6003,0.00967664,0.0286158,1.76043,-29.6003,0.00967664,65.0|103,1197
1197|5,0.0286158,1.76043,-29.6003,0.00967664,0.0286158,1.76043,-29.6003,0.00967664,65.0|103,1197
1197|12,0.120111,2.04502,-29.6003,0.00967664,0.120111,2.04502,-29.6003,0.00967664,28.0|103,1197
1197|10,0.120111,2.04502,-29.6003,0.00967664,0.120111,2.04502,-29.6003,0.00967664,28.0|103,1197
1197|9,0.120111,2.04502,-29.6003,0.00967664,0.120111,2.04502,-29.6003,0.00967664,28.0|103,1197
1197|3,0.120111,1.764,-29.6003,0.00967664,0.120111,1.764,-29.6003,0.00967664,22.0|103,1197
1197|4,0.120111,1.764,-29.6003,0.00967664,0.120111,1.764,-29.6003,0.00967664,22.0|103,1197
1197|11,0.120111,2.04502,-29.6003,0.00967664,0.120111,2.04502,-29.6003,0.00967664,28.0|103,1197
1197|1,0.12011,6.5849,-29.5999,0.00967664,0.12011,6.5849,-29.5999,0.00967664,69.0|103,1197
1197|2,0.12011,6.5849,-29.5999,0.00967664,0.12011,6.5849,-29.5999,0.00967664,69.0|103,1197
