id,eta_L_SAEM,eta_m_SAEM,eta_e_SAEM,eta_alpha_SAEM,eta_k_SAEM,eta_L_mode,eta_m_mode,eta_e_mode,eta_alpha_mode,eta_k_mode,goes_down,mab_virus,run_id
8|84|cc|1|1|162,0,-0.00610065,0.037144,0,0,0,4.99239e-08,1.82063e-07,0,0,False,69.0|162,84
8|84|cc|2|1|162,0,0.0175962,-0.0750844,0,0,0,-3.24635e-09,2.38908e-07,0,0,False,69.0|162,84
8|84|cc|3|1|162,0,0.0608792,-0.106681,0,0,0,1.38101e-07,-9.13919e-08,0,0,False,69.0|162,84
8|84|cc|4|1|162,0,-0.0131311,-0.0328971,0,0,0,1.0043e-07,4.37183e-07,0,0,False,69.0|162,84
8|84|cc|5|1|162,0,-0.00302142,0.126686,0,0,0,-6.17816e-08,-9.89708e-09,0,0,False,69.0|162,84
8|84|cc|6|1|162,0,0.0390191,0.0854748,0,0,0,1.24901e-07,-6.91229e-08,0,0,False,69.0|162,84
8|84|cc|7|1|162,0,0.00802239,0.151947,0,0,0,5.90125e-08,-3.83783e-07,0,0,False,69.0|162,84
8|84|cc|8|1|162,0,-0.0204918,-0.173168,0,0,0,-4.31825e-08,5.19508e-07,0,0,False,69.0|162,84
8|84|sample|10|162,0,-0.0572586,-1.08055,0,0,0,-0.0267006,-1.13533,0,0,True,32.0|162,84
8|84|sample|11|162,0,0.0964056,-1.5907,0,0,0,0.0886276,-1.60444,0,0,True,22.0|162,84
8|84|sample|12|162,0,-0.133363,-1.11186,0,0,0,-0.150494,-1.13585,0,0,True,22.0|162,84
8|84|sample|3|162,0,-0.253371,-2.48896,0,0,0,-0.285314,-2.42017,0,0,True,55.0|162,84
8|84|sample|4|162,0,-0.347167,-2.27147,0,0,0,-0.329507,-2.26985,0,0,True,55.0|162,84
8|84|sample|5|162,0,-0.571775,-2.19287,0,0,0,-0.563284,-2.09383,0,0,True,55.0|162,84
8|84|sample|6|162,0,-0.560572,-2.36829,0,0,0,-0.544134,-2.35984,0,0,True,55.0|162,84
8|84|sample|7|162,0,0.013194,-1.40123,0,0,0,-0.03047,-1.337,0,0,True,32.0|162,84
8|84|sample|8|162,0,-0.0216837,-1.28856,0,0,0,-0.0175765,-1.2706,0,0,True,32.0|162,84
8|84|sample|9|162,0,0.0654964,-1.28357,0,0,0,0.0420783,-1.20797,0,0,True,32.0|162,84
8|84|vc|1|2|162,0,0.0419808,0.275276,0,0,0,-2.59216e-08,-3.66347e-07,0,0,False,69.0|162,84
8|84|vc|2|2|162,0,0.0180946,0.0789834,0,0,0,-4.16905e-09,-3.88942e-07,0,0,False,69.0|162,84
8|84|vc|3|2|162,0,0.00273382,-0.141601,0,0,0,-6.04467e-08,3.05902e-07,0,0,False,69.0|162,84
8|84|vc|4|2|162,0,-0.0239729,0.129923,0,0,0,8.1233e-08,-4.2261e-07,0,0,False,69.0|162,84
8|84|vc|5|2|162,0,0.00307912,0.0023571,0,0,0,-7.87266e-08,1.52929e-07,0,0,False,69.0|162,84
8|84|vc|6|2|162,0,-0.0630232,-0.237796,0,0,0,-3.28544e-08,4.73525e-07,0,0,False,69.0|162,84
8|84|vc|7|2|162,0,0.001081,0.136137,0,0,0,1.02503e-08,-3.44448e-07,0,0,False,69.0|162,84
8|84|vc|8|2|162,0,-0.0507971,0.0269451,0,0,0,5.81042e-08,-3.93888e-07,0,0,False,69.0|162,84
8|719|cc|1|1|274,0,-0.0145686,0.157246,0,0,0,-8.15351e-08,9.0992e-08,0,0,False,69.0|274,719
8|719|cc|2|1|274,0,0.0494629,0.228073,0,0,0,-1.46222e-07,-1.01472e-08,0,0,False,69.0|274,719
8|719|cc|3|1|274,0,-0.0305935,-0.116647,0,0,0,-1.17025e-07,-7.0361e-08,0,0,False,69.0|274,719
8|719|cc|4|1|274,0,-0.00624776,0.00643882,0,0,0,1.21353e-07,-6.4294e-07,0,0,False,69.0|274,719
8|719|cc|5|1|274,0,-0.0209689,0.0512846,0,0,0,-3.80464e-08,-2.43806e-07,0,0,False,69.0|274,719
8|719|cc|6|1|274,0,-0.0362564,0.116684,0,0,0,1.73602e-07,-2.85235e-07,0,0,False,69.0|274,719
8|719|cc|7|1|274,0,0.0132273,-0.0400649,0,0,0,6.05534e-08,-5.11115e-07,0,0,False,69.0|274,719
8|719|cc|8|1|274,0,0.0793822,-0.0971636,0,0,0,-1.98964e-08,-4.20086e-07,0,0,False,69.0|274,719
8|719|sample|10|274,0,0.138442,-0.420931,0,0,0,0.18585,-0.430647,0,0,True,32.0|274,719
8|719|sample|11|274,0,0.33258,-0.293374,0,0,0,0.275823,-0.225891,0,0,True,22.0|274,719
8|719|sample|12|274,0,0.445119,-0.29086,0,0,0,0.409303,-0.260961,0,0,True,22.0|274,719
8|719|sample|3|274,0,0.111761,-2.52002,0,0,0,0.0531149,-2.47289,0,0,True,55.0|274,719
8|719|sample|4|274,0,0.103879,-2.57736,0,0,0,0.018176,-2.47949,0,0,True,55.0|274,719
8|719|sample|5|274,0,0.0151851,-2.45282,0,0,0,0.000131217,-2.38372,0,0,True,55.0|274,719
8|719|sample|6|274,0,0.178085,-2.45711,0,0,0,0.144457,-2.40002,0,0,True,55.0|274,719
8|719|sample|7|274,0,0.177282,-0.440977,0,0,0,0.111207,-0.385615,0,0,True,32.0|274,719
8|719|sample|8|274,0,0.0742714,-0.372146,0,0,0,0.0977617,-0.359918,0,0,True,32.0|274,719
8|719|sample|9|274,0,0.278932,-0.505745,0,0,0,0.184984,-0.414822,0,0,True,32.0|274,719
8|719|vc|1|2|274,0,-0.0351268,0.207165,0,0,0,6.28908e-08,-5.78527e-07,0,0,False,69.0|274,719
8|719|vc|2|2|274,0,0.0220618,0.0968934,0,0,0,-4.79682e-08,3.18421e-07,0,0,False,69.0|274,719
8|719|vc|3|2|274,0,0.00944196,0.133198,0,0,0,-5.80728e-08,-1.51972e-07,0,0,False,69.0|274,719
8|719|vc|4|2|274,0,0.0338995,-0.0135903,0,0,0,5.73216e-08,3.52297e-07,0,0,False,69.0|274,719
8|719|vc|5|2|274,0,0.0342796,0.129051,0,0,0,-7.09604e-08,5.05393e-08,0,0,False,69.0|274,719
8|719|vc|6|2|274,0,-0.0820422,0.191616,0,0,0,6.50516e-08,-1.48853e-07,0,0,False,69.0|274,719
8|719|vc|7|2|274,0,0.0232635,0.174468,0,0,0,-4.29515e-08,2.73373e-07,0,0,False,69.0|274,719
8|719|vc|8|2|274,0,-0.0547358,0.152988,0,0,0,-6.98335e-08,-1.22275e-07,0,0,False,69.0|274,719
8|488|cc|1|1|322,0,0.0288084,-0.140441,0,0,0,-6.82324e-08,-2.36557e-07,0,0,False,69.0|322,488
8|488|cc|2|1|322,0,0.0273377,-0.0393303,0,0,0,-8.26999e-08,1.93772e-07,0,0,False,69.0|322,488
8|488|cc|3|1|322,0,0.00731953,-0.113008,0,0,0,8.56632e-08,4.03953e-09,0,0,False,69.0|322,488
8|488|cc|4|1|322,0,-0.0206439,-0.16169,0,0,0,9.76131e-09,-2.00737e-07,0,0,False,69.0|322,488
8|488|cc|5|1|322,0,-0.0294435,-0.0432872,0,0,0,2.18328e-08,-1.98411e-08,0,0,False,69.0|322,488
8|488|cc|6|1|322,0,0.0348144,0.0185358,0,0,0,-8.23736e-09,-2.55499e-07,0,0,False,69.0|322,488
8|488|cc|7|1|322,0,0.0276956,0.0272353,0,0,0,-9.63484e-08,-1.77911e-07,0,0,False,69.0|322,488
8|488|cc|8|1|322,0,0.00578886,-0.0827733,0,0,0,4.37602e-09,3.00958e-07,0,0,False,69.0|322,488
8|488|sample|10|322,0,-0.866126,0.647649,0,0,0,-0.856183,0.769398,0,0,True,32.0|322,488
8|488|sample|11|322,0,-0.359458,0.0140347,0,0,0,-0.347834,-0.0109417,0,0,True,22.0|322,488
8|488|sample|12|322,0,-0.275073,-0.0225779,0,0,0,-0.296427,0.0502255,0,0,True,22.0|322,488
8|488|sample|3|322,0,-0.0860779,-3.54952,0,0,0,-0.0848708,-3.49961,0,0,True,55.0|322,488
8|488|sample|4|322,0,-0.0385368,-3.63044,0,0,0,-0.0528424,-3.61227,0,0,True,55.0|322,488
8|488|sample|5|322,0,-0.14152,-3.59839,0,0,0,-0.156499,-3.57681,0,0,True,55.0|322,488
8|488|sample|6|322,0,-0.208047,-3.65409,0,0,0,-0.184631,-3.60435,0,0,True,55.0|322,488
8|488|sample|7|322,0,-0.751543,-0.0592403,0,0,0,-0.774598,-0.00386265,0,0,True,32.0|322,488
8|488|sample|8|322,0,-0.757966,-0.0867976,0,0,0,-0.766847,0.0297773,0,0,True,32.0|322,488
8|488|sample|9|322,0,-0.853264,0.501795,0,0,0,-0.837155,0.467758,0,0,True,32.0|322,488
8|488|vc|1|2|322,0,0.0279732,0.175813,0,0,0,-9.29932e-08,3.34989e-07,0,0,False,69.0|322,488
8|488|vc|2|2|322,0,0.00795443,0.0994092,0,0,0,-1.10795e-07,-1.98927e-07,0,0,False,69.0|322,488
8|488|vc|3|2|322,0,-0.0111504,0.0575431,0,0,0,5.77865e-08,1.70085e-07,0,0,False,69.0|322,488
8|488|vc|4|2|322,0,0.0113204,-0.171639,0,0,0,7.25762e-08,-1.01414e-07,0,0,False,69.0|322,488
8|488|vc|5|2|322,0,0.0182825,0.0822464,0,0,0,-7.56215e-08,3.11662e-07,0,0,False,69.0|322,488
8|488|vc|6|2|322,0,0.0255,-0.150302,0,0,0,-2.47714e-08,-2.06349e-07,0,0,False,69.0|322,488
8|488|vc|7|2|322,0,0.0352343,0.112307,0,0,0,1.2008e-08,-3.49368e-07,0,0,False,69.0|322,488
8|488|vc|8|2|322,0,0.0160422,0.0670103,0,0,0,-4.26202e-08,1.61215e-07,0,0,False,69.0|322,488
8|847|cc|1|1|69,0,0.0563333,0.0758465,0,0,0,1.18835e-07,-2.56257e-07,0,0,False,69.0|69,847
8|847|cc|2|1|69,0,-0.00298617,0.0408773,0,0,0,1.12238e-07,6.11835e-07,0,0,False,69.0|69,847
8|847|cc|3|1|69,0,0.0574529,-0.238224,0,0,0,-6.76707e-08,-3.55596e-07,0,0,False,69.0|69,847
8|847|cc|4|1|69,0,0.0281336,0.286597,0,0,0,1.00635e-07,-2.82929e-07,0,0,False,69.0|69,847
8|847|cc|5|1|69,0,0.0108543,0.0695647,0,0,0,1.41762e-07,2.20653e-08,0,0,False,69.0|69,847
8|847|cc|6|1|69,0,-0.0686845,0.0334735,0,0,0,3.73024e-08,3.15385e-07,0,0,False,69.0|69,847
8|847|cc|7|1|69,0,-0.0248584,0.302649,0,0,0,-7.26154e-08,-4.03208e-07,0,0,False,69.0|69,847
8|847|cc|8|1|69,0,-0.00488641,-0.0755844,0,0,0,-1.30969e-08,2.81536e-07,0,0,False,69.0|69,847
8|847|sample|10|69,0,0.0142487,0.900147,0,0,0,0.0320425,0.88478,0,0,True,32.0|69,847
8|847|sample|11|69,0,0.141055,-1.0359,0,0,0,-0.039584,-0.837973,0,0,True,22.0|69,847
8|847|sample|12|69,0,0.120767,-1.05985,0,0,0,0.0730946,-1.03119,0,0,True,22.0|69,847
8|847|sample|3|69,0,-0.624286,-1.26177,0,0,0,-0.63057,-1.15809,0,0,True,55.0|69,847
8|847|sample|4|69,0,-0.699839,-0.899914,0,0,0,-0.665166,-1.02743,0,0,True,55.0|69,847
8|847|sample|5|69,0,-0.784521,-1.15134,0,0,0,-0.804493,-1.02028,0,0,True,55.0|69,847
8|847|sample|6|69,0,-0.831402,-0.491192,0,0,0,-0.835386,-0.591041,0,0,True,55.0|69,847
8|847|sample|7|69,0,0.130662,0.488906,0,0,0,0.163169,0.450953,0,0,True,32.0|69,847
8|847|sample|8|69,0,0.049996,0.61684,0,0,0,0.12728,0.545035,0,0,True,32.0|69,847
8|847|sample|9|69,0,0.0625301,0.739894,0,0,0,0.0673107,0.749936,0,0,True,32.0|69,847
8|847|vc|1|2|69,0,0.0326584,-0.461135,0,0,0,-1.88473e-07,-2.81767e-07,0,0,False,69.0|69,847
8|847|vc|2|2|69,0,-0.0132713,0.000100553,0,0,0,-1.38728e-09,2.95769e-07,0,0,False,69.0|69,847
8|847|vc|3|2|69,0,0.0117098,0.171316,0,0,0,2.49405e-08,3.42701e-07,0,0,False,69.0|69,847
8|847|vc|4|2|69,0,0.0995329,-0.0767846,0,0,0,-4.87489e-08,1.36978e-08,0,0,False,69.0|69,847
8|847|vc|5|2|69,0,-0.0495762,-0.145903,0,0,0,1.47813e-07,2.87872e-07,0,0,False,69.0|69,847
8|847|vc|6|2|69,0,-0.0166614,0.082857,0,0,0,-3.85702e-08,-5.11856e-07,0,0,False,69.0|69,847
8|847|vc|7|2|69,0,-0.0466582,0.227155,0,0,0,-6.09407e-09,-2.26803e-07,0,0,False,69.0|69,847
8|847|vc|8|2|69,0,-0.0251985,0.127573,0,0,0,-8.74124e-08,3.33026e-07,0,0,False,69.0|69,847
8|474|cc|1|1|276,0,0.0432011,0.127079,0,0,0,6.60732e-08,6.66103e-07,0,0,False,69.0|276,474
8|474|cc|2|1|276,0,-0.00934107,0.245134,0,0,0,2.09909e-08,-3.37937e-07,0,0,False,69.0|276,474
8|474|cc|3|1|276,0,-0.0355063,0.125643,0,0,0,-4.56781e-08,4.18207e-07,0,0,False,69.0|276,474
8|474|cc|4|1|276,0,0.00176053,0.152676,0,0,0,-9.90582e-08,-8.42023e-08,0,0,False,69.0|276,474
8|474|cc|5|1|276,0,-0.0419671,-0.0998085,0,0,0,6.54524e-08,1.81489e-08,0,0,False,69.0|276,474
8|474|cc|6|1|276,0,-0.0404488,-0.0368437,0,0,0,6.11038e-08,4.68351e-07,0,0,False,69.0|276,474
8|474|cc|7|1|276,0,-0.0359466,0.145566,0,0,0,1.22739e-08,3.84286e-07,0,0,False,69.0|276,474
8|474|cc|8|1|276,0,-0.00293528,-0.115924,0,0,0,-3.18399e-08,-4.6599e-07,0,0,False,69.0|276,474
8|474|sample|10|276,0,0.20516,1.74356,0,0,0,0.238642,1.73311,0,0,True,32.0|276,474
8|474|sample|11|276,0,0.25503,-0.0113055,0,0,0,0.362348,-0.0860291,0,0,True,22.0|276,474
8|474|sample|12|276,0,0.337831,-0.0518315,0,0,0,0.317221,-0.0259754,0,0,True,22.0|276,474
8|474|sample|3|276,0,0.0513184,-1.81425,0,0,0,0.0500854,-1.78817,0,0,True,55.0|276,474
8|474|sample|4|276,0,-0.0896795,-1.62749,0,0,0,-0.069284,-1.62435,0,0,True,55.0|276,474
8|474|sample|5|276,0,-0.129319,-1.53474,0,0,0,-0.134295,-1.54176,0,0,True,55.0|276,474
8|474|sample|6|276,0,-0.159574,-1.54139,0,0,0,-0.13592,-1.55602,0,0,True,55.0|276,474
8|474|sample|7|276,0,0.213699,1.59206,0,0,0,0.218544,1.60462,0,0,True,32.0|276,474
8|474|sample|8|276,0,0.222745,1.53722,0,0,0,0.22952,1.56287,0,0,True,32.0|276,474
8|474|sample|9|276,0,0.349509,1.65578,0,0,0,0.268277,1.73977,0,0,True,32.0|276,474
8|474|vc|1|2|276,0,-0.0209758,-0.0299585,0,0,0,-5.08232e-08,6.61431e-08,0,0,False,69.0|276,474
8|474|vc|2|2|276,0,-0.00730204,-0.197786,0,0,0,6.87202e-08,-4.18584e-08,0,0,False,69.0|276,474
8|474|vc|3|2|276,0,0.0332043,0.199977,0,0,0,1.3834e-08,3.40734e-07,0,0,False,69.0|276,474
8|474|vc|4|2|276,0,0.00962694,-0.311225,0,0,0,4.65919e-08,8.46561e-08,0,0,False,69.0|276,474
8|474|vc|5|2|276,0,-0.0104068,0.0251328,0,0,0,4.992e-08,-3.47666e-07,0,0,False,69.0|276,474
8|474|vc|6|2|276,0,0.0181064,-0.263538,0,0,0,-1.25641e-07,-8.10902e-08,0,0,False,69.0|276,474
8|474|vc|7|2|276,0,0.0110076,-0.139122,0,0,0,8.80212e-09,3.71183e-07,0,0,False,69.0|276,474
8|474|vc|8|2|276,0,-0.00402426,0.0907659,0,0,0,2.92746e-08,-3.84979e-08,0,0,False,69.0|276,474
8|462|cc|1|1|292,0,0.0299944,0.108419,0,0,0,-1.12931e-07,-8.74536e-08,0,0,False,69.0|292,462
8|462|cc|2|1|292,0,0.0276698,-0.104148,0,0,0,1.62097e-07,2.60216e-07,0,0,False,69.0|292,462
8|462|cc|3|1|292,0,-0.0210324,0.0687879,0,0,0,4.61529e-08,-1.21039e-07,0,0,False,69.0|292,462
8|462|cc|4|1|292,0,-0.00554544,-0.305065,0,0,0,-3.69146e-08,2.52339e-07,0,0,False,69.0|292,462
8|462|cc|5|1|292,0,-0.0251122,-0.326599,0,0,0,-5.25425e-08,6.049e-08,0,0,False,69.0|292,462
8|462|cc|6|1|292,0,-0.0518653,0.0518801,0,0,0,3.04711e-08,2.19559e-07,0,0,False,69.0|292,462
8|462|cc|7|1|292,0,0.0268901,-0.0519018,0,0,0,2.00666e-08,-2.00393e-07,0,0,False,69.0|292,462
8|462|cc|8|1|292,0,-0.0241122,0.231898,0,0,0,3.06443e-08,1.02657e-07,0,0,False,69.0|292,462
8|462|sample|10|292,0,0.161307,1.67947,0,0,0,0.166673,1.71122,0,0,True,32.0|292,462
8|462|sample|11|292,0,0.123161,-0.77992,0,0,0,0.074387,-0.731368,0,0,True,22.0|292,462
8|462|sample|12|292,0,-0.0769799,-0.435026,0,0,0,-0.113006,-0.362693,0,0,True,22.0|292,462
8|462|sample|3|292,0,-0.695867,-2.02115,0,0,0,-0.73501,-1.90765,0,0,True,55.0|292,462
8|462|sample|4|292,0,-0.672662,-1.92995,0,0,0,-0.704404,-1.93708,0,0,True,55.0|292,462
8|462|sample|5|292,0,-0.817099,-2.27376,0,0,0,-0.810917,-2.28336,0,0,True,55.0|292,462
8|462|sample|6|292,0,-0.816864,-2.13961,0,0,0,-0.824233,-1.99878,0,0,True,55.0|292,462
8|462|sample|7|292,0,0.486252,1.35138,0,0,0,0.443162,1.37148,0,0,True,32.0|292,462
8|462|sample|8|292,0,0.414203,1.35531,0,0,0,0.488712,1.32609,0,0,True,32.0|292,462
8|462|sample|9|292,0,0.434502,1.50322,0,0,0,0.39685,1.56123,0,0,True,32.0|292,462
8|462|vc|1|2|292,0,-0.0713227,-0.280534,0,0,0,7.48724e-08,7.06126e-08,0,0,False,69.0|292,462
8|462|vc|2|2|292,0,0.0220809,0.225078,0,0,0,-5.12724e-08,2.13246e-07,0,0,False,69.0|292,462
8|462|vc|3|2|292,0,0.00304375,0.14138,0,0,0,9.36558e-08,-2.72852e-07,0,0,False,69.0|292,462
8|462|vc|4|2|292,0,-0.0382923,0.377403,0,0,0,-8.19157e-08,-8.8823e-08,0,0,False,69.0|292,462
8|462|vc|5|2|292,0,-0.00305073,0.0011029,0,0,0,1.16085e-07,-2.02781e-07,0,0,False,69.0|292,462
8|462|vc|6|2|292,0,-0.014095,-0.177607,0,0,0,-1.86133e-08,2.13598e-07,0,0,False,69.0|292,462
8|462|vc|7|2|292,0,0.0146469,0.0487635,0,0,0,-1.63947e-08,-2.27511e-07,0,0,False,69.0|292,462
8|462|vc|8|2|292,0,0.0254976,0.0949957,0,0,0,5.1274e-08,1.09411e-07,0,0,False,69.0|292,462
8|75|cc|1|1|65,0,-0.0316863,0.0624322,0,0,0,2.86641e-08,5.01141e-07,0,0,False,69.0|65,75
8|75|cc|2|1|65,0,-0.00661202,-0.187067,0,0,0,8.56902e-08,1.23819e-07,0,0,False,69.0|65,75
8|75|cc|3|1|65,0,-0.00844474,0.400489,0,0,0,-3.02805e-08,1.10608e-07,0,0,False,69.0|65,75
8|75|cc|4|1|65,0,-0.0224964,0.0308841,0,0,0,-5.02256e-08,-2.05211e-07,0,0,False,69.0|65,75
8|75|cc|5|1|65,0,0.0437978,0.121429,0,0,0,1.3678e-07,-5.84455e-08,0,0,False,69.0|65,75
8|75|cc|6|1|65,0,-0.0156803,0.412777,0,0,0,-2.61549e-08,1.2368e-07,0,0,False,69.0|65,75
8|75|cc|7|1|65,0,0.0687388,-0.0499701,0,0,0,3.30345e-09,4.39664e-07,0,0,False,69.0|65,75
8|75|cc|8|1|65,0,0.0287599,-0.0124795,0,0,0,-8.9349e-09,-4.30197e-07,0,0,False,69.0|65,75
8|75|sample|10|65,0,-0.307675,-3.03663,0,0,0,-0.32813,-3.07393,0,0,True,32.0|65,75
8|75|sample|11|65,0,0.0467453,0.311294,0,0,0,0.0125081,0.356918,0,0,True,22.0|65,75
8|75|sample|12|65,0,0.0446912,0.856412,0,0,0,0.00934781,0.859266,0,0,True,22.0|65,75
8|75|sample|3|65,0,0.120839,0.809816,0,0,0,0.105037,0.844734,0,0,True,55.0|65,75
8|75|sample|4|65,0,0.0885182,0.803991,0,0,0,-0.0156199,0.778611,0,0,True,55.0|65,75
8|75|sample|5|65,0,-0.251342,1.04471,0,0,0,-0.244615,1.0538,0,0,True,55.0|65,75
8|75|sample|6|65,0,-0.162351,1.04477,0,0,0,-0.182611,1.07563,0,0,True,55.0|65,75
8|75|sample|7|65,0,-0.0374209,-2.68085,0,0,0,-0.0974589,-2.70298,0,0,True,32.0|65,75
8|75|sample|8|65,0,-0.0329185,-2.76622,0,0,0,-0.0416041,-2.74865,0,0,True,32.0|65,75
8|75|sample|9|65,0,-0.211632,-3.08137,0,0,0,-0.265434,-3.09188,0,0,True,32.0|65,75
8|75|vc|1|2|65,0,-0.0331645,0.108579,0,0,0,-6.4983e-08,-1.55144e-07,0,0,False,69.0|65,75
8|75|vc|2|2|65,0,0.0211949,0.0681468,0,0,0,-1.52713e-07,-4.52321e-07,0,0,False,69.0|65,75
8|75|vc|3|2|65,0,0.00555421,-0.289349,0,0,0,-4.61915e-08,2.86566e-07,0,0,False,69.0|65,75
8|75|vc|4|2|65,0,0.0576431,-0.0246695,0,0,0,-6.03556e-08,7.20088e-08,0,0,False,69.0|65,75
8|75|vc|5|2|65,0,-0.0136649,-0.17163,0,0,0,2.10346e-07,-3.94363e-07,0,0,False,69.0|65,75
8|75|vc|6|2|65,0,0.00247958,0.00727641,0,0,0,3.86803e-08,-5.60199e-07,0,0,False,69.0|65,75
8|75|vc|7|2|65,0,0.0497736,-0.0181504,0,0,0,2.73475e-08,-2.72012e-07,0,0,False,69.0|65,75
8|75|vc|8|2|65,0,0.0329035,-0.277277,0,0,0,-9.98247e-08,-3.74252e-07,0,0,False,69.0|65,75
8|291|cc|1|1|103,0,0.00391836,0.0879475,0,0,0,6.16468e-08,-2.12685e-08,0,0,False,69.0|103,291
8|291|cc|2|1|103,0,0.0398181,0.160277,0,0,0,2.71001e-08,2.46453e-07,0,0,False,69.0|103,291
8|291|cc|3|1|103,0,0.0289379,-0.142314,0,0,0,1.61122e-08,-4.50456e-07,0,0,False,69.0|103,291
8|291|cc|4|1|103,0,0.0143695,-0.0343684,0,0,0,1.4849e-08,-3.04747e-07,0,0,False,69.0|103,291
8|291|cc|5|1|103,0,0.0762082,-0.0830761,0,0,0,5.14664e-08,6.64141e-08,0,0,False,69.0|103,291
8|291|cc|6|1|103,0,0.0330967,0.109363,0,0,0,-2.00871e-08,-2.81438e-07,0,0,False,69.0|103,291
8|291|cc|7|1|103,0,-0.0111043,0.0966694,0,0,0,-1.7382e-07,-3.73133e-08,0,0,False,69.0|103,291
8|291|cc|8|1|103,0,-0.0168942,0.0273743,0,0,0,3.89735e-08,2.8765e-07,0,0,False,69.0|103,291
8|291|sample|10|103,0,0.127812,1.58821,0,0,0,0.0971124,1.62271,0,0,True,32.0|103,291
8|291|sample|11|103,0,-0.154494,2.16361,0,0,0,-0.152048,2.19752,0,0,True,22.0|103,291
8|291|sample|12|103,0,-0.116385,1.88547,0,0,0,-0.0790761,1.80632,0,0,True,22.0|103,291
8|291|sample|3|103,0,0.289173,-1.62176,0,0,0,0.218171,-1.54678,0,0,True,55.0|103,291
8|291|sample|4|103,0,0.178154,-1.56586,0,0,0,0.145491,-1.51199,0,0,True,55.0|103,291
8|291|sample|5|103,0,0.278399,-1.47897,0,0,0,0.195935,-1.40231,0,0,True,55.0|103,291
8|291|sample|6|103,0,0.0745321,-1.32921,0,0,0,0.0818722,-1.31423,0,0,True,55.0|103,291
8|291|sample|7|103,0,0.26396,1.49229,0,0,0,0.225675,1.50677,0,0,True,32.0|103,291
8|291|sample|8|103,0,0.331854,1.28872,0,0,0,0.301925,1.31614,0,0,True,32.0|103,291
8|291|sample|9|103,0,0.328768,1.40246,0,0,0,0.249126,1.43496,0,0,True,32.0|103,291
8|291|vc|1|2|103,0,0.00247373,-0.23016,0,0,0,6.53406e-08,8.2037e-08,0,0,False,69.0|103,291
8|291|vc|2|2|103,0,-0.0310165,0.131714,0,0,0,2.43809e-08,-3.63518e-07,0,0,False,69.0|103,291
8|291|vc|3|2|103,0,-0.036194,-0.259176,0,0,0,-5.08846e-08,1.08689e-07,0,0,False,69.0|103,291
8|291|vc|4|2|103,0,-0.0329907,-0.322742,0,0,0,2.78285e-08,-1.45525e-07,0,0,False,69.0|103,291
8|291|vc|5|2|103,0,-0.00987219,-0.0532941,0,0,0,-1.28014e-07,2.05002e-07,0,0,False,69.0|103,291
8|291|vc|6|2|103,0,-0.0555161,-0.0649351,0,0,0,-4.11956e-09,4.43363e-07,0,0,False,69.0|103,291
8|291|vc|7|2|103,0,-0.0215541,-0.189929,0,0,0,3.21991e-08,3.40737e-07,0,0,False,69.0|103,291
8|291|vc|8|2|103,0,-0.0167847,0.0694077,0,0,0,8.5254e-09,-1.94465e-07,0,0,False,69.0|103,291
8|77|cc|1|1|218,0,0.0367462,0.286987,0,0,0,-3.72934e-08,5.96629e-08,0,0,False,69.0|218,77
8|77|cc|2|1|218,0,-0.0195032,-0.0891778,0,0,0,9.11857e-08,-4.78684e-07,0,0,False,69.0|218,77
8|77|cc|3|1|218,0,-0.0442959,0.187259,0,0,0,2.53003e-08,-5.04281e-07,0,0,False,69.0|218,77
8|77|cc|4|1|218,0,0.038555,0.152103,0,0,0,1.18444e-08,9.97856e-08,0,0,False,69.0|218,77
8|77|cc|5|1|218,0,-0.00581867,-0.0805442,0,0,0,-1.27059e-08,-2.75986e-07,0,0,False,69.0|218,77
8|77|cc|6|1|218,0,-0.00521224,-0.00618385,0,0,0,7.96175e-09,-4.04206e-07,0,0,False,69.0|218,77
8|77|cc|7|1|218,0,0.106753,0.190842,0,0,0,-3.40276e-08,2.48383e-07,0,0,False,69.0|218,77
8|77|cc|8|1|218,0,0.0349621,0.0325932,0,0,0,-5.20856e-08,-2.63655e-07,0,0,False,69.0|218,77
8|77|sample|10|218,0,-0.402639,1.25875,0,0,0,-0.387771,1.2329,0,0,True,32.0|218,77
8|77|sample|11|218,0,-0.0579005,1.2176,0,0,0,-0.0864381,1.22308,0,0,True,22.0|218,77
8|77|sample|12|218,0,0.156262,0.978033,0,0,0,0.0670515,1.07119,0,0,True,22.0|218,77
8|77|sample|3|218,0,0.0667493,3.37374,0,0,0,-0.0245847,3.46687,0,0,True,55.0|218,77
8|77|sample|4|218,0,0.144778,3.25184,0,0,0,0.0860972,3.31365,0,0,True,55.0|218,77
8|77|sample|5|218,0,-0.0958635,3.6919,0,0,0,-0.115361,3.71449,0,0,True,55.0|218,77
8|77|sample|6|218,0,-0.209727,3.90306,0,0,0,-0.191555,3.87337,0,0,True,55.0|218,77
8|77|sample|7|218,0,-0.256723,0.632564,0,0,0,-0.21526,0.645688,0,0,True,32.0|218,77
8|77|sample|8|218,0,-0.106692,0.65596,0,0,0,-0.19085,0.728636,0,0,True,32.0|218,77
8|77|sample|9|218,0,-0.41401,1.24006,0,0,0,-0.446763,1.30839,0,0,True,32.0|218,77
8|77|vc|1|2|218,0,0.0119245,-0.179623,0,0,0,-1.6827e-07,4.21583e-08,0,0,False,69.0|218,77
8|77|vc|2|2|218,0,-0.03714,0.248899,0,0,0,2.22411e-08,4.0792e-07,0,0,False,69.0|218,77
8|77|vc|3|2|218,0,-0.0245957,-0.122249,0,0,0,1.09266e-07,1.42872e-07,0,0,False,69.0|218,77
8|77|vc|4|2|218,0,-0.00950318,0.167567,0,0,0,1.51465e-07,-2.56112e-07,0,0,False,69.0|218,77
8|77|vc|5|2|218,0,-0.0372226,0.101289,0,0,0,3.10111e-08,-4.05857e-07,0,0,False,69.0|218,77
8|77|vc|6|2|218,0,0.0258657,0.168817,0,0,0,7.44748e-08,-1.37147e-08,0,0,False,69.0|218,77
8|77|vc|7|2|218,0,0.0182495,-0.0160247,0,0,0,1.71854e-07,1.29134e-07,0,0,False,69.0|218,77
8|77|vc|8|2|218,0,0.0446616,-0.101614,0,0,0,5.34463e-08,2.86748e-07,0,0,False,69.0|218,77
8|322|cc|1|1|174,0,0.0245825,-0.108833,0,0,0,2.91946e-08,2.71494e-07,0,0,False,69.0|174,322
8|322|cc|2|1|174,0,0.0142013,-0.196822,0,0,0,-1.49984e-08,-3.78768e-07,0,0,False,69.0|174,322
8|322|cc|3|1|174,0,-0.00307887,-0.105464,0,0,0,5.93674e-08,-1.87771e-07,0,0,False,69.0|174,322
8|322|cc|4|1|174,0,0.00592021,0.0782668,0,0,0,-4.04589e-08,2.6351e-08,0,0,False,69.0|174,322
8|322|cc|5|1|174,0,-0.0118204,-0.0599562,0,0,0,3.53425e-08,3.41482e-07,0,0,False,69.0|174,322
8|322|cc|6|1|174,0,0.00886264,0.0684588,0,0,0,1.13164e-07,4.30742e-07,0,0,False,69.0|174,322
8|322|cc|7|1|174,0,0.072221,0.00211783,0,0,0,2.38174e-08,4.60538e-07,0,0,False,69.0|174,322
8|322|cc|8|1|174,0,0.0208165,0.032374,0,0,0,5.08143e-09,4.01346e-07,0,0,False,69.0|174,322
8|322|sample|10|174,0,0.212034,2.29508,0,0,0,0.290992,2.2096,0,0,True,32.0|174,322
8|322|sample|11|174,0,0.388494,1.56193,0,0,0,0.390379,1.566,0,0,True,22.0|174,322
8|322|sample|12|174,0,-0.0250099,2.09277,0,0,0,-0.0920914,2.17607,0,0,True,22.0|174,322
8|322|sample|3|174,0,-0.0198941,2.59832,0,0,0,-0.0701835,2.66883,0,0,True,55.0|174,322
8|322|sample|4|174,0,0.0812649,2.26372,0,0,0,0.0329885,2.34118,0,0,True,55.0|174,322
8|322|sample|5|174,0,-0.0919766,2.68475,0,0,0,-0.0794771,2.66828,0,0,True,55.0|174,322
8|322|sample|6|174,0,0.0338595,2.39532,0,0,0,-0.0626915,2.5638,0,0,True,55.0|174,322
8|322|sample|7|174,0,0.315151,1.86093,0,0,0,0.340785,1.85544,0,0,True,32.0|174,322
8|322|sample|8|174,0,0.362835,1.74088,0,0,0,0.34355,1.79716,0,0,True,32.0|174,322
8|322|sample|9|174,0,0.310884,1.89234,0,0,0,0.266968,1.93536,0,0,True,32.0|174,322
8|322|vc|1|2|174,0,-0.00607592,-0.142587,0,0,0,6.4879e-08,-2.85175e-07,0,0,False,69.0|174,322
8|322|vc|2|2|174,0,0.000956983,-0.141643,0,0,0,-8.06927e-08,-2.15919e-08,0,0,False,69.0|174,322
8|322|vc|3|2|174,0,-0.04046,-0.0221596,0,0,0,4.94267e-08,-2.20883e-07,0,0,False,69.0|174,322
8|322|vc|4|2|174,0,0.014893,0.099868,0,0,0,2.42743e-08,-1.56442e-07,0,0,False,69.0|174,322
8|322|vc|5|2|174,0,0.0164851,-0.24282,0,0,0,4.1733e-08,-2.9887e-07,0,0,False,69.0|174,322
8|322|vc|6|2|174,0,-0.0128733,-0.00785912,0,0,0,-8.42203e-08,-1.20246e-08,0,0,False,69.0|174,322
8|322|vc|7|2|174,0,-0.0423602,0.27759,0,0,0,3.04525e-08,-3.67832e-07,0,0,False,69.0|174,322
8|322|vc|8|2|174,0,-0.0366257,0.0466747,0,0,0,-1.58302e-08,3.78151e-07,0,0,False,69.0|174,322
8|963|cc|1|1|319,0,0.0166005,0.0136813,0,0,0,-8.75247e-09,-3.46529e-07,0,0,False,69.0|319,963
8|963|cc|2|1|319,0,-0.0507935,0.306975,0,0,0,-1.26219e-07,6.23484e-08,0,0,False,69.0|319,963
8|963|cc|3|1|319,0,0.0313719,0.02068,0,0,0,8.49507e-08,1.63316e-07,0,0,False,69.0|319,963
8|963|cc|4|1|319,0,-0.0511659,-0.332777,0,0,0,1.04164e-07,8.90317e-09,0,0,False,69.0|319,963
8|963|cc|5|1|319,0,-0.0224858,-0.0773332,0,0,0,-9.17373e-09,1.24046e-07,0,0,False,69.0|319,963
8|963|cc|6|1|319,0,-0.00714448,0.0567118,0,0,0,2.95785e-08,4.76195e-07,0,0,False,69.0|319,963
8|963|cc|7|1|319,0,-0.024807,0.166343,0,0,0,2.32337e-08,5.42116e-07,0,0,False,69.0|319,963
8|963|cc|8|1|319,0,0.0221717,-0.110477,0,0,0,3.01136e-10,-2.47295e-07,0,0,False,69.0|319,963
8|963|sample|10|319,0,0.278713,2.06319,0,0,0,0.270021,2.05785,0,0,True,32.0|319,963
8|963|sample|11|319,0,0.0736333,0.348464,0,0,0,0.018427,0.429703,0,0,True,22.0|319,963
8|963|sample|12|319,0,-0.0949867,0.603422,0,0,0,-0.139904,0.635288,0,0,True,22.0|319,963
8|963|sample|3|319,0,0.212536,3.87534,0,0,0,0.170155,3.90796,0,0,True,55.0|319,963
8|963|sample|4|319,0,0.224891,3.97923,0,0,0,0.220712,3.99557,0,0,True,55.0|319,963
8|963|sample|5|319,0,-0.311205,4.72614,0,0,0,-0.266497,4.62525,0,0,True,55.0|319,963
8|963|sample|6|319,0,-0.21254,4.85014,0,0,0,-0.132173,4.74015,0,0,True,55.0|319,963
8|963|sample|7|319,0,-0.0384344,2.44574,0,0,0,-0.0600787,2.46373,0,0,True,32.0|319,963
8|963|sample|8|319,0,0.236027,1.85982,0,0,0,0.18159,1.92912,0,0,True,32.0|319,963
8|963|sample|9|319,0,0.222623,2.20989,0,0,0,0.202398,2.20527,0,0,True,32.0|319,963
8|963|vc|1|2|319,0,-0.00610332,0.0665306,0,0,0,4.93762e-08,2.71634e-07,0,0,False,69.0|319,963
8|963|vc|2|2|319,0,-0.012874,0.227764,0,0,0,3.09582e-08,-2.30924e-07,0,0,False,69.0|319,963
8|963|vc|3|2|319,0,0.0107216,0.0208081,0,0,0,3.56091e-08,4.52001e-07,0,0,False,69.0|319,963
8|963|vc|4|2|319,0,0.000531161,-0.028062,0,0,0,1.06721e-07,-1.14917e-07,0,0,False,69.0|319,963
8|963|vc|5|2|319,0,-0.0568497,0.0448871,0,0,0,5.97769e-08,2.48067e-07,0,0,False,69.0|319,963
8|963|vc|6|2|319,0,0.045056,-0.079324,0,0,0,-5.6668e-08,2.86229e-07,0,0,False,69.0|319,963
8|963|vc|7|2|319,0,0.0259477,0.185698,0,0,0,-6.83808e-08,2.84694e-07,0,0,False,69.0|319,963
8|963|vc|8|2|319,0,-0.0144161,0.0144163,0,0,0,7.25987e-08,3.01775e-07,0,0,False,69.0|319,963
8|1241|cc|1|1|69,0,-0.00696835,0.0301455,0,0,0,-1.18991e-07,-1.78005e-07,0,0,False,69.0|69,1241
8|1241|cc|2|1|69,0,0.0364557,-0.09076,0,0,0,-7.63225e-08,-4.87752e-07,0,0,False,69.0|69,1241
8|1241|cc|3|1|69,0,-0.00125778,0.231331,0,0,0,-1.17857e-08,-2.23663e-07,0,0,False,69.0|69,1241
8|1241|cc|4|1|69,0,0.0526462,0.019036,0,0,0,-9.16634e-09,-1.42077e-07,0,0,False,69.0|69,1241
8|1241|cc|5|1|69,0,-0.0476541,0.12321,0,0,0,-3.30947e-08,-3.20765e-07,0,0,False,69.0|69,1241
8|1241|cc|6|1|69,0,-0.0385151,-0.0325281,0,0,0,9.82253e-08,-3.36026e-07,0,0,False,69.0|69,1241
8|1241|cc|7|1|69,0,0.0491973,0.0321487,0,0,0,1.35796e-07,-9.95849e-07,0,0,False,69.0|69,1241
8|1241|cc|8|1|69,0,0.019013,-0.139106,0,0,0,6.74515e-08,2.7601e-07,0,0,False,69.0|69,1241
8|1241|sample|3|69,0,0.569579,-1.70263,0,0,0,0.500323,-1.59559,0,0,True,22.0|69,1241
8|1241|sample|4|69,0,0.502087,-1.59054,0,0,0,0.567597,-1.6151,0,0,True,22.0|69,1241
8|1241|sample|8|69,0,0.129439,0.694187,0,0,0,-0.000806556,-0.00567736,0,0,True,22.0|69,1241
8|1241|vc|1|2|69,0,-0.00388884,-0.0973443,0,0,0,9.20214e-09,2.3841e-07,0,0,False,69.0|69,1241
8|1241|vc|2|2|69,0,0.0115369,0.245572,0,0,0,1.33052e-07,2.33364e-07,0,0,False,69.0|69,1241
8|1241|vc|3|2|69,0,-0.0324106,0.0605786,0,0,0,3.66948e-08,2.8932e-07,0,0,False,69.0|69,1241
8|1241|vc|4|2|69,0,0.0978799,-0.245456,0,0,0,-6.39262e-08,7.27937e-08,0,0,False,69.0|69,1241
8|1241|vc|5|2|69,0,-0.0117891,-0.205843,0,0,0,-1.56176e-09,5.93523e-07,0,0,False,69.0|69,1241
8|1241|vc|6|2|69,0,-0.0425353,-0.146106,0,0,0,-3.62626e-08,2.26997e-07,0,0,False,69.0|69,1241
8|1241|vc|7|2|69,0,0.0352827,-0.0624481,0,0,0,4.22329e-08,4.39025e-07,0,0,False,69.0|69,1241
8|1241|vc|8|2|69,0,0.0620822,0.0213633,0,0,0,2.68252e-08,3.88164e-07,0,0,False,69.0|69,1241
8|1056|cc|1|1|276,0,0.0556099,-0.356844,0,0,0,-1.00867e-07,-1.73512e-07,0,0,False,69.0|276,1056
8|1056|cc|2|1|276,0,-0.05706,0.0844195,0,0,0,-5.20695e-08,-2.53461e-07,0,0,False,69.0|276,1056
8|1056|cc|3|1|276,0,-0.0254334,-0.224718,0,0,0,-1.00412e-07,-5.95516e-08,0,0,False,69.0|276,1056
8|1056|cc|4|1|276,0,-0.0504879,0.115892,0,0,0,-6.27526e-08,-7.33711e-08,0,0,False,69.0|276,1056
8|1056|cc|5|1|276,0,-0.029395,0.103634,0,0,0,8.4788e-08,2.51724e-07,0,0,False,69.0|276,1056
8|1056|cc|6|1|276,0,0.00205668,0.0857309,0,0,0,5.35928e-08,-1.86028e-07,0,0,False,69.0|276,1056
8|1056|cc|7|1|276,0,-0.0304722,0.339155,0,0,0,-9.3475e-08,6.55779e-07,0,0,False,69.0|276,1056
8|1056|cc|8|1|276,0,-0.0428905,0.116796,0,0,0,1.52406e-07,2.69405e-10,0,0,False,69.0|276,1056
8|1056|sample|3|276,0,0.452589,-0.100884,0,0,0,0.384038,-0.0710209,0,0,True,22.0|276,1056
8|1056|sample|4|276,0,0.2606,-0.130166,0,0,0,0.288898,-0.0989953,0,0,True,22.0|276,1056
8|1056|vc|1|2|276,0,0.0304506,-0.0297038,0,0,0,-5.23934e-08,2.44728e-07,0,0,False,69.0|276,1056
8|1056|vc|2|2|276,0,-0.000792174,-0.112995,0,0,0,8.82757e-08,2.8371e-08,0,0,False,69.0|276,1056
8|1056|vc|3|2|276,0,0.0794962,0.318692,0,0,0,1.32997e-07,1.2284e-07,0,0,False,69.0|276,1056
8|1056|vc|4|2|276,0,-0.0815926,-0.070163,0,0,0,3.03333e-08,1.18316e-07,0,0,False,69.0|276,1056
8|1056|vc|5|2|276,0,0.0016093,-0.210825,0,0,0,5.30433e-08,-4.04233e-07,0,0,False,69.0|276,1056
8|1056|vc|6|2|276,0,0.0150764,0.161401,0,0,0,-2.08411e-08,-2.84108e-07,0,0,False,69.0|276,1056
8|1056|vc|7|2|276,0,-0.0165181,0.0333073,0,0,0,7.42736e-09,-4.13333e-07,0,0,False,69.0|276,1056
8|1056|vc|8|2|276,0,-0.00369902,-0.00893381,0,0,0,-8.65627e-08,-1.81407e-07,0,0,False,69.0|276,1056
8|1159|cc|1|1|292,0,0.00855658,0.0632611,0,0,0,-8.03597e-08,-1.06096e-07,0,0,False,69.0|292,1159
8|1159|cc|2|1|292,0,-0.0887235,-0.115084,0,0,0,-4.99656e-08,-1.50783e-07,0,0,False,69.0|292,1159
8|1159|cc|3|1|292,0,-0.0191184,-0.039295,0,0,0,1.21247e-07,6.83922e-08,0,0,False,69.0|292,1159
8|1159|cc|4|1|292,0,-0.0162218,0.265153,0,0,0,4.413e-08,-2.57829e-07,0,0,False,69.0|292,1159
8|1159|cc|5|1|292,0,0.0461893,0.194461,0,0,0,-3.39976e-08,-2.27708e-07,0,0,False,69.0|292,1159
8|1159|cc|6|1|292,0,0.00237293,-0.161254,0,0,0,5.2322e-08,-4.70353e-07,0,0,False,69.0|292,1159
8|1159|cc|7|1|292,0,-0.0290193,-0.109155,0,0,0,-6.91639e-09,-2.40425e-07,0,0,False,69.0|292,1159
8|1159|cc|8|1|292,0,-0.0236026,0.374591,0,0,0,-1.3584e-08,-1.54871e-07,0,0,False,69.0|292,1159
8|1159|sample|3|292,0,0.34487,-1.196,0,0,0,0.416353,-1.25452,0,0,True,22.0|292,1159
8|1159|sample|4|292,0,0.359281,-1.35634,0,0,0,0.413687,-1.32375,0,0,True,22.0|292,1159
8|1159|vc|1|2|292,0,0.0297066,0.152293,0,0,0,1.77806e-08,-1.39477e-07,0,0,False,69.0|292,1159
8|1159|vc|2|2|292,0,0.0255145,-0.125519,0,0,0,6.55501e-08,-2.62999e-07,0,0,False,69.0|292,1159
8|1159|vc|3|2|292,0,0.0405277,-0.156236,0,0,0,1.12893e-09,-3.70708e-07,0,0,False,69.0|292,1159
8|1159|vc|4|2|292,0,-0.0256018,0.127114,0,0,0,-6.57674e-08,7.20567e-08,0,0,False,69.0|292,1159
8|1159|vc|5|2|292,0,0.0250672,0.0622119,0,0,0,1.03208e-07,-9.58425e-09,0,0,False,69.0|292,1159
8|1159|vc|6|2|292,0,-0.00865491,0.0791829,0,0,0,4.12442e-08,4.01017e-07,0,0,False,69.0|292,1159
8|1159|vc|7|2|292,0,0.0401122,0.0893252,0,0,0,6.40822e-08,3.21199e-07,0,0,False,69.0|292,1159
8|1159|vc|8|2|292,0,-0.00748002,0.118419,0,0,0,3.75913e-08,3.20789e-07,0,0,False,69.0|292,1159
8|1017|cc|1|1|65,0,0.0778462,-0.128862,0,0,0,-1.09563e-07,7.24996e-08,0,0,False,69.0|65,1017
8|1017|cc|2|1|65,0,-0.000832852,-0.0400098,0,0,0,1.13814e-07,-7.81829e-08,0,0,False,69.0|65,1017
8|1017|cc|3|1|65,0,0.00827622,-0.0205937,0,0,0,-4.74549e-08,-3.53386e-07,0,0,False,69.0|65,1017
8|1017|cc|4|1|65,0,0.0175523,0.445346,0,0,0,1.51538e-09,5.84457e-07,0,0,False,69.0|65,1017
8|1017|cc|5|1|65,0,0.0119492,-0.108938,0,0,0,-7.75659e-08,-2.50294e-07,0,0,False,69.0|65,1017
8|1017|cc|6|1|65,0,-0.0435326,0.186205,0,0,0,-1.60619e-08,5.26363e-07,0,0,False,69.0|65,1017
8|1017|cc|7|1|65,0,0.0224745,-0.251693,0,0,0,1.24919e-08,-2.86517e-07,0,0,False,69.0|65,1017
8|1017|cc|8|1|65,0,0.0333598,-0.116322,0,0,0,2.51571e-09,-1.90305e-07,0,0,False,69.0|65,1017
8|1017|sample|3|65,0,-0.0146832,0.825846,0,0,0,-0.0677116,0.916547,0,0,True,22.0|65,1017
8|1017|sample|4|65,0,0.165653,0.424793,0,0,0,0.101774,0.489133,0,0,True,22.0|65,1017
8|1017|sample|8|65,0,0.0364763,0.111208,0,0,0,-0.00194854,-0.0137242,0,0,True,22.0|65,1017
8|1017|vc|1|2|65,0,-0.019833,0.0758432,0,0,0,1.11773e-07,-3.85318e-08,0,0,False,69.0|65,1017
8|1017|vc|2|2|65,0,-0.0320075,-0.234222,0,0,0,-1.09251e-07,8.77391e-08,0,0,False,69.0|65,1017
8|1017|vc|3|2|65,0,-0.0145799,0.105593,0,0,0,1.10956e-07,2.17681e-07,0,0,False,69.0|65,1017
8|1017|vc|4|2|65,0,0.00692658,0.386777,0,0,0,-5.85226e-08,-1.07423e-07,0,0,False,69.0|65,1017
8|1017|vc|5|2|65,0,0.0411171,-0.0810969,0,0,0,-5.49916e-08,-1.51617e-07,0,0,False,69.0|65,1017
8|1017|vc|6|2|65,0,-0.0579258,-0.0550061,0,0,0,-3.96791e-08,-1.3692e-07,0,0,False,69.0|65,1017
8|1017|vc|7|2|65,0,-0.000526019,-0.221802,0,0,0,-6.76437e-08,5.64717e-08,0,0,False,69.0|65,1017
8|1017|vc|8|2|65,0,-0.0167304,0.11148,0,0,0,-7.70444e-08,9.55287e-08,0,0,False,69.0|65,1017
8|1197|cc|1|1|103,0,0.0249559,0.00266858,0,0,0,4.56797e-09,-3.55203e-07,0,0,False,69.0|103,1197
8|1197|cc|2|1|103,0,0.0235584,-0.0171568,0,0,0,-3.23436e-08,4.69387e-10,0,0,False,69.0|103,1197
8|1197|cc|3|1|103,0,0.022416,0.123817,0,0,0,-4.71949e-08,-4.1685e-07,0,0,False,69.0|103,1197
8|1197|cc|4|1|103,0,-0.00209853,-0.219233,0,0,0,1.10407e-07,-3.04425e-07,0,0,False,69.0|103,1197
8|1197|cc|5|1|103,0,-0.0689609,-0.0126607,0,0,0,-3.9422e-08,2.31455e-07,0,0,False,69.0|103,1197
8|1197|cc|6|1|103,0,-0.00235382,0.000892496,0,0,0,-3.89372e-08,1.06741e-07,0,0,False,69.0|103,1197
8|1197|cc|7|1|103,0,0.0180749,-0.0341392,0,0,0,-4.95035e-08,-1.02607e-07,0,0,False,69.0|103,1197
8|1197|cc|8|1|103,0,0.0248454,0.204078,0,0,0,4.80016e-08,3.27615e-07,0,0,False,69.0|103,1197
8|1197|sample|3|103,0,0.275346,1.15889,0,0,0,0.278031,1.18424,0,0,True,22.0|103,1197
8|1197|sample|4|103,0,0.497743,1.11341,0,0,0,0.347876,1.21134,0,0,True,22.0|103,1197
8|1197|vc|1|2|103,0,0.00127229,-0.0754764,0,0,0,-6.75573e-09,-3.33518e-07,0,0,False,69.0|103,1197
8|1197|vc|2|2|103,0,0.000425541,-0.068255,0,0,0,8.87192e-08,-1.87045e-08,0,0,False,69.0|103,1197
8|1197|vc|3|2|103,0,-0.0173928,0.0501508,0,0,0,8.90065e-08,-2.01317e-07,0,0,False,69.0|103,1197
8|1197|vc|4|2|103,0,-0.0396606,-0.246584,0,0,0,8.87905e-08,-1.17606e-07,0,0,False,69.0|103,1197
8|1197|vc|5|2|103,0,0.0290626,-0.303643,0,0,0,1.40739e-08,3.02828e-07,0,0,False,69.0|103,1197
8|1197|vc|6|2|103,0,-0.00526779,-0.0988228,0,0,0,2.39881e-08,-5.42003e-07,0,0,False,69.0|103,1197
8|1197|vc|7|2|103,0,-0.0164546,0.203782,0,0,0,3.46394e-08,-3.54426e-07,0,0,False,69.0|103,1197
8|1197|vc|8|2|103,0,0.030821,0.164132,0,0,0,1.34492e-08,-3.52465e-07,0,0,False,69.0|103,1197
8|745|cc|1|1|218,0,-0.0514855,-0.321146,0,0,0,-1.19392e-07,-1.20394e-07,0,0,False,69.0|218,745
8|745|cc|2|1|218,0,0.00568966,-0.146354,0,0,0,1.10998e-07,-4.25117e-07,0,0,False,69.0|218,745
8|745|cc|3|1|218,0,-0.0690074,-0.146254,0,0,0,6.59268e-08,7.67195e-08,0,0,False,69.0|218,745
8|745|cc|4|1|218,0,-0.000204364,0.23467,0,0,0,-2.20997e-08,4.76348e-07,0,0,False,69.0|218,745
8|745|cc|5|1|218,0,-0.0525712,-0.0878929,0,0,0,6.06875e-08,2.12011e-08,0,0,False,69.0|218,745
8|745|cc|6|1|218,0,-0.0341686,0.102183,0,0,0,5.91444e-08,2.69171e-07,0,0,False,69.0|218,745
8|745|cc|7|1|218,0,-0.0451202,-0.0176101,0,0,0,-1.30881e-08,-3.09114e-07,0,0,False,69.0|218,745
8|745|cc|8|1|218,0,-0.0230151,-0.0897151,0,0,0,9.21601e-09,-3.38373e-07,0,0,False,69.0|218,745
8|745|sample|3|218,0,0.156297,0.872731,0,0,0,0.0561565,0.964957,0,0,True,22.0|218,745
8|745|sample|4|218,0,0.0297923,0.840058,0,0,0,-0.00207909,0.921875,0,0,True,22.0|218,745
8|745|sample|5|218,0,0.127996,1.39981,0,0,0,0.0536277,0.501302,0,0,True,22.0|218,745
8|745|vc|1|2|218,0,-0.0364685,0.0187696,0,0,0,2.79098e-08,-3.28537e-07,0,0,False,69.0|218,745
8|745|vc|2|2|218,0,-0.017488,-0.0146709,0,0,0,7.26252e-08,4.61377e-08,0,0,False,69.0|218,745
8|745|vc|3|2|218,0,0.0774381,0.147679,0,0,0,-8.26501e-08,4.77822e-07,0,0,False,69.0|218,745
8|745|vc|4|2|218,0,0.00986901,0.141114,0,0,0,-1.17101e-07,-3.10411e-07,0,0,False,69.0|218,745
8|745|vc|5|2|218,0,-0.0241144,0.166782,0,0,0,-7.83955e-08,-2.04633e-07,0,0,False,69.0|218,745
8|745|vc|6|2|218,0,-0.0281281,-0.069672,0,0,0,-2.19449e-08,1.32353e-07,0,0,False,69.0|218,745
8|745|vc|7|2|218,0,-0.0455224,-0.146835,0,0,0,8.2057e-08,-2.6306e-07,0,0,False,69.0|218,745
8|745|vc|8|2|218,0,0.00483607,0.128578,0,0,0,-2.59176e-08,-3.79643e-07,0,0,False,69.0|218,745
8|1043|cc|1|1|174,0,-0.034809,0.0993491,0,0,0,-5.69427e-08,1.32516e-07,0,0,False,69.0|174,1043
8|1043|cc|2|1|174,0,0.0435635,-0.161055,0,0,0,-5.27303e-08,-2.22507e-07,0,0,False,69.0|174,1043
8|1043|cc|3|1|174,0,0.0217008,0.138221,0,0,0,-1.46069e-08,2.74523e-07,0,0,False,69.0|174,1043
8|1043|cc|4|1|174,0,-0.0460099,0.134992,0,0,0,2.81688e-08,1.01691e-07,0,0,False,69.0|174,1043
8|1043|cc|5|1|174,0,-0.00488973,-0.112423,0,0,0,8.16586e-08,-1.07315e-07,0,0,False,69.0|174,1043
8|1043|cc|6|1|174,0,-0.0422849,-0.0272696,0,0,0,1.2765e-07,-2.43908e-07,0,0,False,69.0|174,1043
8|1043|cc|7|1|174,0,-0.0287091,-0.0738887,0,0,0,7.32707e-08,3.01702e-07,0,0,False,69.0|174,1043
8|1043|cc|8|1|174,0,-0.0277246,-0.204719,0,0,0,7.74036e-08,-1.73311e-07,0,0,False,69.0|174,1043
8|1043|sample|3|174,0,0.253979,1.42557,0,0,0,0.23934,1.44374,0,0,True,22.0|174,1043
8|1043|sample|4|174,0,0.316288,1.41105,0,0,0,0.288115,1.46738,0,0,True,22.0|174,1043
8|1043|vc|1|2|174,0,-0.068529,0.114869,0,0,0,1.59531e-07,-3.10483e-07,0,0,False,69.0|174,1043
8|1043|vc|2|2|174,0,0.0334196,-0.167111,0,0,0,8.28857e-08,1.87249e-07,0,0,False,69.0|174,1043
8|1043|vc|3|2|174,0,0.0502088,0.0181901,0,0,0,2.53423e-08,-3.56842e-07,0,0,False,69.0|174,1043
8|1043|vc|4|2|174,0,-0.0352438,0.0923282,0,0,0,-3.7867e-08,2.91977e-07,0,0,False,69.0|174,1043
8|1043|vc|5|2|174,0,0.00572765,-0.169957,0,0,0,1.44244e-08,-2.0047e-07,0,0,False,69.0|174,1043
8|1043|vc|6|2|174,0,0.0371659,0.119474,0,0,0,-6.67572e-08,-1.12521e-07,0,0,False,69.0|174,1043
8|1043|vc|7|2|174,0,0.0243661,-0.0636802,0,0,0,-2.21889e-08,2.83748e-07,0,0,False,69.0|174,1043
8|1043|vc|8|2|174,0,0.0343361,-0.147333,0,0,0,-1.19973e-07,1.42619e-07,0,0,False,69.0|174,1043
8|1260|cc|1|1|319,0,-0.0221479,-0.119827,0,0,0,3.27754e-08,7.93429e-08,0,0,False,69.0|319,1260
8|1260|cc|2|1|319,0,0.0511425,0.184813,0,0,0,-8.51809e-08,5.48899e-08,0,0,False,69.0|319,1260
8|1260|cc|3|1|319,0,0.00629927,0.211924,0,0,0,4.39295e-08,2.37844e-08,0,0,False,69.0|319,1260
8|1260|cc|4|1|319,0,-0.00186931,-0.275646,0,0,0,2.31194e-08,-3.0203e-07,0,0,False,69.0|319,1260
8|1260|cc|5|1|319,0,0.0254513,0.14016,0,0,0,1.03052e-07,1.65274e-07,0,0,False,69.0|319,1260
8|1260|cc|6|1|319,0,-0.0342772,-0.0130237,0,0,0,5.01849e-08,4.58097e-07,0,0,False,69.0|319,1260
8|1260|cc|7|1|319,0,0.0321966,-0.154738,0,0,0,-7.82056e-08,1.66997e-07,0,0,False,69.0|319,1260
8|1260|cc|8|1|319,0,-0.0195058,0.131332,0,0,0,-5.59656e-08,3.85852e-07,0,0,False,69.0|319,1260
8|1260|sample|3|319,0,0.0706564,0.29422,0,0,0,0.00661193,0.356906,0,0,True,22.0|319,1260
8|1260|sample|4|319,0,0.0876513,0.364601,0,0,0,0.0346668,0.430439,0,0,True,22.0|319,1260
8|1260|vc|1|2|319,0,0.000243493,-0.223464,0,0,0,1.43618e-07,1.40712e-07,0,0,False,69.0|319,1260
8|1260|vc|2|2|319,0,0.0292462,-0.270912,0,0,0,6.31833e-08,-1.28996e-07,0,0,False,69.0|319,1260
8|1260|vc|3|2|319,0,-0.042017,-0.194483,0,0,0,2.16132e-08,-2.49012e-07,0,0,False,69.0|319,1260
8|1260|vc|4|2|319,0,0.0341082,-0.138052,0,0,0,2.91597e-08,-9.6038e-08,0,0,False,69.0|319,1260
8|1260|vc|5|2|319,0,-0.0127456,0.396147,0,0,0,1.2929e-07,3.77494e-07,0,0,False,69.0|319,1260
8|1260|vc|6|2|319,0,0.0248003,-0.108266,0,0,0,9.18663e-09,-1.58467e-07,0,0,False,69.0|319,1260
8|1260|vc|7|2|319,0,-0.0179726,-0.10241,0,0,0,-2.1316e-08,1.90499e-07,0,0,False,69.0|319,1260
8|1260|vc|8|2|319,0,0.040982,0.0639515,0,0,0,6.6699e-08,1.71782e-08,0,0,False,69.0|319,1260
8|1042|cc|1|1|162,0,-0.0356609,0.0565969,0,0,0,1.22656e-07,1.02657e-07,0,0,False,69.0|162,1042
8|1042|cc|2|1|162,0,0.00480062,0.0876302,0,0,0,3.61409e-08,-1.23247e-07,0,0,False,69.0|162,1042
8|1042|cc|3|1|162,0,0.0191922,-0.00857775,0,0,0,-7.01233e-08,-7.16513e-08,0,0,False,69.0|162,1042
8|1042|cc|4|1|162,0,0.0428252,-0.130152,0,0,0,-7.6369e-09,2.74686e-07,0,0,False,69.0|162,1042
8|1042|cc|5|1|162,0,0.0131733,0.0169907,0,0,0,-8.03874e-08,1.13701e-07,0,0,False,69.0|162,1042
8|1042|cc|6|1|162,0,-0.0175743,-0.375683,0,0,0,-1.53313e-08,-2.72725e-07,0,0,False,69.0|162,1042
8|1042|cc|7|1|162,0,0.00818871,0.247945,0,0,0,-1.78088e-09,-3.68603e-07,0,0,False,69.0|162,1042
8|1042|cc|8|1|162,0,-0.0356744,0.052594,0,0,0,9.87589e-08,2.20768e-08,0,0,False,69.0|162,1042
8|1042|sample|3|162,0,0.238723,-1.82269,0,0,0,0.168535,-1.7159,0,0,True,22.0|162,1042
8|1042|sample|4|162,0,0.194983,-1.84563,0,0,0,0.173089,-1.78079,0,0,True,22.0|162,1042
8|1042|vc|1|2|162,0,0.0231833,0.15195,0,0,0,1.16468e-07,2.08036e-07,0,0,False,69.0|162,1042
8|1042|vc|2|2|162,0,0.00806779,-0.226588,0,0,0,5.47542e-08,8.85242e-08,0,0,False,69.0|162,1042
8|1042|vc|3|2|162,0,-0.0379229,-0.0633344,0,0,0,1.35469e-07,7.5451e-07,0,0,False,69.0|162,1042
8|1042|vc|4|2|162,0,0.0238475,0.164665,0,0,0,-8.77286e-08,5.10759e-08,0,0,False,69.0|162,1042
8|1042|vc|5|2|162,0,-0.0123406,0.325711,0,0,0,-1.03953e-07,-4.20662e-07,0,0,False,69.0|162,1042
8|1042|vc|6|2|162,0,0.0256626,-0.143874,0,0,0,-9.57091e-08,5.43707e-07,0,0,False,69.0|162,1042
8|1042|vc|7|2|162,0,-0.00786225,-0.0204381,0,0,0,-5.68087e-08,1.14931e-07,0,0,False,69.0|162,1042
8|1042|vc|8|2|162,0,-0.0156775,-0.0425612,0,0,0,-4.95577e-08,-3.96335e-07,0,0,False,69.0|162,1042
8|863|cc|1|1|274,0,-0.0283915,-0.136764,0,0,0,4.75299e-08,5.26438e-08,0,0,False,69.0|274,863
8|863|cc|2|1|274,0,-0.0228523,-0.0457095,0,0,0,1.928e-08,-4.52205e-09,0,0,False,69.0|274,863
8|863|cc|3|1|274,0,0.0076131,0.0402202,0,0,0,-6.23031e-08,-2.82283e-07,0,0,False,69.0|274,863
8|863|cc|4|1|274,0,-0.0456362,0.115819,0,0,0,1.45725e-07,1.76169e-07,0,0,False,69.0|274,863
8|863|cc|5|1|274,0,0.00399573,-0.0661873,0,0,0,-7.2109e-08,-8.49491e-08,0,0,False,69.0|274,863
8|863|cc|6|1|274,0,0.0210705,-0.0533329,0,0,0,-3.87335e-08,-2.95367e-07,0,0,False,69.0|274,863
8|863|cc|7|1|274,0,0.015934,0.310997,0,0,0,-9.44353e-08,2.33544e-07,0,0,False,69.0|274,863
8|863|cc|8|1|274,0,0.0119666,-0.159439,0,0,0,1.08574e-09,-2.44306e-07,0,0,False,69.0|274,863
8|863|sample|3|274,0,0.237397,-0.209142,0,0,0,0.206889,-0.131473,0,0,True,22.0|274,863
8|863|sample|4|274,0,0.171984,-0.306529,0,0,0,0.165676,-0.260585,0,0,True,22.0|274,863
8|863|vc|1|2|274,0,-0.0250376,0.00486737,0,0,0,-1.38085e-08,2.46023e-07,0,0,False,69.0|274,863
8|863|vc|2|2|274,0,-0.0135534,-0.117505,0,0,0,-4.62464e-08,-2.90199e-07,0,0,False,69.0|274,863
8|863|vc|3|2|274,0,0.00244509,-0.161154,0,0,0,7.54013e-08,1.04733e-07,0,0,False,69.0|274,863
8|863|vc|4|2|274,0,-0.0165007,0.1204,0,0,0,4.66773e-09,-2.61727e-07,0,0,False,69.0|274,863
8|863|vc|5|2|274,0,0.021022,0.0742026,0,0,0,1.61372e-08,-4.74636e-07,0,0,False,69.0|274,863
8|863|vc|6|2|274,0,0.0381142,0.316329,0,0,0,-1.26273e-08,3.47591e-07,0,0,False,69.0|274,863
8|863|vc|7|2|274,0,-0.0170138,-0.145621,0,0,0,-1.13759e-07,-3.43118e-07,0,0,False,69.0|274,863
8|863|vc|8|2|274,0,0.00324809,0.380722,0,0,0,-5.9742e-09,3.72679e-07,0,0,False,69.0|274,863
8|152|cc|1|1|322,0,0.0360543,-0.151789,0,0,0,-1.37496e-07,5.38124e-08,0,0,False,69.0|322,152
8|152|cc|2|1|322,0,0.00917001,-0.241372,0,0,0,-1.03015e-07,-9.47246e-08,0,0,False,69.0|322,152
8|152|cc|3|1|322,0,-0.00644924,0.167257,0,0,0,-4.29401e-08,-2.40461e-07,0,0,False,69.0|322,152
8|152|cc|4|1|322,0,-0.00813846,0.0658892,0,0,0,1.74983e-08,-4.02743e-07,0,0,False,69.0|322,152
8|152|cc|5|1|322,0,-0.00891869,0.0359292,0,0,0,3.82068e-08,1.52165e-07,0,0,False,69.0|322,152
8|152|cc|6|1|322,0,0.0237484,-0.257406,0,0,0,1.42459e-07,-3.20285e-07,0,0,False,69.0|322,152
8|152|cc|7|1|322,0,0.0121296,-0.369213,0,0,0,-8.90019e-08,1.67366e-07,0,0,False,69.0|322,152
8|152|cc|8|1|322,0,-0.0237943,0.00499537,0,0,0,5.53735e-08,-4.99906e-07,0,0,False,69.0|322,152
8|152|sample|3|322,0,-0.246583,-0.365286,0,0,0,-0.293804,-0.28977,0,0,True,22.0|322,152
8|152|sample|4|322,0,-0.265414,-0.492847,0,0,0,-0.274507,-0.463899,0,0,True,22.0|322,152
8|152|vc|1|2|322,0,-0.0069876,-0.100471,0,0,0,-9.98165e-08,1.96356e-07,0,0,False,69.0|322,152
8|152|vc|2|2|322,0,-0.00221344,0.00524472,0,0,0,-7.91356e-08,8.05699e-08,0,0,False,69.0|322,152
8|152|vc|3|2|322,0,-0.0671704,-0.00735687,0,0,0,-3.08087e-08,-2.51821e-07,0,0,False,69.0|322,152
8|152|vc|4|2|322,0,0.0334872,-0.0537593,0,0,0,-1.32857e-07,-1.17231e-07,0,0,False,69.0|322,152
8|152|vc|5|2|322,0,0.02312,-0.0248476,0,0,0,-6.02461e-08,-9.38119e-08,0,0,False,69.0|322,152
8|152|vc|6|2|322,0,-0.0312216,-0.0663622,0,0,0,1.08686e-07,3.09285e-08,0,0,False,69.0|322,152
8|152|vc|7|2|322,0,0.00740876,-0.135015,0,0,0,7.72708e-08,6.69511e-08,0,0,False,69.0|322,152
8|152|vc|8|2|322,0,0.0239815,-0.0225385,0,0,0,-6.56898e-08,-2.11845e-07,0,0,False,69.0|322,152
9|411|cc|1|1|274,0,-0.040254,0.281522,0,0,0,1.32831e-07,4.05372e-07,0,0,False,69.0|274,411
9|411|cc|2|1|274,0,0.0252076,0.0168964,0,0,0,-9.43956e-08,-2.92099e-07,0,0,False,69.0|274,411
9|411|cc|3|1|274,0,0.0986539,0.00785055,0,0,0,-3.5892e-08,9.16453e-08,0,0,False,69.0|274,411
9|411|cc|4|1|274,0,0.0392678,0.0275435,0,0,0,2.67839e-08,1.39438e-07,0,0,False,69.0|274,411
9|411|cc|5|1|274,0,-0.0339954,0.33815,0,0,0,4.84475e-10,3.12935e-07,0,0,False,69.0|274,411
9|411|cc|6|1|274,0,0.0131221,0.0367471,0,0,0,-4.00721e-08,6.85978e-07,0,0,False,69.0|274,411
9|411|cc|7|1|274,0,0.00215217,-0.00316889,0,0,0,7.79665e-08,1.35588e-07,0,0,False,69.0|274,411
9|411|cc|8|1|274,0,-0.00306427,0.138842,0,0,0,4.34088e-09,3.27787e-07,0,0,False,69.0|274,411
9|411|sample|10|274,0,0.0620316,-1.89124,0,0,0,-0.023685,-1.79374,0,0,True,70.0|274,411
9|411|sample|11|274,0,-0.0392944,-1.38389,0,0,0,-0.0503343,-1.34842,0,0,True,70.0|274,411
9|411|sample|12|274,0,0.0407548,-1.34495,0,0,0,-0.0347534,-1.25021,0,0,True,70.0|274,411
9|411|sample|3|274,0,0.0460001,-1.14589,0,0,0,0.0818295,-1.16231,0,0,True,70.0|274,411
9|411|sample|4|274,0,-0.00526107,-1.68666,0,0,0,0.0188044,-1.68547,0,0,True,70.0|274,411
9|411|sample|5|274,0,-0.00403108,-1.76131,0,0,0,-0.0395519,-1.73133,0,0,True,70.0|274,411
9|411|sample|6|274,0,0.0395177,-1.87202,0,0,0,-0.0555693,-1.73605,0,0,True,70.0|274,411
9|411|sample|7|274,0,-0.0497625,-1.32511,0,0,0,0.0370065,-1.37444,0,0,True,70.0|274,411
9|411|sample|8|274,0,0.0101201,-1.39959,0,0,0,-0.00182828,-1.40652,0,0,True,70.0|274,411
9|411|sample|9|274,0,0.0848457,-1.77346,0,0,0,0.0228405,-1.66444,0,0,True,70.0|274,411
9|411|vc|1|2|274,0,0.0616806,-0.12442,0,0,0,2.63071e-08,2.74895e-07,0,0,False,69.0|274,411
9|411|vc|2|2|274,0,-0.0193684,0.135098,0,0,0,6.65502e-08,1.54617e-07,0,0,False,69.0|274,411
9|411|vc|3|2|274,0,-0.0315695,-0.0437332,0,0,0,4.03521e-08,-1.21308e-07,0,0,False,69.0|274,411
9|411|vc|4|2|274,0,-0.058343,-0.189142,0,0,0,-7.4438e-08,-2.02739e-07,0,0,False,69.0|274,411
9|411|vc|5|2|274,0,-0.0114224,-0.1419,0,0,0,-2.36163e-08,2.97645e-07,0,0,False,69.0|274,411
9|411|vc|6|2|274,0,-0.000387637,-0.112622,0,0,0,-7.2638e-08,-4.6011e-08,0,0,False,69.0|274,411
9|411|vc|7|2|274,0,-0.0216118,0.170625,0,0,0,9.50481e-08,-5.44703e-07,0,0,False,69.0|274,411
9|411|vc|8|2|274,0,-0.0370694,0.0341111,0,0,0,5.75432e-08,-6.64938e-08,0,0,False,69.0|274,411
