rep,id,eta_U,eta_L,eta_m,eta_e,eta_s,eta_alpha,eta_k,goes_down,mab_virus,run_id
1,8|84|cc|1|1|162,0,0,0.193156,0,3.1277e-09,0,0,False,69.0|162,84
1,8|84|cc|2|1|162,0,0,0.22719,0,-1.00546e-07,0,0,False,69.0|162,84
1,8|84|cc|3|1|162,0,0,-0.790301,0,2.82207e-08,0,0,False,69.0|162,84
1,8|84|cc|4|1|162,0,0,-0.130301,0,-3.25002e-09,0,0,False,69.0|162,84
1,8|84|cc|5|1|162,0,0,0.148231,0,-1.3997e-07,0,0,False,69.0|162,84
1,8|84|cc|6|1|162,0,0,-0.0988321,0,2.41083e-08,0,0,False,69.0|162,84
1,8|84|cc|7|1|162,0,0,-0.267608,0,-1.07175e-08,0,0,False,69.0|162,84
1,8|84|cc|8|1|162,0,0,-0.0828363,0,3.90976e-08,0,0,False,69.0|162,84
1,8|84|sample|10|162,0,0,0.22532,0,2.8845e-08,0,0,True,32.0|162,84
1,8|84|sample|11|162,0,0,0.233541,0,3.05061e-08,0,0,True,22.0|162,84
1,8|84|sample|12|162,0,0,0.102519,0,-4.93556e-08,0,0,True,22.0|162,84
1,8|84|sample|3|162,0,0,1.00752,0,1.11639e-07,0,0,True,55.0|162,84
1,8|84|sample|4|162,0,0,0.82325,0,-9.55326e-08,0,0,True,55.0|162,84
1,8|84|sample|5|162,0,0,1.10745,0,-9.75735e-09,0,0,True,55.0|162,84
1,8|84|sample|6|162,0,0,1.00647,0,1.01977e-07,0,0,True,55.0|162,84
1,8|84|sample|7|162,0,0,0.259144,0,-1.50753e-08,0,0,True,32.0|162,84
1,8|84|sample|8|162,0,0,0.214905,0,3.63767e-08,0,0,True,32.0|162,84
1,8|84|sample|9|162,0,0,0.13378,0,-4.04577e-08,0,0,True,32.0|162,84
1,8|84|vc|1|2|162,0,0,-0.147128,0,4.14135e-08,0,0,False,69.0|162,84
1,8|84|vc|2|2|162,0,0,0.157242,0,6.71387e-09,0,0,False,69.0|162,84
1,8|84|vc|3|2|162,0,0,0.110981,0,4.22239e-08,0,0,False,69.0|162,84
1,8|84|vc|4|2|162,0,0,0.196701,0,-2.93795e-08,0,0,False,69.0|162,84
1,8|84|vc|5|2|162,0,0,0.182177,0,5.44206e-09,0,0,False,69.0|162,84
1,8|84|vc|6|2|162,0,0,0.474164,0,-3.22199e-08,0,0,False,69.0|162,84
1,8|84|vc|7|2|162,0,0,-0.20724,0,-2.87517e-08,0,0,False,69.0|162,84
1,8|84|vc|8|2|162,0,0,0.0757985,0,-2.84415e-08,0,0,False,69.0|162,84
1,8|719|cc|1|1|274,0,0,0.135797,0,3.55881e-08,0,0,False,69.0|274,719
1,8|719|cc|2|1|274,0,0,0.00585259,0,-6.04985e-08,0,0,False,69.0|274,719
1,8|719|cc|3|1|274,0,0,0.521533,0,-1.14163e-08,0,0,False,69.0|274,719
1,8|719|cc|4|1|274,0,0,-0.625432,0,2.20946e-08,0,0,False,69.0|274,719
1,8|719|cc|5|1|274,0,0,0.660301,0,3.3536e-08,0,0,False,69.0|274,719
1,8|719|cc|6|1|274,0,0,0.125924,0,-4.07316e-08,0,0,False,69.0|274,719
1,8|719|cc|7|1|274,0,0,-0.187412,0,3.04063e-08,0,0,False,69.0|274,719
1,8|719|cc|8|1|274,0,0,-0.184407,0,-5.80882e-09,0,0,False,69.0|274,719
1,8|719|sample|10|274,0,0,0.0272356,0,-6.89841e-08,0,0,True,32.0|274,719
1,8|719|sample|11|274,0,0,-0.197718,0,-4.03961e-08,0,0,True,22.0|274,719
1,8|719|sample|12|274,0,0,-0.176795,0,-3.66576e-08,0,0,True,22.0|274,719
1,8|719|sample|3|274,0,0,0.78386,0,-3.38795e-08,0,0,True,55.0|274,719
1,8|719|sample|4|274,0,0,0.679082,0,-4.48706e-08,0,0,True,55.0|274,719
1,8|719|sample|5|274,0,0,1.11341,0,-5.83852e-09,0,0,True,55.0|274,719
1,8|719|sample|6|274,0,0,1.07563,0,-6.23494e-09,0,0,True,55.0|274,719
1,8|719|sample|7|274,0,0,0.0137859,0,3.21843e-08,0,0,True,32.0|274,719
1,8|719|sample|8|274,0,0,0.0583853,0,1.17783e-08,0,0,True,32.0|274,719
1,8|719|sample|9|274,0,0,0.0595218,0,-3.60513e-08,0,0,True,32.0|274,719
1,8|719|vc|1|2|274,0,0,-0.108846,0,-2.09464e-08,0,0,False,69.0|274,719
1,8|719|vc|2|2|274,0,0,0.126898,0,-3.56727e-08,0,0,False,69.0|274,719
1,8|719|vc|3|2|274,0,0,-0.154871,0,1.00761e-08,0,0,False,69.0|274,719
1,8|719|vc|4|2|274,0,0,0.138216,0,-1.05195e-07,0,0,False,69.0|274,719
1,8|719|vc|5|2|274,0,0,0.230764,0,1.7614e-08,0,0,False,69.0|274,719
1,8|719|vc|6|2|274,0,0,-0.494982,0,2.56089e-08,0,0,False,69.0|274,719
1,8|719|vc|7|2|274,0,0,-0.629474,0,-5.50256e-08,0,0,False,69.0|274,719
1,8|719|vc|8|2|274,0,0,-0.253225,0,-1.91085e-08,0,0,False,69.0|274,719
1,8|488|cc|1|1|322,0,0,-0.116311,0,4.81833e-10,0,0,False,69.0|322,488
1,8|488|cc|2|1|322,0,0,0.893975,0,1.94947e-08,0,0,False,69.0|322,488
1,8|488|cc|3|1|322,0,0,-0.629168,0,-1.21303e-08,0,0,False,69.0|322,488
1,8|488|cc|4|1|322,0,0,-3.15208e-05,0,-1.01312e-08,0,0,False,69.0|322,488
1,8|488|cc|5|1|322,0,0,-0.519042,0,9.16496e-08,0,0,False,69.0|322,488
1,8|488|cc|6|1|322,0,0,0.449106,0,-4.28989e-08,0,0,False,69.0|322,488
1,8|488|cc|7|1|322,0,0,-0.0530773,0,3.72491e-08,0,0,False,69.0|322,488
1,8|488|cc|8|1|322,0,0,0.425352,0,-4.40188e-08,0,0,False,69.0|322,488
1,8|488|sample|10|322,0,0,-0.193586,0,-2.66705e-08,0,0,True,32.0|322,488
1,8|488|sample|11|322,0,0,-0.198895,0,1.43405e-08,0,0,True,22.0|322,488
1,8|488|sample|12|322,0,0,-0.222971,0,5.06324e-08,0,0,True,22.0|322,488
1,8|488|sample|3|322,0,0,0.317696,0,5.3356e-08,0,0,True,55.0|322,488
1,8|488|sample|4|322,0,0,-0.00496351,0,4.24112e-08,0,0,True,55.0|322,488
1,8|488|sample|5|322,0,0,0.382456,0,-3.4056e-08,0,0,True,55.0|322,488
1,8|488|sample|6|322,0,0,0.675913,0,5.92845e-08,0,0,True,55.0|322,488
1,8|488|sample|7|322,0,0,-0.101172,0,3.36005e-08,0,0,True,32.0|322,488
1,8|488|sample|8|322,0,0,-0.147665,0,7.71714e-08,0,0,True,32.0|322,488
1,8|488|sample|9|322,0,0,-0.216315,0,1.0033e-07,0,0,True,32.0|322,488
1,8|488|vc|1|2|322,0,0,-0.0105003,0,-1.93008e-08,0,0,False,69.0|322,488
1,8|488|vc|2|2|322,0,0,0.502967,0,-3.85309e-08,0,0,False,69.0|322,488
1,8|488|vc|3|2|322,0,0,0.0293024,0,-2.16684e-08,0,0,False,69.0|322,488
1,8|488|vc|4|2|322,0,0,-0.080636,0,-7.88116e-08,0,0,False,69.0|322,488
1,8|488|vc|5|2|322,0,0,-0.142921,0,5.23615e-08,0,0,False,69.0|322,488
1,8|488|vc|6|2|322,0,0,0.118894,0,-1.50179e-08,0,0,False,69.0|322,488
1,8|488|vc|7|2|322,0,0,0.431802,0,5.64681e-08,0,0,False,69.0|322,488
1,8|488|vc|8|2|322,0,0,0.561071,0,-4.22497e-08,0,0,False,69.0|322,488
1,8|847|cc|1|1|69,0,0,-0.159996,0,-6.03983e-08,0,0,False,69.0|69,847
1,8|847|cc|2|1|69,0,0,0.939668,0,-6.01869e-08,0,0,False,69.0|69,847
1,8|847|cc|3|1|69,0,0,-0.136326,0,8.8623e-08,0,0,False,69.0|69,847
1,8|847|cc|4|1|69,0,0,0.475658,0,-3.42399e-08,0,0,False,69.0|69,847
1,8|847|cc|5|1|69,0,0,0.257499,0,-1.25944e-07,0,0,False,69.0|69,847
1,8|847|cc|6|1|69,0,0,-0.360561,0,-7.52673e-09,0,0,False,69.0|69,847
1,8|847|cc|7|1|69,0,0,-0.454658,0,4.68619e-08,0,0,False,69.0|69,847
1,8|847|cc|8|1|69,0,0,-0.205659,0,4.86843e-08,0,0,False,69.0|69,847
1,8|847|sample|10|69,0,0,-0.328657,0,-1.667e-08,0,0,True,32.0|69,847
1,8|847|sample|11|69,0,0,0.0389832,0,7.57004e-08,0,0,True,22.0|69,847
1,8|847|sample|12|69,0,0,0.0152977,0,1.31608e-08,0,0,True,22.0|69,847
1,8|847|sample|3|69,0,0,0.30658,0,7.28885e-09,0,0,True,55.0|69,847
1,8|847|sample|4|69,0,0,0.0938406,0,-4.85085e-08,0,0,True,55.0|69,847
1,8|847|sample|5|69,0,0,0.178511,0,5.02233e-09,0,0,True,55.0|69,847
1,8|847|sample|6|69,0,0,-0.0367079,0,6.00039e-08,0,0,True,55.0|69,847
1,8|847|sample|7|69,0,0,-0.305749,0,3.26733e-08,0,0,True,32.0|69,847
1,8|847|sample|8|69,0,0,-0.309613,0,-1.49197e-08,0,0,True,32.0|69,847
1,8|847|sample|9|69,0,0,-0.295947,0,-8.07523e-08,0,0,True,32.0|69,847
1,8|847|vc|1|2|69,0,0,0.236889,0,-1.42625e-07,0,0,False,69.0|69,847
1,8|847|vc|2|2|69,0,0,0.59667,0,-2.9573e-08,0,0,False,69.0|69,847
1,8|847|vc|3|2|69,0,0,-0.445743,0,8.13346e-09,0,0,False,69.0|69,847
1,8|847|vc|4|2|69,0,0,0.289203,0,4.45231e-08,0,0,False,69.0|69,847
1,8|847|vc|5|2|69,0,0,0.100703,0,-5.18383e-08,0,0,False,69.0|69,847
1,8|847|vc|6|2|69,0,0,0.0887151,0,5.37417e-08,0,0,False,69.0|69,847
1,8|847|vc|7|2|69,0,0,0.352158,0,2.2366e-08,0,0,False,69.0|69,847
1,8|847|vc|8|2|69,0,0,0.11748,0,2.12854e-08,0,0,False,69.0|69,847
1,8|474|cc|1|1|276,0,0,-0.0800327,0,-5.89096e-08,0,0,False,69.0|276,474
1,8|474|cc|2|1|276,0,0,0.0987366,0,2.47464e-08,0,0,False,69.0|276,474
1,8|474|cc|3|1|276,0,0,-0.12573,0,-3.68369e-09,0,0,False,69.0|276,474
1,8|474|cc|4|1|276,0,0,0.177644,0,-2.76095e-08,0,0,False,69.0|276,474
1,8|474|cc|5|1|276,0,0,0.615673,0,-3.74628e-08,0,0,False,69.0|276,474
1,8|474|cc|6|1|276,0,0,-0.457945,0,1.33109e-07,0,0,False,69.0|276,474
1,8|474|cc|7|1|276,0,0,0.385242,0,3.02541e-08,0,0,False,69.0|276,474
1,8|474|cc|8|1|276,0,0,-0.136865,0,1.32211e-08,0,0,False,69.0|276,474
1,8|474|sample|10|276,0,0,-0.318528,0,1.21068e-08,0,0,True,32.0|276,474
1,8|474|sample|11|276,0,0,-0.0331028,0,-1.04979e-07,0,0,True,22.0|276,474
1,8|474|sample|12|276,0,0,-0.101169,0,4.75962e-08,0,0,True,22.0|276,474
1,8|474|sample|3|276,0,0,0.427603,0,-4.17755e-08,0,0,True,55.0|276,474
1,8|474|sample|4|276,0,0,0.399912,0,-3.97229e-08,0,0,True,55.0|276,474
1,8|474|sample|5|276,0,0,0.360882,0,8.60248e-08,0,0,True,55.0|276,474
1,8|474|sample|6|276,0,0,0.28875,0,1.03555e-08,0,0,True,55.0|276,474
1,8|474|sample|7|276,0,0,-0.37676,0,6.04824e-08,0,0,True,32.0|276,474
1,8|474|sample|8|276,0,0,-0.366456,0,8.6538e-08,0,0,True,32.0|276,474
1,8|474|sample|9|276,0,0,-0.36939,0,-2.39789e-08,0,0,True,32.0|276,474
1,8|474|vc|1|2|276,0,0,-0.418896,0,5.85662e-08,0,0,False,69.0|276,474
1,8|474|vc|2|2|276,0,0,0.187617,0,-7.21001e-08,0,0,False,69.0|276,474
1,8|474|vc|3|2|276,0,0,-0.381495,0,2.90696e-08,0,0,False,69.0|276,474
1,8|474|vc|4|2|276,0,0,-0.134821,0,8.33724e-08,0,0,False,69.0|276,474
1,8|474|vc|5|2|276,0,0,-0.568512,0,-9.14925e-08,0,0,False,69.0|276,474
1,8|474|vc|6|2|276,0,0,-0.111592,0,1.76585e-08,0,0,False,69.0|276,474
1,8|474|vc|7|2|276,0,0,0.0762075,0,-5.64276e-08,0,0,False,69.0|276,474
1,8|474|vc|8|2|276,0,0,-0.00450547,0,-1.28198e-07,0,0,False,69.0|276,474
1,8|462|cc|1|1|292,0,0,-0.350792,0,1.8378e-08,0,0,False,69.0|292,462
1,8|462|cc|2|1|292,0,0,0.304994,0,-1.98528e-08,0,0,False,69.0|292,462
1,8|462|cc|3|1|292,0,0,0.347972,0,4.40345e-08,0,0,False,69.0|292,462
1,8|462|cc|4|1|292,0,0,0.289784,0,-5.32948e-08,0,0,False,69.0|292,462
1,8|462|cc|5|1|292,0,0,-0.0283568,0,-4.60768e-08,0,0,False,69.0|292,462
1,8|462|cc|6|1|292,0,0,0.280718,0,-8.37327e-08,0,0,False,69.0|292,462
1,8|462|cc|7|1|292,0,0,0.294375,0,-2.81171e-08,0,0,False,69.0|292,462
1,8|462|cc|8|1|292,0,0,-0.078333,0,3.34328e-08,0,0,False,69.0|292,462
1,8|462|sample|10|292,0,0,-0.345077,0,9.9787e-08,0,0,True,32.0|292,462
1,8|462|sample|11|292,0,0,0.059527,0,7.44358e-08,0,0,True,22.0|292,462
1,8|462|sample|12|292,0,0,-0.112172,0,-2.25786e-08,0,0,True,22.0|292,462
1,8|462|sample|3|292,0,0,-0.470008,0,-1.57611e-07,0,0,True,55.0|292,462
1,8|462|sample|4|292,0,0,-0.429934,0,-2.64317e-08,0,0,True,55.0|292,462
1,8|462|sample|5|292,0,0,-0.319284,0,-7.51238e-08,0,0,True,55.0|292,462
1,8|462|sample|6|292,0,0,-0.272312,0,-1.28149e-07,0,0,True,55.0|292,462
1,8|462|sample|7|292,0,0,-0.323879,0,-6.00111e-08,0,0,True,32.0|292,462
1,8|462|sample|8|292,0,0,-0.349294,0,-4.49204e-08,0,0,True,32.0|292,462
1,8|462|sample|9|292,0,0,-0.33112,0,1.07647e-08,0,0,True,32.0|292,462
1,8|462|vc|1|2|292,0,0,0.71994,0,-1.45657e-07,0,0,False,69.0|292,462
1,8|462|vc|2|2|292,0,0,-0.281422,0,1.50142e-08,0,0,False,69.0|292,462
1,8|462|vc|3|2|292,0,0,-0.00429364,0,1.00212e-07,0,0,False,69.0|292,462
1,8|462|vc|4|2|292,0,0,-0.325298,0,4.43402e-08,0,0,False,69.0|292,462
1,8|462|vc|5|2|292,0,0,-0.472292,0,1.30965e-07,0,0,False,69.0|292,462
1,8|462|vc|6|2|292,0,0,-0.199485,0,5.14029e-08,0,0,False,69.0|292,462
1,8|462|vc|7|2|292,0,0,0.201501,0,4.63916e-08,0,0,False,69.0|292,462
1,8|462|vc|8|2|292,0,0,-0.0960718,0,-4.10024e-09,0,0,False,69.0|292,462
1,8|75|cc|1|1|65,0,0,-0.269619,0,4.8614e-08,0,0,False,69.0|65,75
1,8|75|cc|2|1|65,0,0,-0.0307965,0,-1.77063e-08,0,0,False,69.0|65,75
1,8|75|cc|3|1|65,0,0,-0.16028,0,-1.47598e-08,0,0,False,69.0|65,75
1,8|75|cc|4|1|65,0,0,0.3216,0,4.53151e-08,0,0,False,69.0|65,75
1,8|75|cc|5|1|65,0,0,-0.840569,0,-1.41035e-08,0,0,False,69.0|65,75
1,8|75|cc|6|1|65,0,0,0.00702036,0,-3.60595e-08,0,0,False,69.0|65,75
1,8|75|cc|7|1|65,0,0,-0.174337,0,6.06785e-08,0,0,False,69.0|65,75
1,8|75|cc|8|1|65,0,0,0.333558,0,-7.04402e-08,0,0,False,69.0|65,75
1,8|75|sample|10|65,0,0,0.70178,0,-7.9952e-08,0,0,True,32.0|65,75
1,8|75|sample|11|65,0,0,-0.338333,0,2.22956e-08,0,0,True,22.0|65,75
1,8|75|sample|12|65,0,0,-0.362358,0,-4.12748e-08,0,0,True,22.0|65,75
1,8|75|sample|3|65,0,0,-0.319143,0,-2.79675e-08,0,0,True,55.0|65,75
1,8|75|sample|4|65,0,0,-0.350115,0,2.03255e-08,0,0,True,55.0|65,75
1,8|75|sample|5|65,0,0,-0.354195,0,-6.7392e-08,0,0,True,55.0|65,75
1,8|75|sample|6|65,0,0,-0.300693,0,1.06017e-08,0,0,True,55.0|65,75
1,8|75|sample|7|65,0,0,0.676008,0,-5.92484e-08,0,0,True,32.0|65,75
1,8|75|sample|8|65,0,0,0.743866,0,1.08807e-08,0,0,True,32.0|65,75
1,8|75|sample|9|65,0,0,0.90304,0,-8.48953e-08,0,0,True,32.0|65,75
1,8|75|vc|1|2|65,0,0,-0.208722,0,-1.43575e-08,0,0,False,69.0|65,75
1,8|75|vc|2|2|65,0,0,0.804733,0,3.49722e-08,0,0,False,69.0|65,75
1,8|75|vc|3|2|65,0,0,-0.0672174,0,6.42816e-08,0,0,False,69.0|65,75
1,8|75|vc|4|2|65,0,0,-0.000160065,0,3.46299e-08,0,0,False,69.0|65,75
1,8|75|vc|5|2|65,0,0,0.505975,0,2.78552e-09,0,0,False,69.0|65,75
1,8|75|vc|6|2|65,0,0,0.31873,0,-5.68483e-08,0,0,False,69.0|65,75
1,8|75|vc|7|2|65,0,0,0.35694,0,-2.77458e-08,0,0,False,69.0|65,75
1,8|75|vc|8|2|65,0,0,0.210404,0,-2.68489e-08,0,0,False,69.0|65,75
1,8|291|cc|1|1|103,0,0,0.0839982,0,-4.43005e-08,0,0,False,69.0|103,291
1,8|291|cc|2|1|103,0,0,-0.19711,0,2.92224e-08,0,0,False,69.0|103,291
1,8|291|cc|3|1|103,0,0,-1.28296,0,-5.87661e-08,0,0,False,69.0|103,291
1,8|291|cc|4|1|103,0,0,0.645798,0,5.29011e-08,0,0,False,69.0|103,291
1,8|291|cc|5|1|103,0,0,-0.00116834,0,-4.21259e-08,0,0,False,69.0|103,291
1,8|291|cc|6|1|103,0,0,-0.194303,0,-2.52611e-08,0,0,False,69.0|103,291
1,8|291|cc|7|1|103,0,0,0.0917085,0,-2.42058e-08,0,0,False,69.0|103,291
1,8|291|cc|8|1|103,0,0,0.308916,0,5.30127e-08,0,0,False,69.0|103,291
1,8|291|sample|10|103,0,0,-0.403126,0,1.68118e-08,0,0,True,32.0|103,291
1,8|291|sample|11|103,0,0,-0.409571,0,-2.90017e-08,0,0,True,22.0|103,291
1,8|291|sample|12|103,0,0,-0.425684,0,6.50584e-08,0,0,True,22.0|103,291
1,8|291|sample|3|103,0,0,0.547595,0,1.17285e-07,0,0,True,55.0|103,291
1,8|291|sample|4|103,0,0,0.344094,0,2.27392e-08,0,0,True,55.0|103,291
1,8|291|sample|5|103,0,0,0.300039,0,-1.52256e-09,0,0,True,55.0|103,291
1,8|291|sample|6|103,0,0,0.342837,0,5.06943e-08,0,0,True,55.0|103,291
1,8|291|sample|7|103,0,0,-0.409309,0,-1.37187e-08,0,0,True,32.0|103,291
1,8|291|sample|8|103,0,0,-0.373017,0,1.84732e-08,0,0,True,32.0|103,291
1,8|291|sample|9|103,0,0,-0.439846,0,-2.43338e-08,0,0,True,32.0|103,291
1,8|291|vc|1|2|103,0,0,0.211701,0,5.45459e-08,0,0,False,69.0|103,291
1,8|291|vc|2|2|103,0,0,-0.595539,0,-6.8053e-08,0,0,False,69.0|103,291
1,8|291|vc|3|2|103,0,0,-0.431207,0,3.66661e-08,0,0,False,69.0|103,291
1,8|291|vc|4|2|103,0,0,-0.573142,0,4.30444e-08,0,0,False,69.0|103,291
1,8|291|vc|5|2|103,0,0,0.622167,0,-1.19188e-08,0,0,False,69.0|103,291
1,8|291|vc|6|2|103,0,0,-0.220036,0,-3.74009e-08,0,0,False,69.0|103,291
1,8|291|vc|7|2|103,0,0,0.0516313,0,5.24114e-08,0,0,False,69.0|103,291
1,8|291|vc|8|2|103,0,0,0.642345,0,-2.56768e-08,0,0,False,69.0|103,291
1,8|77|cc|1|1|218,0,0,0.246126,0,-3.67061e-08,0,0,False,69.0|218,77
1,8|77|cc|2|1|218,0,0,-0.2687,0,4.00107e-08,0,0,False,69.0|218,77
1,8|77|cc|3|1|218,0,0,0.305426,0,1.46645e-08,0,0,False,69.0|218,77
1,8|77|cc|4|1|218,0,0,0.607264,0,1.17699e-08,0,0,False,69.0|218,77
1,8|77|cc|5|1|218,0,0,-0.180062,0,-5.27901e-08,0,0,False,69.0|218,77
1,8|77|cc|6|1|218,0,0,-0.232181,0,-5.33753e-08,0,0,False,69.0|218,77
1,8|77|cc|7|1|218,0,0,-0.393202,0,3.19546e-08,0,0,False,69.0|218,77
1,8|77|cc|8|1|218,0,0,-0.358955,0,-1.4776e-08,0,0,False,69.0|218,77
1,8|77|sample|10|218,0,0,-0.338858,0,3.03305e-08,0,0,True,32.0|218,77
1,8|77|sample|11|218,0,0,-0.354931,0,-2.94403e-08,0,0,True,22.0|218,77
1,8|77|sample|12|218,0,0,-0.325055,0,2.70413e-08,0,0,True,22.0|218,77
1,8|77|sample|3|218,0,0,-0.447256,0,-6.51052e-08,0,0,True,55.0|218,77
1,8|77|sample|4|218,0,0,-0.468077,0,3.66973e-08,0,0,True,55.0|218,77
1,8|77|sample|5|218,0,0,-0.486251,0,2.14664e-08,0,0,True,55.0|218,77
1,8|77|sample|6|218,0,0,-0.46763,0,7.51683e-08,0,0,True,55.0|218,77
1,8|77|sample|7|218,0,0,-0.300701,0,-2.1515e-08,0,0,True,32.0|218,77
1,8|77|sample|8|218,0,0,-0.257608,0,-3.8073e-08,0,0,True,32.0|218,77
1,8|77|sample|9|218,0,0,-0.358251,0,2.67539e-08,0,0,True,32.0|218,77
1,8|77|vc|1|2|218,0,0,0.183569,0,-5.47751e-08,0,0,False,69.0|218,77
1,8|77|vc|2|2|218,0,0,-0.0842217,0,4.01253e-08,0,0,False,69.0|218,77
1,8|77|vc|3|2|218,0,0,-0.0411409,0,-2.76676e-08,0,0,False,69.0|218,77
1,8|77|vc|4|2|218,0,0,-0.303468,0,-6.69313e-09,0,0,False,69.0|218,77
1,8|77|vc|5|2|218,0,0,-0.459157,0,1.04861e-07,0,0,False,69.0|218,77
1,8|77|vc|6|2|218,0,0,0.287737,0,-3.50239e-08,0,0,False,69.0|218,77
1,8|77|vc|7|2|218,0,0,-0.319608,0,-1.2577e-08,0,0,False,69.0|218,77
1,8|77|vc|8|2|218,0,0,0.0784577,0,2.44362e-08,0,0,False,69.0|218,77
1,8|322|cc|1|1|174,0,0,-0.338058,0,5.70811e-08,0,0,False,69.0|174,322
1,8|322|cc|2|1|174,0,0,-0.133006,0,-7.03841e-08,0,0,False,69.0|174,322
1,8|322|cc|3|1|174,0,0,0.181969,0,-2.80121e-10,0,0,False,69.0|174,322
1,8|322|cc|4|1|174,0,0,0.674408,0,7.05682e-08,0,0,False,69.0|174,322
1,8|322|cc|5|1|174,0,0,0.37561,0,-2.77027e-08,0,0,False,69.0|174,322
1,8|322|cc|6|1|174,0,0,-0.503874,0,-2.15733e-08,0,0,False,69.0|174,322
1,8|322|cc|7|1|174,0,0,-0.321342,0,-4.52182e-08,0,0,False,69.0|174,322
1,8|322|cc|8|1|174,0,0,0.0193505,0,-1.07074e-08,0,0,False,69.0|174,322
1,8|322|sample|10|174,0,0,-0.393284,0,-1.71947e-09,0,0,True,32.0|174,322
1,8|322|sample|11|174,0,0,-0.403112,0,5.13266e-08,0,0,True,22.0|174,322
1,8|322|sample|12|174,0,0,-0.470503,0,-6.42397e-08,0,0,True,22.0|174,322
1,8|322|sample|3|174,0,0,-0.434655,0,-1.33857e-08,0,0,True,55.0|174,322
1,8|322|sample|4|174,0,0,-0.420728,0,5.81129e-09,0,0,True,55.0|174,322
1,8|322|sample|5|174,0,0,-0.432599,0,2.71198e-08,0,0,True,55.0|174,322
1,8|322|sample|6|174,0,0,-0.410417,0,-3.61106e-08,0,0,True,55.0|174,322
1,8|322|sample|7|174,0,0,-0.380854,0,-2.41346e-08,0,0,True,32.0|174,322
1,8|322|sample|8|174,0,0,-0.387805,0,-1.22796e-08,0,0,True,32.0|174,322
1,8|322|sample|9|174,0,0,-0.371272,0,2.25681e-08,0,0,True,32.0|174,322
1,8|322|vc|1|2|174,0,0,0.129842,0,5.67042e-08,0,0,False,69.0|174,322
1,8|322|vc|2|2|174,0,0,0.206457,0,4.17027e-08,0,0,False,69.0|174,322
1,8|322|vc|3|2|174,0,0,0.0548988,0,4.51943e-09,0,0,False,69.0|174,322
1,8|322|vc|4|2|174,0,0,-0.0789519,0,-3.0972e-08,0,0,False,69.0|174,322
1,8|322|vc|5|2|174,0,0,0.556515,0,-1.57656e-09,0,0,False,69.0|174,322
1,8|322|vc|6|2|174,0,0,0.00755081,0,-6.5438e-10,0,0,False,69.0|174,322
1,8|322|vc|7|2|174,0,0,0.00568797,0,-4.37048e-08,0,0,False,69.0|174,322
1,8|322|vc|8|2|174,0,0,0.122747,0,-7.51947e-08,0,0,False,69.0|174,322
1,8|963|cc|1|1|319,0,0,0.236553,0,4.06496e-08,0,0,False,69.0|319,963
1,8|963|cc|2|1|319,0,0,-0.387446,0,-5.43933e-08,0,0,False,69.0|319,963
1,8|963|cc|3|1|319,0,0,-0.397294,0,2.52921e-09,0,0,False,69.0|319,963
1,8|963|cc|4|1|319,0,0,-0.478128,0,-1.67148e-08,0,0,False,69.0|319,963
1,8|963|cc|5|1|319,0,0,-0.00280317,0,7.6124e-08,0,0,False,69.0|319,963
1,8|963|cc|6|1|319,0,0,0.731497,0,4.15197e-08,0,0,False,69.0|319,963
1,8|963|cc|7|1|319,0,0,-0.0193498,0,8.07637e-09,0,0,False,69.0|319,963
1,8|963|cc|8|1|319,0,0,-0.108391,0,4.36548e-08,0,0,False,69.0|319,963
1,8|963|sample|10|319,0,0,-0.3918,0,-5.16996e-08,0,0,True,32.0|319,963
1,8|963|sample|11|319,0,0,-0.146145,0,-7.98078e-08,0,0,True,22.0|319,963
1,8|963|sample|12|319,0,0,-0.27305,0,6.82358e-08,0,0,True,22.0|319,963
1,8|963|sample|3|319,0,0,-0.428239,0,1.27775e-08,0,0,True,55.0|319,963
1,8|963|sample|4|319,0,0,-0.468043,0,-4.75979e-08,0,0,True,55.0|319,963
1,8|963|sample|5|319,0,0,-0.518391,0,3.56169e-08,0,0,True,55.0|319,963
1,8|963|sample|6|319,0,0,-0.533669,0,9.37411e-08,0,0,True,55.0|319,963
1,8|963|sample|7|319,0,0,-0.380225,0,-4.40872e-08,0,0,True,32.0|319,963
1,8|963|sample|8|319,0,0,-0.352447,0,-3.7082e-08,0,0,True,32.0|319,963
1,8|963|sample|9|319,0,0,-0.375515,0,7.15868e-08,0,0,True,32.0|319,963
1,8|963|vc|1|2|319,0,0,0.19537,0,4.20108e-09,0,0,False,69.0|319,963
1,8|963|vc|2|2|319,0,0,-0.132059,0,-3.34135e-08,0,0,False,69.0|319,963
1,8|963|vc|3|2|319,0,0,0.175673,0,4.33531e-08,0,0,False,69.0|319,963
1,8|963|vc|4|2|319,0,0,-0.364463,0,9.38105e-08,0,0,False,69.0|319,963
1,8|963|vc|5|2|319,0,0,0.0101949,0,2.18905e-08,0,0,False,69.0|319,963
1,8|963|vc|6|2|319,0,0,0.161265,0,-4.69315e-08,0,0,False,69.0|319,963
1,8|963|vc|7|2|319,0,0,0.331188,0,-6.59857e-08,0,0,False,69.0|319,963
1,8|963|vc|8|2|319,0,0,0.410572,0,7.9884e-08,0,0,False,69.0|319,963
1,8|1241|cc|1|1|69,0,0,-0.00928872,0,-4.55498e-08,0,0,False,69.0|69,1241
1,8|1241|cc|2|1|69,0,0,0.203103,0,-6.588e-08,0,0,False,69.0|69,1241
1,8|1241|cc|3|1|69,0,0,0.292843,0,-1.23253e-08,0,0,False,69.0|69,1241
1,8|1241|cc|4|1|69,0,0,-0.315817,0,9.93148e-08,0,0,False,69.0|69,1241
1,8|1241|cc|5|1|69,0,0,0.40801,0,7.32136e-08,0,0,False,69.0|69,1241
1,8|1241|cc|6|1|69,0,0,-0.049363,0,-7.6915e-09,0,0,False,69.0|69,1241
1,8|1241|cc|7|1|69,0,0,-1.00351,0,-3.61907e-08,0,0,False,69.0|69,1241
1,8|1241|cc|8|1|69,0,0,0.139147,0,-3.07974e-09,0,0,False,69.0|69,1241
1,8|1241|sample|3|69,0,0,0.327213,0,3.68536e-08,0,0,True,22.0|69,1241
1,8|1241|sample|4|69,0,0,0.211852,0,-4.34459e-08,0,0,True,22.0|69,1241
1,8|1241|sample|8|69,0,0,-0.205861,0,-2.44437e-08,0,0,True,22.0|69,1241
1,8|1241|vc|1|2|69,0,0,0.0879572,0,3.6383e-08,0,0,False,69.0|69,1241
1,8|1241|vc|2|2|69,0,0,0.000464125,0,-6.57262e-08,0,0,False,69.0|69,1241
1,8|1241|vc|3|2|69,0,0,0.466904,0,-3.7337e-08,0,0,False,69.0|69,1241
1,8|1241|vc|4|2|69,0,0,1.18404,0,-4.6583e-09,0,0,False,69.0|69,1241
1,8|1241|vc|5|2|69,0,0,0.0804763,0,1.68792e-08,0,0,False,69.0|69,1241
1,8|1241|vc|6|2|69,0,0,0.204119,0,3.22931e-08,0,0,False,69.0|69,1241
1,8|1241|vc|7|2|69,0,0,-0.141772,0,-1.55162e-08,0,0,False,69.0|69,1241
1,8|1241|vc|8|2|69,0,0,-0.215443,0,-4.99249e-08,0,0,False,69.0|69,1241
1,8|1056|cc|1|1|276,0,0,-0.476494,0,5.04872e-08,0,0,False,69.0|276,1056
1,8|1056|cc|2|1|276,0,0,-0.0126817,0,6.88034e-08,0,0,False,69.0|276,1056
1,8|1056|cc|3|1|276,0,0,-0.176952,0,-7.15121e-08,0,0,False,69.0|276,1056
1,8|1056|cc|4|1|276,0,0,-0.0513633,0,8.26605e-08,0,0,False,69.0|276,1056
1,8|1056|cc|5|1|276,0,0,-0.0337321,0,-1.5494e-07,0,0,False,69.0|276,1056
1,8|1056|cc|6|1|276,0,0,0.692714,0,-9.41031e-09,0,0,False,69.0|276,1056
1,8|1056|cc|7|1|276,0,0,-0.0971002,0,-7.86349e-08,0,0,False,69.0|276,1056
1,8|1056|cc|8|1|276,0,0,0.216886,0,2.21653e-08,0,0,False,69.0|276,1056
1,8|1056|sample|3|276,0,0,-0.0871138,0,3.44234e-08,0,0,True,22.0|276,1056
1,8|1056|sample|4|276,0,0,0.0214386,0,-7.27662e-08,0,0,True,22.0|276,1056
1,8|1056|vc|1|2|276,0,0,0.148586,0,3.30735e-09,0,0,False,69.0|276,1056
1,8|1056|vc|2|2|276,0,0,0.544421,0,6.37338e-09,0,0,False,69.0|276,1056
1,8|1056|vc|3|2|276,0,0,-0.383527,0,-1.07835e-08,0,0,False,69.0|276,1056
1,8|1056|vc|4|2|276,0,0,-0.197779,0,2.35451e-08,0,0,False,69.0|276,1056
1,8|1056|vc|5|2|276,0,0,-0.0748166,0,3.84129e-08,0,0,False,69.0|276,1056
1,8|1056|vc|6|2|276,0,0,0.0273488,0,1.22665e-09,0,0,False,69.0|276,1056
1,8|1056|vc|7|2|276,0,0,0.482205,0,-3.12126e-08,0,0,False,69.0|276,1056
1,8|1056|vc|8|2|276,0,0,-0.177647,0,6.54493e-08,0,0,False,69.0|276,1056
1,8|1159|cc|1|1|292,0,0,-0.423019,0,5.59132e-08,0,0,False,69.0|292,1159
1,8|1159|cc|2|1|292,0,0,0.152969,0,3.40157e-08,0,0,False,69.0|292,1159
1,8|1159|cc|3|1|292,0,0,0.200792,0,8.03022e-08,0,0,False,69.0|292,1159
1,8|1159|cc|4|1|292,0,0,0.234023,0,-4.83787e-08,0,0,False,69.0|292,1159
1,8|1159|cc|5|1|292,0,0,-0.0320143,0,-1.04452e-07,0,0,False,69.0|292,1159
1,8|1159|cc|6|1|292,0,0,-0.166038,0,-2.43902e-08,0,0,False,69.0|292,1159
1,8|1159|cc|7|1|292,0,0,-0.457623,0,5.55191e-08,0,0,False,69.0|292,1159
1,8|1159|cc|8|1|292,0,0,-0.331677,0,3.22759e-08,0,0,False,69.0|292,1159
1,8|1159|sample|3|292,0,0,0.196089,0,4.04369e-08,0,0,True,22.0|292,1159
1,8|1159|sample|4|292,0,0,0.384471,0,-6.6615e-08,0,0,True,22.0|292,1159
1,8|1159|vc|1|2|292,0,0,-0.485963,0,-3.04382e-08,0,0,False,69.0|292,1159
1,8|1159|vc|2|2|292,0,0,0.00455193,0,-3.52839e-08,0,0,False,69.0|292,1159
1,8|1159|vc|3|2|292,0,0,-0.222468,0,3.08613e-08,0,0,False,69.0|292,1159
1,8|1159|vc|4|2|292,0,0,0.297612,0,-2.42973e-08,0,0,False,69.0|292,1159
1,8|1159|vc|5|2|292,0,0,0.524813,0,-6.37906e-08,0,0,False,69.0|292,1159
1,8|1159|vc|6|2|292,0,0,-0.0948794,0,-1.47181e-09,0,0,False,69.0|292,1159
1,8|1159|vc|7|2|292,0,0,-0.475447,0,3.6727e-08,0,0,False,69.0|292,1159
1,8|1159|vc|8|2|292,0,0,-0.0092233,0,-1.06864e-07,0,0,False,69.0|292,1159
1,8|1017|cc|1|1|65,0,0,-0.362905,0,-6.68306e-08,0,0,False,69.0|65,1017
1,8|1017|cc|2|1|65,0,0,0.486697,0,3.84603e-08,0,0,False,69.0|65,1017
1,8|1017|cc|3|1|65,0,0,0.206992,0,-6.48926e-08,0,0,False,69.0|65,1017
1,8|1017|cc|4|1|65,0,0,-0.599301,0,2.85527e-08,0,0,False,69.0|65,1017
1,8|1017|cc|5|1|65,0,0,-0.272755,0,-1.008e-08,0,0,False,69.0|65,1017
1,8|1017|cc|6|1|65,0,0,0.0578132,0,1.52324e-10,0,0,False,69.0|65,1017
1,8|1017|cc|7|1|65,0,0,-0.115176,0,-1.58116e-08,0,0,False,69.0|65,1017
1,8|1017|cc|8|1|65,0,0,-0.880719,0,7.1953e-09,0,0,False,69.0|65,1017
1,8|1017|sample|3|65,0,0,-0.247955,0,-3.80589e-08,0,0,True,22.0|65,1017
1,8|1017|sample|4|65,0,0,-0.22981,0,2.49414e-08,0,0,True,22.0|65,1017
1,8|1017|sample|8|65,0,0,0.0355676,0,-4.03299e-08,0,0,True,22.0|65,1017
1,8|1017|vc|1|2|65,0,0,0.0911242,0,-2.44847e-08,0,0,False,69.0|65,1017
1,8|1017|vc|2|2|65,0,0,-0.335642,0,-4.69268e-08,0,0,False,69.0|65,1017
1,8|1017|vc|3|2|65,0,0,-0.118396,0,6.37933e-08,0,0,False,69.0|65,1017
1,8|1017|vc|4|2|65,0,0,0.193543,0,-3.46201e-08,0,0,False,69.0|65,1017
1,8|1017|vc|5|2|65,0,0,0.0288845,0,-1.65444e-09,0,0,False,69.0|65,1017
1,8|1017|vc|6|2|65,0,0,0.614475,0,-2.03193e-09,0,0,False,69.0|65,1017
1,8|1017|vc|7|2|65,0,0,-0.325014,0,-2.36788e-08,0,0,False,69.0|65,1017
1,8|1017|vc|8|2|65,0,0,-0.36351,0,-6.94599e-09,0,0,False,69.0|65,1017
1,8|1197|cc|1|1|103,0,0,-0.29917,0,-3.41431e-09,0,0,False,69.0|103,1197
1,8|1197|cc|2|1|103,0,0,0.108635,0,-8.66087e-08,0,0,False,69.0|103,1197
1,8|1197|cc|3|1|103,0,0,0.379951,0,9.61105e-09,0,0,False,69.0|103,1197
1,8|1197|cc|4|1|103,0,0,0.728663,0,-8.16803e-08,0,0,False,69.0|103,1197
1,8|1197|cc|5|1|103,0,0,-0.149867,0,1.31212e-07,0,0,False,69.0|103,1197
1,8|1197|cc|6|1|103,0,0,-0.411214,0,3.06941e-08,0,0,False,69.0|103,1197
1,8|1197|cc|7|1|103,0,0,0.242201,0,3.4505e-08,0,0,False,69.0|103,1197
1,8|1197|cc|8|1|103,0,0,-0.353478,0,4.77477e-08,0,0,False,69.0|103,1197
1,8|1197|sample|3|103,0,0,-0.289625,0,2.09734e-08,0,0,True,22.0|103,1197
1,8|1197|sample|4|103,0,0,-0.2825,0,-5.13553e-08,0,0,True,22.0|103,1197
1,8|1197|vc|1|2|103,0,0,0.0584651,0,-1.38072e-08,0,0,False,69.0|103,1197
1,8|1197|vc|2|2|103,0,0,0.070755,0,-1.55494e-08,0,0,False,69.0|103,1197
1,8|1197|vc|3|2|103,0,0,-0.384833,0,2.41705e-08,0,0,False,69.0|103,1197
1,8|1197|vc|4|2|103,0,0,0.136536,0,4.72614e-08,0,0,False,69.0|103,1197
1,8|1197|vc|5|2|103,0,0,0.0632673,0,7.41781e-09,0,0,False,69.0|103,1197
1,8|1197|vc|6|2|103,0,0,0.275838,0,2.04003e-08,0,0,False,69.0|103,1197
1,8|1197|vc|7|2|103,0,0,0.188052,0,-1.83989e-08,0,0,False,69.0|103,1197
1,8|1197|vc|8|2|103,0,0,0.00892625,0,5.05025e-08,0,0,False,69.0|103,1197
1,8|745|cc|1|1|218,0,0,0.197509,0,8.89608e-08,0,0,False,69.0|218,745
1,8|745|cc|2|1|218,0,0,-0.520209,0,9.63654e-08,0,0,False,69.0|218,745
1,8|745|cc|3|1|218,0,0,-0.3075,0,-5.93878e-08,0,0,False,69.0|218,745
1,8|745|cc|4|1|218,0,0,-0.193493,0,-2.81634e-08,0,0,False,69.0|218,745
1,8|745|cc|5|1|218,0,0,-0.221699,0,3.36185e-09,0,0,False,69.0|218,745
1,8|745|cc|6|1|218,0,0,-0.510695,0,8.85325e-08,0,0,False,69.0|218,745
1,8|745|cc|7|1|218,0,0,-0.191732,0,-1.53757e-09,0,0,False,69.0|218,745
1,8|745|cc|8|1|218,0,0,-0.0957512,0,7.74519e-08,0,0,False,69.0|218,745
1,8|745|sample|3|218,0,0,-0.259366,0,5.43935e-08,0,0,True,22.0|218,745
1,8|745|sample|4|218,0,0,-0.314594,0,-2.60226e-08,0,0,True,22.0|218,745
1,8|745|sample|5|218,0,0,0.574715,0,-4.54793e-09,0,0,True,22.0|218,745
1,8|745|vc|1|2|218,0,0,-0.45658,0,6.22703e-08,0,0,False,69.0|218,745
1,8|745|vc|2|2|218,0,0,-0.25929,0,1.9289e-08,0,0,False,69.0|218,745
1,8|745|vc|3|2|218,0,0,-0.522446,0,2.37119e-08,0,0,False,69.0|218,745
1,8|745|vc|4|2|218,0,0,-0.158107,0,-1.69775e-09,0,0,False,69.0|218,745
1,8|745|vc|5|2|218,0,0,-0.271114,0,1.51537e-08,0,0,False,69.0|218,745
1,8|745|vc|6|2|218,0,0,-0.0201727,0,-6.60806e-08,0,0,False,69.0|218,745
1,8|745|vc|7|2|218,0,0,0.592763,0,-1.39376e-08,0,0,False,69.0|218,745
1,8|745|vc|8|2|218,0,0,0.155398,0,3.69141e-08,0,0,False,69.0|218,745
1,8|1043|cc|1|1|174,0,0,-0.164329,0,-1.02035e-07,0,0,False,69.0|174,1043
1,8|1043|cc|2|1|174,0,0,0.241563,0,-1.51813e-08,0,0,False,69.0|174,1043
1,8|1043|cc|3|1|174,0,0,0.437863,0,-6.40026e-08,0,0,False,69.0|174,1043
1,8|1043|cc|4|1|174,0,0,-0.104545,0,1.63266e-07,0,0,False,69.0|174,1043
1,8|1043|cc|5|1|174,0,0,-0.435593,0,8.09518e-08,0,0,False,69.0|174,1043
1,8|1043|cc|6|1|174,0,0,-0.0638422,0,-3.72236e-08,0,0,False,69.0|174,1043
1,8|1043|cc|7|1|174,0,0,0.152889,0,1.10512e-07,0,0,False,69.0|174,1043
1,8|1043|cc|8|1|174,0,0,0.153887,0,-2.58245e-08,0,0,False,69.0|174,1043
1,8|1043|sample|3|174,0,0,-0.374589,0,-7.60054e-08,0,0,True,22.0|174,1043
1,8|1043|sample|4|174,0,0,-0.394246,0,4.16799e-08,0,0,True,22.0|174,1043
1,8|1043|vc|1|2|174,0,0,-0.601908,0,9.63686e-08,0,0,False,69.0|174,1043
1,8|1043|vc|2|2|174,0,0,-0.0685616,0,3.66526e-08,0,0,False,69.0|174,1043
1,8|1043|vc|3|2|174,0,0,0.347413,0,-8.63205e-08,0,0,False,69.0|174,1043
1,8|1043|vc|4|2|174,0,0,0.509066,0,-1.71919e-09,0,0,False,69.0|174,1043
1,8|1043|vc|5|2|174,0,0,-0.319847,0,1.6384e-08,0,0,False,69.0|174,1043
1,8|1043|vc|6|2|174,0,0,-0.293667,0,-2.81233e-08,0,0,False,69.0|174,1043
1,8|1043|vc|7|2|174,0,0,-0.521976,0,-6.26053e-09,0,0,False,69.0|174,1043
1,8|1043|vc|8|2|174,0,0,-0.457797,0,-4.80777e-08,0,0,False,69.0|174,1043
1,8|1260|cc|1|1|319,0,0,0.0298778,0,6.16414e-08,0,0,False,69.0|319,1260
1,8|1260|cc|2|1|319,0,0,0.26247,0,7.11795e-08,0,0,False,69.0|319,1260
1,8|1260|cc|3|1|319,0,0,-0.220738,0,9.8679e-08,0,0,False,69.0|319,1260
1,8|1260|cc|4|1|319,0,0,-0.219759,0,-2.60435e-09,0,0,False,69.0|319,1260
1,8|1260|cc|5|1|319,0,0,0.265118,0,-3.13652e-08,0,0,False,69.0|319,1260
1,8|1260|cc|6|1|319,0,0,-0.257432,0,-8.96186e-08,0,0,False,69.0|319,1260
1,8|1260|cc|7|1|319,0,0,0.0382282,0,-1.44858e-08,0,0,False,69.0|319,1260
1,8|1260|cc|8|1|319,0,0,-0.533424,0,-1.95242e-08,0,0,False,69.0|319,1260
1,8|1260|sample|3|319,0,0,-0.149584,0,4.26702e-09,0,0,True,22.0|319,1260
1,8|1260|sample|4|319,0,0,-0.143689,0,-2.7462e-08,0,0,True,22.0|319,1260
1,8|1260|vc|1|2|319,0,0,-0.187091,0,6.0205e-08,0,0,False,69.0|319,1260
1,8|1260|vc|2|2|319,0,0,0.0554981,0,-3.43209e-08,0,0,False,69.0|319,1260
1,8|1260|vc|3|2|319,0,0,0.159059,0,-1.14177e-08,0,0,False,69.0|319,1260
1,8|1260|vc|4|2|319,0,0,-0.0575752,0,3.91856e-08,0,0,False,69.0|319,1260
1,8|1260|vc|5|2|319,0,0,-0.184418,0,7.03527e-08,0,0,False,69.0|319,1260
1,8|1260|vc|6|2|319,0,0,0.181379,0,6.60792e-08,0,0,False,69.0|319,1260
1,8|1260|vc|7|2|319,0,0,-0.283994,0,-2.36989e-08,0,0,False,69.0|319,1260
1,8|1260|vc|8|2|319,0,0,-0.543159,0,1.00227e-07,0,0,False,69.0|319,1260
1,8|1042|cc|1|1|162,0,0,0.0848052,0,6.86105e-08,0,0,False,69.0|162,1042
1,8|1042|cc|2|1|162,0,0,0.802797,0,2.14599e-08,0,0,False,69.0|162,1042
1,8|1042|cc|3|1|162,0,0,0.197624,0,-1.29489e-09,0,0,False,69.0|162,1042
1,8|1042|cc|4|1|162,0,0,-0.455534,0,3.86613e-09,0,0,False,69.0|162,1042
1,8|1042|cc|5|1|162,0,0,0.0685708,0,-7.53784e-08,0,0,False,69.0|162,1042
1,8|1042|cc|6|1|162,0,0,-0.595001,0,-9.48045e-08,0,0,False,69.0|162,1042
1,8|1042|cc|7|1|162,0,0,-0.103931,0,-3.10204e-08,0,0,False,69.0|162,1042
1,8|1042|cc|8|1|162,0,0,-0.05735,0,-3.07506e-08,0,0,False,69.0|162,1042
1,8|1042|sample|3|162,0,0,0.276521,0,-6.23318e-08,0,0,True,22.0|162,1042
1,8|1042|sample|4|162,0,0,0.265452,0,6.67992e-08,0,0,True,22.0|162,1042
1,8|1042|vc|1|2|162,0,0,-0.0574849,0,6.63828e-08,0,0,False,69.0|162,1042
1,8|1042|vc|2|2|162,0,0,-0.39809,0,8.80287e-08,0,0,False,69.0|162,1042
1,8|1042|vc|3|2|162,0,0,-0.194668,0,-1.24843e-08,0,0,False,69.0|162,1042
1,8|1042|vc|4|2|162,0,0,0.449136,0,3.22253e-08,0,0,False,69.0|162,1042
1,8|1042|vc|5|2|162,0,0,0.186818,0,-3.52553e-08,0,0,False,69.0|162,1042
1,8|1042|vc|6|2|162,0,0,-0.0327864,0,4.18638e-08,0,0,False,69.0|162,1042
1,8|1042|vc|7|2|162,0,0,0.259741,0,-1.6224e-08,0,0,False,69.0|162,1042
1,8|1042|vc|8|2|162,0,0,-0.248845,0,-1.50725e-07,0,0,False,69.0|162,1042
1,8|863|cc|1|1|274,0,0,-0.191488,0,1.11246e-08,0,0,False,69.0|274,863
1,8|863|cc|2|1|274,0,0,-0.451393,0,-2.39105e-08,0,0,False,69.0|274,863
1,8|863|cc|3|1|274,0,0,-0.032099,0,-3.10041e-08,0,0,False,69.0|274,863
1,8|863|cc|4|1|274,0,0,-0.239195,0,3.14885e-08,0,0,False,69.0|274,863
1,8|863|cc|5|1|274,0,0,-0.297752,0,-1.56512e-07,0,0,False,69.0|274,863
1,8|863|cc|6|1|274,0,0,-0.282272,0,1.00167e-09,0,0,False,69.0|274,863
1,8|863|cc|7|1|274,0,0,-0.225005,0,6.30248e-08,0,0,False,69.0|274,863
1,8|863|cc|8|1|274,0,0,-0.0453616,0,-3.28758e-08,0,0,False,69.0|274,863
1,8|863|sample|3|274,0,0,-0.177658,0,-7.29817e-08,0,0,True,22.0|274,863
1,8|863|sample|4|274,0,0,-0.170587,0,5.75293e-08,0,0,True,22.0|274,863
1,8|863|vc|1|2|274,0,0,-0.0853264,0,-4.55998e-08,0,0,False,69.0|274,863
1,8|863|vc|2|2|274,0,0,-0.205175,0,5.09329e-08,0,0,False,69.0|274,863
1,8|863|vc|3|2|274,0,0,0.105673,0,1.02311e-08,0,0,False,69.0|274,863
1,8|863|vc|4|2|274,0,0,0.0157212,0,1.35436e-08,0,0,False,69.0|274,863
1,8|863|vc|5|2|274,0,0,-0.278086,0,2.48154e-08,0,0,False,69.0|274,863
1,8|863|vc|6|2|274,0,0,-0.0743297,0,6.20463e-08,0,0,False,69.0|274,863
1,8|863|vc|7|2|274,0,0,0.823837,0,-6.32491e-08,0,0,False,69.0|274,863
1,8|863|vc|8|2|274,0,0,0.328621,0,3.12806e-08,0,0,False,69.0|274,863
1,8|152|cc|1|1|322,0,0,0.048648,0,-3.48608e-08,0,0,False,69.0|322,152
1,8|152|cc|2|1|322,0,0,0.0250435,0,-8.4635e-09,0,0,False,69.0|322,152
1,8|152|cc|3|1|322,0,0,-0.300366,0,9.06054e-08,0,0,False,69.0|322,152
1,8|152|cc|4|1|322,0,0,0.766805,0,1.34348e-08,0,0,False,69.0|322,152
1,8|152|cc|5|1|322,0,0,-0.127938,0,1.00342e-07,0,0,False,69.0|322,152
1,8|152|cc|6|1|322,0,0,-0.333247,0,-2.48422e-08,0,0,False,69.0|322,152
1,8|152|cc|7|1|322,0,0,-0.0611591,0,-3.35837e-08,0,0,False,69.0|322,152
1,8|152|cc|8|1|322,0,0,-0.249526,0,-5.9673e-08,0,0,False,69.0|322,152
1,8|152|sample|3|322,0,0,-0.216554,0,-1.41593e-10,0,0,True,22.0|322,152
1,8|152|sample|4|322,0,0,-0.14365,0,-1.23226e-08,0,0,True,22.0|322,152
1,8|152|vc|1|2|322,0,0,0.317501,0,5.23604e-08,0,0,False,69.0|322,152
1,8|152|vc|2|2|322,0,0,-0.105636,0,-5.94464e-08,0,0,False,69.0|322,152
1,8|152|vc|3|2|322,0,0,-0.435178,0,2.14443e-08,0,0,False,69.0|322,152
1,8|152|vc|4|2|322,0,0,-0.598164,0,-2.17493e-08,0,0,False,69.0|322,152
1,8|152|vc|5|2|322,0,0,0.18429,0,1.00295e-08,0,0,False,69.0|322,152
1,8|152|vc|6|2|322,0,0,-0.48317,0,6.74264e-08,0,0,False,69.0|322,152
1,8|152|vc|7|2|322,0,0,-0.609334,0,-4.59554e-08,0,0,False,69.0|322,152
1,8|152|vc|8|2|322,0,0,-0.401114,0,3.71461e-08,0,0,False,69.0|322,152
1,9|411|cc|1|1|274,0,0,-0.0624477,0,-4.84663e-08,0,0,False,69.0|274,411
1,9|411|cc|2|1|274,0,0,0.504074,0,-1.0258e-07,0,0,False,69.0|274,411
1,9|411|cc|3|1|274,0,0,-1.0436,0,1.06433e-08,0,0,False,69.0|274,411
1,9|411|cc|4|1|274,0,0,-0.250413,0,3.96551e-09,0,0,False,69.0|274,411
1,9|411|cc|5|1|274,0,0,0.542748,0,4.65418e-08,0,0,False,69.0|274,411
1,9|411|cc|6|1|274,0,0,-0.296484,0,-2.50303e-08,0,0,False,69.0|274,411
1,9|411|cc|7|1|274,0,0,-0.280774,0,-4.89729e-08,0,0,False,69.0|274,411
1,9|411|cc|8|1|274,0,0,0.839815,0,1.59087e-08,0,0,False,69.0|274,411
1,9|411|sample|10|274,0,0,0.671014,0,2.90753e-08,0,0,True,70.0|274,411
1,9|411|sample|11|274,0,0,0.262687,0,2.76427e-08,0,0,True,70.0|274,411
1,9|411|sample|12|274,0,0,0.15992,0,5.48234e-08,0,0,True,70.0|274,411
1,9|411|sample|3|274,0,0,0.201901,0,-7.59997e-08,0,0,True,70.0|274,411
1,9|411|sample|4|274,0,0,0.29701,0,4.56791e-08,0,0,True,70.0|274,411
1,9|411|sample|5|274,0,0,0.389912,0,-6.41371e-08,0,0,True,70.0|274,411
1,9|411|sample|6|274,0,0,0.542807,0,9.82456e-08,0,0,True,70.0|274,411
1,9|411|sample|7|274,0,0,0.197427,0,-3.12918e-08,0,0,True,70.0|274,411
1,9|411|sample|8|274,0,0,0.185774,0,1.67233e-08,0,0,True,70.0|274,411
1,9|411|sample|9|274,0,0,0.347675,0,-7.09133e-08,0,0,True,70.0|274,411
1,9|411|vc|1|2|274,0,0,-0.258748,0,1.44205e-08,0,0,False,69.0|274,411
1,9|411|vc|2|2|274,0,0,0.178661,0,-6.02407e-08,0,0,False,69.0|274,411
1,9|411|vc|3|2|274,0,0,-0.215029,0,-7.73557e-08,0,0,False,69.0|274,411
1,9|411|vc|4|2|274,0,0,-0.493262,0,4.2937e-08,0,0,False,69.0|274,411
1,9|411|vc|5|2|274,0,0,-0.367785,0,1.58708e-08,0,0,False,69.0|274,411
1,9|411|vc|6|2|274,0,0,0.297116,0,7.17905e-08,0,0,False,69.0|274,411
1,9|411|vc|7|2|274,0,0,-0.229661,0,1.241e-07,0,0,False,69.0|274,411
1,9|411|vc|8|2|274,0,0,0.0846598,0,2.48764e-08,0,0,False,69.0|274,411
