id,eta_U_offset_SAEM,eta_L_SAEM,eta_m_SAEM,eta_e_SAEM,eta_alpha_SAEM,eta_k_SAEM,eta_U_offset_mode,eta_L_mode,eta_m_mode,eta_e_mode,eta_alpha_mode,eta_k_mode,goes_down,mab_virus,run_id
9|411|sample|4|274,0,0,1.33907e-06,0,0,0,0,0,-3.16137e-09,0,0,0,True,70.0|274,411
9|411|sample|3|274,0,0,2.28637e-07,0,0,0,0,0,-2.02859e-10,0,0,0,True,70.0|274,411
9|411|sample|5|274,0,0,7.12424e-07,0,0,0,0,0,6.65214e-10,0,0,0,True,70.0|274,411
9|411|sample|6|274,0,0,9.44671e-07,0,0,0,0,0,4.8676e-09,0,0,0,True,70.0|274,411
9|411|sample|8|274,0,0,8.3097e-07,0,0,0,0,0,-1.51784e-09,0,0,0,True,70.0|274,411
9|411|sample|7|274,0,0,4.88616e-07,0,0,0,0,0,4.9023e-09,0,0,0,True,70.0|274,411
9|411|sample|9|274,0,0,-1.50309e-08,0,0,0,0,0,-2.41224e-09,0,0,0,True,70.0|274,411
9|411|sample|10|274,0,0,-7.32833e-07,0,0,0,0,0,4.16117e-09,0,0,0,True,70.0|274,411
9|411|sample|12|274,0,0,-1.41009e-07,0,0,0,0,0,5.75386e-09,0,0,0,True,70.0|274,411
9|411|sample|11|274,0,0,-8.41367e-07,0,0,0,0,0,2.94116e-09,0,0,0,True,70.0|274,411
9|411|cc|1|1|274,0,0,6.76247e-08,0,0,0,0,0,3.11605e-09,0,0,0,False,69.0|274,411
9|411|cc|2|1|274,0,0,-1.18107e-07,0,0,0,0,0,-2.54324e-09,0,0,0,False,69.0|274,411
9|411|cc|3|1|274,0,0,6.53161e-07,0,0,0,0,0,6.87918e-09,0,0,0,False,69.0|274,411
9|411|cc|4|1|274,0,0,8.51886e-07,0,0,0,0,0,-2.17109e-09,0,0,0,False,69.0|274,411
9|411|cc|5|1|274,0,0,-2.40896e-07,0,0,0,0,0,1.31846e-08,0,0,0,False,69.0|274,411
9|411|cc|6|1|274,0,0,2.43995e-07,0,0,0,0,0,2.71171e-08,0,0,0,False,69.0|274,411
9|411|cc|7|1|274,0,0,5.10666e-08,0,0,0,0,0,4.09733e-10,0,0,0,False,69.0|274,411
9|411|cc|8|1|274,0,0,1.98948e-07,0,0,0,0,0,-4.07764e-09,0,0,0,False,69.0|274,411
9|411|vc|1|2|274,0,0,-3.68783e-07,0,0,0,0,0,-3.88813e-09,0,0,0,False,69.0|274,411
9|411|vc|2|2|274,0,0,3.44397e-07,0,0,0,0,0,2.85421e-09,0,0,0,False,69.0|274,411
9|411|vc|3|2|274,0,0,7.69603e-07,0,0,0,0,0,-1.34409e-09,0,0,0,False,69.0|274,411
9|411|vc|4|2|274,0,0,4.01395e-07,0,0,0,0,0,4.4453e-09,0,0,0,False,69.0|274,411
9|411|vc|5|2|274,0,0,4.2823e-07,0,0,0,0,0,-3.34956e-09,0,0,0,False,69.0|274,411
9|411|vc|6|2|274,0,0,7.13993e-08,0,0,0,0,0,6.89073e-09,0,0,0,False,69.0|274,411
9|411|vc|7|2|274,0,0,-4.52069e-08,0,0,0,0,0,-1.27534e-08,0,0,0,False,69.0|274,411
9|411|vc|8|2|274,0,0,-9.18487e-08,0,0,0,0,0,-3.98836e-09,0,0,0,False,69.0|274,411
14|783|sample|3|71,0,0,2.06768e-07,0,0,0,0,0,1.73163e-09,0,0,0,True,6.0|71,783
14|783|sample|4|71,0,0,-5.75363e-07,0,0,0,0,0,-2.16537e-08,0,0,0,True,6.0|71,783
14|783|sample|5|71,0,0,3.51376e-07,0,0,0,0,0,-9.56798e-09,0,0,0,True,6.0|71,783
14|783|sample|6|71,0,0,1.13774e-07,0,0,0,0,0,2.28171e-09,0,0,0,True,6.0|71,783
14|783|sample|7|71,0,0,-8.21575e-08,0,0,0,0,0,3.8323e-09,0,0,0,True,6.0|71,783
14|783|sample|8|71,0,0,3.09868e-07,0,0,0,0,0,1.12872e-08,0,0,0,True,6.0|71,783
14|783|sample|10|71,0,0,-5.42277e-07,0,0,0,0,0,1.03888e-09,0,0,0,True,6.0|71,783
14|783|sample|9|71,0,0,6.72992e-08,0,0,0,0,0,3.89574e-08,0,0,0,True,6.0|71,783
14|783|sample|12|71,0,0,-2.76629e-07,0,0,0,0,0,-3.55121e-09,0,0,0,True,6.0|71,783
14|783|sample|11|71,0,0,-1.28919e-07,0,0,0,0,0,-1.35378e-09,0,0,0,True,6.0|71,783
14|783|cc|1|1|71,0,0,-5.96313e-09,0,0,0,0,0,4.99715e-09,0,0,0,False,69.0|71,783
14|783|cc|2|1|71,0,0,5.84275e-07,0,0,0,0,0,5.69278e-09,0,0,0,False,69.0|71,783
14|783|cc|3|1|71,0,0,7.06179e-07,0,0,0,0,0,-1.11188e-08,0,0,0,False,69.0|71,783
14|783|cc|4|1|71,0,0,1.46485e-07,0,0,0,0,0,-4.38976e-09,0,0,0,False,69.0|71,783
14|783|cc|5|1|71,0,0,-7.45201e-07,0,0,0,0,0,5.57628e-09,0,0,0,False,69.0|71,783
14|783|cc|6|1|71,0,0,-5.32111e-07,0,0,0,0,0,-9.66983e-10,0,0,0,False,69.0|71,783
14|783|cc|7|1|71,0,0,-2.88308e-07,0,0,0,0,0,-1.14759e-08,0,0,0,False,69.0|71,783
14|783|cc|8|1|71,0,0,-2.3158e-07,0,0,0,0,0,-9.86837e-10,0,0,0,False,69.0|71,783
14|783|vc|1|2|71,0,0,-4.75283e-08,0,0,0,0,0,-1.88908e-09,0,0,0,False,69.0|71,783
14|783|vc|2|2|71,0,0,-1.2346e-07,0,0,0,0,0,3.09647e-09,0,0,0,False,69.0|71,783
14|783|vc|3|2|71,0,0,1.25989e-07,0,0,0,0,0,9.79297e-09,0,0,0,False,69.0|71,783
14|783|vc|4|2|71,0,0,3.38516e-07,0,0,0,0,0,2.68647e-09,0,0,0,False,69.0|71,783
14|783|vc|5|2|71,0,0,-2.41881e-07,0,0,0,0,0,-1.12871e-08,0,0,0,False,69.0|71,783
14|783|vc|6|2|71,0,0,6.40136e-07,0,0,0,0,0,3.75559e-09,0,0,0,False,69.0|71,783
14|783|vc|7|2|71,0,0,4.87949e-07,0,0,0,0,0,1.84371e-09,0,0,0,False,69.0|71,783
14|783|vc|8|2|71,0,0,7.27232e-08,0,0,0,0,0,2.7659e-09,0,0,0,False,69.0|71,783
14|491|sample|10|99,0,0,-7.81578e-07,0,0,0,0,0,1.71863e-09,0,0,0,True,6.0|99,491
14|491|sample|9|99,0,0,-4.50746e-07,0,0,0,0,0,2.36853e-09,0,0,0,True,6.0|99,491
14|491|sample|12|99,0,0,-7.64382e-07,0,0,0,0,0,1.89143e-08,0,0,0,True,6.0|99,491
14|491|sample|11|99,0,0,-4.36524e-07,0,0,0,0,0,-2.83229e-09,0,0,0,True,6.0|99,491
14|491|sample|4|99,0,0,-4.36072e-07,0,0,0,0,0,-1.1358e-08,0,0,0,True,44.0|99,491
14|491|sample|3|99,0,0,-2.97028e-07,0,0,0,0,0,-2.83604e-09,0,0,0,True,44.0|99,491
14|491|sample|6|99,0,0,2.36045e-07,0,0,0,0,0,-4.9034e-09,0,0,0,True,44.0|99,491
14|491|sample|5|99,0,0,4.26033e-07,0,0,0,0,0,2.35433e-09,0,0,0,True,44.0|99,491
14|491|sample|7|99,0,0,-1.0395e-07,0,0,0,0,0,-2.49284e-09,0,0,0,True,63.0|99,491
14|491|sample|8|99,0,0,4.36286e-07,0,0,0,0,0,6.48798e-10,0,0,0,True,63.0|99,491
14|491|cc|1|1|99,0,0,-4.96486e-08,0,0,0,0,0,2.09617e-08,0,0,0,False,69.0|99,491
14|491|cc|2|1|99,0,0,-2.73779e-07,0,0,0,0,0,-9.2548e-09,0,0,0,False,69.0|99,491
14|491|cc|3|1|99,0,0,5.42713e-07,0,0,0,0,0,1.00347e-08,0,0,0,False,69.0|99,491
14|491|cc|4|1|99,0,0,-2.88787e-07,0,0,0,0,0,-2.71624e-09,0,0,0,False,69.0|99,491
14|491|cc|5|1|99,0,0,3.87665e-08,0,0,0,0,0,1.64676e-09,0,0,0,False,69.0|99,491
14|491|cc|6|1|99,0,0,-6.99635e-07,0,0,0,0,0,-4.19101e-09,0,0,0,False,69.0|99,491
14|491|cc|7|1|99,0,0,-4.51769e-07,0,0,0,0,0,-4.10363e-09,0,0,0,False,69.0|99,491
14|491|cc|8|1|99,0,0,-3.54248e-07,0,0,0,0,0,-3.5398e-09,0,0,0,False,69.0|99,491
14|491|vc|1|2|99,0,0,1.66321e-07,0,0,0,0,0,2.14709e-08,0,0,0,False,69.0|99,491
14|491|vc|2|2|99,0,0,-4.97553e-07,0,0,0,0,0,3.97761e-09,0,0,0,False,69.0|99,491
14|491|vc|3|2|99,0,0,7.47407e-07,0,0,0,0,0,-7.30736e-10,0,0,0,False,69.0|99,491
14|491|vc|4|2|99,0,0,3.60213e-07,0,0,0,0,0,4.29951e-08,0,0,0,False,69.0|99,491
14|491|vc|5|2|99,0,0,-6.52622e-07,0,0,0,0,0,2.12758e-08,0,0,0,False,69.0|99,491
14|491|vc|6|2|99,0,0,-1.07008e-07,0,0,0,0,0,-4.07893e-09,0,0,0,False,69.0|99,491
14|491|vc|7|2|99,0,0,3.23096e-07,0,0,0,0,0,-4.89441e-09,0,0,0,False,69.0|99,491
14|491|vc|8|2|99,0,0,5.30794e-07,0,0,0,0,0,-1.88412e-09,0,0,0,False,69.0|99,491
14|433|sample|4|99,0,0,1.51127e-07,0,0,0,0,0,2.14443e-09,0,0,0,True,6.0|99,433
14|433|sample|3|99,0,0,2.27952e-07,0,0,0,0,0,1.27953e-09,0,0,0,True,6.0|99,433
14|433|sample|6|99,0,0,2.01588e-09,0,0,0,0,0,-1.10093e-08,0,0,0,True,6.0|99,433
14|433|sample|5|99,0,0,-1.12334e-06,0,0,0,0,0,-9.86648e-09,0,0,0,True,6.0|99,433
14|433|sample|8|99,0,0,-3.56166e-07,0,0,0,0,0,3.86811e-08,0,0,0,True,6.0|99,433
14|433|sample|7|99,0,0,3.08727e-07,0,0,0,0,0,4.36392e-09,0,0,0,True,6.0|99,433
14|433|sample|10|99,0,0,9.64119e-07,0,0,0,0,0,-6.09457e-10,0,0,0,True,6.0|99,433
14|433|sample|9|99,0,0,-3.1929e-07,0,0,0,0,0,-2.13254e-09,0,0,0,True,6.0|99,433
14|433|sample|11|99,0,0,-1.5494e-07,0,0,0,0,0,-2.87412e-09,0,0,0,True,6.0|99,433
14|433|sample|12|99,0,0,-7.41782e-07,0,0,0,0,0,2.6691e-09,0,0,0,True,6.0|99,433
14|433|cc|1|1|99,0,0,-8.77704e-08,0,0,0,0,0,4.38587e-09,0,0,0,False,69.0|99,433
14|433|cc|2|1|99,0,0,-2.98439e-07,0,0,0,0,0,9.17781e-09,0,0,0,False,69.0|99,433
14|433|cc|3|1|99,0,0,-8.26568e-08,0,0,0,0,0,9.49953e-09,0,0,0,False,69.0|99,433
14|433|cc|4|1|99,0,0,-7.01505e-07,0,0,0,0,0,4.71239e-09,0,0,0,False,69.0|99,433
14|433|cc|5|1|99,0,0,7.43193e-07,0,0,0,0,0,-4.94453e-09,0,0,0,False,69.0|99,433
14|433|cc|6|1|99,0,0,-1.02458e-06,0,0,0,0,0,4.8222e-09,0,0,0,False,69.0|99,433
14|433|cc|7|1|99,0,0,-5.59404e-08,0,0,0,0,0,3.89694e-09,0,0,0,False,69.0|99,433
14|433|cc|8|1|99,0,0,-4.86594e-07,0,0,0,0,0,4.16355e-09,0,0,0,False,69.0|99,433
14|433|vc|1|2|99,0,0,-7.54043e-07,0,0,0,0,0,-4.73348e-09,0,0,0,False,69.0|99,433
14|433|vc|2|2|99,0,0,-3.15651e-07,0,0,0,0,0,2.73842e-09,0,0,0,False,69.0|99,433
14|433|vc|3|2|99,0,0,-4.94912e-07,0,0,0,0,0,-4.15443e-09,0,0,0,False,69.0|99,433
14|433|vc|4|2|99,0,0,-2.78149e-07,0,0,0,0,0,-2.85142e-09,0,0,0,False,69.0|99,433
14|433|vc|5|2|99,0,0,6.30354e-07,0,0,0,0,0,-1.00539e-08,0,0,0,False,69.0|99,433
14|433|vc|6|2|99,0,0,4.95631e-07,0,0,0,0,0,-4.7275e-09,0,0,0,False,69.0|99,433
14|433|vc|7|2|99,0,0,3.86608e-07,0,0,0,0,0,4.75171e-09,0,0,0,False,69.0|99,433
14|433|vc|8|2|99,0,0,-4.16189e-07,0,0,0,0,0,-8.42267e-10,0,0,0,False,69.0|99,433
14|297|sample|3|71,0,0,4.60824e-07,0,0,0,0,0,-4.05835e-09,0,0,0,True,6.0|71,297
14|297|sample|4|71,0,0,1.03165e-06,0,0,0,0,0,5.49616e-09,0,0,0,True,6.0|71,297
14|297|sample|5|71,0,0,-4.66004e-08,0,0,0,0,0,-2.18576e-09,0,0,0,True,6.0|71,297
14|297|sample|6|71,0,0,-1.20672e-06,0,0,0,0,0,-8.60556e-09,0,0,0,True,6.0|71,297
14|297|sample|8|71,0,0,7.17111e-07,0,0,0,0,0,2.77659e-09,0,0,0,True,6.0|71,297
14|297|sample|7|71,0,0,1.68444e-07,0,0,0,0,0,4.9829e-09,0,0,0,True,6.0|71,297
14|297|sample|9|71,0,0,-5.77883e-07,0,0,0,0,0,-3.38651e-09,0,0,0,True,6.0|71,297
14|297|sample|10|71,0,0,8.29588e-07,0,0,0,0,0,-9.47262e-09,0,0,0,True,6.0|71,297
14|297|sample|12|71,0,0,1.08284e-07,0,0,0,0,0,-3.20852e-09,0,0,0,True,6.0|71,297
14|297|sample|11|71,0,0,-2.42168e-07,0,0,0,0,0,2.05159e-08,0,0,0,True,6.0|71,297
14|297|cc|1|1|71,0,0,5.73487e-07,0,0,0,0,0,-5.09509e-09,0,0,0,False,69.0|71,297
14|297|cc|2|1|71,0,0,2.54742e-08,0,0,0,0,0,1.75556e-09,0,0,0,False,69.0|71,297
14|297|cc|3|1|71,0,0,4.78694e-07,0,0,0,0,0,4.14862e-09,0,0,0,False,69.0|71,297
14|297|cc|4|1|71,0,0,-1.63761e-07,0,0,0,0,0,-2.52571e-09,0,0,0,False,69.0|71,297
14|297|cc|5|1|71,0,0,-1.45641e-06,0,0,0,0,0,-4.93384e-10,0,0,0,False,69.0|71,297
14|297|cc|6|1|71,0,0,-7.82627e-07,0,0,0,0,0,2.82906e-09,0,0,0,False,69.0|71,297
14|297|cc|7|1|71,0,0,4.6599e-07,0,0,0,0,0,3.00414e-09,0,0,0,False,69.0|71,297
14|297|cc|8|1|71,0,0,-1.31057e-07,0,0,0,0,0,-4.50006e-09,0,0,0,False,69.0|71,297
14|297|vc|1|2|71,0,0,5.48335e-07,0,0,0,0,0,4.43218e-09,0,0,0,False,69.0|71,297
14|297|vc|2|2|71,0,0,2.24317e-07,0,0,0,0,0,4.084e-09,0,0,0,False,69.0|71,297
14|297|vc|3|2|71,0,0,-2.31996e-07,0,0,0,0,0,-1.40222e-09,0,0,0,False,69.0|71,297
14|297|vc|4|2|71,0,0,4.6137e-07,0,0,0,0,0,-1.61581e-09,0,0,0,False,69.0|71,297
14|297|vc|5|2|71,0,0,6.15702e-07,0,0,0,0,0,2.4406e-09,0,0,0,False,69.0|71,297
14|297|vc|6|2|71,0,0,-1.49911e-07,0,0,0,0,0,1.13244e-08,0,0,0,False,69.0|71,297
14|297|vc|7|2|71,0,0,-1.06174e-07,0,0,0,0,0,-2.73632e-09,0,0,0,False,69.0|71,297
14|297|vc|8|2|71,0,0,2.0645e-07,0,0,0,0,0,-2.22315e-09,0,0,0,False,69.0|71,297
14|183|sample|4|233,0,0,6.39373e-08,0,0,0,0,0,-3.72822e-09,0,0,0,True,6.0|233,183
14|183|sample|3|233,0,0,4.1523e-07,0,0,0,0,0,4.80238e-09,0,0,0,True,6.0|233,183
14|183|sample|6|233,0,0,3.81172e-07,0,0,0,0,0,1.9042e-09,0,0,0,True,6.0|233,183
14|183|sample|5|233,0,0,-5.78472e-07,0,0,0,0,0,-2.16136e-09,0,0,0,True,6.0|233,183
14|183|sample|7|233,0,0,-3.89871e-07,0,0,0,0,0,2.02527e-08,0,0,0,True,6.0|233,183
14|183|sample|8|233,0,0,4.75871e-07,0,0,0,0,0,3.12255e-09,0,0,0,True,6.0|233,183
14|183|sample|10|233,0,0,3.54992e-07,0,0,0,0,0,-3.50187e-09,0,0,0,True,6.0|233,183
14|183|sample|9|233,0,0,-2.53364e-07,0,0,0,0,0,-9.4273e-09,0,0,0,True,6.0|233,183
14|183|sample|12|233,0,0,-8.90585e-07,0,0,0,0,0,-2.67278e-09,0,0,0,True,6.0|233,183
14|183|sample|11|233,0,0,2.68955e-07,0,0,0,0,0,3.94174e-09,0,0,0,True,6.0|233,183
14|183|cc|1|1|233,0,0,-2.8718e-07,0,0,0,0,0,4.6657e-09,0,0,0,False,69.0|233,183
14|183|cc|2|1|233,0,0,2.18639e-07,0,0,0,0,0,1.05796e-08,0,0,0,False,69.0|233,183
14|183|cc|3|1|233,0,0,1.84034e-07,0,0,0,0,0,-2.29061e-09,0,0,0,False,69.0|233,183
14|183|cc|4|1|233,0,0,1.40683e-07,0,0,0,0,0,-2.17113e-09,0,0,0,False,69.0|233,183
14|183|cc|5|1|233,0,0,3.26873e-08,0,0,0,0,0,-1.49201e-09,0,0,0,False,69.0|233,183
14|183|cc|6|1|233,0,0,-1.03821e-06,0,0,0,0,0,3.4941e-09,0,0,0,False,69.0|233,183
14|183|cc|7|1|233,0,0,-8.92473e-08,0,0,0,0,0,-3.88406e-09,0,0,0,False,69.0|233,183
14|183|cc|8|1|233,0,0,-2.51415e-07,0,0,0,0,0,-3.03894e-09,0,0,0,False,69.0|233,183
14|183|vc|1|2|233,0,0,-7.6027e-07,0,0,0,0,0,9.74491e-09,0,0,0,False,69.0|233,183
14|183|vc|2|2|233,0,0,8.08097e-08,0,0,0,0,0,3.16035e-09,0,0,0,False,69.0|233,183
14|183|vc|3|2|233,0,0,1.11352e-08,0,0,0,0,0,-1.30907e-09,0,0,0,False,69.0|233,183
14|183|vc|4|2|233,0,0,3.3659e-07,0,0,0,0,0,-1.87918e-09,0,0,0,False,69.0|233,183
14|183|vc|5|2|233,0,0,-1.08757e-07,0,0,0,0,0,9.2087e-09,0,0,0,False,69.0|233,183
14|183|vc|6|2|233,0,0,-6.80801e-07,0,0,0,0,0,2.27463e-09,0,0,0,False,69.0|233,183
14|183|vc|7|2|233,0,0,-1.13142e-06,0,0,0,0,0,-2.7791e-09,0,0,0,False,69.0|233,183
14|183|vc|8|2|233,0,0,-7.26435e-07,0,0,0,0,0,-8.68294e-08,0,0,0,False,69.0|233,183
14|705|sample|3|233,0,0,-3.84332e-07,0,0,0,0,0,-4.77735e-09,0,0,0,False,6.0|233,705
14|705|sample|4|233,0,0,-1.02132e-07,0,0,0,0,0,1.0692e-08,0,0,0,False,6.0|233,705
14|705|sample|5|233,0,0,-7.16458e-07,0,0,0,0,0,2.2604e-08,0,0,0,False,6.0|233,705
14|705|sample|6|233,0,0,-1.06872e-06,0,0,0,0,0,-4.94411e-09,0,0,0,False,6.0|233,705
14|705|sample|7|233,0,0,-5.52436e-08,0,0,0,0,0,1.11919e-08,0,0,0,False,6.0|233,705
14|705|sample|8|233,0,0,9.51558e-08,0,0,0,0,0,-7.66884e-10,0,0,0,False,6.0|233,705
14|705|sample|10|233,0,0,-4.21665e-08,0,0,0,0,0,4.42203e-09,0,0,0,True,6.0|233,705
14|705|sample|9|233,0,0,-3.64203e-07,0,0,0,0,0,4.37437e-09,0,0,0,True,6.0|233,705
14|705|sample|12|233,0,0,-7.46601e-07,0,0,0,0,0,-4.1028e-09,0,0,0,True,6.0|233,705
14|705|sample|11|233,0,0,-5.28348e-07,0,0,0,0,0,-3.97e-09,0,0,0,True,6.0|233,705
14|705|cc|1|1|233,0,0,3.74092e-07,0,0,0,0,0,3.01973e-09,0,0,0,False,69.0|233,705
14|705|cc|2|1|233,0,0,4.83198e-07,0,0,0,0,0,3.4512e-09,0,0,0,False,69.0|233,705
14|705|cc|3|1|233,0,0,-1.2087e-07,0,0,0,0,0,-2.90413e-09,0,0,0,False,69.0|233,705
14|705|cc|4|1|233,0,0,3.88545e-07,0,0,0,0,0,-4.26216e-09,0,0,0,False,69.0|233,705
14|705|cc|5|1|233,0,0,-1.62501e-07,0,0,0,0,0,-1.06569e-09,0,0,0,False,69.0|233,705
14|705|cc|6|1|233,0,0,-1.72106e-07,0,0,0,0,0,-1.06704e-08,0,0,0,False,69.0|233,705
14|705|cc|7|1|233,0,0,-3.44632e-07,0,0,0,0,0,-9.31584e-09,0,0,0,False,69.0|233,705
14|705|cc|8|1|233,0,0,6.50903e-07,0,0,0,0,0,-2.7249e-09,0,0,0,False,69.0|233,705
14|705|vc|1|2|233,0,0,-1.59349e-07,0,0,0,0,0,2.08669e-09,0,0,0,False,69.0|233,705
14|705|vc|2|2|233,0,0,1.23686e-07,0,0,0,0,0,2.5664e-09,0,0,0,False,69.0|233,705
14|705|vc|3|2|233,0,0,-7.29459e-07,0,0,0,0,0,-2.91405e-09,0,0,0,False,69.0|233,705
14|705|vc|4|2|233,0,0,-6.5334e-08,0,0,0,0,0,9.16176e-09,0,0,0,False,69.0|233,705
14|705|vc|5|2|233,0,0,2.44098e-07,0,0,0,0,0,3.43606e-09,0,0,0,False,69.0|233,705
14|705|vc|6|2|233,0,0,-4.25791e-07,0,0,0,0,0,-3.53525e-09,0,0,0,False,69.0|233,705
14|705|vc|7|2|233,0,0,-3.35313e-07,0,0,0,0,0,-4.3467e-08,0,0,0,False,69.0|233,705
14|705|vc|8|2|233,0,0,-1.291e-07,0,0,0,0,0,1.06008e-08,0,0,0,False,69.0|233,705
14|555|sample|4|233,0,0,-6.49364e-08,0,0,0,0,0,2.42554e-09,0,0,0,True,6.0|233,555
14|555|sample|3|233,0,0,-2.45861e-08,0,0,0,0,0,1.22891e-09,0,0,0,True,6.0|233,555
14|555|sample|5|233,0,0,2.52001e-07,0,0,0,0,0,-2.62627e-09,0,0,0,True,6.0|233,555
14|555|sample|6|233,0,0,2.60658e-08,0,0,0,0,0,-5.28573e-11,0,0,0,True,6.0|233,555
14|555|sample|7|233,0,0,5.41747e-07,0,0,0,0,0,-3.709e-09,0,0,0,True,6.0|233,555
14|555|sample|8|233,0,0,-3.41941e-07,0,0,0,0,0,-4.52383e-09,0,0,0,True,6.0|233,555
14|555|sample|9|233,0,0,-4.3598e-07,0,0,0,0,0,-5.08256e-09,0,0,0,True,6.0|233,555
14|555|sample|10|233,0,0,-7.113e-07,0,0,0,0,0,-1.03482e-08,0,0,0,True,6.0|233,555
14|555|sample|12|233,0,0,-2.46026e-07,0,0,0,0,0,-2.08978e-09,0,0,0,True,6.0|233,555
14|555|sample|11|233,0,0,2.59213e-07,0,0,0,0,0,4.58613e-09,0,0,0,True,6.0|233,555
14|555|cc|1|1|233,0,0,-3.50224e-07,0,0,0,0,0,-4.04078e-09,0,0,0,False,69.0|233,555
14|555|cc|2|1|233,0,0,2.76694e-07,0,0,0,0,0,3.42953e-09,0,0,0,False,69.0|233,555
14|555|cc|3|1|233,0,0,5.93537e-07,0,0,0,0,0,5.11485e-09,0,0,0,False,69.0|233,555
14|555|cc|4|1|233,0,0,2.26487e-07,0,0,0,0,0,-3.30735e-09,0,0,0,False,69.0|233,555
14|555|cc|5|1|233,0,0,-2.50223e-07,0,0,0,0,0,-1.84709e-09,0,0,0,False,69.0|233,555
14|555|cc|6|1|233,0,0,-1.0601e-06,0,0,0,0,0,3.33742e-09,0,0,0,False,69.0|233,555
14|555|cc|7|1|233,0,0,2.19781e-08,0,0,0,0,0,9.53377e-09,0,0,0,False,69.0|233,555
14|555|cc|8|1|233,0,0,9.29982e-07,0,0,0,0,0,4.66659e-09,0,0,0,False,69.0|233,555
14|555|vc|1|2|233,0,0,5.6649e-07,0,0,0,0,0,1.06702e-08,0,0,0,False,69.0|233,555
14|555|vc|2|2|233,0,0,5.43415e-07,0,0,0,0,0,9.33045e-09,0,0,0,False,69.0|233,555
14|555|vc|3|2|233,0,0,5.30253e-07,0,0,0,0,0,-3.83134e-09,0,0,0,False,69.0|233,555
14|555|vc|4|2|233,0,0,2.78723e-07,0,0,0,0,0,-5.40871e-09,0,0,0,False,69.0|233,555
14|555|vc|5|2|233,0,0,-2.80053e-07,0,0,0,0,0,-9.94209e-09,0,0,0,False,69.0|233,555
14|555|vc|6|2|233,0,0,-6.12346e-07,0,0,0,0,0,-5.34336e-09,0,0,0,False,69.0|233,555
14|555|vc|7|2|233,0,0,3.39859e-07,0,0,0,0,0,1.38929e-09,0,0,0,False,69.0|233,555
14|555|vc|8|2|233,0,0,5.02074e-08,0,0,0,0,0,5.16053e-09,0,0,0,False,69.0|233,555
14|394|sample|5|42,0,0,-7.24333e-07,0,0,0,0,0,5.42662e-09,0,0,0,True,6.0|42,394
14|394|sample|6|42,0,0,-5.84143e-09,0,0,0,0,0,-6.90038e-09,0,0,0,True,6.0|42,394
14|394|sample|7|42,0,0,1.28222e-07,0,0,0,0,0,4.86798e-10,0,0,0,True,6.0|42,394
14|394|sample|8|42,0,0,1.80747e-07,0,0,0,0,0,-5.45366e-09,0,0,0,True,6.0|42,394
14|394|sample|10|42,0,0,1.32844e-07,0,0,0,0,0,5.10929e-09,0,0,0,True,6.0|42,394
14|394|sample|9|42,0,0,7.4554e-08,0,0,0,0,0,5.28507e-09,0,0,0,True,6.0|42,394
14|394|sample|12|42,0,0,-6.48106e-08,0,0,0,0,0,-7.40385e-09,0,0,0,True,6.0|42,394
14|394|sample|11|42,0,0,-8.67357e-07,0,0,0,0,0,8.56638e-09,0,0,0,True,6.0|42,394
14|394|sample|3|42,0,0,-9.17063e-08,0,0,0,0,0,-3.31872e-09,0,0,0,True,63.0|42,394
14|394|sample|4|42,0,0,-4.73423e-08,0,0,0,0,0,-3.27451e-09,0,0,0,True,63.0|42,394
14|394|cc|1|1|42,0,0,1.78072e-07,0,0,0,0,0,1.04284e-09,0,0,0,False,69.0|42,394
14|394|cc|2|1|42,0,0,1.10452e-06,0,0,0,0,0,5.09139e-09,0,0,0,False,69.0|42,394
14|394|cc|3|1|42,0,0,1.2248e-08,0,0,0,0,0,1.37478e-08,0,0,0,False,69.0|42,394
14|394|cc|4|1|42,0,0,-8.70907e-07,0,0,0,0,0,-6.51758e-09,0,0,0,False,69.0|42,394
14|394|cc|5|1|42,0,0,1.9225e-07,0,0,0,0,0,-1.45346e-08,0,0,0,False,69.0|42,394
14|394|cc|6|1|42,0,0,-8.4512e-07,0,0,0,0,0,-3.04652e-09,0,0,0,False,69.0|42,394
14|394|cc|7|1|42,0,0,-4.80935e-07,0,0,0,0,0,-3.35769e-09,0,0,0,False,69.0|42,394
14|394|cc|8|1|42,0,0,-3.86039e-08,0,0,0,0,0,-7.34931e-09,0,0,0,False,69.0|42,394
14|394|vc|1|2|42,0,0,-6.49266e-07,0,0,0,0,0,6.84019e-09,0,0,0,False,69.0|42,394
14|394|vc|2|2|42,0,0,2.09329e-07,0,0,0,0,0,2.54442e-09,0,0,0,False,69.0|42,394
14|394|vc|3|2|42,0,0,2.57613e-07,0,0,0,0,0,6.19628e-09,0,0,0,False,69.0|42,394
14|394|vc|4|2|42,0,0,1.1911e-07,0,0,0,0,0,1.59025e-09,0,0,0,False,69.0|42,394
14|394|vc|5|2|42,0,0,-1.09065e-07,0,0,0,0,0,-3.42364e-09,0,0,0,False,69.0|42,394
14|394|vc|6|2|42,0,0,3.49573e-07,0,0,0,0,0,-5.98492e-09,0,0,0,False,69.0|42,394
14|394|vc|7|2|42,0,0,1.6025e-07,0,0,0,0,0,-1.90221e-09,0,0,0,False,69.0|42,394
14|394|vc|8|2|42,0,0,-4.60792e-07,0,0,0,0,0,1.90735e-09,0,0,0,False,69.0|42,394
14|1099|sample|3|73,0,0,-5.99014e-07,0,0,0,0,0,7.15883e-09,0,0,0,True,6.0|73,1099
14|1099|sample|4|73,0,0,-9.43986e-07,0,0,0,0,0,-2.57611e-09,0,0,0,True,6.0|73,1099
14|1099|sample|5|73,0,0,-4.98309e-07,0,0,0,0,0,1.99863e-09,0,0,0,True,6.0|73,1099
14|1099|sample|6|73,0,0,1.70887e-07,0,0,0,0,0,-1.69324e-08,0,0,0,True,6.0|73,1099
14|1099|sample|8|73,0,0,4.41485e-07,0,0,0,0,0,6.64336e-09,0,0,0,True,6.0|73,1099
14|1099|sample|7|73,0,0,-9.54853e-07,0,0,0,0,0,4.20124e-09,0,0,0,True,6.0|73,1099
14|1099|sample|9|73,0,0,-3.55134e-07,0,0,0,0,0,4.02086e-09,0,0,0,True,6.0|73,1099
14|1099|sample|10|73,0,0,-2.71149e-07,0,0,0,0,0,-2.16037e-10,0,0,0,True,6.0|73,1099
14|1099|sample|11|73,0,0,-5.88953e-07,0,0,0,0,0,3.48644e-08,0,0,0,True,6.0|73,1099
14|1099|sample|12|73,0,0,1.36445e-07,0,0,0,0,0,1.55857e-09,0,0,0,True,6.0|73,1099
14|1099|cc|1|1|73,0,0,-2.62783e-07,0,0,0,0,0,4.88698e-09,0,0,0,False,69.0|73,1099
14|1099|cc|2|1|73,0,0,-5.18159e-07,0,0,0,0,0,-3.51476e-09,0,0,0,False,69.0|73,1099
14|1099|cc|3|1|73,0,0,-5.81138e-07,0,0,0,0,0,-2.9861e-09,0,0,0,False,69.0|73,1099
14|1099|cc|4|1|73,0,0,-5.38363e-07,0,0,0,0,0,-2.54937e-09,0,0,0,False,69.0|73,1099
14|1099|cc|5|1|73,0,0,3.4885e-08,0,0,0,0,0,6.18586e-09,0,0,0,False,69.0|73,1099
14|1099|cc|6|1|73,0,0,-2.66464e-07,0,0,0,0,0,-1.29066e-08,0,0,0,False,69.0|73,1099
14|1099|cc|7|1|73,0,0,1.41261e-07,0,0,0,0,0,2.7885e-08,0,0,0,False,69.0|73,1099
14|1099|cc|8|1|73,0,0,1.21626e-06,0,0,0,0,0,2.0773e-09,0,0,0,False,69.0|73,1099
14|1099|vc|1|2|73,0,0,1.06297e-06,0,0,0,0,0,4.03359e-09,0,0,0,False,69.0|73,1099
14|1099|vc|2|2|73,0,0,-6.05941e-07,0,0,0,0,0,-1.36757e-08,0,0,0,False,69.0|73,1099
14|1099|vc|3|2|73,0,0,3.06661e-07,0,0,0,0,0,-4.29533e-09,0,0,0,False,69.0|73,1099
14|1099|vc|4|2|73,0,0,-5.9334e-07,0,0,0,0,0,-1.07504e-09,0,0,0,False,69.0|73,1099
14|1099|vc|5|2|73,0,0,-1.5601e-07,0,0,0,0,0,1.28707e-08,0,0,0,False,69.0|73,1099
14|1099|vc|6|2|73,0,0,7.42213e-10,0,0,0,0,0,2.6874e-10,0,0,0,False,69.0|73,1099
14|1099|vc|7|2|73,0,0,1.8893e-07,0,0,0,0,0,4.98998e-09,0,0,0,False,69.0|73,1099
14|1099|vc|8|2|73,0,0,9.00399e-08,0,0,0,0,0,4.88935e-09,0,0,0,False,69.0|73,1099
14|611|sample|4|73,0,0,7.6309e-07,0,0,0,0,0,-6.99933e-09,0,0,0,True,6.0|73,611
14|611|sample|3|73,0,0,7.25486e-07,0,0,0,0,0,-9.31363e-09,0,0,0,True,6.0|73,611
14|611|sample|5|73,0,0,5.16454e-07,0,0,0,0,0,-6.61017e-09,0,0,0,True,6.0|73,611
14|611|sample|6|73,0,0,6.23628e-08,0,0,0,0,0,-1.9458e-09,0,0,0,True,6.0|73,611
14|611|sample|7|73,0,0,-3.10026e-07,0,0,0,0,0,-3.80432e-09,0,0,0,True,6.0|73,611
14|611|sample|8|73,0,0,3.9947e-07,0,0,0,0,0,-8.25257e-11,0,0,0,True,6.0|73,611
14|611|sample|9|73,0,0,1.81807e-08,0,0,0,0,0,-2.01694e-09,0,0,0,True,6.0|73,611
14|611|sample|10|73,0,0,2.95085e-07,0,0,0,0,0,1.39885e-09,0,0,0,True,6.0|73,611
14|611|sample|12|73,0,0,4.94175e-07,0,0,0,0,0,6.3995e-09,0,0,0,True,6.0|73,611
14|611|sample|11|73,0,0,-6.89173e-07,0,0,0,0,0,-3.60159e-09,0,0,0,True,6.0|73,611
14|611|cc|1|1|73,0,0,-3.68354e-07,0,0,0,0,0,-1.89434e-09,0,0,0,False,69.0|73,611
14|611|cc|2|1|73,0,0,-3.32574e-08,0,0,0,0,0,-5.50518e-09,0,0,0,False,69.0|73,611
14|611|cc|3|1|73,0,0,-8.91006e-07,0,0,0,0,0,-2.37219e-09,0,0,0,False,69.0|73,611
14|611|cc|4|1|73,0,0,3.73269e-07,0,0,0,0,0,5.86121e-09,0,0,0,False,69.0|73,611
14|611|cc|5|1|73,0,0,-4.70242e-07,0,0,0,0,0,-4.99253e-09,0,0,0,False,69.0|73,611
14|611|cc|6|1|73,0,0,2.99824e-07,0,0,0,0,0,2.98062e-09,0,0,0,False,69.0|73,611
14|611|cc|7|1|73,0,0,-5.43315e-07,0,0,0,0,0,6.61169e-09,0,0,0,False,69.0|73,611
14|611|cc|8|1|73,0,0,-3.30346e-07,0,0,0,0,0,-6.22419e-09,0,0,0,False,69.0|73,611
14|611|vc|1|2|73,0,0,8.8682e-07,0,0,0,0,0,-2.76372e-09,0,0,0,False,69.0|73,611
14|611|vc|2|2|73,0,0,-1.69463e-07,0,0,0,0,0,-5.81999e-10,0,0,0,False,69.0|73,611
14|611|vc|3|2|73,0,0,6.07453e-07,0,0,0,0,0,-1.39863e-08,0,0,0,False,69.0|73,611
14|611|vc|4|2|73,0,0,9.22684e-07,0,0,0,0,0,4.87454e-09,0,0,0,False,69.0|73,611
14|611|vc|5|2|73,0,0,-6.44887e-08,0,0,0,0,0,5.60199e-09,0,0,0,False,69.0|73,611
14|611|vc|6|2|73,0,0,-5.74751e-07,0,0,0,0,0,3.40117e-09,0,0,0,False,69.0|73,611
14|611|vc|7|2|73,0,0,-4.93163e-07,0,0,0,0,0,-1.38003e-08,0,0,0,False,69.0|73,611
14|611|vc|8|2|73,0,0,2.1225e-07,0,0,0,0,0,-1.40293e-08,0,0,0,False,69.0|73,611
8|84|sample|5|162,0,0,-3.08937e-08,0,0,0,0,0,7.52804e-09,0,0,0,True,55.0|162,84
8|84|sample|6|162,0,0,1.32056e-07,0,0,0,0,0,-2.759e-08,0,0,0,True,55.0|162,84
8|84|sample|4|162,0,0,4.19419e-07,0,0,0,0,0,5.11361e-09,0,0,0,True,55.0|162,84
8|84|sample|3|162,0,0,1.2044e-07,0,0,0,0,0,3.23731e-09,0,0,0,True,55.0|162,84
8|84|sample|9|162,0,0,1.3703e-07,0,0,0,0,0,-5.68522e-09,0,0,0,True,32.0|162,84
8|84|sample|10|162,0,0,5.12101e-07,0,0,0,0,0,-5.20295e-09,0,0,0,True,32.0|162,84
8|84|sample|7|162,0,0,4.39775e-07,0,0,0,0,0,5.71323e-09,0,0,0,True,32.0|162,84
8|84|sample|8|162,0,0,-3.37465e-07,0,0,0,0,0,5.39675e-09,0,0,0,True,32.0|162,84
8|84|sample|12|162,0,0,1.03503e-07,0,0,0,0,0,3.96004e-09,0,0,0,True,22.0|162,84
8|84|sample|11|162,0,0,-1.89492e-07,0,0,0,0,0,-5.55092e-09,0,0,0,True,22.0|162,84
8|84|cc|1|1|162,0,0,-1.0182e-06,0,0,0,0,0,-5.6255e-09,0,0,0,False,69.0|162,84
8|84|cc|2|1|162,0,0,-5.1194e-07,0,0,0,0,0,-1.42491e-09,0,0,0,False,69.0|162,84
8|84|cc|3|1|162,0,0,1.5159e-08,0,0,0,0,0,-1.14122e-08,0,0,0,False,69.0|162,84
8|84|cc|4|1|162,0,0,2.29946e-07,0,0,0,0,0,4.88657e-09,0,0,0,False,69.0|162,84
8|84|cc|5|1|162,0,0,1.32292e-07,0,0,0,0,0,-1.1037e-08,0,0,0,False,69.0|162,84
8|84|cc|6|1|162,0,0,2.69408e-07,0,0,0,0,0,-2.35503e-09,0,0,0,False,69.0|162,84
8|84|cc|7|1|162,0,0,4.42254e-07,0,0,0,0,0,-4.64577e-09,0,0,0,False,69.0|162,84
8|84|cc|8|1|162,0,0,2.73451e-07,0,0,0,0,0,-9.98786e-09,0,0,0,False,69.0|162,84
8|84|vc|1|2|162,0,0,-3.10908e-07,0,0,0,0,0,-1.05573e-08,0,0,0,False,69.0|162,84
8|84|vc|2|2|162,0,0,-4.84457e-07,0,0,0,0,0,2.7071e-09,0,0,0,False,69.0|162,84
8|84|vc|3|2|162,0,0,7.78058e-07,0,0,0,0,0,4.23561e-09,0,0,0,False,69.0|162,84
8|84|vc|4|2|162,0,0,-1.71389e-07,0,0,0,0,0,-1.11478e-08,0,0,0,False,69.0|162,84
8|84|vc|5|2|162,0,0,1.64735e-07,0,0,0,0,0,-1.94551e-09,0,0,0,False,69.0|162,84
8|84|vc|6|2|162,0,0,-5.81206e-08,0,0,0,0,0,-2.96122e-09,0,0,0,False,69.0|162,84
8|84|vc|7|2|162,0,0,-5.02606e-07,0,0,0,0,0,-3.76664e-09,0,0,0,False,69.0|162,84
8|84|vc|8|2|162,0,0,3.89807e-07,0,0,0,0,0,-1.03899e-08,0,0,0,False,69.0|162,84
8|1042|sample|8|162,0,0,-4.13777e-07,0,0,0,0,0,1.26769e-08,0,0,0,True,65.0|162,1042
8|1042|sample|7|162,0,0,1.31232e-06,0,0,0,0,0,-3.50556e-09,0,0,0,True,65.0|162,1042
8|1042|sample|6|162,0,0,3.53321e-07,0,0,0,0,0,-4.91418e-09,0,0,0,True,65.0|162,1042
8|1042|sample|5|162,0,0,-4.11379e-07,0,0,0,0,0,1.77462e-09,0,0,0,True,65.0|162,1042
8|1042|sample|12|162,0,0,-2.42502e-07,0,0,0,0,0,6.61322e-09,0,0,0,True,28.0|162,1042
8|1042|sample|11|162,0,0,-6.08584e-07,0,0,0,0,0,-6.76842e-09,0,0,0,True,28.0|162,1042
8|1042|sample|9|162,0,0,-3.57286e-07,0,0,0,0,0,1.45074e-08,0,0,0,True,28.0|162,1042
8|1042|sample|10|162,0,0,-3.31956e-10,0,0,0,0,0,3.42652e-09,0,0,0,True,28.0|162,1042
8|1042|sample|4|162,0,0,-6.86456e-08,0,0,0,0,0,-6.19757e-09,0,0,0,True,22.0|162,1042
8|1042|sample|3|162,0,0,3.09895e-07,0,0,0,0,0,-5.63641e-09,0,0,0,True,22.0|162,1042
8|1042|cc|1|1|162,0,0,6.24552e-08,0,0,0,0,0,-1.08193e-08,0,0,0,False,69.0|162,1042
8|1042|cc|2|1|162,0,0,4.44577e-07,0,0,0,0,0,-2.32363e-09,0,0,0,False,69.0|162,1042
8|1042|cc|3|1|162,0,0,3.74054e-07,0,0,0,0,0,-2.79163e-09,0,0,0,False,69.0|162,1042
8|1042|cc|4|1|162,0,0,-7.18557e-08,0,0,0,0,0,-5.02049e-09,0,0,0,False,69.0|162,1042
8|1042|cc|5|1|162,0,0,-1.74401e-07,0,0,0,0,0,-2.48353e-09,0,0,0,False,69.0|162,1042
8|1042|cc|6|1|162,0,0,-6.83747e-07,0,0,0,0,0,1.90562e-09,0,0,0,False,69.0|162,1042
8|1042|cc|7|1|162,0,0,1.30274e-07,0,0,0,0,0,1.0296e-08,0,0,0,False,69.0|162,1042
8|1042|cc|8|1|162,0,0,2.44205e-07,0,0,0,0,0,-4.20613e-09,0,0,0,False,69.0|162,1042
8|1042|vc|1|2|162,0,0,2.75382e-07,0,0,0,0,0,3.6192e-09,0,0,0,False,69.0|162,1042
8|1042|vc|2|2|162,0,0,-2.51951e-07,0,0,0,0,0,1.69689e-09,0,0,0,False,69.0|162,1042
8|1042|vc|3|2|162,0,0,-5.50288e-07,0,0,0,0,0,-4.74539e-09,0,0,0,False,69.0|162,1042
8|1042|vc|4|2|162,0,0,-2.89678e-07,0,0,0,0,0,1.06732e-08,0,0,0,False,69.0|162,1042
8|1042|vc|5|2|162,0,0,-4.73163e-07,0,0,0,0,0,2.32552e-09,0,0,0,False,69.0|162,1042
8|1042|vc|6|2|162,0,0,3.96855e-07,0,0,0,0,0,-3.34189e-09,0,0,0,False,69.0|162,1042
8|1042|vc|7|2|162,0,0,-5.13356e-07,0,0,0,0,0,-2.84013e-09,0,0,0,False,69.0|162,1042
8|1042|vc|8|2|162,0,0,8.64459e-08,0,0,0,0,0,-1.01801e-08,0,0,0,False,69.0|162,1042
8|719|sample|5|274,0,0,1.21271e-06,0,0,0,0,0,-4.09027e-09,0,0,0,True,55.0|274,719
8|719|sample|6|274,0,0,4.32886e-07,0,0,0,0,0,-1.05746e-09,0,0,0,True,55.0|274,719
8|719|sample|3|274,0,0,-1.08542e-06,0,0,0,0,0,5.85048e-09,0,0,0,True,55.0|274,719
8|719|sample|4|274,0,0,-6.08386e-07,0,0,0,0,0,-3.02295e-09,0,0,0,True,55.0|274,719
8|719|sample|10|274,0,0,5.77478e-07,0,0,0,0,0,2.02628e-09,0,0,0,True,32.0|274,719
8|719|sample|9|274,0,0,-7.76917e-07,0,0,0,0,0,-2.92775e-09,0,0,0,True,32.0|274,719
8|719|sample|8|274,0,0,-7.88308e-07,0,0,0,0,0,-2.97906e-09,0,0,0,True,32.0|274,719
8|719|sample|7|274,0,0,3.24372e-07,0,0,0,0,0,-1.60306e-09,0,0,0,True,32.0|274,719
8|719|sample|12|274,0,0,3.30672e-08,0,0,0,0,0,-1.44513e-08,0,0,0,True,22.0|274,719
8|719|sample|11|274,0,0,4.66716e-07,0,0,0,0,0,-5.45444e-09,0,0,0,True,22.0|274,719
8|719|cc|1|1|274,0,0,3.29071e-07,0,0,0,0,0,1.37919e-09,0,0,0,False,69.0|274,719
8|719|cc|2|1|274,0,0,2.75371e-07,0,0,0,0,0,3.08666e-09,0,0,0,False,69.0|274,719
8|719|cc|3|1|274,0,0,1.07979e-07,0,0,0,0,0,1.91471e-09,0,0,0,False,69.0|274,719
8|719|cc|4|1|274,0,0,2.23952e-07,0,0,0,0,0,-6.77714e-09,0,0,0,False,69.0|274,719
8|719|cc|5|1|274,0,0,6.99528e-07,0,0,0,0,0,-2.16055e-09,0,0,0,False,69.0|274,719
8|719|cc|6|1|274,0,0,-4.80415e-07,0,0,0,0,0,-4.70668e-09,0,0,0,False,69.0|274,719
8|719|cc|7|1|274,0,0,4.61543e-08,0,0,0,0,0,-4.50262e-09,0,0,0,False,69.0|274,719
8|719|cc|8|1|274,0,0,1.10318e-07,0,0,0,0,0,4.2537e-09,0,0,0,False,69.0|274,719
8|719|vc|1|2|274,0,0,-1.07811e-06,0,0,0,0,0,-6.78203e-09,0,0,0,False,69.0|274,719
8|719|vc|2|2|274,0,0,2.80306e-08,0,0,0,0,0,5.07721e-09,0,0,0,False,69.0|274,719
8|719|vc|3|2|274,0,0,-3.02744e-08,0,0,0,0,0,2.17904e-09,0,0,0,False,69.0|274,719
8|719|vc|4|2|274,0,0,-6.17275e-07,0,0,0,0,0,-3.04876e-09,0,0,0,False,69.0|274,719
8|719|vc|5|2|274,0,0,1.32018e-07,0,0,0,0,0,-1.74888e-09,0,0,0,False,69.0|274,719
8|719|vc|6|2|274,0,0,1.54029e-07,0,0,0,0,0,6.40975e-09,0,0,0,False,69.0|274,719
8|719|vc|7|2|274,0,0,-4.48393e-08,0,0,0,0,0,-1.23858e-08,0,0,0,False,69.0|274,719
8|719|vc|8|2|274,0,0,2.2641e-07,0,0,0,0,0,-4.31939e-09,0,0,0,False,69.0|274,719
8|863|sample|7|274,0,0,-4.66381e-08,0,0,0,0,0,-4.22279e-09,0,0,0,True,65.0|274,863
8|863|sample|8|274,0,0,7.80549e-07,0,0,0,0,0,4.84719e-09,0,0,0,True,65.0|274,863
8|863|sample|6|274,0,0,-4.01966e-07,0,0,0,0,0,-2.13963e-08,0,0,0,True,65.0|274,863
8|863|sample|5|274,0,0,4.97736e-07,0,0,0,0,0,-5.26014e-09,0,0,0,True,65.0|274,863
8|863|sample|11|274,0,0,6.87298e-07,0,0,0,0,0,1.3653e-09,0,0,0,True,28.0|274,863
8|863|sample|12|274,0,0,-6.04174e-07,0,0,0,0,0,2.69336e-09,0,0,0,True,28.0|274,863
8|863|sample|9|274,0,0,7.75272e-07,0,0,0,0,0,4.09962e-09,0,0,0,True,28.0|274,863
8|863|sample|10|274,0,0,2.71346e-07,0,0,0,0,0,-2.59503e-09,0,0,0,True,28.0|274,863
8|863|sample|3|274,0,0,2.19661e-07,0,0,0,0,0,-3.57577e-09,0,0,0,True,22.0|274,863
8|863|sample|4|274,0,0,-1.19356e-06,0,0,0,0,0,-3.73501e-09,0,0,0,True,22.0|274,863
8|863|cc|1|1|274,0,0,4.09724e-08,0,0,0,0,0,4.16721e-09,0,0,0,False,69.0|274,863
8|863|cc|2|1|274,0,0,7.27246e-08,0,0,0,0,0,-5.63577e-09,0,0,0,False,69.0|274,863
8|863|cc|3|1|274,0,0,3.21046e-08,0,0,0,0,0,-4.70057e-09,0,0,0,False,69.0|274,863
8|863|cc|4|1|274,0,0,2.8158e-07,0,0,0,0,0,-4.55594e-09,0,0,0,False,69.0|274,863
8|863|cc|5|1|274,0,0,6.7836e-08,0,0,0,0,0,3.32734e-09,0,0,0,False,69.0|274,863
8|863|cc|6|1|274,0,0,3.04453e-07,0,0,0,0,0,4.46492e-09,0,0,0,False,69.0|274,863
8|863|cc|7|1|274,0,0,1.10421e-07,0,0,0,0,0,4.3571e-09,0,0,0,False,69.0|274,863
8|863|cc|8|1|274,0,0,-6.06696e-07,0,0,0,0,0,-6.32136e-09,0,0,0,False,69.0|274,863
8|863|vc|1|2|274,0,0,2.23776e-08,0,0,0,0,0,2.71277e-08,0,0,0,False,69.0|274,863
8|863|vc|2|2|274,0,0,9.69171e-07,0,0,0,0,0,4.3001e-09,0,0,0,False,69.0|274,863
8|863|vc|3|2|274,0,0,1.74975e-07,0,0,0,0,0,1.35042e-08,0,0,0,False,69.0|274,863
8|863|vc|4|2|274,0,0,-9.81292e-08,0,0,0,0,0,-3.34296e-09,0,0,0,False,69.0|274,863
8|863|vc|5|2|274,0,0,6.23025e-07,0,0,0,0,0,4.44748e-09,0,0,0,False,69.0|274,863
8|863|vc|6|2|274,0,0,-1.02715e-07,0,0,0,0,0,1.28491e-08,0,0,0,False,69.0|274,863
8|863|vc|7|2|274,0,0,3.27405e-07,0,0,0,0,0,5.51208e-08,0,0,0,False,69.0|274,863
8|863|vc|8|2|274,0,0,-3.68173e-07,0,0,0,0,0,-3.27784e-09,0,0,0,False,69.0|274,863
8|488|sample|6|322,0,0,-1.37956e-07,0,0,0,0,0,-9.32466e-10,0,0,0,True,55.0|322,488
8|488|sample|5|322,0,0,-2.58189e-07,0,0,0,0,0,-2.22142e-09,0,0,0,True,55.0|322,488
8|488|sample|4|322,0,0,-6.45905e-07,0,0,0,0,0,-3.37327e-09,0,0,0,True,55.0|322,488
8|488|sample|3|322,0,0,-5.88412e-07,0,0,0,0,0,-5.35187e-09,0,0,0,True,55.0|322,488
8|488|sample|10|322,0,0,-2.86356e-07,0,0,0,0,0,-3.52409e-09,0,0,0,True,32.0|322,488
8|488|sample|9|322,0,0,4.47606e-07,0,0,0,0,0,3.08963e-09,0,0,0,True,32.0|322,488
8|488|sample|8|322,0,0,-5.98689e-07,0,0,0,0,0,-5.83939e-09,0,0,0,True,32.0|322,488
8|488|sample|7|322,0,0,5.09974e-07,0,0,0,0,0,5.8382e-09,0,0,0,True,32.0|322,488
8|488|sample|11|322,0,0,1.07902e-07,0,0,0,0,0,-1.00927e-08,0,0,0,True,22.0|322,488
8|488|sample|12|322,0,0,-3.73247e-07,0,0,0,0,0,-2.11837e-09,0,0,0,True,22.0|322,488
8|488|cc|1|1|322,0,0,-3.03831e-07,0,0,0,0,0,-3.37189e-09,0,0,0,False,69.0|322,488
8|488|cc|2|1|322,0,0,3.5734e-07,0,0,0,0,0,4.19643e-09,0,0,0,False,69.0|322,488
8|488|cc|3|1|322,0,0,4.23344e-07,0,0,0,0,0,-1.42702e-09,0,0,0,False,69.0|322,488
8|488|cc|4|1|322,0,0,-3.8237e-07,0,0,0,0,0,-1.33003e-09,0,0,0,False,69.0|322,488
8|488|cc|5|1|322,0,0,-2.94103e-09,0,0,0,0,0,2.05385e-09,0,0,0,False,69.0|322,488
8|488|cc|6|1|322,0,0,-5.24267e-07,0,0,0,0,0,-2.86482e-07,0,0,0,False,69.0|322,488
8|488|cc|7|1|322,0,0,-8.38936e-07,0,0,0,0,0,7.68328e-09,0,0,0,False,69.0|322,488
8|488|cc|8|1|322,0,0,2.17326e-07,0,0,0,0,0,7.43733e-09,0,0,0,False,69.0|322,488
8|488|vc|1|2|322,0,0,1.23999e-07,0,0,0,0,0,3.64549e-09,0,0,0,False,69.0|322,488
8|488|vc|2|2|322,0,0,-1.44704e-06,0,0,0,0,0,8.41741e-09,0,0,0,False,69.0|322,488
8|488|vc|3|2|322,0,0,7.64654e-07,0,0,0,0,0,-3.49281e-10,0,0,0,False,69.0|322,488
8|488|vc|4|2|322,0,0,2.71037e-07,0,0,0,0,0,7.42817e-09,0,0,0,False,69.0|322,488
8|488|vc|5|2|322,0,0,6.54025e-07,0,0,0,0,0,-3.53622e-09,0,0,0,False,69.0|322,488
8|488|vc|6|2|322,0,0,2.51324e-07,0,0,0,0,0,-3.33186e-09,0,0,0,False,69.0|322,488
8|488|vc|7|2|322,0,0,4.90955e-08,0,0,0,0,0,3.69566e-10,0,0,0,False,69.0|322,488
8|488|vc|8|2|322,0,0,-1.93188e-07,0,0,0,0,0,8.78299e-09,0,0,0,False,69.0|322,488
8|152|sample|8|322,0,0,6.27918e-07,0,0,0,0,0,-9.13224e-09,0,0,0,True,65.0|322,152
8|152|sample|7|322,0,0,-3.69734e-07,0,0,0,0,0,8.81825e-09,0,0,0,True,65.0|322,152
8|152|sample|6|322,0,0,-7.49433e-07,0,0,0,0,0,-4.13581e-09,0,0,0,True,65.0|322,152
8|152|sample|5|322,0,0,-4.84914e-07,0,0,0,0,0,-2.92082e-09,0,0,0,True,65.0|322,152
8|152|sample|12|322,0,0,6.2513e-07,0,0,0,0,0,4.64904e-09,0,0,0,True,28.0|322,152
8|152|sample|11|322,0,0,2.11268e-07,0,0,0,0,0,-1.40867e-08,0,0,0,True,28.0|322,152
8|152|sample|10|322,0,0,-3.23907e-07,0,0,0,0,0,-1.30198e-08,0,0,0,True,28.0|322,152
8|152|sample|9|322,0,0,-3.97148e-07,0,0,0,0,0,-1.5913e-09,0,0,0,True,28.0|322,152
8|152|sample|3|322,0,0,1.39295e-07,0,0,0,0,0,-4.3832e-10,0,0,0,True,22.0|322,152
8|152|sample|4|322,0,0,1.13131e-07,0,0,0,0,0,-4.86385e-09,0,0,0,True,22.0|322,152
8|152|cc|1|1|322,0,0,4.30141e-07,0,0,0,0,0,-3.5834e-09,0,0,0,False,69.0|322,152
8|152|cc|2|1|322,0,0,-7.79821e-07,0,0,0,0,0,4.12438e-09,0,0,0,False,69.0|322,152
8|152|cc|3|1|322,0,0,3.26785e-07,0,0,0,0,0,-8.45129e-09,0,0,0,False,69.0|322,152
8|152|cc|4|1|322,0,0,1.57754e-07,0,0,0,0,0,1.58651e-09,0,0,0,False,69.0|322,152
8|152|cc|5|1|322,0,0,5.11494e-07,0,0,0,0,0,-2.81254e-09,0,0,0,False,69.0|322,152
8|152|cc|6|1|322,0,0,-6.57976e-09,0,0,0,0,0,-1.58488e-09,0,0,0,False,69.0|322,152
8|152|cc|7|1|322,0,0,4.37991e-07,0,0,0,0,0,4.26597e-09,0,0,0,False,69.0|322,152
8|152|cc|8|1|322,0,0,-5.15755e-07,0,0,0,0,0,8.5407e-09,0,0,0,False,69.0|322,152
8|152|vc|1|2|322,0,0,2.59192e-07,0,0,0,0,0,-4.41737e-09,0,0,0,False,69.0|322,152
8|152|vc|2|2|322,0,0,-5.97151e-07,0,0,0,0,0,-1.22823e-09,0,0,0,False,69.0|322,152
8|152|vc|3|2|322,0,0,1.20087e-07,0,0,0,0,0,7.1361e-08,0,0,0,False,69.0|322,152
8|152|vc|4|2|322,0,0,1.14696e-08,0,0,0,0,0,-1.44239e-09,0,0,0,False,69.0|322,152
8|152|vc|5|2|322,0,0,-9.29263e-07,0,0,0,0,0,6.89099e-09,0,0,0,False,69.0|322,152
8|152|vc|6|2|322,0,0,9.05307e-07,0,0,0,0,0,-2.95215e-09,0,0,0,False,69.0|322,152
8|152|vc|7|2|322,0,0,-4.67305e-07,0,0,0,0,0,3.26946e-09,0,0,0,False,69.0|322,152
8|152|vc|8|2|322,0,0,-4.22518e-07,0,0,0,0,0,3.28903e-09,0,0,0,False,69.0|322,152
8|847|sample|6|69,0,0,1.86046e-07,0,0,0,0,0,3.00143e-09,0,0,0,True,55.0|69,847
8|847|sample|3|69,0,0,1.58115e-07,0,0,0,0,0,-2.20272e-09,0,0,0,True,55.0|69,847
8|847|sample|4|69,0,0,-1.44101e-06,0,0,0,0,0,-1.04489e-08,0,0,0,True,55.0|69,847
8|847|sample|10|69,0,0,-9.39692e-07,0,0,0,0,0,-2.25257e-09,0,0,0,True,32.0|69,847
8|847|sample|9|69,0,0,-2.75506e-07,0,0,0,0,0,9.66338e-09,0,0,0,True,32.0|69,847
8|847|sample|7|69,0,0,-7.90184e-07,0,0,0,0,0,8.89481e-09,0,0,0,True,32.0|69,847
8|847|sample|8|69,0,0,1.91851e-07,0,0,0,0,0,2.64138e-09,0,0,0,True,32.0|69,847
8|847|sample|12|69,0,0,-3.44488e-07,0,0,0,0,0,-1.74754e-09,0,0,0,True,22.0|69,847
8|847|sample|11|69,0,0,4.25467e-07,0,0,0,0,0,-1.64914e-09,0,0,0,True,22.0|69,847
8|847|sample|5|69,0,0,2.81333e-07,0,0,0,0,0,-3.98267e-09,0,0,0,True,55.0|69,847
8|847|cc|1|1|69,0,0,2.36097e-07,0,0,0,0,0,-7.24905e-09,0,0,0,False,69.0|69,847
8|847|cc|2|1|69,0,0,-5.12553e-07,0,0,0,0,0,-3.72046e-09,0,0,0,False,69.0|69,847
8|847|cc|3|1|69,0,0,6.56682e-07,0,0,0,0,0,-6.48591e-09,0,0,0,False,69.0|69,847
8|847|cc|4|1|69,0,0,-5.58637e-07,0,0,0,0,0,2.67331e-09,0,0,0,False,69.0|69,847
8|847|cc|5|1|69,0,0,3.48077e-07,0,0,0,0,0,1.72679e-08,0,0,0,False,69.0|69,847
8|847|cc|6|1|69,0,0,3.23504e-08,0,0,0,0,0,1.64072e-08,0,0,0,False,69.0|69,847
8|847|cc|7|1|69,0,0,-1.20315e-06,0,0,0,0,0,-3.36225e-09,0,0,0,False,69.0|69,847
8|847|cc|8|1|69,0,0,-7.17829e-07,0,0,0,0,0,9.13467e-10,0,0,0,False,69.0|69,847
8|847|vc|1|2|69,0,0,-2.03335e-07,0,0,0,0,0,8.12462e-09,0,0,0,False,69.0|69,847
8|847|vc|2|2|69,0,0,-4.22452e-07,0,0,0,0,0,1.64104e-08,0,0,0,False,69.0|69,847
8|847|vc|3|2|69,0,0,7.45238e-07,0,0,0,0,0,3.35331e-09,0,0,0,False,69.0|69,847
8|847|vc|4|2|69,0,0,-4.66879e-07,0,0,0,0,0,6.9689e-09,0,0,0,False,69.0|69,847
8|847|vc|5|2|69,0,0,5.94836e-08,0,0,0,0,0,8.55542e-09,0,0,0,False,69.0|69,847
8|847|vc|6|2|69,0,0,8.52004e-08,0,0,0,0,0,-7.12951e-10,0,0,0,False,69.0|69,847
8|847|vc|7|2|69,0,0,-6.29909e-07,0,0,0,0,0,1.37051e-09,0,0,0,False,69.0|69,847
8|847|vc|8|2|69,0,0,6.92671e-07,0,0,0,0,0,3.26371e-09,0,0,0,False,69.0|69,847
8|1241|sample|8|69,0,0,-3.65454e-07,0,0,0,0,0,1.77171e-08,0,0,0,True,65.0|69,1241
8|1241|sample|7|69,0,0,4.77279e-07,0,0,0,0,0,4.07666e-09,0,0,0,True,65.0|69,1241
8|1241|sample|5|69,0,0,1.33487e-07,0,0,0,0,0,-4.22809e-09,0,0,0,True,65.0|69,1241
8|1241|sample|6|69,0,0,1.32449e-07,0,0,0,0,0,3.56279e-09,0,0,0,True,65.0|69,1241
8|1241|sample|11|69,0,0,-2.85333e-07,0,0,0,0,0,-2.78502e-09,0,0,0,True,28.0|69,1241
8|1241|sample|12|69,0,0,-5.47286e-07,0,0,0,0,0,-2.62788e-09,0,0,0,True,28.0|69,1241
8|1241|sample|9|69,0,0,1.96891e-07,0,0,0,0,0,5.14477e-09,0,0,0,True,28.0|69,1241
8|1241|sample|10|69,0,0,7.63145e-07,0,0,0,0,0,-2.74749e-09,0,0,0,True,28.0|69,1241
8|1241|sample|3|69,0,0,-5.54135e-07,0,0,0,0,0,-6.09215e-11,0,0,0,True,22.0|69,1241
8|1241|sample|4|69,0,0,-3.18044e-07,0,0,0,0,0,-5.4937e-09,0,0,0,True,22.0|69,1241
8|1241|cc|1|1|69,0,0,9.30767e-08,0,0,0,0,0,7.16334e-09,0,0,0,False,69.0|69,1241
8|1241|cc|2|1|69,0,0,7.86623e-07,0,0,0,0,0,1.00656e-09,0,0,0,False,69.0|69,1241
8|1241|cc|3|1|69,0,0,2.26263e-07,0,0,0,0,0,-3.45763e-08,0,0,0,False,69.0|69,1241
8|1241|cc|4|1|69,0,0,4.472e-07,0,0,0,0,0,2.6886e-09,0,0,0,False,69.0|69,1241
8|1241|cc|5|1|69,0,0,1.27639e-06,0,0,0,0,0,9.78863e-10,0,0,0,False,69.0|69,1241
8|1241|cc|6|1|69,0,0,4.62737e-07,0,0,0,0,0,-8.01293e-09,0,0,0,False,69.0|69,1241
8|1241|cc|7|1|69,0,0,-5.45086e-07,0,0,0,0,0,-1.26846e-09,0,0,0,False,69.0|69,1241
8|1241|cc|8|1|69,0,0,3.95536e-07,0,0,0,0,0,3.50236e-09,0,0,0,False,69.0|69,1241
8|1241|vc|1|2|69,0,0,1.64291e-07,0,0,0,0,0,8.40721e-09,0,0,0,False,69.0|69,1241
8|1241|vc|2|2|69,0,0,-1.77042e-07,0,0,0,0,0,1.69255e-08,0,0,0,False,69.0|69,1241
8|1241|vc|3|2|69,0,0,-1.50158e-07,0,0,0,0,0,-8.66833e-09,0,0,0,False,69.0|69,1241
8|1241|vc|4|2|69,0,0,5.09569e-07,0,0,0,0,0,3.83414e-09,0,0,0,False,69.0|69,1241
8|1241|vc|5|2|69,0,0,4.87637e-07,0,0,0,0,0,1.68868e-08,0,0,0,False,69.0|69,1241
8|1241|vc|6|2|69,0,0,-2.53135e-07,0,0,0,0,0,-6.69024e-09,0,0,0,False,69.0|69,1241
8|1241|vc|7|2|69,0,0,3.21385e-07,0,0,0,0,0,8.06866e-09,0,0,0,False,69.0|69,1241
8|1241|vc|8|2|69,0,0,7.66107e-07,0,0,0,0,0,-2.01677e-09,0,0,0,False,69.0|69,1241
8|474|sample|5|276,0,0,7.5159e-07,0,0,0,0,0,-5.29332e-09,0,0,0,True,55.0|276,474
8|474|sample|6|276,0,0,1.06781e-07,0,0,0,0,0,-3.56498e-09,0,0,0,True,55.0|276,474
8|474|sample|3|276,0,0,3.38708e-07,0,0,0,0,0,4.56133e-09,0,0,0,True,55.0|276,474
8|474|sample|4|276,0,0,1.5979e-07,0,0,0,0,0,-2.51561e-08,0,0,0,True,55.0|276,474
8|474|sample|9|276,0,0,-4.0193e-07,0,0,0,0,0,-6.56298e-09,0,0,0,True,32.0|276,474
8|474|sample|10|276,0,0,-1.14444e-07,0,0,0,0,0,7.06269e-09,0,0,0,True,32.0|276,474
8|474|sample|8|276,0,0,5.11744e-07,0,0,0,0,0,1.34615e-08,0,0,0,True,32.0|276,474
8|474|sample|7|276,0,0,-1.17625e-07,0,0,0,0,0,-3.32534e-09,0,0,0,True,32.0|276,474
8|474|sample|12|276,0,0,3.74212e-07,0,0,0,0,0,-5.62313e-09,0,0,0,True,22.0|276,474
8|474|sample|11|276,0,0,-6.36218e-08,0,0,0,0,0,3.42241e-09,0,0,0,True,22.0|276,474
8|474|cc|1|1|276,0,0,-1.64963e-07,0,0,0,0,0,3.42234e-09,0,0,0,False,69.0|276,474
8|474|cc|2|1|276,0,0,-5.76064e-07,0,0,0,0,0,-3.61545e-09,0,0,0,False,69.0|276,474
8|474|cc|3|1|276,0,0,1.57759e-07,0,0,0,0,0,-3.09285e-09,0,0,0,False,69.0|276,474
8|474|cc|4|1|276,0,0,1.32421e-08,0,0,0,0,0,2.04345e-09,0,0,0,False,69.0|276,474
8|474|cc|5|1|276,0,0,5.19871e-07,0,0,0,0,0,5.97127e-08,0,0,0,False,69.0|276,474
8|474|cc|6|1|276,0,0,1.44007e-06,0,0,0,0,0,7.16847e-09,0,0,0,False,69.0|276,474
8|474|cc|7|1|276,0,0,2.49205e-08,0,0,0,0,0,1.37218e-08,0,0,0,False,69.0|276,474
8|474|cc|8|1|276,0,0,6.60517e-07,0,0,0,0,0,5.81004e-09,0,0,0,False,69.0|276,474
8|474|vc|1|2|276,0,0,1.36991e-07,0,0,0,0,0,6.07023e-09,0,0,0,False,69.0|276,474
8|474|vc|2|2|276,0,0,1.59322e-07,0,0,0,0,0,-1.52943e-09,0,0,0,False,69.0|276,474
8|474|vc|3|2|276,0,0,2.54938e-07,0,0,0,0,0,-3.18803e-09,0,0,0,False,69.0|276,474
8|474|vc|4|2|276,0,0,-8.20954e-08,0,0,0,0,0,-3.50227e-09,0,0,0,False,69.0|276,474
8|474|vc|5|2|276,0,0,-1.42755e-07,0,0,0,0,0,3.18171e-09,0,0,0,False,69.0|276,474
8|474|vc|6|2|276,0,0,-1.2302e-07,0,0,0,0,0,-1.44967e-08,0,0,0,False,69.0|276,474
8|474|vc|7|2|276,0,0,1.0373e-07,0,0,0,0,0,2.73987e-09,0,0,0,False,69.0|276,474
8|474|vc|8|2|276,0,0,-5.48638e-07,0,0,0,0,0,-6.11993e-09,0,0,0,False,69.0|276,474
8|1056|sample|8|276,0,0,1.32957e-08,0,0,0,0,0,-2.58037e-09,0,0,0,True,65.0|276,1056
8|1056|sample|7|276,0,0,-7.0739e-08,0,0,0,0,0,4.10273e-09,0,0,0,True,65.0|276,1056
8|1056|sample|6|276,0,0,-1.95957e-07,0,0,0,0,0,-4.47864e-09,0,0,0,True,65.0|276,1056
8|1056|sample|5|276,0,0,3.28308e-07,0,0,0,0,0,1.39959e-09,0,0,0,True,65.0|276,1056
8|1056|sample|12|276,0,0,1.02158e-07,0,0,0,0,0,4.67102e-09,0,0,0,True,28.0|276,1056
8|1056|sample|11|276,0,0,9.31139e-07,0,0,0,0,0,2.1553e-08,0,0,0,True,28.0|276,1056
8|1056|sample|10|276,0,0,3.37524e-07,0,0,0,0,0,-9.00651e-09,0,0,0,True,28.0|276,1056
8|1056|sample|9|276,0,0,2.28647e-07,0,0,0,0,0,-9.60394e-09,0,0,0,True,28.0|276,1056
8|1056|sample|4|276,0,0,-5.45643e-07,0,0,0,0,0,1.3725e-08,0,0,0,True,22.0|276,1056
8|1056|sample|3|276,0,0,7.59466e-07,0,0,0,0,0,-1.42283e-08,0,0,0,True,22.0|276,1056
8|1056|cc|1|1|276,0,0,9.87238e-07,0,0,0,0,0,3.29394e-09,0,0,0,False,69.0|276,1056
8|1056|cc|2|1|276,0,0,-7.87364e-07,0,0,0,0,0,-5.40129e-09,0,0,0,False,69.0|276,1056
8|1056|cc|3|1|276,0,0,-3.89695e-07,0,0,0,0,0,3.16939e-09,0,0,0,False,69.0|276,1056
8|1056|cc|4|1|276,0,0,-6.97205e-07,0,0,0,0,0,-5.03469e-09,0,0,0,False,69.0|276,1056
8|1056|cc|5|1|276,0,0,-4.89101e-07,0,0,0,0,0,-6.44424e-09,0,0,0,False,69.0|276,1056
8|1056|cc|6|1|276,0,0,-1.18746e-08,0,0,0,0,0,6.85732e-09,0,0,0,False,69.0|276,1056
8|1056|cc|7|1|276,0,0,-8.99957e-07,0,0,0,0,0,1.72796e-09,0,0,0,False,69.0|276,1056
8|1056|cc|8|1|276,0,0,4.21784e-07,0,0,0,0,0,6.52166e-09,0,0,0,False,69.0|276,1056
8|1056|vc|1|2|276,0,0,1.59234e-08,0,0,0,0,0,4.72472e-09,0,0,0,False,69.0|276,1056
8|1056|vc|2|2|276,0,0,-8.94056e-07,0,0,0,0,0,-7.33628e-09,0,0,0,False,69.0|276,1056
8|1056|vc|3|2|276,0,0,-3.61978e-07,0,0,0,0,0,-1.40097e-08,0,0,0,False,69.0|276,1056
8|1056|vc|4|2|276,0,0,3.781e-07,0,0,0,0,0,-7.23197e-09,0,0,0,False,69.0|276,1056
8|1056|vc|5|2|276,0,0,1.89801e-07,0,0,0,0,0,-9.81009e-10,0,0,0,False,69.0|276,1056
8|1056|vc|6|2|276,0,0,6.00205e-07,0,0,0,0,0,5.35902e-09,0,0,0,False,69.0|276,1056
8|1056|vc|7|2|276,0,0,7.22601e-07,0,0,0,0,0,-6.9333e-09,0,0,0,False,69.0|276,1056
8|1056|vc|8|2|276,0,0,-1.24572e-07,0,0,0,0,0,1.38819e-08,0,0,0,False,69.0|276,1056
8|462|sample|6|292,0,0,2.61727e-07,0,0,0,0,0,-2.38801e-09,0,0,0,True,55.0|292,462
8|462|sample|5|292,0,0,-2.79625e-07,0,0,0,0,0,-5.22004e-09,0,0,0,True,55.0|292,462
8|462|sample|4|292,0,0,6.63116e-07,0,0,0,0,0,1.23702e-08,0,0,0,True,55.0|292,462
8|462|sample|3|292,0,0,-5.42581e-07,0,0,0,0,0,-5.8207e-09,0,0,0,True,55.0|292,462
8|462|sample|9|292,0,0,2.19762e-07,0,0,0,0,0,-3.93926e-09,0,0,0,True,32.0|292,462
8|462|sample|10|292,0,0,1.34306e-07,0,0,0,0,0,-2.52089e-08,0,0,0,True,32.0|292,462
8|462|sample|7|292,0,0,7.19742e-07,0,0,0,0,0,-4.61151e-09,0,0,0,True,32.0|292,462
8|462|sample|8|292,0,0,2.24302e-07,0,0,0,0,0,-1.22363e-08,0,0,0,True,32.0|292,462
8|462|sample|11|292,0,0,1.63443e-07,0,0,0,0,0,-2.99319e-09,0,0,0,True,22.0|292,462
8|462|sample|12|292,0,0,4.49823e-07,0,0,0,0,0,6.21181e-10,0,0,0,True,22.0|292,462
8|462|cc|1|1|292,0,0,-2.09852e-07,0,0,0,0,0,-3.25784e-09,0,0,0,False,69.0|292,462
8|462|cc|2|1|292,0,0,5.86131e-07,0,0,0,0,0,3.22097e-09,0,0,0,False,69.0|292,462
8|462|cc|3|1|292,0,0,-5.57101e-07,0,0,0,0,0,-3.12566e-09,0,0,0,False,69.0|292,462
8|462|cc|4|1|292,0,0,-2.29265e-07,0,0,0,0,0,-6.88108e-09,0,0,0,False,69.0|292,462
8|462|cc|5|1|292,0,0,3.52667e-07,0,0,0,0,0,6.60831e-09,0,0,0,False,69.0|292,462
8|462|cc|6|1|292,0,0,2.7632e-07,0,0,0,0,0,-6.57813e-09,0,0,0,False,69.0|292,462
8|462|cc|7|1|292,0,0,-2.75248e-08,0,0,0,0,0,5.37853e-09,0,0,0,False,69.0|292,462
8|462|cc|8|1|292,0,0,5.36704e-07,0,0,0,0,0,-1.46253e-08,0,0,0,False,69.0|292,462
8|462|vc|1|2|292,0,0,-2.93152e-07,0,0,0,0,0,-7.60732e-09,0,0,0,False,69.0|292,462
8|462|vc|2|2|292,0,0,2.03143e-07,0,0,0,0,0,-8.05014e-10,0,0,0,False,69.0|292,462
8|462|vc|3|2|292,0,0,3.30468e-07,0,0,0,0,0,1.9911e-10,0,0,0,False,69.0|292,462
8|462|vc|4|2|292,0,0,1.68461e-08,0,0,0,0,0,2.37924e-09,0,0,0,False,69.0|292,462
8|462|vc|5|2|292,0,0,-4.01428e-07,0,0,0,0,0,-5.35295e-09,0,0,0,False,69.0|292,462
8|462|vc|6|2|292,0,0,-4.49057e-08,0,0,0,0,0,3.78776e-09,0,0,0,False,69.0|292,462
8|462|vc|7|2|292,0,0,9.43692e-07,0,0,0,0,0,-2.39075e-09,0,0,0,False,69.0|292,462
8|462|vc|8|2|292,0,0,3.6619e-07,0,0,0,0,0,-3.55419e-09,0,0,0,False,69.0|292,462
8|1159|sample|8|292,0,0,-5.53858e-09,0,0,0,0,0,2.29254e-09,0,0,0,True,65.0|292,1159
8|1159|sample|7|292,0,0,-7.4214e-08,0,0,0,0,0,-8.78903e-09,0,0,0,True,65.0|292,1159
8|1159|sample|5|292,0,0,-1.88595e-07,0,0,0,0,0,-7.98197e-09,0,0,0,True,65.0|292,1159
8|1159|sample|6|292,0,0,3.61045e-07,0,0,0,0,0,4.11461e-09,0,0,0,True,65.0|292,1159
8|1159|sample|11|292,0,0,5.18024e-08,0,0,0,0,0,4.10589e-09,0,0,0,True,28.0|292,1159
8|1159|sample|12|292,0,0,-2.07465e-07,0,0,0,0,0,3.62791e-09,0,0,0,True,28.0|292,1159
8|1159|sample|9|292,0,0,-1.24718e-07,0,0,0,0,0,-8.51389e-09,0,0,0,True,28.0|292,1159
8|1159|sample|10|292,0,0,8.31216e-08,0,0,0,0,0,-7.70644e-09,0,0,0,True,28.0|292,1159
8|1159|sample|4|292,0,0,-3.48567e-07,0,0,0,0,0,-2.49137e-09,0,0,0,True,22.0|292,1159
8|1159|sample|3|292,0,0,-4.70581e-07,0,0,0,0,0,-7.95137e-10,0,0,0,True,22.0|292,1159
8|1159|cc|1|1|292,0,0,-7.78e-08,0,0,0,0,0,2.47359e-09,0,0,0,False,69.0|292,1159
8|1159|cc|2|1|292,0,0,-2.42412e-07,0,0,0,0,0,3.65765e-09,0,0,0,False,69.0|292,1159
8|1159|cc|3|1|292,0,0,1.32995e-07,0,0,0,0,0,-7.7927e-09,0,0,0,False,69.0|292,1159
8|1159|cc|4|1|292,0,0,-1.37531e-07,0,0,0,0,0,5.90264e-09,0,0,0,False,69.0|292,1159
8|1159|cc|5|1|292,0,0,7.67965e-07,0,0,0,0,0,3.46835e-09,0,0,0,False,69.0|292,1159
8|1159|cc|6|1|292,0,0,-2.52857e-07,0,0,0,0,0,-1.46824e-08,0,0,0,False,69.0|292,1159
8|1159|cc|7|1|292,0,0,-2.1331e-07,0,0,0,0,0,-6.71541e-09,0,0,0,False,69.0|292,1159
8|1159|cc|8|1|292,0,0,2.73765e-07,0,0,0,0,0,6.65734e-09,0,0,0,False,69.0|292,1159
8|1159|vc|1|2|292,0,0,-6.3824e-07,0,0,0,0,0,-5.31464e-09,0,0,0,False,69.0|292,1159
8|1159|vc|2|2|292,0,0,-5.46782e-07,0,0,0,0,0,7.19366e-09,0,0,0,False,69.0|292,1159
8|1159|vc|3|2|292,0,0,-2.47486e-07,0,0,0,0,0,6.47866e-09,0,0,0,False,69.0|292,1159
8|1159|vc|4|2|292,0,0,-8.12093e-08,0,0,0,0,0,-9.35734e-10,0,0,0,False,69.0|292,1159
8|1159|vc|5|2|292,0,0,-1.61443e-07,0,0,0,0,0,-2.21857e-09,0,0,0,False,69.0|292,1159
8|1159|vc|6|2|292,0,0,-3.97073e-08,0,0,0,0,0,-6.80393e-09,0,0,0,False,69.0|292,1159
8|1159|vc|7|2|292,0,0,-4.68888e-07,0,0,0,0,0,6.13687e-09,0,0,0,False,69.0|292,1159
8|1159|vc|8|2|292,0,0,-8.57235e-07,0,0,0,0,0,-3.24846e-09,0,0,0,False,69.0|292,1159
8|75|sample|6|65,0,0,-9.24986e-07,0,0,0,0,0,-6.69043e-09,0,0,0,True,55.0|65,75
8|75|sample|5|65,0,0,8.47642e-07,0,0,0,0,0,-3.16219e-09,0,0,0,True,55.0|65,75
8|75|sample|3|65,0,0,3.30853e-09,0,0,0,0,0,4.29337e-09,0,0,0,True,55.0|65,75
8|75|sample|4|65,0,0,-2.29097e-07,0,0,0,0,0,4.85583e-09,0,0,0,True,55.0|65,75
8|75|sample|9|65,0,0,-6.76425e-08,0,0,0,0,0,-3.54806e-09,0,0,0,True,32.0|65,75
8|75|sample|10|65,0,0,1.16024e-07,0,0,0,0,0,6.89548e-09,0,0,0,True,32.0|65,75
8|75|sample|7|65,0,0,-5.23766e-07,0,0,0,0,0,-5.99491e-09,0,0,0,True,32.0|65,75
8|75|sample|8|65,0,0,7.47962e-07,0,0,0,0,0,3.68377e-09,0,0,0,True,32.0|65,75
8|75|sample|12|65,0,0,-1.17706e-07,0,0,0,0,0,-3.62527e-09,0,0,0,True,22.0|65,75
8|75|sample|11|65,0,0,-8.16094e-08,0,0,0,0,0,-2.11835e-09,0,0,0,True,22.0|65,75
8|75|cc|1|1|65,0,0,-1.29729e-07,0,0,0,0,0,3.7024e-09,0,0,0,False,69.0|65,75
8|75|cc|2|1|65,0,0,4.52822e-07,0,0,0,0,0,-2.11821e-09,0,0,0,False,69.0|65,75
8|75|cc|3|1|65,0,0,3.1501e-07,0,0,0,0,0,-3.34437e-09,0,0,0,False,69.0|65,75
8|75|cc|4|1|65,0,0,1.47094e-07,0,0,0,0,0,-3.15359e-09,0,0,0,False,69.0|65,75
8|75|cc|5|1|65,0,0,1.84896e-07,0,0,0,0,0,3.12877e-09,0,0,0,False,69.0|65,75
8|75|cc|6|1|65,0,0,-9.933e-08,0,0,0,0,0,2.58196e-09,0,0,0,False,69.0|65,75
8|75|cc|7|1|65,0,0,4.66279e-07,0,0,0,0,0,-9.67419e-09,0,0,0,False,69.0|65,75
8|75|cc|8|1|65,0,0,5.89656e-07,0,0,0,0,0,8.63557e-09,0,0,0,False,69.0|65,75
8|75|vc|1|2|65,0,0,8.3446e-08,0,0,0,0,0,-3.7616e-09,0,0,0,False,69.0|65,75
8|75|vc|2|2|65,0,0,8.78496e-07,0,0,0,0,0,3.28915e-09,0,0,0,False,69.0|65,75
8|75|vc|3|2|65,0,0,8.91763e-08,0,0,0,0,0,-8.538e-09,0,0,0,False,69.0|65,75
8|75|vc|4|2|65,0,0,2.64937e-08,0,0,0,0,0,2.32591e-09,0,0,0,False,69.0|65,75
8|75|vc|5|2|65,0,0,-5.6031e-08,0,0,0,0,0,3.85433e-09,0,0,0,False,69.0|65,75
8|75|vc|6|2|65,0,0,-1.18521e-06,0,0,0,0,0,-1.11815e-09,0,0,0,False,69.0|65,75
8|75|vc|7|2|65,0,0,-1.15542e-07,0,0,0,0,0,-3.12321e-09,0,0,0,False,69.0|65,75
8|75|vc|8|2|65,0,0,1.23996e-06,0,0,0,0,0,-2.9808e-09,0,0,0,False,69.0|65,75
8|1017|sample|7|65,0,0,-1.17799e-06,0,0,0,0,0,-2.12936e-09,0,0,0,True,65.0|65,1017
8|1017|sample|8|65,0,0,9.04097e-07,0,0,0,0,0,-1.17167e-09,0,0,0,True,65.0|65,1017
8|1017|sample|5|65,0,0,8.01335e-07,0,0,0,0,0,-5.35405e-09,0,0,0,True,65.0|65,1017
8|1017|sample|6|65,0,0,1.54922e-07,0,0,0,0,0,5.43065e-09,0,0,0,True,65.0|65,1017
8|1017|sample|12|65,0,0,-1.13279e-07,0,0,0,0,0,6.09039e-09,0,0,0,True,28.0|65,1017
8|1017|sample|11|65,0,0,-4.85293e-07,0,0,0,0,0,-6.13492e-09,0,0,0,True,28.0|65,1017
8|1017|sample|10|65,0,0,-3.10421e-07,0,0,0,0,0,-3.33658e-09,0,0,0,True,28.0|65,1017
8|1017|sample|9|65,0,0,1.1377e-07,0,0,0,0,0,-1.50629e-09,0,0,0,True,28.0|65,1017
8|1017|sample|4|65,0,0,-1.04325e-06,0,0,0,0,0,-3.8975e-09,0,0,0,True,22.0|65,1017
8|1017|sample|3|65,0,0,1.11192e-06,0,0,0,0,0,-1.93145e-09,0,0,0,True,22.0|65,1017
8|1017|cc|1|1|65,0,0,-7.29693e-07,0,0,0,0,0,2.61651e-09,0,0,0,False,69.0|65,1017
8|1017|cc|2|1|65,0,0,6.18154e-07,0,0,0,0,0,-4.89258e-09,0,0,0,False,69.0|65,1017
8|1017|cc|3|1|65,0,0,-5.65454e-07,0,0,0,0,0,9.25632e-09,0,0,0,False,69.0|65,1017
8|1017|cc|4|1|65,0,0,-1.09064e-06,0,0,0,0,0,9.40436e-09,0,0,0,False,69.0|65,1017
8|1017|cc|5|1|65,0,0,-2.43866e-07,0,0,0,0,0,5.13914e-09,0,0,0,False,69.0|65,1017
8|1017|cc|6|1|65,0,0,9.03695e-09,0,0,0,0,0,-4.62417e-09,0,0,0,False,69.0|65,1017
8|1017|cc|7|1|65,0,0,5.90007e-07,0,0,0,0,0,8.98667e-09,0,0,0,False,69.0|65,1017
8|1017|cc|8|1|65,0,0,-2.36835e-07,0,0,0,0,0,1.66368e-09,0,0,0,False,69.0|65,1017
8|1017|vc|1|2|65,0,0,-2.27406e-07,0,0,0,0,0,-9.92068e-09,0,0,0,False,69.0|65,1017
8|1017|vc|2|2|65,0,0,4.21926e-07,0,0,0,0,0,9.01247e-09,0,0,0,False,69.0|65,1017
8|1017|vc|3|2|65,0,0,-4.74282e-08,0,0,0,0,0,1.95051e-09,0,0,0,False,69.0|65,1017
8|1017|vc|4|2|65,0,0,-6.40134e-07,0,0,0,0,0,-2.38386e-09,0,0,0,False,69.0|65,1017
8|1017|vc|5|2|65,0,0,-5.0076e-07,0,0,0,0,0,-1.01025e-08,0,0,0,False,69.0|65,1017
8|1017|vc|6|2|65,0,0,-1.1806e-07,0,0,0,0,0,4.86521e-09,0,0,0,False,69.0|65,1017
8|1017|vc|7|2|65,0,0,2.61797e-07,0,0,0,0,0,-4.02336e-09,0,0,0,False,69.0|65,1017
8|1017|vc|8|2|65,0,0,3.90079e-07,0,0,0,0,0,-1.82153e-09,0,0,0,False,69.0|65,1017
8|291|sample|6|103,0,0,1.37782e-07,0,0,0,0,0,4.39659e-09,0,0,0,True,55.0|103,291
8|291|sample|5|103,0,0,5.79975e-07,0,0,0,0,0,5.82196e-09,0,0,0,True,55.0|103,291
8|291|sample|4|103,0,0,-2.52092e-07,0,0,0,0,0,3.43395e-09,0,0,0,True,55.0|103,291
8|291|sample|3|103,0,0,-1.16573e-06,0,0,0,0,0,-2.74875e-09,0,0,0,True,55.0|103,291
8|291|sample|9|103,0,0,4.93648e-07,0,0,0,0,0,-4.35083e-09,0,0,0,True,32.0|103,291
8|291|sample|10|103,0,0,-1.67498e-07,0,0,0,0,0,4.39316e-09,0,0,0,True,32.0|103,291
8|291|sample|8|103,0,0,5.82377e-08,0,0,0,0,0,-4.92031e-09,0,0,0,True,32.0|103,291
8|291|sample|7|103,0,0,-2.18126e-07,0,0,0,0,0,-1.09775e-08,0,0,0,True,32.0|103,291
8|291|sample|11|103,0,0,-5.72354e-07,0,0,0,0,0,2.06425e-09,0,0,0,True,22.0|103,291
8|291|sample|12|103,0,0,4.38905e-07,0,0,0,0,0,-5.63261e-09,0,0,0,True,22.0|103,291
8|291|cc|1|1|103,0,0,-3.20442e-07,0,0,0,0,0,-6.63641e-09,0,0,0,False,69.0|103,291
8|291|cc|2|1|103,0,0,7.0672e-07,0,0,0,0,0,-1.86618e-09,0,0,0,False,69.0|103,291
8|291|cc|3|1|103,0,0,1.0316e-07,0,0,0,0,0,2.72142e-09,0,0,0,False,69.0|103,291
8|291|cc|4|1|103,0,0,1.09447e-07,0,0,0,0,0,-1.7433e-08,0,0,0,False,69.0|103,291
8|291|cc|5|1|103,0,0,3.55069e-07,0,0,0,0,0,1.66594e-08,0,0,0,False,69.0|103,291
8|291|cc|6|1|103,0,0,4.60186e-07,0,0,0,0,0,-1.61602e-09,0,0,0,False,69.0|103,291
8|291|cc|7|1|103,0,0,7.00112e-07,0,0,0,0,0,-8.47462e-09,0,0,0,False,69.0|103,291
8|291|cc|8|1|103,0,0,-5.04977e-07,0,0,0,0,0,2.73052e-09,0,0,0,False,69.0|103,291
8|291|vc|1|2|103,0,0,2.56633e-07,0,0,0,0,0,6.36042e-09,0,0,0,False,69.0|103,291
8|291|vc|2|2|103,0,0,1.83922e-07,0,0,0,0,0,4.15979e-09,0,0,0,False,69.0|103,291
8|291|vc|3|2|103,0,0,2.14253e-07,0,0,0,0,0,1.6863e-08,0,0,0,False,69.0|103,291
8|291|vc|4|2|103,0,0,4.25595e-07,0,0,0,0,0,1.66756e-08,0,0,0,False,69.0|103,291
8|291|vc|5|2|103,0,0,-5.43043e-07,0,0,0,0,0,1.40939e-07,0,0,0,False,69.0|103,291
8|291|vc|6|2|103,0,0,-4.64881e-08,0,0,0,0,0,2.90621e-09,0,0,0,False,69.0|103,291
8|291|vc|7|2|103,0,0,-4.91054e-07,0,0,0,0,0,1.66538e-08,0,0,0,False,69.0|103,291
8|291|vc|8|2|103,0,0,-6.12878e-07,0,0,0,0,0,5.94714e-10,0,0,0,False,69.0|103,291
8|1197|sample|7|103,0,0,7.65803e-07,0,0,0,0,0,5.78021e-09,0,0,0,True,65.0|103,1197
8|1197|sample|8|103,0,0,-5.77964e-07,0,0,0,0,0,-3.39893e-09,0,0,0,True,65.0|103,1197
8|1197|sample|6|103,0,0,3.02764e-07,0,0,0,0,0,1.1651e-08,0,0,0,True,65.0|103,1197
8|1197|sample|5|103,0,0,-1.02481e-06,0,0,0,0,0,-5.38608e-09,0,0,0,True,65.0|103,1197
8|1197|sample|12|103,0,0,4.25004e-07,0,0,0,0,0,-1.37877e-09,0,0,0,True,28.0|103,1197
8|1197|sample|10|103,0,0,-1.64275e-07,0,0,0,0,0,-4.16075e-09,0,0,0,True,28.0|103,1197
8|1197|sample|9|103,0,0,-6.60084e-07,0,0,0,0,0,6.55108e-09,0,0,0,True,28.0|103,1197
8|1197|sample|3|103,0,0,1.21774e-07,0,0,0,0,0,-7.03037e-09,0,0,0,True,22.0|103,1197
8|1197|sample|4|103,0,0,-1.69198e-07,0,0,0,0,0,3.3789e-09,0,0,0,True,22.0|103,1197
8|1197|sample|11|103,0,0,-7.49936e-08,0,0,0,0,0,5.14413e-09,0,0,0,True,28.0|103,1197
8|1197|cc|1|1|103,0,0,-3.95382e-07,0,0,0,0,0,6.56137e-09,0,0,0,False,69.0|103,1197
8|1197|cc|2|1|103,0,0,-4.10703e-08,0,0,0,0,0,8.32402e-09,0,0,0,False,69.0|103,1197
8|1197|cc|3|1|103,0,0,-3.50786e-07,0,0,0,0,0,-1.72481e-09,0,0,0,False,69.0|103,1197
8|1197|cc|4|1|103,0,0,4.32722e-07,0,0,0,0,0,-2.63861e-09,0,0,0,False,69.0|103,1197
8|1197|cc|5|1|103,0,0,3.73693e-07,0,0,0,0,0,-7.04817e-08,0,0,0,False,69.0|103,1197
8|1197|cc|6|1|103,0,0,8.34317e-07,0,0,0,0,0,2.33871e-09,0,0,0,False,69.0|103,1197
8|1197|cc|7|1|103,0,0,-3.50305e-07,0,0,0,0,0,1.6383e-08,0,0,0,False,69.0|103,1197
8|1197|cc|8|1|103,0,0,1.1155e-08,0,0,0,0,0,7.66696e-09,0,0,0,False,69.0|103,1197
8|1197|vc|1|2|103,0,0,2.25498e-08,0,0,0,0,0,1.43426e-09,0,0,0,False,69.0|103,1197
8|1197|vc|2|2|103,0,0,1.59568e-07,0,0,0,0,0,-2.56755e-09,0,0,0,False,69.0|103,1197
8|1197|vc|3|2|103,0,0,-2.95193e-07,0,0,0,0,0,9.85859e-10,0,0,0,False,69.0|103,1197
8|1197|vc|4|2|103,0,0,-7.45094e-07,0,0,0,0,0,-8.22964e-09,0,0,0,False,69.0|103,1197
8|1197|vc|5|2|103,0,0,-1.78443e-07,0,0,0,0,0,3.15728e-09,0,0,0,False,69.0|103,1197
8|1197|vc|6|2|103,0,0,-1.00041e-07,0,0,0,0,0,2.23552e-09,0,0,0,False,69.0|103,1197
8|1197|vc|7|2|103,0,0,5.00769e-08,0,0,0,0,0,2.52022e-09,0,0,0,False,69.0|103,1197
8|1197|vc|8|2|103,0,0,6.44931e-07,0,0,0,0,0,6.85483e-09,0,0,0,False,69.0|103,1197
8|77|sample|6|218,0,0,-8.40757e-07,0,0,0,0,0,1.75135e-09,0,0,0,True,55.0|218,77
8|77|sample|5|218,0,0,4.9718e-07,0,0,0,0,0,2.60166e-09,0,0,0,True,55.0|218,77
8|77|sample|3|218,0,0,3.63109e-07,0,0,0,0,0,2.58346e-08,0,0,0,True,55.0|218,77
8|77|sample|4|218,0,0,-3.79558e-07,0,0,0,0,0,4.1458e-09,0,0,0,True,55.0|218,77
8|77|sample|9|218,0,0,-2.98919e-07,0,0,0,0,0,1.59551e-09,0,0,0,True,32.0|218,77
8|77|sample|10|218,0,0,-2.3036e-07,0,0,0,0,0,3.37694e-09,0,0,0,True,32.0|218,77
8|77|sample|8|218,0,0,-1.96121e-07,0,0,0,0,0,-4.11972e-09,0,0,0,True,32.0|218,77
8|77|sample|7|218,0,0,6.47076e-08,0,0,0,0,0,-2.05359e-09,0,0,0,True,32.0|218,77
8|77|sample|12|218,0,0,7.43878e-07,0,0,0,0,0,3.62016e-09,0,0,0,True,22.0|218,77
8|77|sample|11|218,0,0,9.10112e-08,0,0,0,0,0,-2.85658e-09,0,0,0,True,22.0|218,77
8|77|cc|1|1|218,0,0,6.20215e-07,0,0,0,0,0,-8.47758e-08,0,0,0,False,69.0|218,77
8|77|cc|2|1|218,0,0,1.01049e-06,0,0,0,0,0,-2.2109e-09,0,0,0,False,69.0|218,77
8|77|cc|3|1|218,0,0,1.55168e-07,0,0,0,0,0,1.93592e-09,0,0,0,False,69.0|218,77
8|77|cc|4|1|218,0,0,-9.27567e-08,0,0,0,0,0,8.66918e-09,0,0,0,False,69.0|218,77
8|77|cc|5|1|218,0,0,2.36565e-07,0,0,0,0,0,-1.55274e-09,0,0,0,False,69.0|218,77
8|77|cc|6|1|218,0,0,1.666e-07,0,0,0,0,0,2.75769e-09,0,0,0,False,69.0|218,77
8|77|cc|7|1|218,0,0,-2.9694e-07,0,0,0,0,0,-4.52069e-09,0,0,0,False,69.0|218,77
8|77|cc|8|1|218,0,0,5.93868e-08,0,0,0,0,0,-8.95926e-09,0,0,0,False,69.0|218,77
8|77|vc|1|2|218,0,0,-2.20216e-08,0,0,0,0,0,5.12903e-09,0,0,0,False,69.0|218,77
8|77|vc|2|2|218,0,0,9.33334e-07,0,0,0,0,0,-5.09358e-09,0,0,0,False,69.0|218,77
8|77|vc|3|2|218,0,0,-7.42228e-07,0,0,0,0,0,-4.15789e-09,0,0,0,False,69.0|218,77
8|77|vc|4|2|218,0,0,-2.92587e-07,0,0,0,0,0,2.10533e-08,0,0,0,False,69.0|218,77
8|77|vc|5|2|218,0,0,-2.80128e-07,0,0,0,0,0,-8.93007e-09,0,0,0,False,69.0|218,77
8|77|vc|6|2|218,0,0,-4.83423e-07,0,0,0,0,0,1.69761e-07,0,0,0,False,69.0|218,77
8|77|vc|7|2|218,0,0,3.48436e-08,0,0,0,0,0,8.94059e-09,0,0,0,False,69.0|218,77
8|77|vc|8|2|218,0,0,2.30395e-07,0,0,0,0,0,2.8876e-09,0,0,0,False,69.0|218,77
8|745|sample|7|218,0,0,3.08051e-07,0,0,0,0,0,3.00103e-09,0,0,0,True,65.0|218,745
8|745|sample|8|218,0,0,2.65748e-07,0,0,0,0,0,-7.36917e-09,0,0,0,True,65.0|218,745
8|745|sample|6|218,0,0,-3.48814e-07,0,0,0,0,0,-1.52065e-08,0,0,0,True,65.0|218,745
8|745|sample|5|218,0,0,5.86893e-07,0,0,0,0,0,-5.55209e-09,0,0,0,True,65.0|218,745
8|745|sample|3|218,0,0,-1.0146e-06,0,0,0,0,0,2.22925e-09,0,0,0,True,22.0|218,745
8|745|sample|11|218,0,0,2.79737e-07,0,0,0,0,0,-2.14087e-09,0,0,0,True,28.0|218,745
8|745|sample|12|218,0,0,-6.34207e-07,0,0,0,0,0,3.94784e-09,0,0,0,True,28.0|218,745
8|745|sample|10|218,0,0,1.40013e-06,0,0,0,0,0,-3.98376e-09,0,0,0,True,28.0|218,745
8|745|sample|9|218,0,0,2.42509e-07,0,0,0,0,0,-1.91491e-08,0,0,0,True,28.0|218,745
8|745|sample|4|218,0,0,-3.25546e-07,0,0,0,0,0,1.75824e-08,0,0,0,True,22.0|218,745
8|745|cc|1|1|218,0,0,-5.54433e-07,0,0,0,0,0,3.25485e-09,0,0,0,False,69.0|218,745
8|745|cc|2|1|218,0,0,5.78522e-07,0,0,0,0,0,8.60478e-10,0,0,0,False,69.0|218,745
8|745|cc|3|1|218,0,0,5.89603e-07,0,0,0,0,0,-9.27993e-09,0,0,0,False,69.0|218,745
8|745|cc|4|1|218,0,0,2.19121e-07,0,0,0,0,0,2.2242e-09,0,0,0,False,69.0|218,745
8|745|cc|5|1|218,0,0,5.36451e-07,0,0,0,0,0,1.23196e-09,0,0,0,False,69.0|218,745
8|745|cc|6|1|218,0,0,-6.37095e-07,0,0,0,0,0,-5.13171e-09,0,0,0,False,69.0|218,745
8|745|cc|7|1|218,0,0,-2.76471e-07,0,0,0,0,0,-5.27281e-09,0,0,0,False,69.0|218,745
8|745|cc|8|1|218,0,0,-2.52607e-07,0,0,0,0,0,-2.63046e-09,0,0,0,False,69.0|218,745
8|745|vc|1|2|218,0,0,-4.92759e-07,0,0,0,0,0,-9.34676e-09,0,0,0,False,69.0|218,745
8|745|vc|2|2|218,0,0,-1.02264e-07,0,0,0,0,0,-8.37852e-10,0,0,0,False,69.0|218,745
8|745|vc|3|2|218,0,0,7.09702e-07,0,0,0,0,0,4.71099e-09,0,0,0,False,69.0|218,745
8|745|vc|4|2|218,0,0,4.82547e-07,0,0,0,0,0,-1.02287e-08,0,0,0,False,69.0|218,745
8|745|vc|5|2|218,0,0,2.89764e-07,0,0,0,0,0,9.20289e-09,0,0,0,False,69.0|218,745
8|745|vc|6|2|218,0,0,7.2279e-07,0,0,0,0,0,-3.42193e-09,0,0,0,False,69.0|218,745
8|745|vc|7|2|218,0,0,-1.20856e-07,0,0,0,0,0,1.79167e-09,0,0,0,False,69.0|218,745
8|745|vc|8|2|218,0,0,5.57711e-08,0,0,0,0,0,8.64656e-09,0,0,0,False,69.0|218,745
8|322|sample|6|174,0,0,-1.05538e-07,0,0,0,0,0,7.24774e-09,0,0,0,True,55.0|174,322
8|322|sample|5|174,0,0,-4.74866e-07,0,0,0,0,0,1.0516e-09,0,0,0,True,55.0|174,322
8|322|sample|3|174,0,0,3.52948e-07,0,0,0,0,0,3.56596e-09,0,0,0,True,55.0|174,322
8|322|sample|4|174,0,0,-2.51774e-07,0,0,0,0,0,-6.94003e-09,0,0,0,True,55.0|174,322
8|322|sample|10|174,0,0,-6.93848e-07,0,0,0,0,0,4.59937e-09,0,0,0,True,32.0|174,322
8|322|sample|9|174,0,0,5.03093e-07,0,0,0,0,0,2.84304e-09,0,0,0,True,32.0|174,322
8|322|sample|7|174,0,0,2.47584e-07,0,0,0,0,0,-5.51207e-09,0,0,0,True,32.0|174,322
8|322|sample|8|174,0,0,-3.91771e-07,0,0,0,0,0,-2.26579e-09,0,0,0,True,32.0|174,322
8|322|sample|12|174,0,0,8.95305e-07,0,0,0,0,0,5.31647e-09,0,0,0,True,22.0|174,322
8|322|sample|11|174,0,0,-4.07102e-07,0,0,0,0,0,-9.41573e-09,0,0,0,True,22.0|174,322
8|322|cc|1|1|174,0,0,3.2854e-07,0,0,0,0,0,-3.7555e-09,0,0,0,False,69.0|174,322
8|322|cc|2|1|174,0,0,3.62129e-07,0,0,0,0,0,-5.61779e-09,0,0,0,False,69.0|174,322
8|322|cc|3|1|174,0,0,-8.79239e-08,0,0,0,0,0,5.19425e-09,0,0,0,False,69.0|174,322
8|322|cc|4|1|174,0,0,1.8772e-07,0,0,0,0,0,-2.77123e-09,0,0,0,False,69.0|174,322
8|322|cc|5|1|174,0,0,-1.10737e-07,0,0,0,0,0,-5.80177e-09,0,0,0,False,69.0|174,322
8|322|cc|6|1|174,0,0,5.98505e-07,0,0,0,0,0,-5.58294e-09,0,0,0,False,69.0|174,322
8|322|cc|7|1|174,0,0,2.057e-07,0,0,0,0,0,3.39149e-09,0,0,0,False,69.0|174,322
8|322|cc|8|1|174,0,0,-2.56586e-07,0,0,0,0,0,1.97064e-09,0,0,0,False,69.0|174,322
8|322|vc|1|2|174,0,0,4.72695e-07,0,0,0,0,0,-1.40545e-09,0,0,0,False,69.0|174,322
8|322|vc|2|2|174,0,0,-7.25011e-07,0,0,0,0,0,-5.59043e-09,0,0,0,False,69.0|174,322
8|322|vc|3|2|174,0,0,-7.41126e-07,0,0,0,0,0,1.92893e-09,0,0,0,False,69.0|174,322
8|322|vc|4|2|174,0,0,-1.61674e-07,0,0,0,0,0,2.34651e-09,0,0,0,False,69.0|174,322
8|322|vc|5|2|174,0,0,6.93101e-07,0,0,0,0,0,-5.52373e-09,0,0,0,False,69.0|174,322
8|322|vc|6|2|174,0,0,-2.88851e-07,0,0,0,0,0,5.15722e-09,0,0,0,False,69.0|174,322
8|322|vc|7|2|174,0,0,5.11999e-07,0,0,0,0,0,2.44772e-09,0,0,0,False,69.0|174,322
8|322|vc|8|2|174,0,0,8.56073e-07,0,0,0,0,0,3.82677e-09,0,0,0,False,69.0|174,322
8|1043|sample|6|174,0,0,7.51588e-07,0,0,0,0,0,2.04541e-09,0,0,0,True,65.0|174,1043
8|1043|sample|7|174,0,0,5.90974e-07,0,0,0,0,0,-3.83371e-09,0,0,0,True,65.0|174,1043
8|1043|sample|8|174,0,0,4.02679e-08,0,0,0,0,0,2.50808e-09,0,0,0,True,65.0|174,1043
8|1043|sample|5|174,0,0,4.38498e-08,0,0,0,0,0,6.08998e-09,0,0,0,True,65.0|174,1043
8|1043|sample|11|174,0,0,4.16898e-07,0,0,0,0,0,-4.34699e-09,0,0,0,True,28.0|174,1043
8|1043|sample|12|174,0,0,-4.73867e-07,0,0,0,0,0,-7.93236e-10,0,0,0,True,28.0|174,1043
8|1043|sample|10|174,0,0,5.9534e-07,0,0,0,0,0,-4.76824e-09,0,0,0,True,28.0|174,1043
8|1043|sample|9|174,0,0,-1.71664e-07,0,0,0,0,0,-5.21375e-09,0,0,0,True,28.0|174,1043
8|1043|sample|4|174,0,0,1.06182e-08,0,0,0,0,0,-2.41905e-09,0,0,0,True,22.0|174,1043
8|1043|sample|3|174,0,0,2.51983e-07,0,0,0,0,0,-5.26826e-09,0,0,0,True,22.0|174,1043
8|1043|cc|1|1|174,0,0,4.3462e-07,0,0,0,0,0,-4.02882e-09,0,0,0,False,69.0|174,1043
8|1043|cc|2|1|174,0,0,-1.04754e-07,0,0,0,0,0,-1.16355e-08,0,0,0,False,69.0|174,1043
8|1043|cc|3|1|174,0,0,1.26508e-06,0,0,0,0,0,1.10495e-08,0,0,0,False,69.0|174,1043
8|1043|cc|4|1|174,0,0,-5.61349e-07,0,0,0,0,0,4.45031e-09,0,0,0,False,69.0|174,1043
8|1043|cc|5|1|174,0,0,-9.3519e-07,0,0,0,0,0,-3.06242e-09,0,0,0,False,69.0|174,1043
8|1043|cc|6|1|174,0,0,4.8881e-07,0,0,0,0,0,2.89238e-09,0,0,0,False,69.0|174,1043
8|1043|cc|7|1|174,0,0,-5.09234e-07,0,0,0,0,0,-2.51945e-09,0,0,0,False,69.0|174,1043
8|1043|cc|8|1|174,0,0,-1.08318e-06,0,0,0,0,0,2.56419e-09,0,0,0,False,69.0|174,1043
8|1043|vc|1|2|174,0,0,-2.73477e-07,0,0,0,0,0,-3.10298e-09,0,0,0,False,69.0|174,1043
8|1043|vc|2|2|174,0,0,2.49804e-08,0,0,0,0,0,9.44644e-08,0,0,0,False,69.0|174,1043
8|1043|vc|3|2|174,0,0,3.16403e-07,0,0,0,0,0,-4.07551e-09,0,0,0,False,69.0|174,1043
8|1043|vc|4|2|174,0,0,-1.11783e-07,0,0,0,0,0,4.96947e-09,0,0,0,False,69.0|174,1043
8|1043|vc|5|2|174,0,0,5.77306e-07,0,0,0,0,0,-3.14778e-09,0,0,0,False,69.0|174,1043
8|1043|vc|6|2|174,0,0,-3.65567e-07,0,0,0,0,0,1.11605e-08,0,0,0,False,69.0|174,1043
8|1043|vc|7|2|174,0,0,-3.85909e-07,0,0,0,0,0,2.63539e-09,0,0,0,False,69.0|174,1043
8|1043|vc|8|2|174,0,0,-1.06221e-06,0,0,0,0,0,4.71765e-08,0,0,0,False,69.0|174,1043
8|963|sample|6|319,0,0,1.13182e-08,0,0,0,0,0,1.31325e-08,0,0,0,True,55.0|319,963
8|963|sample|5|319,0,0,9.90459e-07,0,0,0,0,0,-2.97022e-09,0,0,0,True,55.0|319,963
8|963|sample|4|319,0,0,-6.45466e-07,0,0,0,0,0,1.91122e-09,0,0,0,True,55.0|319,963
8|963|sample|3|319,0,0,-4.15132e-07,0,0,0,0,0,3.60862e-09,0,0,0,True,55.0|319,963
8|963|sample|10|319,0,0,6.13229e-07,0,0,0,0,0,5.01009e-09,0,0,0,True,32.0|319,963
8|963|sample|9|319,0,0,7.33101e-07,0,0,0,0,0,-3.04657e-08,0,0,0,True,32.0|319,963
8|963|sample|7|319,0,0,8.3294e-07,0,0,0,0,0,7.23488e-09,0,0,0,True,32.0|319,963
8|963|sample|8|319,0,0,-2.80477e-07,0,0,0,0,0,-3.21603e-09,0,0,0,True,32.0|319,963
8|963|sample|11|319,0,0,4.55847e-07,0,0,0,0,0,5.35174e-09,0,0,0,True,22.0|319,963
8|963|sample|12|319,0,0,-1.86702e-07,0,0,0,0,0,-3.67646e-09,0,0,0,True,22.0|319,963
8|963|cc|1|1|319,0,0,-4.25342e-07,0,0,0,0,0,3.2558e-09,0,0,0,False,69.0|319,963
8|963|cc|2|1|319,0,0,5.65472e-07,0,0,0,0,0,-1.88674e-09,0,0,0,False,69.0|319,963
8|963|cc|3|1|319,0,0,5.18434e-07,0,0,0,0,0,3.10281e-09,0,0,0,False,69.0|319,963
8|963|cc|4|1|319,0,0,1.76398e-07,0,0,0,0,0,-4.46946e-09,0,0,0,False,69.0|319,963
8|963|cc|5|1|319,0,0,1.38215e-06,0,0,0,0,0,-2.78266e-09,0,0,0,False,69.0|319,963
8|963|cc|6|1|319,0,0,3.17145e-07,0,0,0,0,0,2.49253e-09,0,0,0,False,69.0|319,963
8|963|cc|7|1|319,0,0,2.11252e-07,0,0,0,0,0,6.54461e-10,0,0,0,False,69.0|319,963
8|963|cc|8|1|319,0,0,4.25881e-07,0,0,0,0,0,7.17308e-09,0,0,0,False,69.0|319,963
8|963|vc|1|2|319,0,0,3.33719e-07,0,0,0,0,0,-3.23158e-09,0,0,0,False,69.0|319,963
8|963|vc|2|2|319,0,0,7.08e-07,0,0,0,0,0,6.856e-09,0,0,0,False,69.0|319,963
8|963|vc|3|2|319,0,0,-2.2695e-08,0,0,0,0,0,4.54756e-09,0,0,0,False,69.0|319,963
8|963|vc|4|2|319,0,0,3.22963e-07,0,0,0,0,0,-6.55494e-09,0,0,0,False,69.0|319,963
8|963|vc|5|2|319,0,0,-4.84422e-07,0,0,0,0,0,3.63542e-09,0,0,0,False,69.0|319,963
8|963|vc|6|2|319,0,0,6.61626e-08,0,0,0,0,0,-3.21745e-09,0,0,0,False,69.0|319,963
8|963|vc|7|2|319,0,0,1.21434e-07,0,0,0,0,0,-2.9704e-08,0,0,0,False,69.0|319,963
8|963|vc|8|2|319,0,0,5.06558e-07,0,0,0,0,0,-1.33987e-09,0,0,0,False,69.0|319,963
8|1260|sample|8|319,0,0,4.73885e-07,0,0,0,0,0,3.93604e-09,0,0,0,True,65.0|319,1260
8|1260|sample|7|319,0,0,-4.65123e-07,0,0,0,0,0,8.14552e-09,0,0,0,True,65.0|319,1260
8|1260|sample|6|319,0,0,4.6192e-07,0,0,0,0,0,-1.62309e-08,0,0,0,True,65.0|319,1260
8|1260|sample|5|319,0,0,2.23687e-07,0,0,0,0,0,7.99613e-09,0,0,0,True,65.0|319,1260
8|1260|sample|11|319,0,0,2.16392e-07,0,0,0,0,0,-3.97641e-09,0,0,0,True,28.0|319,1260
8|1260|sample|12|319,0,0,-2.10131e-07,0,0,0,0,0,-3.01297e-09,0,0,0,True,28.0|319,1260
8|1260|sample|10|319,0,0,1.24192e-07,0,0,0,0,0,1.06951e-08,0,0,0,True,28.0|319,1260
8|1260|sample|9|319,0,0,-7.21799e-07,0,0,0,0,0,-1.69644e-09,0,0,0,True,28.0|319,1260
8|1260|sample|4|319,0,0,-1.00233e-07,0,0,0,0,0,-5.41965e-09,0,0,0,True,22.0|319,1260
8|1260|sample|3|319,0,0,-2.64869e-07,0,0,0,0,0,6.3677e-09,0,0,0,True,22.0|319,1260
8|1260|cc|1|1|319,0,0,5.13024e-07,0,0,0,0,0,5.12549e-09,0,0,0,False,69.0|319,1260
8|1260|cc|2|1|319,0,0,-1.00609e-06,0,0,0,0,0,2.24101e-09,0,0,0,False,69.0|319,1260
8|1260|cc|3|1|319,0,0,-1.61551e-07,0,0,0,0,0,1.43421e-08,0,0,0,False,69.0|319,1260
8|1260|cc|4|1|319,0,0,6.30011e-09,0,0,0,0,0,-3.61984e-09,0,0,0,False,69.0|319,1260
8|1260|cc|5|1|319,0,0,4.6511e-07,0,0,0,0,0,1.80713e-09,0,0,0,False,69.0|319,1260
8|1260|cc|6|1|319,0,0,3.85496e-07,0,0,0,0,0,-3.48184e-09,0,0,0,False,69.0|319,1260
8|1260|cc|7|1|319,0,0,-1.89758e-07,0,0,0,0,0,-1.38653e-08,0,0,0,False,69.0|319,1260
8|1260|cc|8|1|319,0,0,-8.50527e-07,0,0,0,0,0,-5.70865e-09,0,0,0,False,69.0|319,1260
8|1260|vc|1|2|319,0,0,4.73445e-08,0,0,0,0,0,-1.4603e-08,0,0,0,False,69.0|319,1260
8|1260|vc|2|2|319,0,0,-2.92438e-07,0,0,0,0,0,2.37459e-09,0,0,0,False,69.0|319,1260
8|1260|vc|3|2|319,0,0,-7.44913e-07,0,0,0,0,0,3.28262e-09,0,0,0,False,69.0|319,1260
8|1260|vc|4|2|319,0,0,-2.89875e-07,0,0,0,0,0,4.93816e-09,0,0,0,False,69.0|319,1260
8|1260|vc|5|2|319,0,0,-7.98749e-07,0,0,0,0,0,1.47379e-09,0,0,0,False,69.0|319,1260
8|1260|vc|6|2|319,0,0,3.2133e-07,0,0,0,0,0,6.67679e-09,0,0,0,False,69.0|319,1260
8|1260|vc|7|2|319,0,0,-6.13122e-07,0,0,0,0,0,-6.14382e-09,0,0,0,False,69.0|319,1260
8|1260|vc|8|2|319,0,0,-2.81201e-07,0,0,0,0,0,1.36119e-08,0,0,0,False,69.0|319,1260
