id,time,rlu,plate_row,plate_col,binary_vc,binary_cc,binary_sample,U_estimate,L_estimate,alpha_estimate,popPred_medianCOV,popPred,indivPred_SAEM,indivPred_mode,indWRes_SAEM,indWRes_mode
9|411|9|411|sample|4|274|4|274|70.0,0.0457247370827617,53482,1,4,0,0,1,60744.9,910.018,0.183344,33983.2,51057.9,52819,52765.4,0.166674,0.180306
9|411|9|411|sample|4|274|4|274|70.0,0.1371742112482853,45186,2,4,0,0,1,60744.9,910.018,0.183344,18488.3,44088.6,48381.5,48235.8,-0.875205,-0.837765
9|411|9|411|sample|4|274|4|274|70.0,0.411522633744856,36004,3,4,0,0,1,60744.9,910.018,0.183344,5311.57,27653.6,34626.7,34373.7,0.522219,0.622533
9|411|9|411|sample|4|274|4|274|70.0,1.23456790123457,15537,4,4,0,0,1,60744.9,910.018,0.183344,1265.21,10368.3,15746.8,15578.9,-0.16836,-0.0339451
9|411|9|411|sample|4|274|4|274|70.0,3.7037037037037,4302,5,4,0,0,1,60744.9,910.018,0.183344,915.215,2642.64,4209.52,4208.41,0.233616,0.236464
9|411|9|411|sample|4|274|4|274|70.0,11.1111111111111,1258,6,4,0,0,1,60744.9,910.018,0.183344,902.504,1099.98,1303,1318.59,-0.247671,-0.331406
9|411|9|411|sample|4|274|4|274|70.0,33.3333333333333,948,7,4,0,0,1,60744.9,910.018,0.183344,888.423,906.085,922.58,926.123,0.165456,0.142154
9|411|9|411|sample|4|274|4|274|70.0,100,850,8,4,0,0,1,60744.9,910.018,0.183344,849.719,851.148,852.194,852.648,-0.0147817,-0.017832
9|411|9|411|sample|3|274|3|274|70.0,0.0457247370827617,58138,1,3,0,0,1,60744.9,910.018,0.183344,33773.7,50743.1,50079.3,49975.2,2.13406,2.16605
9|411|9|411|sample|3|274|3|274|70.0,0.1371742112482853,40956,2,3,0,0,1,60744.9,910.018,0.183344,18379.3,43828.7,42274.8,42020.6,-0.411996,-0.334531
9|411|9|411|sample|3|274|3|274|70.0,0.411522633744856,25675,3,3,0,0,1,60744.9,910.018,0.183344,5280.74,27493.1,25110.6,24750.7,0.291492,0.484018
9|411|9|411|sample|3|274|3|274|70.0,1.23456790123457,7926,4,3,0,0,1,60744.9,910.018,0.183344,1257.9,10308.4,8550.18,8353.02,-0.87206,-0.608971
9|411|9|411|sample|3|274|3|274|70.0,3.7037037037037,2156,5,3,0,0,1,60744.9,910.018,0.183344,909.93,2627.38,2082.77,2049.21,0.306214,0.451235
9|411|9|411|sample|3|274|3|274|70.0,11.1111111111111,986,6,3,0,0,1,60744.9,910.018,0.183344,897.265,1093.59,1006.04,1004.16,-0.125431,-0.113776
9|411|9|411|sample|3|274|3|274|70.0,33.3333333333333,960,7,3,0,0,1,60744.9,910.018,0.183344,883.185,900.743,890.941,890.97,0.456416,0.456215
9|411|9|411|sample|3|274|3|274|70.0,100,882,8,3,0,0,1,60744.9,910.018,0.183344,844.481,845.901,844.997,845.012,0.25015,0.25005
9|411|9|411|sample|5|274|5|274|70.0,0.002286236854138,55169,1,5,0,0,1,60744.9,910.018,0.183344,54182.2,56525.6,56645.9,56642.5,-0.34668,-0.345893
9|411|9|411|sample|5|274|5|274|70.0,0.0068587105624142,55989,2,5,0,0,1,60744.9,910.018,0.183344,52952.3,58450.4,58817.2,58805.6,-0.639852,-0.637349
9|411|9|411|sample|5|274|5|274|70.0,0.0205761316872428,54885,3,5,0,0,1,60744.9,910.018,0.183344,45839.3,57502.6,58562.5,58525.7,-0.835529,-0.82768
9|411|9|411|sample|5|274|5|274|70.0,0.0617283950617284,49434,4,5,0,0,1,60744.9,910.018,0.183344,31851.6,52735.1,55557.7,55450.9,-1.46502,-1.44218
9|411|9|411|sample|5|274|5|274|70.0,0.1851851851851852,45208,5,5,0,0,1,60744.9,910.018,0.183344,14340.6,41088.8,47266.2,47013.1,-0.576711,-0.508451
9|411|9|411|sample|5|274|5|274|70.0,0.5555555555555556,30556,6,5,0,0,1,60744.9,910.018,0.183344,3420.47,22391.7,30973.6,30608.6,-0.176315,-0.022483
9|411|9|411|sample|5|274|5|274|70.0,1.66666666666667,13064,7,5,0,0,1,60744.9,910.018,0.183344,1031.85,7103.79,12402.2,12228.8,0.662015,0.846344
9|411|9|411|sample|5|274|5|274|70.0,5,2918,8,5,0,0,1,60744.9,910.018,0.183344,853.896,1785.6,3028.77,3043.43,-0.358645,-0.404701
9|411|9|411|sample|6|274|6|274|70.0,0.002286236854138,62015,1,6,0,0,1,60744.9,910.018,0.183344,54221.3,56566.4,56670.2,56664.3,1.25409,1.25559
9|411|9|411|sample|6|274|6|274|70.0,0.0068587105624142,61528,2,6,0,0,1,60744.9,910.018,0.183344,52988.9,58490.8,58807.6,58788.6,0.615547,0.62005
9|411|9|411|sample|6|274|6|274|70.0,0.0205761316872428,61845,3,6,0,0,1,60744.9,910.018,0.183344,45870.5,57541.7,58459.4,58401.2,0.770552,0.784557
9|411|9|411|sample|6|274|6|274|70.0,0.0617283950617284,54318,4,6,0,0,1,60744.9,910.018,0.183344,31873.1,52770.7,55228.1,55066,-0.219004,-0.180518
9|411|9|411|sample|6|274|6|274|70.0,0.1851851851851852,48773,5,6,0,0,1,60744.9,910.018,0.183344,14350.3,41116.5,46579.3,46216.7,0.623514,0.732142
9|411|9|411|sample|6|274|6|274|70.0,0.5555555555555556,29602,6,6,0,0,1,60744.9,910.018,0.183344,3422.8,22406.9,30384.7,29900.7,-0.33669,-0.130504
9|411|9|411|sample|6|274|6|274|70.0,1.66666666666667,12240,7,6,0,0,1,60744.9,910.018,0.183344,1032.57,7108.7,12839.6,12608.1,-0.581055,-0.362687
9|411|9|411|sample|6|274|6|274|70.0,5,3840,8,6,0,0,1,60744.9,910.018,0.183344,854.512,1786.88,3678.38,3681.79,0.453078,0.443199
9|411|9|411|sample|8|274|8|274|70.0,0.0457247370827617,49844,1,8,0,0,1,60744.9,910.018,0.183344,34059,51171.8,51949,51828.5,-0.537819,-0.508187
9|411|9|411|sample|8|274|8|274|70.0,0.1371742112482853,46084,2,8,0,0,1,60744.9,910.018,0.183344,18527.8,44182.7,46030.6,45726.4,0.0153534,0.103488
9|411|9|411|sample|8|274|8|274|70.0,0.411522633744856,29492,3,8,0,0,1,60744.9,910.018,0.183344,5322.73,27711.8,30505.4,30021.3,-0.434223,-0.230337
9|411|9|411|sample|8|274|8|274|70.0,1.23456790123457,12168,4,8,0,0,1,60744.9,910.018,0.183344,1267.85,10390,12247.1,11924.8,-0.0800358,0.252141
9|411|9|411|sample|8|274|8|274|70.0,3.7037037037037,3114,5,8,0,0,1,60744.9,910.018,0.183344,917.129,2648.17,3080.6,3018.97,0.106813,0.308421
9|411|9|411|sample|8|274|8|274|70.0,11.1111111111111,1024,6,8,0,0,1,60744.9,910.018,0.183344,904.4,1102.29,1143.35,1142,-0.702439,-0.694916
9|411|9|411|sample|8|274|8|274|70.0,33.3333333333333,882,7,8,0,0,1,60744.9,910.018,0.183344,890.319,908.019,909.853,910.542,-0.182401,-0.18685
9|411|9|411|sample|8|274|8|274|70.0,100,778,8,8,0,0,1,60744.9,910.018,0.183344,851.616,853.048,853.024,853.143,-0.505168,-0.505941
9|411|9|411|sample|7|274|7|274|70.0,0.0457247370827617,51443,1,7,0,0,1,60744.9,910.018,0.183344,34083.6,51208.7,51770.6,51690.5,-0.0839759,-0.0635326
9|411|9|411|sample|7|274|7|274|70.0,0.1371742112482853,47489,2,7,0,0,1,60744.9,910.018,0.183344,18540.6,44213.2,45508.9,45307,0.575703,0.637158
9|411|9|411|sample|7|274|7|274|70.0,0.411522633744856,28239,3,7,0,0,1,60744.9,910.018,0.183344,5326.35,27730.6,29504.9,29207.5,-0.560131,-0.432716
9|411|9|411|sample|7|274|7|274|70.0,1.23456790123457,11458,4,7,0,0,1,60744.9,910.018,0.183344,1268.71,10397,11253.3,11110.9,0.223699,0.383745
9|411|9|411|sample|7|274|7|274|70.0,3.7037037037037,2676,5,7,0,0,1,60744.9,910.018,0.183344,917.749,2649.96,2677.1,2683.2,-0.00387604,-0.0254148
9|411|9|411|sample|7|274|7|274|70.0,11.1111111111111,1026,6,7,0,0,1,60744.9,910.018,0.183344,905.015,1103.04,1069.26,1078.1,-0.263044,-0.315595
9|411|9|411|sample|7|274|7|274|70.0,33.3333333333333,928,7,7,0,0,1,60744.9,910.018,0.183344,890.934,908.646,901.927,903.376,0.171399,0.16176
9|411|9|411|sample|7|274|7|274|70.0,100,848,8,7,0,0,1,60744.9,910.018,0.183344,852.23,853.663,852.887,853.03,-0.0329083,-0.033868
9|411|9|411|sample|9|274|9|274|70.0,0.002286236854138,52761,1,9,0,0,1,60744.9,910.018,0.183344,54061.5,56399.7,56488,56485.4,-0.877256,-0.876687
9|411|9|411|sample|9|274|9|274|70.0,0.0068587105624142,58591,2,9,0,0,1,60744.9,910.018,0.183344,52839.6,58325.9,58595.6,58586.4,-0.00104232,0.0010391
9|411|9|411|sample|9|274|9|274|70.0,0.0205761316872428,53528,3,9,0,0,1,60744.9,910.018,0.183344,45743.2,57382.1,58162.1,58132,-1.05998,-1.05363
9|411|9|411|sample|9|274|9|274|70.0,0.0617283950617284,55935,4,9,0,0,1,60744.9,910.018,0.183344,31785.2,52625,54702.4,54613.9,0.299406,0.321409
9|411|9|411|sample|9|274|9|274|70.0,0.1851851851851852,49128,5,9,0,0,1,60744.9,910.018,0.183344,14310.7,41003,45541.6,45335.8,1.042,1.10667
9|411|9|411|sample|9|274|9|274|70.0,0.5555555555555556,28450,6,9,0,0,1,60744.9,910.018,0.183344,3413.3,22344.7,28668.8,28391.3,-0.0995087,0.0269699
9|411|9|411|sample|9|274|9|274|70.0,1.66666666666667,10662,7,9,0,0,1,60744.9,910.018,0.183344,1029.66,7088.66,11178.8,11054.2,-0.568284,-0.435612
9|411|9|411|sample|9|274|9|274|70.0,5,3030,8,9,0,0,1,60744.9,910.018,0.183344,851.994,1781.62,2913.04,2917.14,0.389433,0.375405
9|411|9|411|sample|10|274|10|274|70.0,0.002286236854138,53166,1,10,0,0,1,60744.9,910.018,0.183344,53728.3,56052.1,56179,56180.7,-0.713011,-0.713385
9|411|9|411|sample|10|274|10|274|70.0,0.0068587105624142,61628,2,10,0,0,1,60744.9,910.018,0.183344,52528,57982.1,58369.2,58373.1,0.742817,0.74186
9|411|9|411|sample|10|274|10|274|70.0,0.0205761316872428,54148,3,10,0,0,1,60744.9,910.018,0.183344,45477.7,57049,58168.1,58176.5,-0.919449,-0.92124
9|411|9|411|sample|10|274|10|274|70.0,0.0617283950617284,54949,4,10,0,0,1,60744.9,910.018,0.183344,31601.6,52321.1,55307.2,55321.7,-0.0860788,-0.0895334
9|411|9|411|sample|10|274|10|274|70.0,0.1851851851851852,46394,5,10,0,0,1,60744.9,910.018,0.183344,14228,40766.2,47339,47354.6,-0.2644,-0.268675
9|411|9|411|sample|10|274|10|274|70.0,0.5555555555555556,30684,6,10,0,0,1,60744.9,910.018,0.183344,3393.49,22215,31487.5,31489.1,-0.333931,-0.334602
9|411|9|411|sample|10|274|10|274|70.0,1.66666666666667,13846,7,10,0,0,1,60744.9,910.018,0.183344,1023.59,7046.87,12970.9,12964.4,0.840241,0.846837
9|411|9|411|sample|10|274|10|274|70.0,5,3124,8,10,0,0,1,60744.9,910.018,0.183344,846.742,1770.64,3244.76,3245.94,-0.371828,-0.37536
9|411|9|411|sample|12|274|12|274|70.0,0.0457247370827617,47309,1,12,0,0,1,60744.9,910.018,0.183344,31651.4,47554.5,47425.6,47314.1,-0.0325769,-0.00141538
9|411|9|411|sample|12|274|12|274|70.0,0.1371742112482853,39899,2,12,0,0,1,60744.9,910.018,0.183344,17275,41195.2,40952,40694.1,-0.339297,-0.25776
9|411|9|411|sample|12|274|12|274|70.0,0.411522633744856,26409,3,12,0,0,1,60744.9,910.018,0.183344,4968.4,25867,25676.6,25353.3,0.370304,0.540271
9|411|9|411|sample|12|274|12|274|70.0,1.23456790123457,9114,4,12,0,0,1,60744.9,910.018,0.183344,1183.88,9701.76,9801.34,9686.78,-0.85072,-0.716415
9|411|9|411|sample|12|274|12|274|70.0,3.7037037037037,2878,5,12,0,0,1,60744.9,910.018,0.183344,856.381,2472.76,2607.47,2630.22,0.973806,0.886569
9|411|9|411|sample|12|274|12|274|70.0,11.1111111111111,968,6,12,0,0,1,60744.9,910.018,0.183344,844.195,1028.91,1069.83,1085.67,-0.619085,-0.710327
9|411|9|411|sample|12|274|12|274|70.0,33.3333333333333,796,7,12,0,0,1,60744.9,910.018,0.183344,830.119,846.622,853.539,857.067,-0.387339,-0.410366
9|411|9|411|sample|12|274|12|274|70.0,100,796,8,12,0,0,1,60744.9,910.018,0.183344,791.415,792.746,793.618,794.155,0.0165239,0.0127993
9|411|9|411|sample|11|274|11|274|70.0,0.0457247370827617,54260,1,11,0,0,1,60744.9,910.018,0.183344,33203,49885.8,50364.2,50394.3,1.02597,1.01745
9|411|9|411|sample|11|274|11|274|70.0,0.1371742112482853,45084,2,11,0,0,1,60744.9,910.018,0.183344,18082.4,43120.6,44303.5,44350.3,0.232937,0.218751
9|411|9|411|sample|11|274|11|274|70.0,0.411522633744856,27045,3,11,0,0,1,60744.9,910.018,0.183344,5196.76,27055.9,29015.9,29040.7,-0.886223,-0.896638
9|411|9|411|sample|11|274|11|274|70.0,1.23456790123457,12392,4,11,0,0,1,60744.9,910.018,0.183344,1238,10145.3,11764.3,11733.1,0.658894,0.693391
9|411|9|411|sample|11|274|11|274|70.0,3.7037037037037,3032,5,11,0,0,1,60744.9,910.018,0.183344,895.532,2585.81,3166.6,3135.61,-0.421931,-0.327132
9|411|9|411|sample|11|274|11|274|70.0,11.1111111111111,1264,6,11,0,0,1,60744.9,910.018,0.183344,882.996,1076.2,1186.76,1177.49,0.446209,0.501729
9|411|9|411|sample|11|274|11|274|70.0,33.3333333333333,860,7,11,0,0,1,60744.9,910.018,0.183344,868.916,886.191,901.021,899.408,-0.269788,-0.259378
9|411|9|411|sample|11|274|11|274|70.0,100,802,8,11,0,0,1,60744.9,910.018,0.183344,830.213,831.609,833.255,833.042,-0.212539,-0.211111
9|411|9|411|cc|1|1|274|1|274|69.0,0,868,1,1,0,1,0,60744.9,910.018,0.183344,791.411,791.411,791.411,791.411,0.531971,0.531971
9|411|9|411|cc|2|1|274|1|274|69.0,0,912,2,1,0,1,0,60744.9,910.018,0.183344,830.114,830.114,830.114,830.114,0.557714,0.557714
9|411|9|411|cc|3|1|274|1|274|69.0,0,846,3,1,0,1,0,60744.9,910.018,0.183344,844.126,844.126,844.126,844.126,0.0126747,0.0126747
9|411|9|411|cc|4|1|274|1|274|69.0,0,900,4,1,0,1,0,60744.9,910.018,0.183344,848.666,848.666,848.666,848.666,0.346402,0.346402
9|411|9|411|cc|5|1|274|1|274|69.0,0,962,5,1,0,1,0,60744.9,910.018,0.183344,848.666,848.666,848.666,848.666,0.764779,0.764779
9|411|9|411|cc|6|1|274|1|274|69.0,0,886,6,1,0,1,0,60744.9,910.018,0.183344,844.126,844.126,844.126,844.126,0.283206,0.283206
9|411|9|411|cc|7|1|274|1|274|69.0,0,922,7,1,0,1,0,60744.9,910.018,0.183344,830.114,830.114,830.114,830.114,0.625823,0.625823
9|411|9|411|cc|8|1|274|1|274|69.0,0,984,8,1,0,1,0,60744.9,910.018,0.183344,791.411,791.411,791.411,791.411,1.33768,1.33768
9|411|9|411|vc|1|2|274|2|274|69.0,0,57888,1,2,1,0,0,60744.9,910.018,0.183344,55417.5,55417.5,55417.5,55417.5,0.592501,0.592501
9|411|9|411|vc|2|2|274|2|274|69.0,0,57026,2,2,1,0,0,60744.9,910.018,0.183344,58001,58001,58001,58001,-0.223619,-0.223619
9|411|9|411|vc|3|2|274|2|274|69.0,0,62361,3,2,1,0,0,60744.9,910.018,0.183344,58936.3,58936.3,58936.3,58936.3,0.773259,0.773259
9|411|9|411|vc|4|2|274|2|274|69.0,0,58423,4,2,1,0,0,60744.9,910.018,0.183344,59239.4,59239.4,59239.4,59239.4,-0.183401,-0.183401
9|411|9|411|vc|5|2|274|2|274|69.0,0,61789,5,2,1,0,0,60744.9,910.018,0.183344,59239.4,59239.4,59239.4,59239.4,0.57279,0.57279
9|411|9|411|vc|6|2|274|2|274|69.0,0,57424,6,2,1,0,0,60744.9,910.018,0.183344,58936.3,58936.3,58936.3,58936.3,-0.341459,-0.341459
9|411|9|411|vc|7|2|274|2|274|69.0,0,54022,7,2,1,0,0,60744.9,910.018,0.183344,58001,58001,58001,58001,-0.912611,-0.912611
9|411|9|411|vc|8|2|274|2|274|69.0,0,54322,8,2,1,0,0,60744.9,910.018,0.183344,55417.5,55417.5,55417.5,55417.5,-0.262735,-0.262735
8|152|8|152|sample|8|322|8|322|65.0,0.0016767999999999,93531,1,8,0,0,1,96485.2,695.259,0.10151,89609.6,91751.2,91531.2,91499.2,0.292755,0.297543
8|152|8|152|sample|8|322|8|322|65.0,0.0083839999999999,89173,2,8,0,0,1,96485.2,695.259,0.10151,83162.9,90578.5,89797,89692.5,-0.0930959,-0.0775923
8|152|8|152|sample|8|322|8|322|65.0,0.04192,74809,3,8,0,0,1,96485.2,695.259,0.10151,59260.8,80201.6,77855.5,77566.5,-0.523172,-0.475277
8|152|8|152|sample|8|322|8|322|65.0,0.2096,45160,4,8,0,0,1,96485.2,695.259,0.10151,19426.1,52679.9,48323.9,47814.1,-0.86756,-0.735344
8|152|8|152|sample|8|322|8|322|65.0,1.048,15135,5,8,0,0,1,96485.2,695.259,0.10151,1602.21,17437.7,14766.9,14422.7,0.313548,0.62023
8|152|8|152|sample|8|322|8|322|65.0,5.24,2264,6,8,0,0,1,96485.2,695.259,0.10151,696.047,2709.97,2364.07,2292.1,-0.385064,-0.110392
8|152|8|152|sample|8|322|8|322|65.0,26.2,818,7,8,0,0,1,96485.2,695.259,0.10151,686.931,806.926,797.467,790.477,0.142178,0.191257
8|152|8|152|sample|8|322|8|322|65.0,131,656,8,8,0,0,1,96485.2,695.259,0.10151,670.558,675.813,676.31,675.829,-0.149897,-0.146389
8|152|8|152|sample|7|322|7|322|65.0,0.0016767999999999,91095,1,7,0,0,1,96485.2,695.259,0.10151,89644.4,91786.8,91695.2,91596.6,-0.087711,-0.073373
8|152|8|152|sample|7|322|7|322|65.0,0.0083839999999999,90851,2,7,0,0,1,96485.2,695.259,0.10151,83194.4,90612.8,90282.6,89947,0.0843516,0.134643
8|152|8|152|sample|7|322|7|322|65.0,0.04192,78819,3,7,0,0,1,96485.2,695.259,0.10151,59283.1,80231.7,79218.7,78282.3,-0.0674747,0.0916683
8|152|8|152|sample|7|322|7|322|65.0,0.2096,44579,4,7,0,0,1,96485.2,695.259,0.10151,19433.3,52699.6,50746.6,49300.5,-1.61228,-1.26962
8|152|8|152|sample|7|322|7|322|65.0,1.048,16869,5,7,0,0,1,96485.2,695.259,0.10151,1602.81,17444.3,16182.8,15760.2,0.536869,0.889096
8|152|8|152|sample|7|322|7|322|65.0,5.24,2542,6,7,0,0,1,96485.2,695.259,0.10151,696.309,2710.99,2542.89,2676.83,-0.0032687,-0.476573
8|152|8|152|sample|7|322|7|322|65.0,26.2,990,7,7,0,0,1,96485.2,695.259,0.10151,687.191,807.232,802.729,839.035,1.29325,1.02362
8|152|8|152|sample|7|322|7|322|65.0,131,662,8,7,0,0,1,96485.2,695.259,0.10151,670.818,676.075,676.308,680.123,-0.105605,-0.133485
8|152|8|152|sample|6|322|6|322|65.0,0.0004351999999999,97021,1,6,0,0,1,96485.2,695.259,0.10151,91909.5,92648.1,92448.7,92446.6,0.662789,0.663101
8|152|8|152|sample|6|322|6|322|65.0,0.0021759999999999,93823,2,6,0,0,1,96485.2,695.259,0.10151,91031,93718.9,92991.3,92987.2,0.119866,0.120456
8|152|8|152|sample|6|322|6|322|65.0,0.0108799999999999,90270,3,6,0,0,1,96485.2,695.259,0.10151,81318.9,90326.1,87894.3,87890.5,0.361988,0.362573
8|152|8|152|sample|6|322|6|322|65.0,0.0543999999999999,68233,4,6,0,0,1,96485.2,695.259,0.10151,53387,77269.7,70943,70944.5,-0.509992,-0.510269
8|152|8|152|sample|6|322|6|322|65.0,0.2719999999999999,39599,5,6,0,0,1,96485.2,695.259,0.10151,14179.7,46674.6,38630.6,38593.8,0.330225,0.343082
8|152|8|152|sample|6|322|6|322|65.0,1.36,10738,6,6,0,0,1,96485.2,695.259,0.10151,1125.37,13359.3,11542.7,11453,-0.859454,-0.76909
8|152|8|152|sample|6|322|6|322|65.0,6.8,2696,7,6,0,0,1,96485.2,695.259,0.10151,688.218,2000.82,2520.67,2473.93,0.645996,0.828712
8|152|8|152|sample|6|322|6|322|65.0,34,918,8,6,0,0,1,96485.2,695.259,0.10151,670.818,742.551,911.102,899.404,0.0451449,0.122399
8|152|8|152|sample|5|322|5|322|65.0,0.0004351999999999,94324,1,5,0,0,1,96485.2,695.259,0.10151,91873.9,92612.2,92411.8,92401.7,0.277294,0.278792
8|152|8|152|sample|5|322|5|322|65.0,0.0021759999999999,94458,2,5,0,0,1,96485.2,695.259,0.10151,90996.6,93683.5,92951.1,92918.1,0.217271,0.222107
8|152|8|152|sample|5|322|5|322|65.0,0.0108799999999999,93359,3,5,0,0,1,96485.2,695.259,0.10151,81288.4,90292.2,87830.2,87734.1,0.843037,0.858606
8|152|8|152|sample|5|322|5|322|65.0,0.0543999999999999,70654,4,5,0,0,1,96485.2,695.259,0.10151,53367,77240.8,70707.2,70503.3,-0.0100471,0.0285396
8|152|8|152|sample|5|322|5|322|65.0,0.2719999999999999,40370,5,5,0,0,1,96485.2,695.259,0.10151,14174.4,46657.1,37797.6,37619.1,0.895955,0.962529
8|152|8|152|sample|5|322|5|322|65.0,1.36,8986,6,5,0,0,1,96485.2,695.259,0.10151,1124.95,13354.3,10543.4,10542.1,-1.80544,-1.80413
8|152|8|152|sample|5|322|5|322|65.0,6.8,2416,7,5,0,0,1,96485.2,695.259,0.10151,687.957,2000.06,2121.58,2144.68,1.21664,1.11334
8|152|8|152|sample|5|322|5|322|65.0,34,924,8,5,0,0,1,96485.2,695.259,0.10151,670.558,742.263,825.649,831.837,0.671362,0.627167
8|152|8|152|sample|12|322|12|322|28.0,0.0014272,79697,1,12,0,0,1,96485.2,695.259,0.10151,86601.9,86447.1,81601.4,82095.4,-0.31224,-0.390898
8|152|8|152|sample|12|322|12|322|28.0,0.007136,67002,2,12,0,0,1,96485.2,695.259,0.10151,81406.6,83259.4,71553.3,72388.3,-0.849321,-0.993739
8|152|8|152|sample|12|322|12|322|28.0,0.03568,48627,3,12,0,0,1,96485.2,695.259,0.10151,60420.6,70953.7,48991,49816.2,-0.0984747,-0.316544
8|152|8|152|sample|12|322|12|322|28.0,0.1784,20494,4,12,0,0,1,96485.2,695.259,0.10151,22234.3,46659.9,21469.5,21635.7,-0.584909,-0.679561
8|152|8|152|sample|12|322|12|322|28.0,0.892,5710,5,12,0,0,1,96485.2,695.259,0.10151,2000.5,19021.6,5490.04,5314.08,0.448691,0.829548
8|152|8|152|sample|12|322|12|322|28.0,4.46,1250,6,12,0,0,1,96485.2,695.259,0.10151,673.404,4494.96,1319.32,1244.5,-0.37904,0.031011
8|152|8|152|sample|12|322|12|322|28.0,22.3,570,7,12,0,0,1,96485.2,695.259,0.10151,661.468,1126.18,725.641,712.497,-1.11871,-1.03142
8|152|8|152|sample|12|322|12|322|28.0,111.5,678,8,12,0,0,1,96485.2,695.259,0.10151,645.093,686.377,650.509,648.933,0.205785,0.217777
8|152|8|152|sample|11|322|11|322|28.0,0.0014272,86935,1,11,0,0,1,96485.2,695.259,0.10151,88805,88646.3,85673.1,85653.4,0.197201,0.200324
8|152|8|152|sample|11|322|11|322|28.0,0.007136,80844,2,11,0,0,1,96485.2,695.259,0.10151,83426.4,85325.1,77914,77632.7,0.502792,0.553022
8|152|8|152|sample|11|322|11|322|28.0,0.03568,56954,3,11,0,0,1,96485.2,695.259,0.10151,61906.4,72698.5,57617.3,56720.7,-0.153127,0.0546827
8|152|8|152|sample|11|322|11|322|28.0,0.1784,26467,4,11,0,0,1,96485.2,695.259,0.10151,22779.5,47804,27794.3,26622.6,-0.621983,-0.0759956
8|152|8|152|sample|11|322|11|322|28.0,0.892,6328,5,11,0,0,1,96485.2,695.259,0.10151,2049.55,19488,6837.74,6398.65,-0.864629,-0.126799
8|152|8|152|sample|11|322|11|322|28.0,4.46,1324,6,11,0,0,1,96485.2,695.259,0.10151,689.963,4605.49,1282.31,1249.52,0.231439,0.419072
8|152|8|152|sample|11|322|11|322|28.0,22.3,672,7,11,0,0,1,96485.2,695.259,0.10151,677.879,1154.12,709.075,710.164,-0.268847,-0.276578
8|152|8|152|sample|11|322|11|322|28.0,111.5,632,8,11,0,0,1,96485.2,695.259,0.10151,661.504,703.838,662.679,662.905,-0.228121,-0.229774
8|152|8|152|sample|10|322|10|322|28.0,0.0004479999999999,91021,1,10,0,0,1,96485.2,695.259,0.10151,91432.9,91112.4,89427.6,89582.2,0.238684,0.215145
8|152|8|152|sample|10|322|10|322|28.0,0.00224,88793,2,10,0,0,1,96485.2,695.259,0.10151,90497.9,90582.8,86133.7,86401.8,0.413365,0.370565
8|152|8|152|sample|10|322|10|322|28.0,0.0111999999999999,78376,3,10,0,0,1,96485.2,695.259,0.10151,80618.9,84086.4,73634.4,73925.3,0.860216,0.804322
8|152|8|152|sample|10|322|10|322|28.0,0.0559999999999999,50978,4,10,0,0,1,96485.2,695.259,0.10151,52434.3,67631.7,48620.9,48592.7,0.642483,0.650528
8|152|8|152|sample|10|322|10|322|28.0,0.2799999999999999,18817,5,10,0,0,1,96485.2,695.259,0.10151,13587.5,39715.3,19290.1,18900.3,-0.313887,-0.0563695
8|152|8|152|sample|10|322|10|322|28.0,1.4,3464,6,10,0,0,1,96485.2,695.259,0.10151,1084.31,13718.8,4002.49,3802.31,-1.41482,-0.924713
8|152|8|152|sample|10|322|10|322|28.0,7,1220,7,10,0,0,1,96485.2,695.259,0.10151,684.812,2959.65,963.078,934.302,1.64039,1.84915
8|152|8|152|sample|10|322|10|322|28.0,35,690,8,10,0,0,1,96485.2,695.259,0.10151,667.54,912.261,682.089,680.117,0.0582031,0.072789
8|152|8|152|sample|9|322|9|322|28.0,0.0004479999999999,92933,1,9,0,0,1,96485.2,695.259,0.10151,91736.3,91414.8,90048.6,90181.5,0.429122,0.408754
8|152|8|152|sample|9|322|9|322|28.0,0.00224,84649,2,9,0,0,1,96485.2,695.259,0.10151,90791.1,90876.2,87268,87494.7,-0.40189,-0.435548
8|152|8|152|sample|9|322|9|322|28.0,0.0111999999999999,78182,3,9,0,0,1,96485.2,695.259,0.10151,80877.9,84356.5,75825.6,76062.5,0.415328,0.372431
8|152|8|152|sample|9|322|9|322|28.0,0.0559999999999999,55239,4,9,0,0,1,96485.2,695.259,0.10151,52602.2,67848.3,52020.5,51970.2,0.821204,0.834834
8|152|8|152|sample|9|322|9|322|28.0,0.2799999999999999,20004,5,9,0,0,1,96485.2,695.259,0.10151,13631.1,39842.5,22158.3,21793.9,-1.25353,-1.05801
8|152|8|152|sample|9|322|9|322|28.0,1.4,4986,6,9,0,0,1,96485.2,695.259,0.10151,1087.8,13762.9,4929.95,4752.27,0.124849,0.536233
8|152|8|152|sample|9|322|9|322|28.0,7,1028,7,9,0,0,1,96485.2,695.259,0.10151,687.031,2969.24,1081.2,1059.33,-0.321799,-0.191367
8|152|8|152|sample|9|322|9|322|28.0,35,722,8,9,0,0,1,96485.2,695.259,0.10151,669.756,915.289,692.147,691.124,0.218449,0.226061
8|152|8|152|sample|3|322|3|322|22.0,0.0010624,87858,1,3,0,0,1,96485.2,695.259,0.10151,90244,90264.7,89399.5,89335.1,-0.230968,-0.221486
8|152|8|152|sample|3|322|3|322|22.0,0.005312,88455,2,3,0,0,1,96485.2,695.259,0.10151,86315,88093.1,85736,85548.2,0.424591,0.454886
8|152|8|152|sample|3|322|3|322|22.0,0.02656,77137,3,3,0,0,1,96485.2,695.259,0.10151,68184.5,77582.3,72090.6,71653.1,0.934811,1.02196
8|152|8|152|sample|3|322|3|322|22.0,0.1328,46188,4,3,0,0,1,96485.2,695.259,0.10151,30231.2,54531,45541.5,44928.6,0.187837,0.370764
8|152|8|152|sample|3|322|3|322|22.0,0.664,17047,5,3,0,0,1,96485.2,695.259,0.10151,3457,24399.9,17010,16711.4,0.0276053,0.254772
8|152|8|152|sample|3|322|3|322|22.0,3.32,3062,6,3,0,0,1,96485.2,695.259,0.10151,709.967,6042.21,3643.55,3642.45,-1.64207,-1.63933
8|152|8|152|sample|3|322|3|322|22.0,16.6,1382,7,3,0,0,1,96485.2,695.259,0.10151,683.927,1345.24,990.363,1006.47,2.46881,2.34966
8|152|8|152|sample|3|322|3|322|22.0,83,840,8,3,0,0,1,96485.2,695.259,0.10151,667.54,724.52,690.952,694.107,1.09137,1.06646
8|152|8|152|sample|4|322|4|322|22.0,0.0010624,92432,1,4,0,0,1,96485.2,695.259,0.10151,90543.5,90564.3,90195.9,90091,0.332136,0.348107
8|152|8|152|sample|4|322|4|322|22.0,0.005312,90579,2,4,0,0,1,96485.2,695.259,0.10151,86594.7,88378.4,87360.1,87062.1,0.493421,0.540932
8|152|8|152|sample|4|322|4|322|22.0,0.02656,76034,3,4,0,0,1,96485.2,695.259,0.10151,68403.5,77831.5,75331.1,74630.7,0.124698,0.25124
8|152|8|152|sample|4|322|4|322|22.0,0.1328,50378,4,4,0,0,1,96485.2,695.259,0.10151,30328,54705.6,50014.2,48972.9,0.0964739,0.380314
8|152|8|152|sample|4|322|4|322|22.0,0.664,19217,5,4,0,0,1,96485.2,695.259,0.10151,3468.07,24478.1,19492.5,18961.9,-0.181014,0.17203
8|152|8|152|sample|4|322|4|322|22.0,3.32,3728,6,4,0,0,1,96485.2,695.259,0.10151,712.247,6061.61,3849.38,3886.39,-0.328656,-0.425724
8|152|8|152|sample|4|322|4|322|22.0,16.6,1054,7,4,0,0,1,96485.2,695.259,0.10151,686.143,1349.6,932.236,968.518,0.788883,0.544388
8|152|8|152|sample|4|322|4|322|22.0,83,902,8,4,0,0,1,96485.2,695.259,0.10151,669.755,726.925,681.753,686.491,1.62076,1.58183
8|152|8|152|cc|1|1|322|1|322|69.0,0,712,1,1,0,1,0,96485.2,695.259,0.10151,645.088,645.088,645.088,645.088,0.50238,0.50238
8|152|8|152|cc|2|1|322|1|322|69.0,0,712,2,1,0,1,0,96485.2,695.259,0.10151,661.46,661.46,661.46,661.46,0.376056,0.376056
8|152|8|152|cc|3|1|322|1|322|69.0,0,642,3,1,0,1,0,96485.2,695.259,0.10151,667.387,667.387,667.387,667.387,-0.188284,-0.188284
8|152|8|152|cc|4|1|322|1|322|69.0,0,720,4,1,0,1,0,96485.2,695.259,0.10151,669.307,669.307,669.307,669.307,0.375574,0.375574
8|152|8|152|cc|5|1|322|1|322|69.0,0,666,5,1,0,1,0,96485.2,695.259,0.10151,669.307,669.307,669.307,669.307,-0.0245032,-0.0245032
8|152|8|152|cc|6|1|322|1|322|69.0,0,674,6,1,0,1,0,96485.2,695.259,0.10151,667.387,667.387,667.387,667.387,0.0490478,0.0490478
8|152|8|152|cc|7|1|322|1|322|69.0,0,722,7,1,0,1,0,96485.2,695.259,0.10151,661.46,661.46,661.46,661.46,0.450464,0.450464
8|152|8|152|cc|8|1|322|1|322|69.0,0,714,8,1,0,1,0,96485.2,695.259,0.10151,645.088,645.088,645.088,645.088,0.517397,0.517397
8|152|8|152|vc|1|2|322|2|322|69.0,0,94260,1,2,1,0,0,96485.2,695.259,0.10151,91800.2,91800.2,91800.2,91800.2,0.35905,0.35905
8|152|8|152|vc|2|2|322|2|322|69.0,0,95803,2,2,1,0,0,96485.2,695.259,0.10151,94072.2,94072.2,94072.2,94072.2,0.246621,0.246621
8|152|8|152|vc|3|2|322|2|322|69.0,0,99229,3,2,1,0,0,96485.2,695.259,0.10151,94894.7,94894.7,94894.7,94894.7,0.61229,0.61229
8|152|8|152|vc|4|2|322|2|322|69.0,0,96260,4,2,1,0,0,96485.2,695.259,0.10151,95161.2,95161.2,95161.2,95161.2,0.154792,0.154792
8|152|8|152|vc|5|2|322|2|322|69.0,0,93357,5,2,1,0,0,96485.2,695.259,0.10151,95161.2,95161.2,95161.2,95161.2,-0.254168,-0.254168
8|152|8|152|vc|6|2|322|2|322|69.0,0,92328,6,2,1,0,0,96485.2,695.259,0.10151,94894.7,94894.7,94894.7,94894.7,-0.362585,-0.362585
8|152|8|152|vc|7|2|322|2|322|69.0,0,91784,7,2,1,0,0,96485.2,695.259,0.10151,94072.2,94072.2,94072.2,94072.2,-0.32603,-0.32603
8|152|8|152|vc|8|2|322|2|322|69.0,0,89680,8,2,1,0,0,96485.2,695.259,0.10151,91800.2,91800.2,91800.2,91800.2,-0.309484,-0.309484
8|1056|8|1056|sample|8|276|8|276|65.0,0.0016767999999999,118740,1,8,0,0,1,122610,713.746,0.0353313,116602,118741,119377,119305,-0.0717258,-0.0636974
8|1056|8|1056|sample|8|276|8|276|65.0,0.0083839999999999,113636,2,8,0,0,1,122610,713.746,0.0353313,106495,112274,114855,114570,-0.142581,-0.109561
8|1056|8|1056|sample|8|276|8|276|65.0,0.04192,84503,3,8,0,0,1,122610,713.746,0.0353313,75411.6,86046.8,94561,93654,-1.4258,-1.30963
8|1056|8|1056|sample|8|276|8|276|65.0,0.2096,42717,4,8,0,0,1,122610,713.746,0.0353313,24560.7,30491.2,43475.2,42250.3,-0.230501,0.145865
8|1056|8|1056|sample|8|276|8|276|65.0,1.048,4102,5,8,0,0,1,122610,713.746,0.0353313,1868.85,1865.04,4063.81,4010.22,0.0991628,0.240776
8|1056|8|1056|sample|8|276|8|276|65.0,5.24,716,6,8,0,0,1,122610,713.746,0.0353313,716.961,714.571,727.023,730.813,-0.0791706,-0.106183
8|1056|8|1056|sample|8|276|8|276|65.0,26.2,656,7,8,0,0,1,122610,713.746,0.0353313,710.775,710.773,710.779,710.788,-0.396866,-0.396925
8|1056|8|1056|sample|8|276|8|276|65.0,131,828,8,8,0,0,1,122610,713.746,0.0353313,704.923,704.923,704.923,704.923,0.894465,0.894465
8|1056|8|1056|sample|7|276|7|276|65.0,0.0016767999999999,121659,1,7,0,0,1,122610,713.746,0.0353313,116617,118757,119320,119311,0.263464,0.264475
8|1056|8|1056|sample|7|276|7|276|65.0,0.0083839999999999,115654,2,7,0,0,1,122610,713.746,0.0353313,106509,112289,114572,114542,0.126858,0.130413
8|1056|8|1056|sample|7|276|7|276|65.0,0.04192,88699,3,7,0,0,1,122610,713.746,0.0353313,75421.5,86058,93584.4,93499.8,-0.699686,-0.688187
8|1056|8|1056|sample|7|276|7|276|65.0,0.2096,41994,4,7,0,0,1,122610,713.746,0.0353313,24563.9,30495.2,41983.1,41848.7,0.00341729,0.0458525
8|1056|8|1056|sample|7|276|7|276|65.0,1.048,3906,5,7,0,0,1,122610,713.746,0.0353313,1869.09,1865.28,3870.92,3828.69,0.0945795,0.210207
8|1056|8|1056|sample|7|276|7|276|65.0,5.24,700,6,7,0,0,1,122610,713.746,0.0353313,717.054,714.664,728.093,727.396,-0.201667,-0.196735
8|1056|8|1056|sample|7|276|7|276|65.0,26.2,682,7,7,0,0,1,122610,713.746,0.0353313,710.868,710.866,710.876,710.875,-0.209189,-0.209181
8|1056|8|1056|sample|7|276|7|276|65.0,131,978,8,7,0,0,1,122610,713.746,0.0353313,705.016,705.016,705.016,705.016,1.98382,1.98382
8|1056|8|1056|sample|6|276|6|276|65.0,0.0004351999999999,124775,1,6,0,0,1,122610,713.746,0.0353313,119568,120411,120619,120592,0.463106,0.466234
8|1056|8|1056|sample|6|276|6|276|65.0,0.0021759999999999,126207,2,6,0,0,1,122610,713.746,0.0353313,116557,119120,120003,119889,0.694833,0.708218
8|1056|8|1056|sample|6|276|6|276|65.0,0.0108799999999999,119281,3,6,0,0,1,122610,713.746,0.0353313,103520,110156,113664,113221,0.663757,0.718968
8|1056|8|1056|sample|6|276|6|276|65.0,0.0543999999999999,96692,4,6,0,0,1,122610,713.746,0.0353313,67780.4,78668.2,89473.7,88148.9,1.08069,1.298
8|1056|8|1056|sample|6|276|6|276|65.0,0.2719999999999999,31741,5,6,0,0,1,122610,713.746,0.0353313,17877.1,22123.2,35122.2,33755.8,-1.26448,-0.782963
8|1056|8|1056|sample|6|276|6|276|65.0,1.36,2592,6,6,0,0,1,122610,713.746,0.0353313,1264.16,1210.23,2467.08,2495.61,0.46706,0.357578
8|1056|8|1056|sample|6|276|6|276|65.0,6.8,696,7,6,0,0,1,122610,713.746,0.0353313,712.185,711.318,714.744,717.187,-0.135509,-0.152973
8|1056|8|1056|sample|6|276|6|276|65.0,34,792,8,6,0,0,1,122610,713.746,0.0353313,705.016,705.016,705.017,705.02,0.63212,0.632097
8|1056|8|1056|sample|5|276|5|276|65.0,0.0004351999999999,127222,1,5,0,0,1,122610,713.746,0.0353313,119552,120395,120589,120570,0.739321,0.74146
8|1056|8|1056|sample|5|276|5|276|65.0,0.0021759999999999,128464,2,5,0,0,1,122610,713.746,0.0353313,116542,119104,119925,119850,0.956876,0.965928
8|1056|8|1056|sample|5|276|5|276|65.0,0.0108799999999999,127679,3,5,0,0,1,122610,713.746,0.0353313,103506,110142,113395,113105,1.69191,1.73075
8|1056|8|1056|sample|5|276|5|276|65.0,0.0543999999999999,99273,4,5,0,0,1,122610,713.746,0.0353313,67771.6,78658,88567.5,87724.1,1.61896,1.76308
8|1056|8|1056|sample|5|276|5|276|65.0,0.2719999999999999,30808,5,5,0,0,1,122610,713.746,0.0353313,17874.8,22120.4,33447.4,32699.5,-1.03486,-0.757977
8|1056|8|1056|sample|5|276|5|276|65.0,1.36,2194,6,5,0,0,1,122610,713.746,0.0353313,1263.99,1210.08,2078.18,2148.63,0.485021,0.185969
8|1056|8|1056|sample|5|276|5|276|65.0,6.8,672,7,5,0,0,1,122610,713.746,0.0353313,712.091,711.225,712.352,713.493,-0.292098,-0.300176
8|1056|8|1056|sample|5|276|5|276|65.0,34,838,8,5,0,0,1,122610,713.746,0.0353313,704.924,704.923,704.923,704.924,0.967139,0.967135
8|1056|8|1056|sample|12|276|12|276|28.0,0.0014272,103621,1,12,0,0,1,122610,713.746,0.0353313,115625,115622,111422,111334,-0.94021,-0.930333
8|1056|8|1056|sample|12|276|12|276|28.0,0.007136,90392,2,12,0,0,1,122610,713.746,0.0353313,106876,106867,93601.4,93368,-0.459567,-0.427194
8|1056|8|1056|sample|12|276|12|276|28.0,0.03568,45926,3,12,0,0,1,122610,713.746,0.0353313,78812.3,78797.4,50194.9,49798.4,-1.12793,-1.03112
8|1056|8|1056|sample|12|276|12|276|28.0,0.1784,8166,4,12,0,0,1,122610,713.746,0.0353313,28840.4,28831.7,7993.76,7797.73,0.255265,0.557726
8|1056|8|1056|sample|12|276|12|276|28.0,0.892,754,5,12,0,0,1,122610,713.746,0.0353313,2441.28,2441.17,795.599,787.814,-0.28832,-0.235295
8|1056|8|1056|sample|12|276|12|276|28.0,4.46,634,6,12,0,0,1,122610,713.746,0.0353313,711.651,711.659,703.882,703.864,-0.508154,-0.508029
8|1056|8|1056|sample|12|276|12|276|28.0,22.3,642,7,12,0,0,1,122610,713.746,0.0353313,701.679,701.679,701.674,701.674,-0.434437,-0.434437
8|1056|8|1056|sample|12|276|12|276|28.0,111.5,824,8,12,0,0,1,122610,713.746,0.0353313,695.824,695.824,695.824,695.824,0.936083,0.936083
8|1056|8|1056|sample|11|276|11|276|28.0,0.0014272,105151,1,11,0,0,1,122610,713.746,0.0353313,116600,116596,113703,113479,-1.01031,-0.985795
8|1056|8|1056|sample|11|276|11|276|28.0,0.007136,95978,2,11,0,0,1,122610,713.746,0.0353313,107769,107760,98420,97777.7,-0.332761,-0.246822
8|1056|8|1056|sample|11|276|11|276|28.0,0.03568,58120,3,11,0,0,1,122610,713.746,0.0353313,79468.9,79454,57931.6,56833.2,0.0432727,0.301075
8|1056|8|1056|sample|11|276|11|276|28.0,0.1784,10642,4,11,0,0,1,122610,713.746,0.0353313,29080.5,29071.7,11035.9,10685.2,-0.43823,-0.0494981
8|1056|8|1056|sample|11|276|11|276|28.0,0.892,906,5,11,0,0,1,122610,713.746,0.0353313,2461.6,2461.49,848.362,854.937,0.389001,0.3435
8|1056|8|1056|sample|11|276|11|276|28.0,4.46,610,6,11,0,0,1,122610,713.746,0.0353313,717.581,717.589,709.728,709.765,-0.722915,-0.72317
8|1056|8|1056|sample|11|276|11|276|28.0,22.3,712,7,11,0,0,1,122610,713.746,0.0353313,707.543,707.543,707.538,707.538,0.0323837,0.0323839
8|1056|8|1056|sample|11|276|11|276|28.0,111.5,888,8,11,0,0,1,122610,713.746,0.0353313,701.688,701.688,701.688,701.688,1.35638,1.35638
8|1056|8|1056|sample|10|276|10|276|28.0,0.0004479999999999,119885,1,10,0,0,1,122610,713.746,0.0353313,119333,119332,118943,118914,0.106377,0.109739
8|1056|8|1056|sample|10|276|10|276|28.0,0.00224,122847,2,10,0,0,1,122610,713.746,0.0353313,116238,116234,114854,114761,0.934821,0.946548
8|1056|8|1056|sample|10|276|10|276|28.0,0.0111999999999999,100100,3,10,0,0,1,122610,713.746,0.0353313,102946,102935,98569.5,98303.4,0.208236,0.245107
8|1056|8|1056|sample|10|276|10|276|28.0,0.0559999999999999,61989,4,10,0,0,1,122610,713.746,0.0353313,66774.3,66759.1,57308.6,56768.4,1.0862,1.22287
8|1056|8|1056|sample|10|276|10|276|28.0,0.2799999999999999,9934,5,10,0,0,1,122610,713.746,0.0353313,17177.1,17172,10669.8,10288.3,-0.843886,-0.419877
8|1056|8|1056|sample|10|276|10|276|28.0,1.4,774,6,10,0,0,1,122610,713.746,0.0353313,1216.37,1216.45,842.768,823.194,-0.465414,-0.336222
8|1056|8|1056|sample|10|276|10|276|28.0,7,638,7,10,0,0,1,122610,713.746,0.0353313,710.853,710.855,709.768,709.74,-0.520223,-0.520027
8|1056|8|1056|sample|10|276|10|276|28.0,35,822,8,10,0,0,1,122610,713.746,0.0353313,703.845,703.845,703.845,703.845,0.859192,0.859192
8|1056|8|1056|sample|9|276|9|276|28.0,0.0004479999999999,120198,1,9,0,0,1,122610,713.746,0.0353313,119468,119466,119225,119152,0.109655,0.118016
8|1056|8|1056|sample|9|276|9|276|28.0,0.00224,115424,2,9,0,0,1,122610,713.746,0.0353313,116368,116363,115501,115253,-0.00895493,0.0198881
8|1056|8|1056|sample|9|276|9|276|28.0,0.0111999999999999,104040,3,9,0,0,1,122610,713.746,0.0353313,103061,103050,100269,99539.7,0.504521,0.606417
8|1056|8|1056|sample|9|276|9|276|28.0,0.0559999999999999,62803,4,9,0,0,1,122610,713.746,0.0353313,66848.5,66833.2,60489.6,59118.1,0.509183,0.829504
8|1056|8|1056|sample|9|276|9|276|28.0,0.2799999999999999,11416,5,9,0,0,1,122610,713.746,0.0353313,17196.2,17191.1,12223.7,11586,-0.818778,-0.18094
8|1056|8|1056|sample|9|276|9|276|28.0,1.4,788,6,9,0,0,1,122610,713.746,0.0353313,1217.72,1217.8,875.295,865.873,-0.581372,-0.521033
8|1056|8|1056|sample|9|276|9|276|28.0,7,614,7,9,0,0,1,122610,713.746,0.0353313,711.646,711.648,710.56,710.569,-0.699641,-0.6997
8|1056|8|1056|sample|9|276|9|276|28.0,35,832,8,9,0,0,1,122610,713.746,0.0353313,704.637,704.637,704.636,704.636,0.92576,0.92576
8|1056|8|1056|sample|4|276|4|276|22.0,0.0010624,123910,1,4,0,0,1,122610,713.746,0.0353313,117912,120254,120325,120306,0.400374,0.402633
8|1056|8|1056|sample|4|276|4|276|22.0,0.005312,126950,2,4,0,0,1,122610,713.746,0.0353313,110981,118093,118472,118347,0.961648,0.976768
8|1056|8|1056|sample|4|276|4|276|22.0,0.02656,105914,3,4,0,0,1,122610,713.746,0.0353313,87138.4,103843,105623,104978,0.036952,0.119615
8|1056|8|1056|sample|4|276|4|276|22.0,0.1328,55539,4,4,0,0,1,122610,713.746,0.0353313,38469.3,55657.7,60444.3,58776.9,-1.08045,-0.733026
8|1056|8|1056|sample|4|276|4|276|22.0,0.664,6766,5,4,0,0,1,122610,713.746,0.0353313,4247.71,5211.64,6790.18,6573.22,-0.0412634,0.338184
8|1056|8|1056|sample|4|276|4|276|22.0,3.32,686,6,4,0,0,1,122610,713.746,0.0353313,738.378,720.671,726.709,733.272,-0.292443,-0.338412
8|1056|8|1056|sample|4|276|4|276|22.0,16.6,742,7,4,0,0,1,122610,713.746,0.0353313,710.507,710.487,710.487,710.492,0.22834,0.228308
8|1056|8|1056|sample|4|276|4|276|22.0,83,876,8,4,0,0,1,122610,713.746,0.0353313,704.636,704.636,704.636,704.636,1.24558,1.24558
8|1056|8|1056|sample|3|276|3|276|22.0,0.0010624,130132,1,3,0,0,1,122610,713.746,0.0353313,117780,120119,120079,120117,1.12512,1.12058
8|1056|8|1056|sample|3|276|3|276|22.0,0.005312,127154,2,3,0,0,1,122610,713.746,0.0353313,110858,117961,117797,117949,1.06736,1.04872
8|1056|8|1056|sample|3|276|3|276|22.0,0.02656,111063,3,3,0,0,1,122610,713.746,0.0353313,87041.6,103728,103172,103681,1.02624,0.955417
8|1056|8|1056|sample|3|276|3|276|22.0,0.1328,53602,4,3,0,0,1,122610,713.746,0.0353313,38426.6,55595.9,54765.9,55568.3,-0.282381,-0.470318
8|1056|8|1056|sample|3|276|3|276|22.0,0.664,5384,5,3,0,0,1,122610,713.746,0.0353313,4242.99,5205.86,5277.26,5302.68,0.224925,0.170692
8|1056|8|1056|sample|3|276|3|276|22.0,3.32,738,6,3,0,0,1,122610,713.746,0.0353313,737.557,719.87,723.091,721.412,0.107306,0.119501
8|1056|8|1056|sample|3|276|3|276|22.0,16.6,690,7,3,0,0,1,122610,713.746,0.0353313,709.715,709.695,709.696,709.695,-0.142778,-0.142772
8|1056|8|1056|sample|3|276|3|276|22.0,83,842,8,3,0,0,1,122610,713.746,0.0353313,703.845,703.845,703.845,703.845,1.00463,1.00463
8|1056|8|1056|cc|1|1|276|1|276|69.0,0,686,1,1,0,1,0,122610,713.746,0.0353313,695.819,695.819,695.819,695.819,-0.0717126,-0.0717126
8|1056|8|1056|cc|2|1|276|1|276|69.0,0,688,2,1,0,1,0,122610,713.746,0.0353313,701.669,701.669,701.669,701.669,-0.0995139,-0.0995139
8|1056|8|1056|cc|3|1|276|1|276|69.0,0,708,3,1,0,1,0,122610,713.746,0.0353313,703.787,703.787,703.787,703.787,0.0306374,0.0306374
8|1056|8|1056|cc|4|1|276|1|276|69.0,0,700,4,1,0,1,0,122610,713.746,0.0353313,704.473,704.473,704.473,704.473,-0.0325165,-0.0325165
8|1056|8|1056|cc|5|1|276|1|276|69.0,0,734,5,1,0,1,0,122610,713.746,0.0353313,704.473,704.473,704.473,704.473,0.214639,0.214639
8|1056|8|1056|cc|6|1|276|1|276|69.0,0,694,6,1,0,1,0,122610,713.746,0.0353313,703.787,703.787,703.787,703.787,-0.0711699,-0.0711699
8|1056|8|1056|cc|7|1|276|1|276|69.0,0,744,7,1,0,1,0,122610,713.746,0.0353313,701.669,701.669,701.669,701.669,0.308178,0.308178
8|1056|8|1056|cc|8|1|276|1|276|69.0,0,756,8,1,0,1,0,122610,713.746,0.0353313,695.819,695.819,695.819,695.819,0.439506,0.439506
8|1056|8|1056|vc|1|2|276|2|276|69.0,0,125929,1,2,1,0,0,122610,713.746,0.0353313,120538,120538,120538,120538,0.601115,0.601115
8|1056|8|1056|vc|2|2|276|2|276|69.0,0,128067,2,2,1,0,0,122610,713.746,0.0353313,121543,121543,121543,121543,0.721501,0.721501
8|1056|8|1056|vc|3|2|276|2|276|69.0,0,126059,3,2,1,0,0,122610,713.746,0.0353313,121907,121907,121907,121907,0.457853,0.457853
8|1056|8|1056|vc|4|2|276|2|276|69.0,0,129668,4,2,1,0,0,122610,713.746,0.0353313,122024,122024,122024,122024,0.841977,0.841977
8|1056|8|1056|vc|5|2|276|2|276|69.0,0,124889,5,2,1,0,0,122610,713.746,0.0353313,122024,122024,122024,122024,0.315548,0.315548
8|1056|8|1056|vc|6|2|276|2|276|69.0,0,120436,6,2,1,0,0,122610,713.746,0.0353313,121907,121907,121907,121907,-0.162139,-0.162139
8|1056|8|1056|vc|7|2|276|2|276|69.0,0,119889,7,2,1,0,0,122610,713.746,0.0353313,121543,121543,121543,121543,-0.182879,-0.182879
8|1056|8|1056|vc|8|2|276|2|276|69.0,0,107836,8,2,1,0,0,122610,713.746,0.0353313,120538,120538,120538,120538,-1.41626,-1.41626
8|462|8|462|sample|6|292|6|292|55.0,0.0006144,102350,1,6,0,0,1,159668,643.492,0.736861,116919,90736.5,106790,107012,-0.558115,-0.584843
8|462|8|462|sample|6|292|6|292|55.0,0.003072,113884,2,6,0,0,1,159668,643.492,0.736861,137487,92857.2,122055,122408,-0.899841,-0.936075
8|462|8|462|sample|6|292|6|292|55.0,0.01536,121365,3,6,0,0,1,159668,643.492,0.736861,125088,73808.5,115810,116240,0.644391,0.592413
8|462|8|462|sample|6|292|6|292|55.0,0.0768,98102,4,6,0,0,1,159668,643.492,0.736861,73554.6,47790.6,98366.7,98768.7,-0.0360889,-0.0905363
8|462|8|462|sample|6|292|6|292|55.0,0.384,76259,5,6,0,0,1,159668,643.492,0.736861,13901.5,24667.3,74987.2,75229.8,0.226635,0.182819
8|462|8|462|sample|6|292|6|292|55.0,1.92,51729,6,6,0,0,1,159668,643.492,0.736861,865.907,9970.03,50460.5,50465.7,0.333438,0.332036
8|462|8|462|sample|6|292|6|292|55.0,9.6,27657,7,6,0,0,1,159668,643.492,0.736861,589.581,3281.33,29153.3,28974.4,-0.669742,-0.593193
8|462|8|462|sample|6|292|6|292|55.0,48,13804,8,6,0,0,1,159668,643.492,0.736861,479.254,1017.71,13326.2,13119.8,0.447464,0.650118
8|462|8|462|sample|5|292|5|292|55.0,0.0006144,100518,1,5,0,0,1,159668,643.492,0.736861,116493,90405.9,107993,107595,-0.929282,-0.883017
8|462|8|462|sample|5|292|5|292|55.0,0.003072,130424,2,5,0,0,1,159668,643.492,0.736861,137080,92582,124676,123887,0.619834,0.709315
8|462|8|462|sample|5|292|5|292|55.0,0.01536,129379,3,5,0,0,1,159668,643.492,0.736861,124740,73603.6,119979,118734,1.05292,1.20479
8|462|8|462|sample|5|292|5|292|55.0,0.0768,104544,4,5,0,0,1,159668,643.492,0.736861,73354.5,47660.6,103859,102204,0.0885268,0.307217
8|462|8|462|sample|5|292|5|292|55.0,0.384,71521,5,5,0,0,1,159668,643.492,0.736861,13863.7,24600.2,80954.9,79153.8,-1.55892,-1.28958
8|462|8|462|sample|5|292|5|292|55.0,1.92,57664,6,5,0,0,1,159668,643.492,0.736861,863.503,9942.35,55620.5,54105.6,0.488332,0.873668
8|462|8|462|sample|5|292|5|292|55.0,9.6,30300,7,5,0,0,1,159668,643.492,0.736861,587.833,3271.61,32532.4,31628.3,-0.89904,-0.549674
8|462|8|462|sample|5|292|5|292|55.0,48,15085,8,5,0,0,1,159668,643.492,0.736861,477.508,1014.01,14832.7,14519.1,0.214037,0.489671
8|462|8|462|sample|4|292|4|292|55.0,0.000064,104240,1,4,0,0,1,159668,643.492,0.736861,116823,103033,112018,111799,-0.93252,-0.90805
8|462|8|462|sample|4|292|4|292|55.0,0.00032,128947,2,4,0,0,1,159668,643.492,0.736861,142996,116087,133823,133360,-0.490172,-0.445172
8|462|8|462|sample|4|292|4|292|55.0,0.0016,136467,3,4,0,0,1,159668,643.492,0.736861,148790,106740,135589,134778,0.087157,0.168642
8|462|8|462|sample|4|292|4|292|55.0,0.008,138746,4,4,0,0,1,159668,643.492,0.736861,138043,85333.4,126766,125501,1.27072,1.41896
8|462|8|462|sample|4|292|4|292|55.0,0.04,119405,5,4,0,0,1,159668,643.492,0.736861,98584,58123.7,110006,108272,1.14724,1.38045
8|462|8|462|sample|4|292|4|292|55.0,0.2,86679,6,4,0,0,1,159668,643.492,0.736861,32357.9,32102.2,86429.4,84445.7,0.0386672,0.353991
8|462|8|462|sample|4|292|4|292|55.0,1,49742,7,4,0,0,1,159668,643.492,0.736861,2127.74,13553.5,58387.6,56652.2,-1.97007,-1.62188
8|462|8|462|sample|4|292|4|292|55.0,5,30602,8,4,0,0,1,159668,643.492,0.736861,476.869,4053.8,30167.5,29185.1,0.188175,0.633554
8|462|8|462|sample|3|292|3|292|55.0,0.000064,108562,1,3,0,0,1,159668,643.492,0.736861,113139,99784.7,108597,108431,-0.00427527,0.0161885
8|462|8|462|sample|3|292|3|292|55.0,0.00032,130392,2,3,0,0,1,159668,643.492,0.736861,139339,113119,130636,130273,-0.0251395,0.0122495
8|462|8|462|sample|3|292|3|292|55.0,0.0016,132645,3,3,0,0,1,159668,643.492,0.736861,145229,104185,132773,132111,-0.0129227,0.0543582
8|462|8|462|sample|3|292|3|292|55.0,0.008,136907,4,3,0,0,1,159668,643.492,0.736861,134806,83332.5,124529,123443,1.33627,1.46627
8|462|8|462|sample|3|292|3|292|55.0,0.04,113528,5,3,0,0,1,159668,643.492,0.736861,96272.3,56760.8,108620,107014,0.60671,0.817104
8|462|8|462|sample|3|292|3|292|55.0,0.2,82203,6,3,0,0,1,159668,643.492,0.736861,31583.5,31333.9,86127.7,84069.6,-0.610114,-0.297175
8|462|8|462|sample|3|292|3|292|55.0,1,54160,7,3,0,0,1,159668,643.492,0.736861,2073.33,13206.9,59119.4,56968.4,-1.11638,-0.655563
8|462|8|462|sample|3|292|3|292|55.0,5,30876,8,3,0,0,1,159668,643.492,0.736861,461.834,3925.98,31271.5,29655.8,-0.165453,0.537259
8|462|8|462|sample|9|292|9|292|32.0,0.0003648,110763,1,9,0,0,1,159668,643.492,0.736861,115847,116463,112569,112658,-0.215518,-0.225906
8|462|8|462|sample|9|292|9|292|32.0,0.001824,99793,2,9,0,0,1,159668,643.492,0.736861,138702,141402,125034,125405,-2.71409,-2.74593
8|462|8|462|sample|9|292|9|292|32.0,0.00912,104612,3,9,0,0,1,159668,643.492,0.736861,133291,142912,92550.1,93483.9,1.74656,1.59546
8|462|8|462|sample|9|292|9|292|32.0,0.0456,29106,4,9,0,0,1,159668,643.492,0.736861,93777,120006,29110.6,29788,-0.00207371,-0.298995
8|462|8|462|sample|9|292|9|292|32.0,0.228,1898,5,9,0,0,1,159668,643.492,0.736861,28398.6,63931.5,1921.78,1915.6,-0.104651,-0.0775741
8|462|8|462|sample|9|292|9|292|32.0,1.14,602,6,9,0,0,1,159668,643.492,0.736861,1778.77,12472.9,627.466,626.595,-0.193084,-0.186571
8|462|8|462|sample|9|292|9|292|32.0,5.7,556,7,9,0,0,1,159668,643.492,0.736861,585.473,1120.73,583.054,583.052,-0.210341,-0.21033
8|462|8|462|sample|9|292|9|292|32.0,28.5,492,8,9,0,0,1,159668,643.492,0.736861,472.12,481.082,472.882,472.881,0.158661,0.158663
8|462|8|462|sample|10|292|10|292|32.0,0.0003648,102838,1,10,0,0,1,159668,643.492,0.736861,112195,112791,109352,109017,-0.79983,-0.760948
8|462|8|462|sample|10|292|10|292|32.0,0.001824,109527,2,10,0,0,1,159668,643.492,0.736861,135155,137786,123148,121851,-1.48681,-1.3595
8|462|8|462|sample|10|292|10|292|32.0,0.00912,75302,3,10,0,0,1,159668,643.492,0.736861,130101,139491,93474.3,90461,-2.60566,-2.24507
8|462|8|462|sample|10|292|10|292|32.0,0.0456,30834,4,10,0,0,1,159668,643.492,0.736861,91578.1,117192,30605.1,28673,0.0977899,0.982838
8|462|8|462|sample|10|292|10|292|32.0,0.228,1866,5,10,0,0,1,159668,643.492,0.736861,27732.7,62432.4,1826.92,1926.99,0.177427,-0.267887
8|462|8|462|sample|10|292|10|292|32.0,1.14,542,6,10,0,0,1,159668,643.492,0.736861,1736.2,12174.4,609.921,612.982,-0.520078,-0.542583
8|462|8|462|sample|10|292|10|292|32.0,5.7,526,7,10,0,0,1,159668,643.492,0.736861,570.501,1092.07,568.139,568.144,-0.330452,-0.330494
8|462|8|462|sample|10|292|10|292|32.0,28.5,550,8,10,0,0,1,159668,643.492,0.736861,457.234,465.914,457.97,457.972,0.770777,0.77076
8|462|8|462|sample|7|292|7|292|32.0,0.0000768,94296,1,7,0,0,1,159668,643.492,0.736861,118537,118717,117787,117743,-2.67986,-2.67577
8|462|8|462|sample|7|292|7|292|32.0,0.000384,117953,2,7,0,0,1,159668,643.492,0.736861,144520,145320,141216,141029,-2.21709,-2.2022
8|462|8|462|sample|7|292|7|292|32.0,0.00192,127709,3,7,0,0,1,159668,643.492,0.736861,149636,152672,137602,136984,-0.967429,-0.911027
8|462|8|462|sample|7|292|7|292|32.0,0.0096,104166,4,7,0,0,1,159668,643.492,0.736861,136750,147046,101538,100102,0.347168,0.544576
8|462|8|462|sample|7|292|7|292|32.0,0.048,34555,5,7,0,0,1,159668,643.492,0.736861,92866.7,120028,34693.4,33529.3,-0.052393,0.401198
8|462|8|462|sample|7|292|7|292|32.0,0.24,2124,6,7,0,0,1,159668,643.492,0.736861,26437.6,61284.8,2245.07,2213.96,-0.482163,-0.361552
8|462|8|462|sample|7|292|7|292|32.0,1.2,604,7,7,0,0,1,159668,643.492,0.736861,1537.94,10999.2,593.748,594.552,0.079223,0.0729786
8|462|8|462|sample|7|292|7|292|32.0,6,570,8,7,0,0,1,159668,643.492,0.736861,481.475,874.378,480.028,480.03,0.743417,0.743403
8|462|8|462|sample|8|292|8|292|32.0,0.0000768,101781,1,8,0,0,1,159668,643.492,0.736861,118105,118284,117331,117354,-1.78079,-1.78302
8|462|8|462|sample|8|292|8|292|32.0,0.000384,127577,2,8,0,0,1,159668,643.492,0.736861,144092,144890,140681,140785,-1.25363,-1.26267
8|462|8|462|sample|8|292|8|292|32.0,0.00192,127445,3,8,0,0,1,159668,643.492,0.736861,149221,152248,136832,137208,-0.923021,-0.957399
8|462|8|462|sample|8|292|8|292|32.0,0.0096,110699,4,8,0,0,1,159668,643.492,0.736861,136378,146646,100434,101323,1.37099,1.24147
8|462|8|462|sample|8|292|8|292|32.0,0.048,35462,5,8,0,0,1,159668,643.492,0.736861,92614.1,119702,34327.4,34826,0.433824,0.239809
8|462|8|462|sample|8|292|8|292|32.0,0.24,2200,6,8,0,0,1,159668,643.492,0.736861,26364.2,61114.7,2424.44,2306.41,-0.849115,-0.416285
8|462|8|462|sample|8|292|8|292|32.0,1.2,518,7,8,0,0,1,159668,643.492,0.736861,1533.38,10966.6,595.273,592.574,-0.596618,-0.576664
8|462|8|462|sample|8|292|8|292|32.0,6,538,8,8,0,0,1,159668,643.492,0.736861,479.72,871.192,478.295,478.28,0.493849,0.493976
8|462|8|462|sample|11|292|11|292|22.0,0.0003712,100654,1,11,0,0,1,159668,643.492,0.736861,102228,102779,102863,102833,-0.288175,-0.284269
8|462|8|462|sample|11|292|11|292|22.0,0.001856,107033,2,11,0,0,1,159668,643.492,0.736861,125422,127898,128272,128137,-2.22662,-2.21483
8|462|8|462|sample|11|292|11|292|22.0,0.00928,111878,3,11,0,0,1,159668,643.492,0.736861,121163,130034,131373,130898,-1.99602,-1.95434
8|462|8|462|sample|11|292|11|292|22.0,0.0464,96908,4,11,0,0,1,159668,643.492,0.736861,84990.3,109124,112824,111509,-1.8947,-1.75851
8|462|8|462|sample|11|292|11|292|22.0,0.2319999999999999,62831,5,11,0,0,1,159668,643.492,0.736861,25381.2,57703.2,62649.2,60837.5,0.0386684,0.43631
8|462|8|462|sample|11|292|11|292|22.0,1.16,11954,6,11,0,0,1,159668,643.492,0.736861,1570.2,11089.5,11609.6,11403.4,0.365937,0.594625
8|462|8|462|sample|11|292|11|292|22.0,5.8,712,7,11,0,0,1,159668,643.492,0.736861,529.498,995.353,815.979,875.218,-0.713247,-1.08705
8|462|8|462|sample|11|292|11|292|22.0,29,526,8,11,0,0,1,159668,643.492,0.736861,416.684,424.269,418.605,419.861,0.921853,0.910354
8|462|8|462|sample|12|292|12|292|22.0,0.0003712,92444,1,12,0,0,1,159668,643.492,0.736861,75177.4,75582.5,75584.1,75575.4,2.981,2.98288
8|462|8|462|sample|12|292|12|292|22.0,0.001856,89758,2,12,0,0,1,159668,643.492,0.736861,99164.7,101122,101127,101088,-1.50821,-1.50362
8|462|8|462|sample|12|292|12|292|22.0,0.00928,86511,3,12,0,0,1,159668,643.492,0.736861,97580.4,104725,104739,104606,-2.33565,-2.3215
8|462|8|462|sample|12|292|12|292|22.0,0.0464,76016,4,12,0,0,1,159668,643.492,0.736861,68816.6,88357.7,88447.3,88083.8,-1.88247,-1.83487
8|462|8|462|sample|12|292|12|292|22.0,0.2319999999999999,48569,5,12,0,0,1,159668,643.492,0.736861,20551.2,46722.3,47255.1,46658,0.36824,0.542269
8|462|8|462|sample|12|292|12|292|22.0,1.16,9584,6,12,0,0,1,159668,643.492,0.736861,1264.58,8931.05,9668.77,9342.56,-0.106199,0.311875
8|462|8|462|sample|12|292|12|292|22.0,5.8,838,7,12,0,0,1,159668,643.492,0.736861,418.647,786.974,923.729,883.706,-0.557684,-0.303145
8|462|8|462|sample|12|292|12|292|22.0,29,604,8,12,0,0,1,159668,643.492,0.736861,306.423,312.002,317.189,315.78,2.63069,2.64614
8|462|8|462|cc|1|1|292|1|292|69.0,0,566,1,1,0,1,0,159668,643.492,0.736861,306.42,306.42,306.42,306.42,2.39838,2.39838
8|462|8|462|cc|2|1|292|1|292|69.0,0,562,2,1,0,1,0,159668,643.492,0.736861,416.411,416.411,416.411,416.411,1.25144,1.25144
8|462|8|462|cc|3|1|292|1|292|69.0,0,584,3,1,0,1,0,159668,643.492,0.736861,456.232,456.232,456.232,456.232,1.07124,1.07124
8|462|8|462|cc|4|1|292|1|292|69.0,0,656,4,1,0,1,0,159668,643.492,0.736861,469.135,469.135,469.135,469.135,1.55433,1.55433
8|462|8|462|cc|5|1|292|1|292|69.0,0,696,5,1,0,1,0,159668,643.492,0.736861,469.135,469.135,469.135,469.135,1.88705,1.88705
8|462|8|462|cc|6|1|292|1|292|69.0,0,706,6,1,0,1,0,159668,643.492,0.736861,456.232,456.232,456.232,456.232,2.09412,2.09412
8|462|8|462|cc|7|1|292|1|292|69.0,0,668,7,1,0,1,0,159668,643.492,0.736861,416.411,416.411,416.411,416.411,2.16259,2.16259
8|462|8|462|cc|8|1|292|1|292|69.0,0,710,8,1,0,1,0,159668,643.492,0.736861,306.42,306.42,306.42,306.42,3.72887,3.72887
8|462|8|462|vc|1|2|292|2|292|69.0,0,109457,1,2,1,0,0,159668,643.492,0.736861,103390,103390,103390,103390,0.787479,0.787479
8|462|8|462|vc|2|2|292|2|292|69.0,0,135900,2,2,1,0,0,159668,643.492,0.736861,130681,130681,130681,130681,0.537118,0.537118
8|462|8|462|vc|3|2|292|2|292|69.0,0,145948,3,2,1,0,0,159668,643.492,0.736861,140562,140562,140562,140562,0.515693,0.515693
8|462|8|462|vc|4|2|292|2|292|69.0,0,141437,4,2,1,0,0,159668,643.492,0.736861,143764,143764,143764,143764,-0.217839,-0.217839
8|462|8|462|vc|5|2|292|2|292|69.0,0,134947,5,2,1,0,0,159668,643.492,0.736861,143764,143764,143764,143764,-0.825505,-0.825505
8|462|8|462|vc|6|2|292|2|292|69.0,0,143094,6,2,1,0,0,159668,643.492,0.736861,140562,140562,140562,140562,0.242433,0.242433
8|462|8|462|vc|7|2|292|2|292|69.0,0,130244,7,2,1,0,0,159668,643.492,0.736861,130681,130681,130681,130681,-0.0450073,-0.0450073
8|462|8|462|vc|8|2|292|2|292|69.0,0,95477,8,2,1,0,0,159668,643.492,0.736861,103390,103390,103390,103390,-1.02696,-1.02696
8|1159|8|1159|sample|8|292|8|292|65.0,0.0016767999999999,99593,1,8,0,0,1,155907,645.636,0.580691,119599,119552,122103,122044,-2.47796,-2.4727
8|1159|8|1159|sample|8|292|8|292|65.0,0.0083839999999999,116325,2,8,0,0,1,155907,645.636,0.580691,126626,126448,136437,136216,-1.98338,-1.96474
8|1159|8|1159|sample|8|292|8|292|65.0,0.04192,106706,3,8,0,0,1,155907,645.636,0.580691,94005.7,93537.4,122107,121472,-1.69538,-1.63385
8|1159|8|1159|sample|8|292|8|292|65.0,0.2096,68255,4,8,0,0,1,155907,645.636,0.580691,30903.2,30399.4,71304.3,70315.2,-0.570993,-0.391119
8|1159|8|1159|sample|8|292|8|292|65.0,1.048,14589,5,8,0,0,1,155907,645.636,0.580691,2109,2040.41,13938.7,13709.7,0.584363,0.802269
8|1159|8|1159|sample|8|292|8|292|65.0,5.24,848,6,8,0,0,1,155907,645.636,0.580691,637.939,637.472,942.634,960.73,-0.610084,-0.720549
8|1159|8|1159|sample|8|292|8|292|65.0,26.2,548,7,8,0,0,1,155907,645.636,0.580691,601.367,601.41,602.309,602.603,-0.417641,-0.419833
8|1159|8|1159|sample|8|292|8|292|65.0,131,584,8,8,0,0,1,155907,645.636,0.580691,514.396,514.433,514.434,514.434,0.563013,0.563009
8|1159|8|1159|sample|7|292|7|292|65.0,0.0016767999999999,101433,1,7,0,0,1,155907,645.636,0.580691,119920,119873,122616,122570,-2.32222,-2.31811
8|1159|8|1159|sample|7|292|7|292|65.0,0.0083839999999999,119429,2,7,0,0,1,155907,645.636,0.580691,126917,126738,137498,137328,-1.76825,-1.7538
8|1159|8|1159|sample|7|292|7|292|65.0,0.04192,110627,3,7,0,0,1,155907,645.636,0.580691,94210.8,93741.4,124719,124233,-1.51903,-1.47234
8|1159|8|1159|sample|7|292|7|292|65.0,0.2096,72057,4,7,0,0,1,155907,645.636,0.580691,30969.6,30464.7,75759.7,75012.2,-0.653181,-0.526432
8|1159|8|1159|sample|7|292|7|292|65.0,1.048,16805,5,7,0,0,1,155907,645.636,0.580691,2113.53,2044.79,15688,15601.7,0.899512,0.973981
8|1159|8|1159|sample|7|292|7|292|65.0,5.24,794,6,7,0,0,1,155907,645.636,0.580691,639.33,638.863,949.221,982.318,-0.99755,-1.19158
8|1159|8|1159|sample|7|292|7|292|65.0,26.2,548,7,7,0,0,1,155907,645.636,0.580691,602.748,602.791,603.303,603.58,-0.425048,-0.427111
8|1159|8|1159|sample|7|292|7|292|65.0,131,586,8,7,0,0,1,155907,645.636,0.580691,515.777,515.814,515.814,515.814,0.567565,0.567561
8|1159|8|1159|sample|5|292|5|292|65.0,0.0004351999999999,97161,1,5,0,0,1,155907,645.636,0.580691,122631,122615,123507,123502,-2.86758,-2.86715
8|1159|8|1159|sample|5|292|5|292|65.0,0.0021759999999999,125765,2,5,0,0,1,155907,645.636,0.580691,138596,138529,142221,142204,-1.55738,-1.55598
8|1159|8|1159|sample|5|292|5|292|65.0,0.0108799999999999,136220,3,5,0,0,1,155907,645.636,0.580691,129123,128900,141684,141638,-0.519041,-0.514863
8|1159|8|1159|sample|5|292|5|292|65.0,0.0543999999999999,114517,4,5,0,0,1,155907,645.636,0.580691,85734.4,85212.8,118445,118337,-0.445628,-0.433796
8|1159|8|1159|sample|5|292|5|292|65.0,0.2719999999999999,61943,5,5,0,0,1,155907,645.636,0.580691,22419.2,21984.3,61653.3,61428.6,0.0625897,0.111513
8|1159|8|1159|sample|5|292|5|292|65.0,1.36,9970,6,5,0,0,1,155907,645.636,0.580691,1321.73,1284.54,9929,9725.66,0.0501612,0.304519
8|1159|8|1159|sample|5|292|5|292|65.0,6.8,728,7,5,0,0,1,155907,645.636,0.580691,602.936,602.805,794.255,776.097,-0.459521,-0.336713
8|1159|8|1159|sample|5|292|5|292|65.0,34,602,8,5,0,0,1,155907,645.636,0.580691,514.396,514.433,515.129,514.971,0.702774,0.704121
8|1159|8|1159|sample|6|292|6|292|65.0,0.0004351999999999,95565,1,6,0,0,1,155907,645.636,0.580691,122960,122944,123849,123841,-3.0701,-3.06946
8|1159|8|1159|sample|6|292|6|292|65.0,0.0021759999999999,128566,2,6,0,0,1,155907,645.636,0.580691,138914,138848,142592,142564,-1.32393,-1.32158
8|1159|8|1159|sample|6|292|6|292|65.0,0.0108799999999999,138726,3,6,0,0,1,155907,645.636,0.580691,129405,129181,142150,142064,-0.324169,-0.316257
8|1159|8|1159|sample|6|292|6|292|65.0,0.0543999999999999,118728,4,6,0,0,1,155907,645.636,0.580691,85918.5,85395.8,119146,118915,-0.0471635,-0.0211606
8|1159|8|1159|sample|6|292|6|292|65.0,0.2719999999999999,63450,5,6,0,0,1,155907,645.636,0.580691,22467.4,22031.5,62454.7,61990.7,0.212292,0.31356
8|1159|8|1159|sample|6|292|6|292|65.0,1.36,9870,6,6,0,0,1,155907,645.636,0.580691,1324.61,1287.34,10118.1,9781.3,-0.298481,0.109987
8|1159|8|1159|sample|6|292|6|292|65.0,6.8,754,7,6,0,0,1,155907,645.636,0.580691,604.32,604.189,794.184,768.74,-0.278715,-0.103584
8|1159|8|1159|sample|6|292|6|292|65.0,34,622,8,6,0,0,1,155907,645.636,0.580691,515.777,515.814,516.446,516.256,0.853247,0.854881
8|1159|8|1159|sample|11|292|11|292|28.0,0.0014272,100576,1,11,0,0,1,155907,645.636,0.580691,108916,106881,104944,105088,-0.558573,-0.576224
8|1159|8|1159|sample|11|292|11|292|28.0,0.007136,102398,2,11,0,0,1,155907,645.636,0.580691,118436,112810,106414,106792,-0.506536,-0.55228
8|1159|8|1159|sample|11|292|11|292|28.0,0.03568,72564,3,11,0,0,1,155907,645.636,0.580691,91966.2,82440.2,68811.3,69299.4,0.727743,0.628706
8|1159|8|1159|sample|11|292|11|292|28.0,0.1784,17511,4,11,0,0,1,155907,645.636,0.580691,34053.7,28607,17206.3,17193,0.225058,0.235071
8|1159|8|1159|sample|11|292|11|292|28.0,0.892,1002,5,11,0,0,1,155907,645.636,0.580691,2660.33,2509.59,1135.43,1085.08,-0.788041,-0.50167
8|1159|8|1159|sample|11|292|11|292|28.0,4.46,496,6,11,0,0,1,155907,645.636,0.580691,593.952,598.475,586.017,585.584,-0.698698,-0.695503
8|1159|8|1159|sample|11|292|11|292|28.0,22.3,576,7,11,0,0,1,155907,645.636,0.580691,553.276,553.327,553.311,553.311,0.179465,0.179468
8|1159|8|1159|sample|11|292|11|292|28.0,111.5,544,8,11,0,0,1,155907,645.636,0.580691,466.302,466.335,466.336,466.335,0.647118,0.647119
8|1159|8|1159|sample|12|292|12|292|28.0,0.0014272,84673,1,12,0,0,1,155907,645.636,0.580691,88552.5,86898.3,84747.9,84618.4,-0.0118293,0.00863844
8|1159|8|1159|sample|12|292|12|292|28.0,0.007136,82237,2,12,0,0,1,155907,645.636,0.580691,99773.5,95034.4,87693.8,87225.7,-0.833331,-0.765882
8|1159|8|1159|sample|12|292|12|292|28.0,0.03568,57156,3,12,0,0,1,155907,645.636,0.580691,78255,70149.2,54538.8,53685,0.637579,0.85875
8|1159|8|1159|sample|12|292|12|292|28.0,0.1784,11396,4,12,0,0,1,155907,645.636,0.580691,29063.7,24415.1,11813.7,11526.1,-0.436785,-0.139091
8|1159|8|1159|sample|12|292|12|292|28.0,0.892,752,5,12,0,0,1,155907,645.636,0.580691,2270.51,2141.85,747.561,763.915,0.03154,-0.0839385
8|1159|8|1159|sample|12|292|12|292|28.0,4.46,502,6,12,0,0,1,155907,645.636,0.580691,505.4,509.249,497.832,497.976,0.0340676,0.032891
8|1159|8|1159|sample|12|292|12|292|28.0,22.3,554,7,12,0,0,1,155907,645.636,0.580691,466.094,466.137,466.123,466.123,0.732304,0.732303
8|1159|8|1159|sample|12|292|12|292|28.0,111.5,626,8,12,0,0,1,155907,645.636,0.580691,379.121,379.148,379.148,379.148,2.17317,2.17317
8|1159|8|1159|sample|9|292|9|292|28.0,0.0004479999999999,95841,1,9,0,0,1,155907,645.636,0.580691,121578,120475,120827,120776,-2.77933,-2.77486
8|1159|8|1159|sample|9|292|9|292|28.0,0.00224,110983,2,9,0,0,1,155907,645.636,0.580691,137463,134095,135390,135181,-2.42538,-2.40833
8|1159|8|1159|sample|9|292|9|292|28.0,0.0111999999999999,117579,3,9,0,0,1,155907,645.636,0.580691,127752,120047,123795,123122,-0.675035,-0.605206
8|1159|8|1159|sample|9|292|9|292|28.0,0.0559999999999999,86107,4,9,0,0,1,155907,645.636,0.580691,84036.5,73715.6,80612.7,79207.6,0.911718,1.16489
8|1159|8|1159|sample|9|292|9|292|28.0,0.2799999999999999,21584,5,9,0,0,1,155907,645.636,0.580691,21424,18026.7,21790.5,20866.4,-0.122094,0.44203
8|1159|8|1159|sample|9|292|9|292|28.0,1.4,1152,6,9,0,0,1,155907,645.636,0.580691,1255.99,1267.92,1343.75,1310.83,-1.03831,-0.871469
8|1159|8|1159|sample|9|292|9|292|28.0,7,622,7,9,0,0,1,155907,645.636,0.580691,598.476,599.601,598.215,598.371,0.183332,0.182119
8|1159|8|1159|sample|9|292|9|292|28.0,35,558,8,9,0,0,1,155907,645.636,0.580691,510.135,510.173,510.171,510.172,0.388072,0.388072
8|1159|8|1159|sample|10|292|10|292|28.0,0.0004479999999999,85632,1,10,0,0,1,155907,645.636,0.580691,118773,117695,117820,117780,-3.67096,-3.66759
8|1159|8|1159|sample|10|292|10|292|28.0,0.00224,112052,2,10,0,0,1,155907,645.636,0.580691,134754,131452,131933,131760,-2.02697,-2.01191
8|1159|8|1159|sample|10|292|10|292|28.0,0.0111999999999999,106618,3,10,0,0,1,155907,645.636,0.580691,125360,117799,119272,118706,-1.4258,-1.3684
8|1159|8|1159|sample|10|292|10|292|28.0,0.0559999999999999,72910,4,10,0,0,1,155907,645.636,0.580691,82488.1,72357.4,75344.7,74189.1,-0.431823,-0.230339
8|1159|8|1159|sample|10|292|10|292|28.0,0.2799999999999999,19961,5,10,0,0,1,155907,645.636,0.580691,21029.3,17694.6,19868.5,19131.8,0.0596516,0.554434
8|1159|8|1159|sample|10|292|10|292|28.0,1.4,1398,6,10,0,0,1,155907,645.636,0.580691,1232.47,1244.18,1451.28,1409.78,-0.276657,-0.062173
8|1159|8|1159|sample|10|292|10|292|28.0,7,482,7,10,0,0,1,155907,645.636,0.580691,586.679,587.782,589.431,589.508,-0.832238,-0.832796
8|1159|8|1159|sample|10|292|10|292|28.0,35,578,8,10,0,0,1,155907,645.636,0.580691,498.365,498.402,498.404,498.405,0.6504,0.650392
8|1159|8|1159|sample|4|292|4|292|22.0,0.0010624,112128,1,4,0,0,1,155907,645.636,0.580691,119992,119960,122064,122090,-1.09419,-1.09679
8|1159|8|1159|sample|4|292|4|292|22.0,0.005312,130767,2,4,0,0,1,155907,645.636,0.580691,131089,130961,139463,139576,-0.839128,-0.849327
8|1159|8|1159|sample|4|292|4|292|22.0,0.02656,137610,3,4,0,0,1,155907,645.636,0.580691,107976,107598,134534,134938,0.30758,0.266436
8|1159|8|1159|sample|4|292|4|292|22.0,0.1328,112132,4,4,0,0,1,155907,645.636,0.580691,48249.9,47679.3,100474,101468,1.55654,1.40992
8|1159|8|1159|sample|4|292|4|292|22.0,0.664,38749,5,4,0,0,1,155907,645.636,0.580691,5095.76,4936.33,37025.5,37776.9,0.612432,0.338751
8|1159|8|1159|sample|4|292|4|292|22.0,3.32,2926,6,4,0,0,1,155907,645.636,0.580691,660.603,657.978,3103.9,3025.14,-0.56585,-0.321277
8|1159|8|1159|sample|4|292|4|292|22.0,16.6,542,7,4,0,0,1,155907,645.636,0.580691,597.128,597.168,613.417,608.651,-0.545774,-0.510723
8|1159|8|1159|sample|4|292|4|292|22.0,83,574,8,4,0,0,1,155907,645.636,0.580691,510.135,510.171,510.19,510.178,0.517739,0.517836
8|1159|8|1159|sample|3|292|3|292|22.0,0.0010624,108512,1,3,0,0,1,155907,645.636,0.580691,117224,117192,119258,119219,-1.21094,-1.20692
8|1159|8|1159|sample|3|292|3|292|22.0,0.005312,131884,2,3,0,0,1,155907,645.636,0.580691,128505,128379,136754,136598,-0.47913,-0.46437
8|1159|8|1159|sample|3|292|3|292|22.0,0.02656,133282,3,3,0,0,1,155907,645.636,0.580691,105954,105584,132122,131617,0.118143,0.170119
8|1159|8|1159|sample|3|292|3|292|22.0,0.1328,105629,4,3,0,0,1,155907,645.636,0.580691,47360.9,46800.8,98606.2,97466.5,0.955175,1.12302
8|1159|8|1159|sample|3|292|3|292|22.0,0.664,36126,5,3,0,0,1,155907,645.636,0.580691,5001.87,4845.37,35200.5,34405.7,0.345386,0.656316
8|1159|8|1159|sample|3|292|3|292|22.0,3.32,2310,6,3,0,0,1,155907,645.636,0.580691,648.233,645.658,2400.11,2464.89,-0.343254,-0.579476
8|1159|8|1159|sample|3|292|3|292|22.0,16.6,688,7,3,0,0,1,155907,645.636,0.580691,585.358,585.396,589.452,591.532,0.763409,0.746414
8|1159|8|1159|sample|3|292|3|292|22.0,83,592,8,3,0,0,1,155907,645.636,0.580691,498.365,498.401,498.401,498.403,0.764828,0.764814
8|1159|8|1159|cc|1|1|292|1|292|69.0,0,640,1,1,0,1,0,155907,645.636,0.580691,379.118,379.118,379.118,379.118,2.29673,2.29673
8|1159|8|1159|cc|2|1|292|1|292|69.0,0,616,2,1,0,1,0,155907,645.636,0.580691,466.086,466.086,466.086,466.086,1.24931,1.24931
8|1159|8|1159|cc|3|1|292|1|292|69.0,0,690,3,1,0,1,0,155907,645.636,0.580691,497.572,497.572,497.572,497.572,1.57318,1.57318
8|1159|8|1159|cc|4|1|292|1|292|69.0,0,614,4,1,0,1,0,155907,645.636,0.580691,507.774,507.774,507.774,507.774,0.863133,0.863133
8|1159|8|1159|cc|5|1|292|1|292|69.0,0,622,5,1,0,1,0,155907,645.636,0.580691,507.774,507.774,507.774,507.774,0.928137,0.928137
8|1159|8|1159|cc|6|1|292|1|292|69.0,0,654,6,1,0,1,0,155907,645.636,0.580691,497.572,497.572,497.572,497.572,1.27886,1.27886
8|1159|8|1159|cc|7|1|292|1|292|69.0,0,732,7,1,0,1,0,155907,645.636,0.580691,466.086,466.086,466.086,466.086,2.21599,2.21599
8|1159|8|1159|cc|8|1|292|1|292|69.0,0,670,8,1,0,1,0,155907,645.636,0.580691,379.118,379.118,379.118,379.118,2.56084,2.56084
8|1159|8|1159|vc|1|2|292|2|292|69.0,0,114165,1,2,1,0,0,155907,645.636,0.580691,112601,112601,112601,112601,0.186566,0.186566
8|1159|8|1159|vc|2|2|292|2|292|69.0,0,136148,2,2,1,0,0,155907,645.636,0.580691,133602,133602,133602,133602,0.25638,0.25638
8|1159|8|1159|vc|3|2|292|2|292|69.0,0,149475,3,2,1,0,0,155907,645.636,0.580691,141205,141205,141205,141205,0.78825,0.78825
8|1159|8|1159|vc|4|2|292|2|292|69.0,0,146290,4,2,1,0,0,155907,645.636,0.580691,143669,143669,143669,143669,0.245608,0.245608
8|1159|8|1159|vc|5|2|292|2|292|69.0,0,136813,5,2,1,0,0,155907,645.636,0.580691,143669,143669,143669,143669,-0.642316,-0.642316
8|1159|8|1159|vc|6|2|292|2|292|69.0,0,141806,6,2,1,0,0,155907,645.636,0.580691,141205,141205,141205,141205,0.0572882,0.0572882
8|1159|8|1159|vc|7|2|292|2|292|69.0,0,125865,7,2,1,0,0,155907,645.636,0.580691,133602,133602,133602,133602,-0.779028,-0.779028
8|1159|8|1159|vc|8|2|292|2|292|69.0,0,112168,8,2,1,0,0,155907,645.636,0.580691,112601,112601,112601,112601,-0.0516339,-0.0516339
8|1197|8|1197|sample|7|103|7|103|65.0,0.0016767999999999,74837,1,7,0,0,1,122610,645.636,0.646954,91603.2,83327.4,85430.8,85277.7,-1.6601,-1.63901
8|1197|8|1197|sample|7|103|7|103|65.0,0.0083839999999999,71977,2,7,0,0,1,122610,645.636,0.646954,99017,74412.3,80505.4,80069.9,-1.41704,-1.35189
8|1197|8|1197|sample|7|103|7|103|65.0,0.04192,42847,3,7,0,0,1,122610,645.636,0.646954,73990.4,32310.9,40960.4,40368.9,0.607761,0.809691
8|1197|8|1197|sample|7|103|7|103|65.0,0.2096,5272,4,7,0,0,1,122610,645.636,0.646954,24460.9,3097.47,5393.78,5271.27,-0.252062,0.00154484
8|1197|8|1197|sample|7|103|7|103|65.0,1.048,660,5,7,0,0,1,122610,645.636,0.646954,1798.09,649.82,667.417,668.019,-0.0550091,-0.0594523
8|1197|8|1197|sample|7|103|7|103|65.0,5.24,592,6,7,0,0,1,122610,645.636,0.646954,636.927,632.962,632.963,632.963,-0.309631,-0.309634
8|1197|8|1197|sample|7|103|7|103|65.0,26.2,544,7,7,0,0,1,122610,645.636,0.646954,597.853,597.881,597.881,597.881,-0.415395,-0.415395
8|1197|8|1197|sample|7|103|7|103|65.0,131,580,8,7,0,0,1,122610,645.636,0.646954,500.958,500.983,500.983,500.983,0.644672,0.644672
8|1197|8|1197|sample|8|103|8|103|65.0,0.0016767999999999,74846,1,8,0,0,1,122610,645.636,0.646954,91321.9,83071.5,85246.1,85027,-1.63323,-1.60288
8|1197|8|1197|sample|8|103|8|103|65.0,0.0083839999999999,76735,2,8,0,0,1,122610,645.636,0.646954,98762.3,74220.9,80539,79904.2,-0.631797,-0.53048
8|1197|8|1197|sample|8|103|8|103|65.0,0.04192,41404,3,8,0,0,1,122610,645.636,0.646954,73810.5,32232.4,41276.4,40367.2,0.0407873,0.338786
8|1197|8|1197|sample|8|103|8|103|65.0,0.2096,5378,4,8,0,0,1,122610,645.636,0.646954,24402.5,3090.08,5560.38,5323.15,-0.36814,0.11476
8|1197|8|1197|sample|8|103|8|103|65.0,1.048,706,5,8,0,0,1,122610,645.636,0.646954,1793.79,648.268,669.122,668.174,0.273252,0.280419
8|1197|8|1197|sample|8|103|8|103|65.0,5.24,542,6,8,0,0,1,122610,645.636,0.646954,635.379,631.423,631.425,631.425,-0.676526,-0.67653
8|1197|8|1197|sample|8|103|8|103|65.0,26.2,550,7,8,0,0,1,122610,645.636,0.646954,596.314,596.342,596.342,596.342,-0.357588,-0.35759
8|1197|8|1197|sample|8|103|8|103|65.0,131,550,8,8,0,0,1,122610,645.636,0.646954,499.419,499.445,499.444,499.445,0.412847,0.412845
8|1197|8|1197|sample|6|103|6|103|65.0,0.0004351999999999,82107,1,6,0,0,1,122610,645.636,0.646954,93922.5,90509.3,91293.8,91156.8,-1.34832,-1.33019
8|1197|8|1197|sample|6|103|6|103|65.0,0.0021759999999999,94216,2,6,0,0,1,122610,645.636,0.646954,108365,96747.9,99449.6,98978.8,-0.705852,-0.645387
8|1197|8|1197|sample|6|103|6|103|65.0,0.0108799999999999,78272,3,6,0,0,1,122610,645.636,0.646954,101580,72253.6,78751.1,77615.7,-0.0813509,0.113045
8|1197|8|1197|sample|6|103|6|103|65.0,0.0543999999999999,33061,4,6,0,0,1,122610,645.636,0.646954,67616.4,25449.6,32715.7,31435.4,0.138315,0.676683
8|1197|8|1197|sample|6|103|6|103|65.0,0.2719999999999999,2724,5,6,0,0,1,122610,645.636,0.646954,17783.5,1867.01,2980.61,2796.43,-0.840506,-0.248285
8|1197|8|1197|sample|6|103|6|103|65.0,1.36,578,6,6,0,0,1,122610,645.636,0.646954,1174.14,634.252,636.992,636.913,-0.444911,-0.444334
8|1197|8|1197|sample|6|103|6|103|65.0,6.8,604,7,6,0,0,1,122610,645.636,0.646954,599.077,597.881,597.881,597.881,0.0471746,0.047175
8|1197|8|1197|sample|6|103|6|103|65.0,34,546,8,6,0,0,1,122610,645.636,0.646954,500.958,500.983,500.983,500.983,0.367277,0.367278
8|1197|8|1197|sample|5|103|5|103|65.0,0.0004351999999999,85902,1,5,0,0,1,122610,645.636,0.646954,93634.1,90231.3,91140,91115.3,-0.770044,-0.76663
8|1197|8|1197|sample|5|103|5|103|65.0,0.0021759999999999,97095,2,5,0,0,1,122610,645.636,0.646954,108086,96498.9,99637.8,99551.6,-0.342307,-0.330985
8|1197|8|1197|sample|5|103|5|103|65.0,0.0108799999999999,87358,3,5,0,0,1,122610,645.636,0.646954,101333,72078,79689.6,79456.4,1.287,1.32999
8|1197|8|1197|sample|5|103|5|103|65.0,0.0543999999999999,36940,4,5,0,0,1,122610,645.636,0.646954,67454.9,25388.8,34125.1,33742.6,1.08247,1.24301
8|1197|8|1197|sample|5|103|5|103|65.0,0.2719999999999999,2878,5,5,0,0,1,122610,645.636,0.646954,17741,1862.55,3316.67,3177.65,-1.32902,-0.936905
8|1197|8|1197|sample|5|103|5|103|65.0,1.36,646,6,5,0,0,1,122610,645.636,0.646954,1171.28,632.71,637.254,635.986,0.0659484,0.0755659
8|1197|8|1197|sample|5|103|5|103|65.0,6.8,580,7,5,0,0,1,122610,645.636,0.646954,597.536,596.343,596.343,596.343,-0.126105,-0.126103
8|1197|8|1197|sample|5|103|5|103|65.0,34,628,8,5,0,0,1,122610,645.636,0.646954,499.42,499.445,499.445,499.445,1.04981,1.04981
8|1197|8|1197|sample|12|103|12|103|28.0,0.0014272,64032,1,12,0,0,1,122610,645.636,0.646954,64056.4,57145.8,56969.8,56833.6,1.64851,1.68425
8|1197|8|1197|sample|12|103|12|103|28.0,0.007136,55335,2,12,0,0,1,122610,645.636,0.646954,75026.6,54240.5,53765.3,53351.7,0.387798,0.493687
8|1197|8|1197|sample|12|103|12|103|28.0,0.03568,22894,3,12,0,0,1,122610,645.636,0.646954,59488.3,24615.6,24027.6,23452.3,-0.610659,-0.307777
8|1197|8|1197|sample|12|103|12|103|28.0,0.1784,2488,4,12,0,0,1,122610,645.636,0.646954,22229,2761.27,2620.33,2466.59,-0.474734,0.0800659
8|1197|8|1197|sample|12|103|12|103|28.0,0.892,422,5,12,0,0,1,122610,645.636,0.646954,1833.85,501.266,500.017,498.559,-0.63688,-0.625529
8|1197|8|1197|sample|12|103|12|103|28.0,4.46,484,6,12,0,0,1,122610,645.636,0.646954,486.618,480.705,480.705,480.705,0.0272156,0.0272173
8|1197|8|1197|sample|12|103|12|103|28.0,22.3,418,7,12,0,0,1,122610,645.636,0.646954,445.604,445.624,445.624,445.624,-0.233132,-0.233131
8|1197|8|1197|sample|12|103|12|103|28.0,111.5,586,8,12,0,0,1,122610,645.636,0.646954,348.708,348.726,348.726,348.726,2.13091,2.13091
8|1197|8|1197|sample|10|103|10|103|28.0,0.0004479999999999,78110,1,10,0,0,1,122610,645.636,0.646954,90258.3,85591.1,86128.8,86002.4,-1.24654,-1.22867
8|1197|8|1197|sample|10|103|10|103|28.0,0.00224,84573,2,10,0,0,1,122610,645.636,0.646954,104734,89842.9,91582.4,91157.1,-1.02556,-0.967759
8|1197|8|1197|sample|10|103|10|103|28.0,0.0111999999999999,58621,3,10,0,0,1,122610,645.636,0.646954,98082.3,63678.4,67474.9,66496.8,-1.75042,-1.57956
8|1197|8|1197|sample|10|103|10|103|28.0,0.0559999999999999,24817,4,10,0,0,1,122610,645.636,0.646954,64712.4,20491.4,24201.9,23157.3,0.329056,0.926058
8|1197|8|1197|sample|10|103|10|103|28.0,0.2799999999999999,1870,5,10,0,0,1,122610,645.636,0.646954,16597.4,1534.95,2068.07,1890.74,-0.832027,-0.0921639
8|1197|8|1197|sample|10|103|10|103|28.0,1.4,510,6,10,0,0,1,122610,645.636,0.646954,1094.57,614.709,616.858,615.929,-0.815032,-0.80837
8|1197|8|1197|sample|10|103|10|103|28.0,7,484,7,10,0,0,1,122610,645.636,0.646954,579.496,578.481,578.481,578.481,-0.736522,-0.736521
8|1197|8|1197|sample|10|103|10|103|28.0,111.5,602,8,10,0,0,1,122610,645.636,0.646954,481.559,481.583,481.583,481.583,0.994032,0.994032
8|1197|8|1197|sample|9|103|9|103|28.0,0.0004479999999999,78594,1,9,0,0,1,122610,645.636,0.646954,92716.1,87921.8,88529.2,88515.5,-1.50311,-1.50127
8|1197|8|1197|sample|9|103|9|103|28.0,0.00224,83899,2,9,0,0,1,122610,645.636,0.646954,107108,91879.5,93815.3,93754.6,-1.41676,-1.40898
8|1197|8|1197|sample|9|103|9|103|28.0,0.0111999999999999,69732,3,9,0,0,1,122610,645.636,0.646954,100179,65039.4,69131.1,68964.5,0.115989,0.148515
8|1197|8|1197|sample|9|103|9|103|28.0,0.0559999999999999,27611,4,9,0,0,1,122610,645.636,0.646954,66070.3,20921.4,24544.8,24354.1,1.61852,1.73201
8|1197|8|1197|sample|9|103|9|103|28.0,0.2799999999999999,1566,5,9,0,0,1,122610,645.636,0.646954,16945.7,1567.16,1933.56,1907.21,-1.61111,-1.50845
8|1197|8|1197|sample|9|103|9|103|28.0,1.4,560,6,9,0,0,1,122610,645.636,0.646954,1117.97,627.848,628.18,628.137,-0.516741,-0.516427
8|1197|8|1197|sample|9|103|9|103|28.0,7,566,7,9,0,0,1,122610,645.636,0.646954,592.633,591.595,591.595,591.595,-0.198032,-0.198031
8|1197|8|1197|sample|9|103|9|103|28.0,35,568,8,9,0,0,1,122610,645.636,0.646954,494.672,494.697,494.697,494.697,0.600321,0.600322
8|1197|8|1197|sample|3|103|3|103|22.0,0.0010624,83416,1,3,0,0,1,122610,645.636,0.646954,89082.4,86437.7,86400.2,86303.2,-0.462462,-0.447923
8|1197|8|1197|sample|3|103|3|103|22.0,0.005312,89383,2,3,0,0,1,122610,645.636,0.646954,99883.4,89547.8,89375.3,89046.1,0.00115169,0.050673
8|1197|8|1197|sample|3|103|3|103|22.0,0.02656,58909,3,3,0,0,1,122610,645.636,0.646954,82919.2,56155.8,55684.3,55061.7,0.769753,0.928536
8|1197|8|1197|sample|3|103|3|103|22.0,0.1328,9266,4,3,0,0,1,122610,645.636,0.646954,37211.9,10147.9,9796.23,9554.15,-0.656572,-0.364867
8|1197|8|1197|sample|3|103|3|103|22.0,0.664,850,5,3,0,0,1,122610,645.636,0.646954,4049.88,683.556,675.015,674.526,1.29241,1.29637
8|1197|8|1197|sample|3|103|3|103|22.0,3.32,606,6,3,0,0,1,122610,645.636,0.646954,638.076,613.563,613.563,613.563,-0.0577912,-0.057792
8|1197|8|1197|sample|3|103|3|103|22.0,16.6,578,7,3,0,0,1,122610,645.636,0.646954,578.471,578.481,578.481,578.481,-0.00375134,-0.00375064
8|1197|8|1197|sample|3|103|3|103|22.0,83,552,8,3,0,0,1,122610,645.636,0.646954,481.559,481.583,481.583,481.583,0.581285,0.581285
8|1197|8|1197|sample|4|103|4|103|22.0,0.0010624,79953,1,4,0,0,1,122610,645.636,0.646954,91508.2,88791.5,88422.5,88307.8,-1.28289,-1.26714
8|1197|8|1197|sample|4|103|4|103|22.0,0.005312,90004,2,4,0,0,1,122610,645.636,0.646954,102148,91577.8,90171.5,89784,-0.0248916,0.0328293
8|1197|8|1197|sample|4|103|4|103|22.0,0.02656,58715,3,4,0,0,1,122610,645.636,0.646954,84691.5,57356,54183,53460.2,1.11116,1.30542
8|1197|8|1197|sample|4|103|4|103|22.0,0.1328,7962,4,4,0,0,1,122610,645.636,0.646954,37992.8,10360.9,8539.32,8268.98,-0.807495,-0.441682
8|1197|8|1197|sample|4|103|4|103|22.0,0.664,770,5,4,0,0,1,122610,645.636,0.646954,4134.86,697.9,668.229,667.088,0.754451,0.763387
8|1197|8|1197|sample|4|103|4|103|22.0,3.32,568,6,4,0,0,1,122610,645.636,0.646954,651.714,626.677,626.676,626.676,-0.44508,-0.44508
8|1197|8|1197|sample|4|103|4|103|22.0,16.6,564,7,4,0,0,1,122610,645.636,0.646954,591.584,591.595,591.595,591.595,-0.213504,-0.213505
8|1197|8|1197|sample|4|103|4|103|22.0,83,596,8,4,0,0,1,122610,645.636,0.646954,494.672,494.697,494.697,494.697,0.829632,0.829631
8|1197|8|1197|sample|11|103|11|103|28.0,0.0014272,67698,1,11,0,0,1,122610,645.636,0.646954,81898.6,73063.2,72127.5,71779.8,-0.820115,-0.759351
8|1197|8|1197|sample|11|103|11|103|28.0,0.007136,59779,2,11,0,0,1,122610,645.636,0.646954,91380.4,66063.4,63674.8,62749,-0.815342,-0.630586
8|1197|8|1197|sample|11|103|11|103|28.0,0.03568,23906,3,11,0,0,1,122610,645.636,0.646954,71508.9,29589.6,26939.7,25861.6,-1.46488,-0.981994
8|1197|8|1197|sample|11|103|11|103|28.0,0.1784,2906,4,11,0,0,1,122610,645.636,0.646954,26616.9,3306.34,2861.57,2649.16,0.149824,0.91441
8|1197|8|1197|sample|11|103|11|103|28.0,0.892,526,5,11,0,0,1,122610,645.636,0.646954,2195.84,600.216,599.622,598.106,-0.567026,-0.555833
8|1197|8|1197|sample|11|103|11|103|28.0,4.46,512,6,11,0,0,1,122610,645.636,0.646954,584.947,577.839,577.84,577.84,-0.51344,-0.513438
8|1197|8|1197|sample|11|103|11|103|28.0,22.3,520,7,11,0,0,1,122610,645.636,0.646954,542.734,542.758,542.758,542.758,-0.181124,-0.181124
8|1197|8|1197|sample|11|103|11|103|28.0,35,602,8,11,0,0,1,122610,645.636,0.646954,445.838,445.86,445.86,445.86,1.31756,1.31756
8|1197|8|1197|cc|1|1|103|1|103|69.0,0,606,1,1,0,1,0,122610,645.636,0.646954,348.706,348.706,348.706,348.706,2.31074,2.31074
8|1197|8|1197|cc|2|1|103|1|103|69.0,0,666,2,1,0,1,0,122610,645.636,0.646954,445.598,445.598,445.598,445.598,1.86013,1.86013
8|1197|8|1197|cc|3|1|103|1|103|69.0,0,676,3,1,0,1,0,122610,645.636,0.646954,480.676,480.676,480.676,480.676,1.61327,1.61327
8|1197|8|1197|cc|4|1|103|1|103|69.0,0,624,4,1,0,1,0,122610,645.636,0.646954,492.043,492.043,492.043,492.043,1.08241,1.08241
8|1197|8|1197|cc|5|1|103|1|103|69.0,0,566,5,1,0,1,0,122610,645.636,0.646954,492.043,492.043,492.043,492.043,0.606651,0.606651
8|1197|8|1197|cc|6|1|103|1|103|69.0,0,622,6,1,0,1,0,122610,645.636,0.646954,480.676,480.676,480.676,480.676,1.16726,1.16726
8|1197|8|1197|cc|7|1|103|1|103|69.0,0,690,7,1,0,1,0,122610,645.636,0.646954,445.598,445.598,445.598,445.598,2.06268,2.06268
8|1197|8|1197|cc|8|1|103|1|103|69.0,0,642,8,1,0,1,0,122610,645.636,0.646954,348.706,348.706,348.706,348.706,2.63405,2.63405
8|1197|8|1197|vc|1|2|103|2|103|69.0,0,87946,1,2,1,0,0,122610,645.636,0.646954,84666.5,84666.5,84666.5,84666.5,0.518497,0.518497
8|1197|8|1197|vc|2|2|103|2|103|69.0,0,107862,2,2,1,0,0,122610,645.636,0.646954,103067,103067,103067,103067,0.62428,0.62428
8|1197|8|1197|vc|3|2|103|2|103|69.0,0,103669,3,2,1,0,0,122610,645.636,0.646954,109729,109729,109729,109729,-0.741493,-0.741493
8|1197|8|1197|vc|4|2|103|2|103|69.0,0,103811,4,2,1,0,0,122610,645.636,0.646954,111887,111887,111887,111887,-0.969387,-0.969387
8|1197|8|1197|vc|5|2|103|2|103|69.0,0,109061,5,2,1,0,0,122610,645.636,0.646954,111887,111887,111887,111887,-0.339218,-0.339218
8|1197|8|1197|vc|6|2|103|2|103|69.0,0,103883,6,2,1,0,0,122610,645.636,0.646954,109729,109729,109729,109729,-0.715307,-0.715307
8|1197|8|1197|vc|7|2|103|2|103|69.0,0,108538,7,2,1,0,0,122610,645.636,0.646954,103067,103067,103067,103067,0.712288,0.712288
8|1197|8|1197|vc|8|2|103|2|103|69.0,0,81945,8,2,1,0,0,122610,645.636,0.646954,84666.5,84666.5,84666.5,84666.5,-0.430265,-0.430265
