id,L_SAEM,m_SAEM,e_SAEM,s_SAEM,alpha_SAEM,k_SAEM,L_mode,m_mode,e_mode,s_mode,alpha_mode,k_mode,goes_down,mab_virus,run_id
8|84|cc|1|1|162,75.5166,-3.4443,0.0017185,27.1917,2.90662,2.58768,75.4618,-3.53319,0.0017485,26.8747,2.80749,2.58655,False,69.0|162,84
8|84|cc|2|1|162,75.5166,-3.52523,0.0017185,27.1917,2.90662,2.58768,75.4618,-3.53319,0.0017485,26.8747,2.80749,2.58655,False,69.0|162,84
8|84|cc|3|1|162,75.5166,-3.50419,0.0017185,27.1917,2.90662,2.58768,75.4618,-3.53319,0.0017485,26.8747,2.80749,2.58655,False,69.0|162,84
8|84|cc|4|1|162,75.5166,-3.47161,0.0017185,27.1917,2.90662,2.58768,75.4618,-3.53319,0.0017485,26.8747,2.80749,2.58655,False,69.0|162,84
8|84|cc|5|1|162,75.5166,-3.56336,0.0017185,27.1917,2.90662,2.58768,75.4618,-3.53319,0.0017485,26.8747,2.80749,2.58655,False,69.0|162,84
8|84|cc|6|1|162,75.5166,-3.52616,0.0017185,27.1917,2.90662,2.58768,75.4618,-3.53319,0.0017485,26.8747,2.80749,2.58655,False,69.0|162,84
8|84|cc|7|1|162,75.5166,-3.59714,0.0017185,27.1917,2.90662,2.58768,75.4618,-3.53319,0.0017485,26.8747,2.80749,2.58655,False,69.0|162,84
8|84|cc|8|1|162,75.5166,-3.41614,0.0017185,27.1917,2.90662,2.58768,75.4618,-3.53319,0.0017485,26.8747,2.80749,2.58655,False,69.0|162,84
8|84|sample|10|162,75.5146,-2.69625,0.00171782,27.191,2.90662,2.58768,75.4597,-2.66256,0.00174781,26.874,2.80749,2.58655,True,32.0|162,84
8|84|sample|11|162,75.5166,-2.60708,0.00171781,27.1914,2.90662,2.58768,75.4619,-2.66256,0.0017478,26.8744,2.80749,2.58655,True,22.0|162,84
8|84|sample|12|162,75.5166,-2.57319,0.00171781,27.1914,2.90662,2.58768,75.4619,-2.66256,0.0017478,26.8744,2.80749,2.58655,True,22.0|162,84
8|84|sample|3|162,75.5165,-2.58143,0.00171787,27.1913,2.90662,2.58768,75.4617,-2.66256,0.00174787,26.8743,2.80749,2.58655,True,55.0|162,84
8|84|sample|4|162,75.5165,-2.76147,0.00171787,27.1913,2.90662,2.58768,75.4617,-2.66256,0.00174787,26.8743,2.80749,2.58655,True,55.0|162,84
8|84|sample|5|162,75.5165,-2.73014,0.00171787,27.1913,2.90662,2.58768,75.4617,-2.66256,0.00174787,26.8743,2.80749,2.58655,True,55.0|162,84
8|84|sample|6|162,75.5165,-2.63104,0.00171787,27.1913,2.90662,2.58768,75.4617,-2.66256,0.00174787,26.8743,2.80749,2.58655,True,55.0|162,84
8|84|sample|7|162,75.5146,-2.48981,0.00171782,27.191,2.90662,2.58768,75.4597,-2.66256,0.00174781,26.874,2.80749,2.58655,True,32.0|162,84
8|84|sample|8|162,75.5146,-2.65698,0.00171782,27.191,2.90662,2.58768,75.4597,-2.66256,0.00174781,26.874,2.80749,2.58655,True,32.0|162,84
8|84|sample|9|162,75.5146,-2.63625,0.00171782,27.191,2.90662,2.58768,75.4597,-2.66256,0.00174781,26.874,2.80749,2.58655,True,32.0|162,84
8|84|vc|1|2|162,75.5166,-3.45967,0.0017185,27.1917,2.90662,2.58768,75.4618,-3.53319,0.0017485,26.8747,2.80749,2.58655,False,69.0|162,84
8|84|vc|2|2|162,75.5166,-3.52491,0.0017185,27.1917,2.90662,2.58768,75.4618,-3.53319,0.0017485,26.8747,2.80749,2.58655,False,69.0|162,84
8|84|vc|3|2|162,75.5166,-3.53636,0.0017185,27.1917,2.90662,2.58768,75.4618,-3.53318,0.0017485,26.8747,2.80749,2.58655,False,69.0|162,84
8|84|vc|4|2|162,75.5166,-3.57199,0.0017185,27.1917,2.90662,2.58768,75.4618,-3.53318,0.0017485,26.8747,2.80749,2.58655,False,69.0|162,84
8|84|vc|5|2|162,75.5166,-3.51868,0.0017185,27.1917,2.90662,2.58768,75.4618,-3.53319,0.0017485,26.8747,2.80749,2.58655,False,69.0|162,84
8|84|vc|6|2|162,75.5166,-3.41068,0.0017185,27.1917,2.90662,2.58768,75.4618,-3.53319,0.0017485,26.8747,2.80749,2.58655,False,69.0|162,84
8|84|vc|7|2|162,75.5166,-3.60596,0.0017185,27.1917,2.90662,2.58768,75.4618,-3.53319,0.0017485,26.8747,2.80749,2.58655,False,69.0|162,84
8|84|vc|8|2|162,75.5166,-3.42882,0.0017185,27.1917,2.90662,2.58768,75.4618,-3.53319,0.0017485,26.8747,2.80749,2.58655,False,69.0|162,84
8|719|cc|1|1|274,75.5166,-3.52972,0.00171772,27.192,2.90646,2.58767,75.4618,-3.53318,0.00174771,26.875,2.80733,2.58654,False,69.0|274,719
8|719|cc|2|1|274,75.5166,-3.60316,0.00171772,27.192,2.90646,2.58767,75.4618,-3.53319,0.00174771,26.875,2.80733,2.58654,False,69.0|274,719
8|719|cc|3|1|274,75.5166,-3.55134,0.00171772,27.192,2.90646,2.58767,75.4618,-3.53319,0.00174771,26.875,2.80733,2.58654,False,69.0|274,719
8|719|cc|4|1|274,75.5166,-3.5934,0.00171772,27.192,2.90646,2.58767,75.4618,-3.53319,0.00174771,26.875,2.80733,2.58654,False,69.0|274,719
8|719|cc|5|1|274,75.5166,-3.49026,0.00171772,27.192,2.90646,2.58767,75.4618,-3.53319,0.00174771,26.875,2.80733,2.58654,False,69.0|274,719
8|719|cc|6|1|274,75.5166,-3.50681,0.00171772,27.192,2.90646,2.58767,75.4618,-3.53319,0.00174771,26.875,2.80733,2.58654,False,69.0|274,719
8|719|cc|7|1|274,75.5166,-3.56211,0.00171772,27.192,2.90646,2.58767,75.4618,-3.53319,0.00174771,26.875,2.80733,2.58654,False,69.0|274,719
8|719|cc|8|1|274,75.5166,-3.54959,0.00171772,27.192,2.90646,2.58767,75.4618,-3.53319,0.00174771,26.875,2.80733,2.58654,False,69.0|274,719
8|719|sample|10|274,75.5164,-2.60353,0.00171781,27.1919,2.90646,2.58767,75.4616,-2.66256,0.00174781,26.8748,2.80733,2.58654,True,32.0|274,719
8|719|sample|11|274,75.5166,-2.64418,0.00171779,27.1919,2.90646,2.58767,75.4618,-2.66256,0.00174778,26.8749,2.80733,2.58654,True,22.0|274,719
8|719|sample|12|274,75.5166,-2.60251,0.00171779,27.1919,2.90646,2.58767,75.4618,-2.66256,0.00174778,26.8749,2.80733,2.58654,True,22.0|274,719
8|719|sample|3|274,75.5166,-2.6478,0.00171781,27.1912,2.90646,2.58767,75.4619,-2.66256,0.00174781,26.8741,2.80733,2.58654,True,55.0|274,719
8|719|sample|4|274,75.5166,-2.65964,0.00171781,27.1912,2.90646,2.58767,75.4619,-2.66256,0.00174781,26.8741,2.80733,2.58654,True,55.0|274,719
8|719|sample|5|274,75.5166,-2.68183,0.00171781,27.1912,2.90646,2.58767,75.4619,-2.66256,0.00174781,26.8741,2.80733,2.58654,True,55.0|274,719
8|719|sample|6|274,75.5166,-2.59648,0.00171781,27.1912,2.90646,2.58767,75.4619,-2.66256,0.00174781,26.8741,2.80733,2.58654,True,55.0|274,719
8|719|sample|7|274,75.5164,-2.72858,0.00171781,27.1919,2.90646,2.58767,75.4616,-2.66256,0.00174781,26.8748,2.80733,2.58654,True,32.0|274,719
8|719|sample|8|274,75.5164,-2.59615,0.00171781,27.1919,2.90646,2.58767,75.4616,-2.66256,0.00174781,26.8748,2.80733,2.58654,True,32.0|274,719
8|719|sample|9|274,75.5164,-2.66858,0.00171781,27.1919,2.90646,2.58767,75.4616,-2.66256,0.00174781,26.8748,2.80733,2.58654,True,32.0|274,719
8|719|vc|1|2|274,75.5166,-3.4776,0.00171772,27.192,2.90646,2.58767,75.4618,-3.53318,0.00174771,26.875,2.80733,2.58654,False,69.0|274,719
8|719|vc|2|2|274,75.5166,-3.60591,0.00171772,27.192,2.90646,2.58767,75.4618,-3.53319,0.00174771,26.875,2.80733,2.58654,False,69.0|274,719
8|719|vc|3|2|274,75.5166,-3.58645,0.00171772,27.192,2.90646,2.58767,75.4618,-3.53318,0.00174771,26.875,2.80733,2.58654,False,69.0|274,719
8|719|vc|4|2|274,75.5166,-3.5411,0.00171772,27.192,2.90646,2.58767,75.4618,-3.53318,0.00174771,26.875,2.80733,2.58654,False,69.0|274,719
8|719|vc|5|2|274,75.5166,-3.51159,0.00171772,27.192,2.90646,2.58767,75.4618,-3.53319,0.00174771,26.875,2.80733,2.58654,False,69.0|274,719
8|719|vc|6|2|274,75.5166,-3.52004,0.00171772,27.192,2.90646,2.58767,75.4618,-3.53319,0.00174771,26.875,2.80733,2.58654,False,69.0|274,719
8|719|vc|7|2|274,75.5166,-3.58637,0.00171772,27.192,2.90646,2.58767,75.4618,-3.53318,0.00174771,26.875,2.80733,2.58654,False,69.0|274,719
8|719|vc|8|2|274,75.5166,-3.59726,0.00171772,27.192,2.90646,2.58767,75.4618,-3.53319,0.00174771,26.875,2.80733,2.58654,False,69.0|274,719
8|488|cc|1|1|322,75.5166,-3.55186,0.00171796,27.1917,2.90652,2.58774,75.4618,-3.53318,0.00174795,26.8747,2.80739,2.58662,False,69.0|322,488
8|488|cc|2|1|322,75.5166,-3.63163,0.00171796,27.1917,2.90652,2.58774,75.4618,-3.53319,0.00174795,26.8747,2.80739,2.58662,False,69.0|322,488
8|488|cc|3|1|322,75.5166,-3.54533,0.00171796,27.1917,2.90652,2.58774,75.4618,-3.53318,0.00174795,26.8747,2.80739,2.58662,False,69.0|322,488
8|488|cc|4|1|322,75.5166,-3.46818,0.00171796,27.1917,2.90652,2.58774,75.4618,-3.53319,0.00174795,26.8747,2.80739,2.58662,False,69.0|322,488
8|488|cc|5|1|322,75.5166,-3.50779,0.00171796,27.1917,2.90652,2.58774,75.4618,-3.53319,0.00174795,26.8747,2.80739,2.58662,False,69.0|322,488
8|488|cc|6|1|322,75.5166,-3.54964,0.00171796,27.1917,2.90652,2.58774,75.4618,-3.53318,0.00174795,26.8747,2.80739,2.58662,False,69.0|322,488
8|488|cc|7|1|322,75.5166,-3.55316,0.00171796,27.1917,2.90652,2.58774,75.4618,-3.53319,0.00174795,26.8747,2.80739,2.58662,False,69.0|322,488
8|488|cc|8|1|322,75.5166,-3.50045,0.00171796,27.1917,2.90652,2.58774,75.4618,-3.53318,0.00174795,26.8747,2.80739,2.58662,False,69.0|322,488
8|488|sample|10|322,75.5162,-2.61888,0.00171778,27.1907,2.90652,2.58774,75.4614,-2.66256,0.00174777,26.8737,2.80739,2.58662,True,32.0|322,488
8|488|sample|11|322,75.5166,-2.61297,0.00171781,27.1921,2.90652,2.58774,75.4618,-2.66256,0.0017478,26.8751,2.80739,2.58662,True,22.0|322,488
8|488|sample|12|322,75.5166,-2.69383,0.00171781,27.1921,2.90652,2.58774,75.4618,-2.66256,0.0017478,26.8751,2.80739,2.58662,True,22.0|322,488
8|488|sample|3|322,75.5181,-2.667,0.00171786,27.1922,2.90652,2.58774,75.4634,-2.66256,0.00174785,26.8752,2.80739,2.58662,True,55.0|322,488
8|488|sample|4|322,75.5181,-2.59745,0.00171786,27.1922,2.90652,2.58774,75.4634,-2.66256,0.00174785,26.8752,2.80739,2.58662,True,55.0|322,488
8|488|sample|5|322,75.5181,-2.77796,0.00171786,27.1922,2.90652,2.58774,75.4634,-2.66256,0.00174785,26.8752,2.80739,2.58662,True,55.0|322,488
8|488|sample|6|322,75.5181,-2.62533,0.00171786,27.1922,2.90652,2.58774,75.4634,-2.66256,0.00174785,26.8752,2.80739,2.58662,True,55.0|322,488
8|488|sample|7|322,75.5162,-2.72583,0.00171778,27.1907,2.90652,2.58774,75.4614,-2.66256,0.00174777,26.8737,2.80739,2.58662,True,32.0|322,488
8|488|sample|8|322,75.5162,-2.7337,0.00171778,27.1907,2.90652,2.58774,75.4614,-2.66256,0.00174777,26.8737,2.80739,2.58662,True,32.0|322,488
8|488|sample|9|322,75.5162,-2.60276,0.00171778,27.1907,2.90652,2.58774,75.4614,-2.66256,0.00174777,26.8737,2.80739,2.58662,True,32.0|322,488
8|488|vc|1|2|322,75.5166,-3.53263,0.00171796,27.1917,2.90652,2.58774,75.4618,-3.53319,0.00174795,26.8747,2.80739,2.58662,False,69.0|322,488
8|488|vc|2|2|322,75.5166,-3.52399,0.00171796,27.1917,2.90652,2.58774,75.4618,-3.53319,0.00174795,26.8747,2.80739,2.58662,False,69.0|322,488
8|488|vc|3|2|322,75.5166,-3.4425,0.00171796,27.1917,2.90652,2.58774,75.4618,-3.53319,0.00174795,26.8747,2.80739,2.58662,False,69.0|322,488
8|488|vc|4|2|322,75.5166,-3.4527,0.00171796,27.1917,2.90652,2.58774,75.4618,-3.53319,0.00174795,26.8747,2.80739,2.58662,False,69.0|322,488
8|488|vc|5|2|322,75.5166,-3.50588,0.00171796,27.1917,2.90652,2.58774,75.4618,-3.53319,0.00174795,26.8747,2.80739,2.58662,False,69.0|322,488
8|488|vc|6|2|322,75.5166,-3.52812,0.00171796,27.1917,2.90652,2.58774,75.4618,-3.53319,0.00174795,26.8747,2.80739,2.58662,False,69.0|322,488
8|488|vc|7|2|322,75.5166,-3.54672,0.00171796,27.1917,2.90652,2.58774,75.4618,-3.53319,0.00174795,26.8747,2.80739,2.58662,False,69.0|322,488
8|488|vc|8|2|322,75.5166,-3.55822,0.00171796,27.1917,2.90652,2.58774,75.4618,-3.53318,0.00174795,26.8747,2.80739,2.58662,False,69.0|322,488
8|847|cc|1|1|69,75.5168,-3.3843,0.00171786,27.1915,2.90646,2.58767,75.462,-3.53319,0.00174786,26.8745,2.80732,2.58655,False,69.0|69,847
8|847|cc|2|1|69,75.5168,-3.53248,0.00171786,27.1915,2.90646,2.58767,75.462,-3.53319,0.00174786,26.8745,2.80732,2.58655,False,69.0|69,847
8|847|cc|3|1|69,75.5168,-3.56378,0.00171786,27.1915,2.90646,2.58767,75.462,-3.53319,0.00174786,26.8745,2.80732,2.58655,False,69.0|69,847
8|847|cc|4|1|69,75.5168,-3.49809,0.00171786,27.1915,2.90646,2.58767,75.462,-3.53319,0.00174786,26.8745,2.80732,2.58655,False,69.0|69,847
8|847|cc|5|1|69,75.5168,-3.52532,0.00171786,27.1915,2.90646,2.58767,75.462,-3.53318,0.00174786,26.8745,2.80732,2.58655,False,69.0|69,847
8|847|cc|6|1|69,75.5168,-3.53582,0.00171786,27.1915,2.90646,2.58767,75.462,-3.53319,0.00174786,26.8745,2.80732,2.58655,False,69.0|69,847
8|847|cc|7|1|69,75.5168,-3.40804,0.00171786,27.1915,2.90646,2.58767,75.462,-3.53319,0.00174786,26.8745,2.80732,2.58655,False,69.0|69,847
8|847|cc|8|1|69,75.5168,-3.59872,0.00171786,27.1915,2.90646,2.58767,75.462,-3.53319,0.00174786,26.8745,2.80732,2.58655,False,69.0|69,847
8|847|sample|10|69,75.5166,-2.68259,0.00171842,27.1924,2.90646,2.58767,75.4618,-2.66256,0.00174842,26.8753,2.80732,2.58655,True,32.0|69,847
8|847|sample|11|69,75.5169,-2.6095,0.00171782,27.192,2.90646,2.58767,75.4622,-2.66256,0.00174781,26.875,2.80732,2.58655,True,22.0|69,847
8|847|sample|12|69,75.5169,-2.63053,0.00171782,27.192,2.90646,2.58767,75.4622,-2.66256,0.00174781,26.875,2.80732,2.58655,True,22.0|69,847
8|847|sample|3|69,75.5166,-2.61627,0.00171782,27.1911,2.90646,2.58767,75.4618,-2.66256,0.00174782,26.8741,2.80732,2.58655,True,55.0|69,847
8|847|sample|4|69,75.5166,-2.66876,0.00171782,27.1911,2.90646,2.58767,75.4618,-2.66256,0.00174782,26.8741,2.80732,2.58655,True,55.0|69,847
8|847|sample|5|69,75.5166,-2.61303,0.00171782,27.1911,2.90646,2.58767,75.4618,-2.66256,0.00174782,26.8741,2.80732,2.58655,True,55.0|69,847
8|847|sample|6|69,75.5166,-2.64862,0.00171782,27.1911,2.90646,2.58767,75.4618,-2.66256,0.00174782,26.8741,2.80732,2.58655,True,55.0|69,847
8|847|sample|7|69,75.5166,-2.6539,0.00171842,27.1924,2.90646,2.58767,75.4618,-2.66256,0.00174842,26.8753,2.80732,2.58655,True,32.0|69,847
8|847|sample|8|69,75.5166,-2.60857,0.00171842,27.1924,2.90646,2.58767,75.4618,-2.66256,0.00174842,26.8753,2.80732,2.58655,True,32.0|69,847
8|847|sample|9|69,75.5166,-2.67356,0.00171842,27.1924,2.90646,2.58767,75.4618,-2.66256,0.00174842,26.8753,2.80732,2.58655,True,32.0|69,847
8|847|vc|1|2|69,75.5168,-3.4993,0.00171786,27.1915,2.90646,2.58767,75.462,-3.53319,0.00174786,26.8745,2.80732,2.58655,False,69.0|69,847
8|847|vc|2|2|69,75.5168,-3.54072,0.00171786,27.1915,2.90646,2.58767,75.462,-3.53319,0.00174786,26.8745,2.80732,2.58655,False,69.0|69,847
8|847|vc|3|2|69,75.5168,-3.71107,0.00171786,27.1915,2.90646,2.58767,75.462,-3.53319,0.00174786,26.8745,2.80732,2.58655,False,69.0|69,847
8|847|vc|4|2|69,75.5168,-3.58942,0.00171786,27.1915,2.90646,2.58767,75.462,-3.53319,0.00174786,26.8745,2.80732,2.58655,False,69.0|69,847
8|847|vc|5|2|69,75.5168,-3.48516,0.00171786,27.1915,2.90646,2.58767,75.462,-3.53318,0.00174786,26.8745,2.80732,2.58655,False,69.0|69,847
8|847|vc|6|2|69,75.5168,-3.54066,0.00171786,27.1915,2.90646,2.58767,75.462,-3.53319,0.00174786,26.8745,2.80732,2.58655,False,69.0|69,847
8|847|vc|7|2|69,75.5168,-3.59778,0.00171786,27.1915,2.90646,2.58767,75.462,-3.53319,0.00174786,26.8745,2.80732,2.58655,False,69.0|69,847
8|847|vc|8|2|69,75.5168,-3.40798,0.00171786,27.1915,2.90646,2.58767,75.462,-3.53319,0.00174786,26.8745,2.80732,2.58655,False,69.0|69,847
8|474|cc|1|1|276,75.5166,-3.50199,0.00171773,27.1916,2.90669,31.6575,75.4618,-3.53318,0.00174772,26.8746,2.80756,31.8892,False,69.0|276,474
8|474|cc|2|1|276,75.5166,-3.4989,0.00171773,27.1916,2.90669,31.6575,75.4618,-3.53319,0.00174772,26.8746,2.80756,31.8892,False,69.0|276,474
8|474|cc|3|1|276,75.5166,-3.46218,0.00171773,27.1916,2.90669,31.6575,75.4618,-3.53319,0.00174772,26.8746,2.80756,31.8892,False,69.0|276,474
8|474|cc|4|1|276,75.5166,-3.42431,0.00171773,27.1916,2.90669,31.6575,75.4618,-3.53319,0.00174772,26.8746,2.80756,31.8892,False,69.0|276,474
8|474|cc|5|1|276,75.5166,-3.47553,0.00171773,27.1916,2.90669,31.6575,75.4618,-3.53319,0.00174772,26.8746,2.80756,31.8892,False,69.0|276,474
8|474|cc|6|1|276,75.5166,-3.38086,0.00171773,27.1916,2.90669,31.6575,75.4618,-3.53319,0.00174772,26.8746,2.80756,31.8892,False,69.0|276,474
8|474|cc|7|1|276,75.5166,-3.57424,0.00171773,27.1916,2.90669,31.6575,75.4618,-3.53319,0.00174772,26.8746,2.80756,31.8892,False,69.0|276,474
8|474|cc|8|1|276,75.5166,-3.57446,0.00171773,27.1916,2.90669,31.6575,75.4618,-3.53319,0.00174772,26.8746,2.80756,31.8892,False,69.0|276,474
8|474|sample|10|276,75.5169,-2.67947,0.00171783,27.1922,2.90669,31.6575,75.4621,-2.66256,0.00174782,26.8751,2.80756,31.8892,True,32.0|276,474
8|474|sample|11|276,75.5166,-2.66945,0.00171783,27.1921,2.90669,31.6575,75.4618,-2.66256,0.00174783,26.8751,2.80756,31.8892,True,22.0|276,474
8|474|sample|12|276,75.5166,-2.64081,0.00171783,27.1921,2.90669,31.6575,75.4618,-2.66256,0.00174783,26.8751,2.80756,31.8892,True,22.0|276,474
8|474|sample|3|276,75.5167,-2.70418,0.00171775,27.1913,2.90669,31.6575,75.4619,-2.66256,0.00174774,26.8743,2.80756,31.8892,True,55.0|276,474
8|474|sample|4|276,75.5167,-2.62662,0.00171775,27.1913,2.90669,31.6575,75.4619,-2.66256,0.00174774,26.8743,2.80756,31.8892,True,55.0|276,474
8|474|sample|5|276,75.5167,-2.72948,0.00171775,27.1913,2.90669,31.6575,75.4619,-2.66256,0.00174774,26.8743,2.80756,31.8892,True,55.0|276,474
8|474|sample|6|276,75.5167,-2.55901,0.00171775,27.1913,2.90669,31.6575,75.4619,-2.66256,0.00174774,26.8743,2.80756,31.8892,True,55.0|276,474
8|474|sample|7|276,75.5169,-2.72382,0.00171783,27.1922,2.90669,31.6575,75.4621,-2.66256,0.00174782,26.8751,2.80756,31.8892,True,32.0|276,474
8|474|sample|8|276,75.5169,-2.72563,0.00171783,27.1922,2.90669,31.6575,75.4621,-2.66256,0.00174782,26.8751,2.80756,31.8892,True,32.0|276,474
8|474|sample|9|276,75.5169,-2.64543,0.00171783,27.1922,2.90669,31.6575,75.4621,-2.66256,0.00174782,26.8751,2.80756,31.8892,True,32.0|276,474
8|474|vc|1|2|276,75.5166,-3.46072,0.00171773,27.1916,2.90669,31.6575,75.4618,-3.53319,0.00174772,26.8746,2.80756,31.8892,False,69.0|276,474
8|474|vc|2|2|276,75.5166,-3.55486,0.00171773,27.1916,2.90669,31.6575,75.4618,-3.53319,0.00174772,26.8746,2.80756,31.8892,False,69.0|276,474
8|474|vc|3|2|276,75.5166,-3.47883,0.00171773,27.1916,2.90669,31.6575,75.4618,-3.53319,0.00174772,26.8746,2.80756,31.8892,False,69.0|276,474
8|474|vc|4|2|276,75.5166,-3.54728,0.00171773,27.1916,2.90669,31.6575,75.4618,-3.53319,0.00174772,26.8746,2.80756,31.8892,False,69.0|276,474
8|474|vc|5|2|276,75.5166,-3.56353,0.00171773,27.1916,2.90669,31.6575,75.4618,-3.53319,0.00174772,26.8746,2.80756,31.8892,False,69.0|276,474
8|474|vc|6|2|276,75.5166,-3.56049,0.00171773,27.1916,2.90669,31.6575,75.4618,-3.53319,0.00174772,26.8746,2.80756,31.8892,False,69.0|276,474
8|474|vc|7|2|276,75.5166,-3.60993,0.00171773,27.1916,2.90669,31.6575,75.4618,-3.53319,0.00174772,26.8746,2.80756,31.8892,False,69.0|276,474
8|474|vc|8|2|276,75.5166,-3.49016,0.00171773,27.1916,2.90669,31.6575,75.4618,-3.53319,0.00174772,26.8746,2.80756,31.8892,False,69.0|276,474
8|462|cc|1|1|292,75.5166,-3.51393,0.00171793,27.192,2.90645,2.5878,75.4618,-3.53319,0.00174793,26.875,2.80731,2.58668,False,69.0|292,462
8|462|cc|2|1|292,75.5166,-3.53478,0.00171793,27.192,2.90645,2.5878,75.4618,-3.53319,0.00174793,26.875,2.80731,2.58668,False,69.0|292,462
8|462|cc|3|1|292,75.5166,-3.46284,0.00171793,27.192,2.90645,2.5878,75.4618,-3.53318,0.00174793,26.875,2.80731,2.58668,False,69.0|292,462
8|462|cc|4|1|292,75.5166,-3.47616,0.00171793,27.192,2.90645,2.5878,75.4618,-3.53319,0.00174793,26.875,2.80731,2.58668,False,69.0|292,462
8|462|cc|5|1|292,75.5166,-3.52825,0.00171793,27.192,2.90645,2.5878,75.4618,-3.53319,0.00174793,26.875,2.80731,2.58668,False,69.0|292,462
8|462|cc|6|1|292,75.5166,-3.58503,0.00171793,27.192,2.90645,2.5878,75.4618,-3.53319,0.00174793,26.875,2.80731,2.58668,False,69.0|292,462
8|462|cc|7|1|292,75.5166,-3.58232,0.00171793,27.192,2.90645,2.5878,75.4618,-3.53319,0.00174793,26.875,2.80731,2.58668,False,69.0|292,462
8|462|cc|8|1|292,75.5166,-3.51257,0.00171793,27.192,2.90645,2.5878,75.4618,-3.53319,0.00174793,26.875,2.80731,2.58668,False,69.0|292,462
8|462|sample|10|292,75.5166,-2.73661,0.00171782,27.1921,2.90645,2.5878,75.4618,-2.66256,0.00174781,26.875,2.80731,2.58668,True,32.0|292,462
8|462|sample|11|292,75.5166,-2.653,0.00171785,27.1918,2.90645,2.5878,75.4618,-2.66256,0.00174785,26.8748,2.80731,2.58668,True,22.0|292,462
8|462|sample|12|292,75.5166,-2.59255,0.00171785,27.1918,2.90645,2.5878,75.4618,-2.66256,0.00174785,26.8748,2.80731,2.58668,True,22.0|292,462
8|462|sample|3|292,75.5166,-2.76222,0.00171781,27.1898,2.90645,2.5878,75.4618,-2.66256,0.0017478,26.8728,2.80731,2.58668,True,55.0|292,462
8|462|sample|4|292,75.5166,-2.59014,0.00171781,27.1898,2.90645,2.5878,75.4618,-2.66256,0.0017478,26.8728,2.80731,2.58668,True,55.0|292,462
8|462|sample|5|292,75.5166,-2.60971,0.00171781,27.1898,2.90645,2.5878,75.4618,-2.66256,0.0017478,26.8728,2.80731,2.58668,True,55.0|292,462
8|462|sample|6|292,75.5166,-2.56659,0.00171781,27.1898,2.90645,2.5878,75.4618,-2.66256,0.0017478,26.8728,2.80731,2.58668,True,55.0|292,462
8|462|sample|7|292,75.5166,-2.66998,0.00171782,27.1921,2.90645,2.5878,75.4618,-2.66256,0.00174781,26.875,2.80731,2.58668,True,32.0|292,462
8|462|sample|8|292,75.5166,-2.66159,0.00171782,27.1921,2.90645,2.5878,75.4618,-2.66256,0.00174781,26.875,2.80731,2.58668,True,32.0|292,462
8|462|sample|9|292,75.5166,-2.68214,0.00171782,27.1921,2.90645,2.5878,75.4618,-2.66256,0.00174781,26.875,2.80731,2.58668,True,32.0|292,462
8|462|vc|1|2|292,75.5166,-3.4956,0.00171793,27.192,2.90645,2.5878,75.4618,-3.53319,0.00174793,26.875,2.80731,2.58668,False,69.0|292,462
8|462|vc|2|2|292,75.5166,-3.6105,0.00171793,27.192,2.90645,2.5878,75.4618,-3.53319,0.00174793,26.875,2.80731,2.58668,False,69.0|292,462
8|462|vc|3|2|292,75.5166,-3.4643,0.00171793,27.192,2.90645,2.5878,75.4618,-3.53319,0.00174793,26.875,2.80731,2.58668,False,69.0|292,462
8|462|vc|4|2|292,75.5166,-3.53284,0.00171793,27.192,2.90645,2.5878,75.4618,-3.53319,0.00174793,26.875,2.80731,2.58668,False,69.0|292,462
8|462|vc|5|2|292,75.5166,-3.48714,0.00171793,27.192,2.90645,2.5878,75.4618,-3.53318,0.00174793,26.875,2.80731,2.58668,False,69.0|292,462
8|462|vc|6|2|292,75.5166,-3.55983,0.00171793,27.192,2.90645,2.5878,75.4618,-3.53319,0.00174793,26.875,2.80731,2.58668,False,69.0|292,462
8|462|vc|7|2|292,75.5166,-3.67316,0.00171793,27.192,2.90645,2.5878,75.4618,-3.53319,0.00174793,26.875,2.80731,2.58668,False,69.0|292,462
8|462|vc|8|2|292,75.5166,-3.44428,0.00171793,27.192,2.90645,2.5878,75.4618,-3.53319,0.00174793,26.875,2.80731,2.58668,False,69.0|292,462
8|75|cc|1|1|65,75.5166,-3.57245,0.00171782,27.1914,2.90662,1.16,75.4618,-3.53319,0.00174781,26.8743,2.80749,1.12683,False,69.0|65,75
8|75|cc|2|1|65,75.5166,-3.59437,0.00171782,27.1914,2.90662,1.16,75.4618,-3.53319,0.00174781,26.8743,2.80749,1.12683,False,69.0|65,75
8|75|cc|3|1|65,75.5166,-3.51127,0.00171782,27.1914,2.90662,1.16,75.4618,-3.53319,0.00174781,26.8743,2.80749,1.12683,False,69.0|65,75
8|75|cc|4|1|65,75.5166,-3.53429,0.00171782,27.1914,2.90662,1.16,75.4618,-3.53319,0.00174781,26.8743,2.80749,1.12683,False,69.0|65,75
8|75|cc|5|1|65,75.5166,-3.53785,0.00171782,27.1914,2.90662,1.16,75.4618,-3.53318,0.00174781,26.8743,2.80749,1.12683,False,69.0|65,75
8|75|cc|6|1|65,75.5166,-3.49969,0.00171782,27.1914,2.90662,1.16,75.4618,-3.53318,0.00174781,26.8743,2.80749,1.12683,False,69.0|65,75
8|75|cc|7|1|65,75.5166,-3.51441,0.00171782,27.1914,2.90662,1.16,75.4618,-3.53319,0.00174781,26.8743,2.80749,1.12683,False,69.0|65,75
8|75|cc|8|1|65,75.5166,-3.58158,0.00171782,27.1914,2.90662,1.16,75.4618,-3.53319,0.00174781,26.8743,2.80749,1.12683,False,69.0|65,75
8|75|sample|10|65,75.5166,-2.72735,0.0017178,27.191,2.90662,1.16,75.4618,-2.66256,0.00174779,26.874,2.80749,1.12683,True,32.0|65,75
8|75|sample|11|65,75.5156,-2.62449,0.00171744,27.1915,2.90662,1.16,75.4608,-2.66256,0.00174742,26.8744,2.80749,1.12683,True,22.0|65,75
8|75|sample|12|65,75.5156,-2.62416,0.00171744,27.1915,2.90662,1.16,75.4608,-2.66256,0.00174742,26.8744,2.80749,1.12683,True,22.0|65,75
8|75|sample|3|65,75.5166,-2.67543,0.0017178,27.192,2.90662,1.16,75.4618,-2.66256,0.0017478,26.8749,2.80749,1.12683,True,55.0|65,75
8|75|sample|4|65,75.5166,-2.60752,0.0017178,27.192,2.90662,1.16,75.4618,-2.66256,0.0017478,26.8749,2.80749,1.12683,True,55.0|65,75
8|75|sample|5|65,75.5166,-2.71428,0.0017178,27.192,2.90662,1.16,75.4618,-2.66256,0.0017478,26.8749,2.80749,1.12683,True,55.0|65,75
8|75|sample|6|65,75.5166,-2.71127,0.0017178,27.192,2.90662,1.16,75.4618,-2.66256,0.0017478,26.8749,2.80749,1.12683,True,55.0|65,75
8|75|sample|7|65,75.5166,-2.63955,0.0017178,27.191,2.90662,1.16,75.4618,-2.66256,0.00174779,26.874,2.80749,1.12683,True,32.0|65,75
8|75|sample|8|65,75.5166,-2.66533,0.0017178,27.191,2.90662,1.16,75.4618,-2.66256,0.00174779,26.874,2.80749,1.12683,True,32.0|65,75
8|75|sample|9|65,75.5166,-2.63133,0.0017178,27.191,2.90662,1.16,75.4618,-2.66256,0.00174779,26.874,2.80749,1.12683,True,32.0|65,75
8|75|vc|1|2|65,75.5166,-3.53153,0.00171782,27.1914,2.90662,1.16,75.4618,-3.53319,0.00174781,26.8743,2.80749,1.12683,False,69.0|65,75
8|75|vc|2|2|65,75.5166,-3.49139,0.00171782,27.1914,2.90662,1.16,75.4618,-3.53319,0.00174781,26.8743,2.80749,1.12683,False,69.0|65,75
8|75|vc|3|2|65,75.5166,-3.47907,0.00171782,27.1914,2.90662,1.16,75.4618,-3.53319,0.00174781,26.8743,2.80749,1.12683,False,69.0|65,75
8|75|vc|4|2|65,75.5166,-3.56749,0.00171782,27.1914,2.90662,1.16,75.4618,-3.53319,0.00174781,26.8743,2.80749,1.12683,False,69.0|65,75
8|75|vc|5|2|65,75.5166,-3.43118,0.00171782,27.1914,2.90662,1.16,75.4618,-3.53319,0.00174781,26.8743,2.80749,1.12683,False,69.0|65,75
8|75|vc|6|2|65,75.5166,-3.48233,0.00171782,27.1914,2.90662,1.16,75.4618,-3.53319,0.00174781,26.8743,2.80749,1.12683,False,69.0|65,75
8|75|vc|7|2|65,75.5166,-3.54006,0.00171782,27.1914,2.90662,1.16,75.4618,-3.53319,0.00174781,26.8743,2.80749,1.12683,False,69.0|65,75
8|75|vc|8|2|65,75.5166,-3.49107,0.00171782,27.1914,2.90662,1.16,75.4618,-3.53319,0.00174781,26.8743,2.80749,1.12683,False,69.0|65,75
8|291|cc|1|1|103,75.5166,-3.47943,0.00171788,27.1913,2.90661,2.58751,75.4618,-3.53319,0.00174787,26.8742,2.80748,2.58638,False,69.0|103,291
8|291|cc|2|1|103,75.5166,-3.63576,0.00171788,27.1913,2.90661,2.58751,75.4618,-3.53319,0.00174787,26.8742,2.80748,2.58638,False,69.0|103,291
8|291|cc|3|1|103,75.5166,-3.54395,0.00171788,27.1913,2.90661,2.58751,75.4618,-3.53319,0.00174787,26.8742,2.80748,2.58638,False,69.0|103,291
8|291|cc|4|1|103,75.5166,-3.59602,0.00171788,27.1913,2.90661,2.58751,75.4618,-3.53319,0.00174787,26.8742,2.80748,2.58638,False,69.0|103,291
8|291|cc|5|1|103,75.5166,-3.56067,0.00171788,27.1913,2.90661,2.58751,75.4618,-3.53319,0.00174787,26.8742,2.80748,2.58638,False,69.0|103,291
8|291|cc|6|1|103,75.5166,-3.51256,0.00171788,27.1913,2.90661,2.58751,75.4618,-3.53319,0.00174787,26.8742,2.80748,2.58638,False,69.0|103,291
8|291|cc|7|1|103,75.5166,-3.56051,0.00171788,27.1913,2.90661,2.58751,75.4618,-3.53319,0.00174787,26.8742,2.80748,2.58638,False,69.0|103,291
8|291|cc|8|1|103,75.5166,-3.6007,0.00171788,27.1913,2.90661,2.58751,75.4618,-3.53319,0.00174787,26.8742,2.80748,2.58638,False,69.0|103,291
8|291|sample|10|103,75.5166,-2.70663,0.00171783,27.1918,2.90661,2.58751,75.4618,-2.66256,0.00174782,26.8747,2.80748,2.58638,True,32.0|103,291
8|291|sample|11|103,75.5166,-2.66911,0.00171781,27.1919,2.90661,2.58751,75.4619,-2.66256,0.0017478,26.8749,2.80748,2.58638,True,22.0|103,291
8|291|sample|12|103,75.5166,-2.6457,0.00171781,27.1919,2.90661,2.58751,75.4619,-2.66256,0.0017478,26.8749,2.80748,2.58638,True,22.0|103,291
8|291|sample|3|103,75.5167,-2.70892,0.00171786,27.1918,2.90661,2.58751,75.4619,-2.66256,0.00174786,26.8748,2.80748,2.58638,True,55.0|103,291
8|291|sample|4|103,75.5167,-2.74168,0.00171786,27.1918,2.90661,2.58751,75.4619,-2.66256,0.00174786,26.8748,2.80748,2.58638,True,55.0|103,291
8|291|sample|5|103,75.5167,-2.6905,0.00171786,27.1918,2.90661,2.58751,75.4619,-2.66256,0.00174786,26.8748,2.80748,2.58638,True,55.0|103,291
8|291|sample|6|103,75.5167,-2.59936,0.00171786,27.1918,2.90661,2.58751,75.4619,-2.66256,0.00174786,26.8748,2.80748,2.58638,True,55.0|103,291
8|291|sample|7|103,75.5166,-2.54187,0.00171783,27.1918,2.90661,2.58751,75.4618,-2.66256,0.00174782,26.8747,2.80748,2.58638,True,32.0|103,291
8|291|sample|8|103,75.5166,-2.62747,0.00171783,27.1918,2.90661,2.58751,75.4618,-2.66256,0.00174782,26.8747,2.80748,2.58638,True,32.0|103,291
8|291|sample|9|103,75.5166,-2.71597,0.00171783,27.1918,2.90661,2.58751,75.4618,-2.66256,0.00174782,26.8747,2.80748,2.58638,True,32.0|103,291
8|291|vc|1|2|103,75.5166,-3.53299,0.00171788,27.1913,2.90661,2.58751,75.4618,-3.53319,0.00174787,26.8742,2.80748,2.58638,False,69.0|103,291
8|291|vc|2|2|103,75.5166,-3.61997,0.00171788,27.1913,2.90661,2.58751,75.4618,-3.53319,0.00174787,26.8742,2.80748,2.58638,False,69.0|103,291
8|291|vc|3|2|103,75.5166,-3.50188,0.00171788,27.1913,2.90661,2.58751,75.4618,-3.53319,0.00174787,26.8742,2.80748,2.58638,False,69.0|103,291
8|291|vc|4|2|103,75.5166,-3.50481,0.00171788,27.1913,2.90661,2.58751,75.4618,-3.53319,0.00174787,26.8742,2.80748,2.58638,False,69.0|103,291
8|291|vc|5|2|103,75.5166,-3.53444,0.00171788,27.1913,2.90661,2.58751,75.4618,-3.53319,0.00174787,26.8742,2.80748,2.58638,False,69.0|103,291
8|291|vc|6|2|103,75.5166,-3.49213,0.00171788,27.1913,2.90661,2.58751,75.4618,-3.53319,0.00174787,26.8742,2.80748,2.58638,False,69.0|103,291
8|291|vc|7|2|103,75.5166,-3.57629,0.00171788,27.1913,2.90661,2.58751,75.4618,-3.53318,0.00174787,26.8742,2.80748,2.58638,False,69.0|103,291
8|291|vc|8|2|103,75.5166,-3.49819,0.00171788,27.1913,2.90661,2.58751,75.4618,-3.53319,0.00174787,26.8742,2.80748,2.58638,False,69.0|103,291
8|77|cc|1|1|218,75.5166,-3.57154,0.00171792,27.1919,2.90662,2.58752,75.4618,-3.53319,0.00174791,26.8749,2.80749,2.58639,False,69.0|218,77
8|77|cc|2|1|218,75.5166,-3.5338,0.00171792,27.1919,2.90662,2.58752,75.4618,-3.53319,0.00174791,26.8749,2.80749,2.58639,False,69.0|218,77
8|77|cc|3|1|218,75.5166,-3.53737,0.00171792,27.1919,2.90662,2.58752,75.4618,-3.53318,0.00174791,26.8749,2.80749,2.58639,False,69.0|218,77
8|77|cc|4|1|218,75.5166,-3.60187,0.00171792,27.1919,2.90662,2.58752,75.4618,-3.53319,0.00174791,26.8749,2.80749,2.58639,False,69.0|218,77
8|77|cc|5|1|218,75.5166,-3.61721,0.00171792,27.1919,2.90662,2.58752,75.4618,-3.53319,0.00174791,26.8749,2.80749,2.58639,False,69.0|218,77
8|77|cc|6|1|218,75.5166,-3.58385,0.00171792,27.1919,2.90662,2.58752,75.4618,-3.53319,0.00174791,26.8749,2.80749,2.58639,False,69.0|218,77
8|77|cc|7|1|218,75.5166,-3.52226,0.00171792,27.1919,2.90662,2.58752,75.4618,-3.53318,0.00174791,26.8749,2.80749,2.58639,False,69.0|218,77
8|77|cc|8|1|218,75.5166,-3.40742,0.00171792,27.1919,2.90662,2.58752,75.4618,-3.53318,0.00174791,26.8749,2.80749,2.58639,False,69.0|218,77
8|77|sample|10|218,75.5165,-2.60804,0.00171781,27.191,2.90662,2.58752,75.4617,-2.66256,0.00174781,26.8739,2.80749,2.58639,True,32.0|218,77
8|77|sample|11|218,75.5165,-2.70386,0.00171779,27.1923,2.90662,2.58752,75.4617,-2.66256,0.00174779,26.8753,2.80749,2.58639,True,22.0|218,77
8|77|sample|12|218,75.5165,-2.65866,0.00171779,27.1923,2.90662,2.58752,75.4617,-2.66256,0.00174779,26.8753,2.80749,2.58639,True,22.0|218,77
8|77|sample|3|218,75.5165,-2.66557,0.0017178,27.1912,2.90662,2.58752,75.4618,-2.66256,0.0017478,26.8742,2.80749,2.58639,True,55.0|218,77
8|77|sample|4|218,75.5165,-2.71798,0.0017178,27.1912,2.90662,2.58752,75.4618,-2.66256,0.0017478,26.8742,2.80749,2.58639,True,55.0|218,77
8|77|sample|5|218,75.5165,-2.68557,0.0017178,27.1912,2.90662,2.58752,75.4618,-2.66256,0.0017478,26.8742,2.80749,2.58639,True,55.0|218,77
8|77|sample|6|218,75.5165,-2.77011,0.0017178,27.1912,2.90662,2.58752,75.4618,-2.66256,0.0017478,26.8742,2.80749,2.58639,True,55.0|218,77
8|77|sample|7|218,75.5165,-2.65333,0.00171781,27.191,2.90662,2.58752,75.4617,-2.66256,0.00174781,26.8739,2.80749,2.58639,True,32.0|218,77
8|77|sample|8|218,75.5165,-2.74125,0.00171781,27.191,2.90662,2.58752,75.4617,-2.66256,0.00174781,26.8739,2.80749,2.58639,True,32.0|218,77
8|77|sample|9|218,75.5165,-2.67324,0.00171781,27.191,2.90662,2.58752,75.4617,-2.66256,0.00174781,26.8739,2.80749,2.58639,True,32.0|218,77
8|77|vc|1|2|218,75.5166,-3.39395,0.00171792,27.1919,2.90662,2.58752,75.4618,-3.53319,0.00174791,26.8749,2.80749,2.58639,False,69.0|218,77
8|77|vc|2|2|218,75.5166,-3.56815,0.00171792,27.1919,2.90662,2.58752,75.4618,-3.53318,0.00174791,26.8749,2.80749,2.58639,False,69.0|218,77
8|77|vc|3|2|218,75.5166,-3.36703,0.00171792,27.1919,2.90662,2.58752,75.4618,-3.53319,0.00174791,26.8749,2.80749,2.58639,False,69.0|218,77
8|77|vc|4|2|218,75.5166,-3.54878,0.00171792,27.1919,2.90662,2.58752,75.4618,-3.53319,0.00174791,26.8749,2.80749,2.58639,False,69.0|218,77
8|77|vc|5|2|218,75.5166,-3.57364,0.00171792,27.1919,2.90662,2.58752,75.4618,-3.53319,0.00174791,26.8749,2.80749,2.58639,False,69.0|218,77
8|77|vc|6|2|218,75.5166,-3.60376,0.00171792,27.1919,2.90662,2.58752,75.4618,-3.53319,0.00174791,26.8749,2.80749,2.58639,False,69.0|218,77
8|77|vc|7|2|218,75.5166,-3.53457,0.00171792,27.1919,2.90662,2.58752,75.4618,-3.53319,0.00174791,26.8749,2.80749,2.58639,False,69.0|218,77
8|77|vc|8|2|218,75.5166,-3.49769,0.00171792,27.1919,2.90662,2.58752,75.4618,-3.53318,0.00174791,26.8749,2.80749,2.58639,False,69.0|218,77
8|322|cc|1|1|174,75.5166,-3.4567,0.00171789,27.1931,2.90649,1.83299,75.4618,-3.53319,0.00174788,26.8761,2.80736,1.80127,False,69.0|174,322
8|322|cc|2|1|174,75.5166,-3.61052,0.00171789,27.1931,2.90649,1.83299,75.4618,-3.53319,0.00174788,26.8761,2.80736,1.80127,False,69.0|174,322
8|322|cc|3|1|174,75.5166,-3.48546,0.00171789,27.1931,2.90649,1.83299,75.4618,-3.53319,0.00174788,26.8761,2.80736,1.80127,False,69.0|174,322
8|322|cc|4|1|174,75.5166,-3.56167,0.00171789,27.1931,2.90649,1.83299,75.4618,-3.53318,0.00174788,26.8761,2.80736,1.80127,False,69.0|174,322
8|322|cc|5|1|174,75.5166,-3.47188,0.00171789,27.1931,2.90649,1.83299,75.4618,-3.53319,0.00174788,26.8761,2.80736,1.80127,False,69.0|174,322
8|322|cc|6|1|174,75.5166,-3.58927,0.00171789,27.1931,2.90649,1.83299,75.4618,-3.53319,0.00174788,26.8761,2.80736,1.80127,False,69.0|174,322
8|322|cc|7|1|174,75.5166,-3.48178,0.00171789,27.1931,2.90649,1.83299,75.4618,-3.53319,0.00174788,26.8761,2.80736,1.80127,False,69.0|174,322
8|322|cc|8|1|174,75.5166,-3.43781,0.00171789,27.1931,2.90649,1.83299,75.4618,-3.53319,0.00174788,26.8761,2.80736,1.80127,False,69.0|174,322
8|322|sample|10|174,75.5167,-2.64692,0.00171783,27.1924,2.90649,1.83299,75.4619,-2.66256,0.00174782,26.8753,2.80736,1.80127,True,32.0|174,322
8|322|sample|11|174,75.5165,-2.61626,0.00171784,27.1926,2.90649,1.83299,75.4618,-2.66256,0.00174783,26.8755,2.80736,1.80127,True,22.0|174,322
8|322|sample|12|174,75.5165,-2.64606,0.00171784,27.1926,2.90649,1.83299,75.4618,-2.66256,0.00174783,26.8755,2.80736,1.80127,True,22.0|174,322
8|322|sample|3|174,75.5166,-2.67299,0.00171788,27.1919,2.90649,1.83299,75.4619,-2.66256,0.00174788,26.8749,2.80736,1.80127,True,55.0|174,322
8|322|sample|4|174,75.5166,-2.73136,0.00171788,27.1919,2.90649,1.83299,75.4619,-2.66256,0.00174788,26.8749,2.80736,1.80127,True,55.0|174,322
8|322|sample|5|174,75.5166,-2.7307,0.00171788,27.1919,2.90649,1.83299,75.4619,-2.66256,0.00174788,26.8749,2.80736,1.80127,True,55.0|174,322
8|322|sample|6|174,75.5166,-2.61648,0.00171788,27.1919,2.90649,1.83299,75.4619,-2.66256,0.00174788,26.8749,2.80736,1.80127,True,55.0|174,322
8|322|sample|7|174,75.5167,-2.6431,0.00171783,27.1924,2.90649,1.83299,75.4619,-2.66256,0.00174782,26.8753,2.80736,1.80127,True,32.0|174,322
8|322|sample|8|174,75.5167,-2.67396,0.00171783,27.1924,2.90649,1.83299,75.4619,-2.66256,0.00174782,26.8753,2.80736,1.80127,True,32.0|174,322
8|322|sample|9|174,75.5167,-2.68547,0.00171783,27.1924,2.90649,1.83299,75.4619,-2.66256,0.00174782,26.8753,2.80736,1.80127,True,32.0|174,322
8|322|vc|1|2|174,75.5166,-3.52382,0.00171789,27.1931,2.90649,1.83299,75.4618,-3.53319,0.00174788,26.8761,2.80736,1.80127,False,69.0|174,322
8|322|vc|2|2|174,75.5166,-3.5859,0.00171789,27.1931,2.90649,1.83299,75.4618,-3.53319,0.00174788,26.8761,2.80736,1.80127,False,69.0|174,322
8|322|vc|3|2|174,75.5166,-3.58462,0.00171789,27.1931,2.90649,1.83299,75.4618,-3.53319,0.00174788,26.8761,2.80736,1.80127,False,69.0|174,322
8|322|vc|4|2|174,75.5166,-3.55641,0.00171789,27.1931,2.90649,1.83299,75.4618,-3.53319,0.00174788,26.8761,2.80736,1.80127,False,69.0|174,322
8|322|vc|5|2|174,75.5166,-3.48172,0.00171789,27.1931,2.90649,1.83299,75.4618,-3.53319,0.00174788,26.8761,2.80736,1.80127,False,69.0|174,322
8|322|vc|6|2|174,75.5166,-3.54224,0.00171789,27.1931,2.90649,1.83299,75.4618,-3.53319,0.00174788,26.8761,2.80736,1.80127,False,69.0|174,322
8|322|vc|7|2|174,75.5166,-3.5615,0.00171789,27.1931,2.90649,1.83299,75.4618,-3.53319,0.00174788,26.8761,2.80736,1.80127,False,69.0|174,322
8|322|vc|8|2|174,75.5166,-3.47755,0.00171789,27.1931,2.90649,1.83299,75.4618,-3.53319,0.00174788,26.8761,2.80736,1.80127,False,69.0|174,322
8|963|cc|1|1|319,75.5166,-3.56546,0.00171788,27.1906,2.90661,2.58767,75.4618,-3.53319,0.00174787,26.8736,2.80748,2.58655,False,69.0|319,963
8|963|cc|2|1|319,75.5166,-3.49534,0.00171788,27.1906,2.90661,2.58767,75.4618,-3.53318,0.00174787,26.8736,2.80748,2.58655,False,69.0|319,963
8|963|cc|3|1|319,75.5166,-3.65707,0.00171788,27.1906,2.90661,2.58767,75.4618,-3.53319,0.00174787,26.8736,2.80748,2.58655,False,69.0|319,963
8|963|cc|4|1|319,75.5166,-3.49378,0.00171788,27.1906,2.90661,2.58767,75.4618,-3.53319,0.00174787,26.8736,2.80748,2.58655,False,69.0|319,963
8|963|cc|5|1|319,75.5166,-3.52937,0.00171788,27.1906,2.90661,2.58767,75.4618,-3.53319,0.00174787,26.8736,2.80748,2.58655,False,69.0|319,963
8|963|cc|6|1|319,75.5166,-3.50446,0.00171788,27.1906,2.90661,2.58767,75.4618,-3.53319,0.00174787,26.8736,2.80748,2.58655,False,69.0|319,963
8|963|cc|7|1|319,75.5166,-3.58812,0.00171788,27.1906,2.90661,2.58767,75.4618,-3.53318,0.00174787,26.8736,2.80748,2.58655,False,69.0|319,963
8|963|cc|8|1|319,75.5166,-3.45711,0.00171788,27.1906,2.90661,2.58767,75.4618,-3.53319,0.00174787,26.8736,2.80748,2.58655,False,69.0|319,963
8|963|sample|10|319,75.5166,-2.71952,0.00171777,27.1916,2.90661,2.58767,75.4618,-2.66256,0.00174776,26.8746,2.80748,2.58655,True,32.0|319,963
8|963|sample|11|319,75.5165,-2.70331,0.00171785,27.1912,2.90661,2.58767,75.4618,-2.66256,0.00174785,26.8741,2.80748,2.58655,True,22.0|319,963
8|963|sample|12|319,75.5165,-2.68075,0.00171785,27.1912,2.90661,2.58767,75.4618,-2.66256,0.00174785,26.8741,2.80748,2.58655,True,22.0|319,963
8|963|sample|3|319,75.5165,-2.66478,0.00171837,27.1925,2.90661,2.58767,75.4618,-2.66256,0.00174837,26.8755,2.80748,2.58655,True,55.0|319,963
8|963|sample|4|319,75.5165,-2.73258,0.00171837,27.1925,2.90661,2.58767,75.4618,-2.66256,0.00174837,26.8755,2.80748,2.58655,True,55.0|319,963
8|963|sample|5|319,75.5165,-2.69971,0.00171837,27.1925,2.90661,2.58767,75.4618,-2.66256,0.00174837,26.8755,2.80748,2.58655,True,55.0|319,963
8|963|sample|6|319,75.5165,-2.62597,0.00171837,27.1925,2.90661,2.58767,75.4618,-2.66256,0.00174837,26.8755,2.80748,2.58655,True,55.0|319,963
8|963|sample|7|319,75.5166,-2.63119,0.00171777,27.1916,2.90661,2.58767,75.4618,-2.66256,0.00174776,26.8746,2.80748,2.58655,True,32.0|319,963
8|963|sample|8|319,75.5166,-2.62813,0.00171777,27.1916,2.90661,2.58767,75.4618,-2.66256,0.00174776,26.8746,2.80748,2.58655,True,32.0|319,963
8|963|sample|9|319,75.5166,-2.66779,0.00171777,27.1916,2.90661,2.58767,75.4618,-2.66256,0.00174776,26.8746,2.80748,2.58655,True,32.0|319,963
8|963|vc|1|2|319,75.5166,-3.58031,0.00171788,27.1906,2.90661,2.58767,75.4618,-3.53319,0.00174787,26.8736,2.80748,2.58655,False,69.0|319,963
8|963|vc|2|2|319,75.5166,-3.58501,0.00171788,27.1906,2.90661,2.58767,75.4618,-3.53319,0.00174787,26.8736,2.80748,2.58655,False,69.0|319,963
8|963|vc|3|2|319,75.5166,-3.61738,0.00171788,27.1906,2.90661,2.58767,75.4618,-3.53319,0.00174787,26.8736,2.80748,2.58655,False,69.0|319,963
8|963|vc|4|2|319,75.5166,-3.53585,0.00171788,27.1906,2.90661,2.58767,75.4618,-3.53319,0.00174787,26.8736,2.80748,2.58655,False,69.0|319,963
8|963|vc|5|2|319,75.5166,-3.56234,0.00171788,27.1906,2.90661,2.58767,75.4618,-3.53318,0.00174787,26.8736,2.80748,2.58655,False,69.0|319,963
8|963|vc|6|2|319,75.5166,-3.60496,0.00171788,27.1906,2.90661,2.58767,75.4618,-3.53319,0.00174787,26.8736,2.80748,2.58655,False,69.0|319,963
8|963|vc|7|2|319,75.5166,-3.51964,0.00171788,27.1906,2.90661,2.58767,75.4618,-3.53318,0.00174787,26.8736,2.80748,2.58655,False,69.0|319,963
8|963|vc|8|2|319,75.5166,-3.50017,0.00171788,27.1906,2.90661,2.58767,75.4618,-3.53319,0.00174787,26.8736,2.80748,2.58655,False,69.0|319,963
8|1241|cc|1|1|69,75.5168,-3.54873,0.00171786,27.1915,2.90663,2.58765,75.462,-3.53319,0.00174786,26.8745,2.8075,2.58653,False,69.0|69,1241
8|1241|cc|2|1|69,75.5168,-3.51893,0.00171786,27.1915,2.90663,2.58765,75.462,-3.53319,0.00174786,26.8745,2.8075,2.58653,False,69.0|69,1241
8|1241|cc|3|1|69,75.5168,-3.47705,0.00171786,27.1915,2.90663,2.58765,75.462,-3.53319,0.00174786,26.8745,2.8075,2.58653,False,69.0|69,1241
8|1241|cc|4|1|69,75.5168,-3.45702,0.00171786,27.1915,2.90663,2.58765,75.462,-3.53319,0.00174786,26.8745,2.8075,2.58653,False,69.0|69,1241
8|1241|cc|5|1|69,75.5168,-3.52956,0.00171786,27.1915,2.90663,2.58765,75.462,-3.53319,0.00174786,26.8745,2.8075,2.58653,False,69.0|69,1241
8|1241|cc|6|1|69,75.5168,-3.53489,0.00171786,27.1915,2.90663,2.58765,75.462,-3.53318,0.00174786,26.8745,2.8075,2.58653,False,69.0|69,1241
8|1241|cc|7|1|69,75.5168,-3.57376,0.00171786,27.1915,2.90663,2.58765,75.462,-3.53319,0.00174786,26.8745,2.8075,2.58653,False,69.0|69,1241
8|1241|cc|8|1|69,75.5168,-3.56642,0.00171786,27.1915,2.90663,2.58765,75.462,-3.53319,0.00174786,26.8745,2.8075,2.58653,False,69.0|69,1241
8|1241|sample|3|69,75.5169,-2.68077,0.00171782,27.192,2.90663,2.58765,75.4622,-2.66256,0.00174781,26.875,2.8075,2.58653,True,22.0|69,1241
8|1241|sample|4|69,75.5169,-2.62796,0.00171782,27.192,2.90663,2.58765,75.4622,-2.66256,0.00174781,26.875,2.8075,2.58653,True,22.0|69,1241
8|1241|sample|8|69,75.5169,-2.56792,0.00171782,27.192,2.90663,2.58765,75.4622,-2.66256,0.00174781,26.875,2.8075,2.58653,True,22.0|69,1241
8|1241|vc|1|2|69,75.5168,-3.55316,0.00171786,27.1915,2.90663,2.58765,75.462,-3.53319,0.00174786,26.8745,2.8075,2.58653,False,69.0|69,1241
8|1241|vc|2|2|69,75.5168,-3.55027,0.00171786,27.1915,2.90663,2.58765,75.462,-3.53319,0.00174786,26.8745,2.8075,2.58653,False,69.0|69,1241
8|1241|vc|3|2|69,75.5168,-3.55542,0.00171786,27.1915,2.90663,2.58765,75.462,-3.53319,0.00174786,26.8745,2.8075,2.58653,False,69.0|69,1241
8|1241|vc|4|2|69,75.5168,-3.57543,0.00171786,27.1915,2.90663,2.58765,75.462,-3.53319,0.00174786,26.8745,2.8075,2.58653,False,69.0|69,1241
8|1241|vc|5|2|69,75.5168,-3.63046,0.00171786,27.1915,2.90663,2.58765,75.462,-3.53319,0.00174786,26.8745,2.8075,2.58653,False,69.0|69,1241
8|1241|vc|6|2|69,75.5168,-3.6338,0.00171786,27.1915,2.90663,2.58765,75.462,-3.53318,0.00174786,26.8745,2.8075,2.58653,False,69.0|69,1241
8|1241|vc|7|2|69,75.5168,-3.56496,0.00171786,27.1915,2.90663,2.58765,75.462,-3.53319,0.00174786,26.8745,2.8075,2.58653,False,69.0|69,1241
8|1241|vc|8|2|69,75.5168,-3.6007,0.00171786,27.1915,2.90663,2.58765,75.462,-3.53319,0.00174786,26.8745,2.8075,2.58653,False,69.0|69,1241
8|1056|cc|1|1|276,75.5166,-3.48966,0.00171773,27.1916,2.90663,23.2097,75.4618,-3.53319,0.00174772,26.8746,2.8075,23.6701,False,69.0|276,1056
8|1056|cc|2|1|276,75.5166,-3.49898,0.00171773,27.1916,2.90663,23.2097,75.4618,-3.53319,0.00174772,26.8746,2.8075,23.6701,False,69.0|276,1056
8|1056|cc|3|1|276,75.5166,-3.54269,0.00171773,27.1916,2.90663,23.2097,75.4618,-3.53319,0.00174772,26.8746,2.8075,23.6701,False,69.0|276,1056
8|1056|cc|4|1|276,75.5166,-3.61363,0.00171773,27.1916,2.90663,23.2097,75.4618,-3.53319,0.00174772,26.8746,2.8075,23.6701,False,69.0|276,1056
8|1056|cc|5|1|276,75.5166,-3.59132,0.00171773,27.1916,2.90663,23.2097,75.4618,-3.53319,0.00174772,26.8746,2.8075,23.6701,False,69.0|276,1056
8|1056|cc|6|1|276,75.5166,-3.48458,0.00171773,27.1916,2.90663,23.2097,75.4618,-3.53319,0.00174772,26.8746,2.8075,23.6701,False,69.0|276,1056
8|1056|cc|7|1|276,75.5166,-3.49179,0.00171773,27.1916,2.90663,23.2097,75.4618,-3.53319,0.00174772,26.8746,2.8075,23.6701,False,69.0|276,1056
8|1056|cc|8|1|276,75.5166,-3.61827,0.00171773,27.1916,2.90663,23.2097,75.4618,-3.53318,0.00174772,26.8746,2.8075,23.6701,False,69.0|276,1056
8|1056|sample|3|276,75.5166,-2.76852,0.00171783,27.1921,2.90663,23.2097,75.4618,-2.66256,0.00174783,26.8751,2.8075,23.6701,True,22.0|276,1056
8|1056|sample|4|276,75.5166,-2.683,0.00171783,27.1921,2.90663,23.2097,75.4618,-2.66256,0.00174783,26.8751,2.8075,23.6701,True,22.0|276,1056
8|1056|vc|1|2|276,75.5166,-3.59825,0.00171773,27.1916,2.90663,23.2097,75.4618,-3.53318,0.00174772,26.8746,2.8075,23.6701,False,69.0|276,1056
8|1056|vc|2|2|276,75.5166,-3.41843,0.00171773,27.1916,2.90663,23.2097,75.4618,-3.53319,0.00174772,26.8746,2.8075,23.6701,False,69.0|276,1056
8|1056|vc|3|2|276,75.5166,-3.58497,0.00171773,27.1916,2.90663,23.2097,75.4618,-3.53318,0.00174772,26.8746,2.8075,23.6701,False,69.0|276,1056
8|1056|vc|4|2|276,75.5166,-3.54117,0.00171773,27.1916,2.90663,23.2097,75.4618,-3.53319,0.00174772,26.8746,2.8075,23.6701,False,69.0|276,1056
8|1056|vc|5|2|276,75.5166,-3.48613,0.00171773,27.1916,2.90663,23.2097,75.4618,-3.53319,0.00174772,26.8746,2.8075,23.6701,False,69.0|276,1056
8|1056|vc|6|2|276,75.5166,-3.63568,0.00171773,27.1916,2.90663,23.2097,75.4618,-3.53318,0.00174772,26.8746,2.8075,23.6701,False,69.0|276,1056
8|1056|vc|7|2|276,75.5166,-3.59154,0.00171773,27.1916,2.90663,23.2097,75.4618,-3.53319,0.00174772,26.8746,2.8075,23.6701,False,69.0|276,1056
8|1056|vc|8|2|276,75.5166,-3.49748,0.00171773,27.1916,2.90663,23.2097,75.4618,-3.53319,0.00174772,26.8746,2.8075,23.6701,False,69.0|276,1056
8|1159|cc|1|1|292,75.5166,-3.58099,0.00171793,27.192,2.90662,2.58767,75.4618,-3.53319,0.00174793,26.875,2.80749,2.58655,False,69.0|292,1159
8|1159|cc|2|1|292,75.5166,-3.44401,0.00171793,27.192,2.90662,2.58767,75.4618,-3.53319,0.00174793,26.875,2.80749,2.58655,False,69.0|292,1159
8|1159|cc|3|1|292,75.5166,-3.54856,0.00171793,27.192,2.90662,2.58767,75.4618,-3.53319,0.00174793,26.875,2.80749,2.58655,False,69.0|292,1159
8|1159|cc|4|1|292,75.5166,-3.54203,0.00171793,27.192,2.90662,2.58767,75.4618,-3.53319,0.00174793,26.875,2.80749,2.58655,False,69.0|292,1159
8|1159|cc|5|1|292,75.5166,-3.63323,0.00171793,27.192,2.90662,2.58767,75.4618,-3.53319,0.00174793,26.875,2.80749,2.58655,False,69.0|292,1159
8|1159|cc|6|1|292,75.5166,-3.56308,0.00171793,27.192,2.90662,2.58767,75.4618,-3.53319,0.00174793,26.875,2.80749,2.58655,False,69.0|292,1159
8|1159|cc|7|1|292,75.5166,-3.473,0.00171793,27.192,2.90662,2.58767,75.4618,-3.53319,0.00174793,26.875,2.80749,2.58655,False,69.0|292,1159
8|1159|cc|8|1|292,75.5166,-3.55703,0.00171793,27.192,2.90662,2.58767,75.4618,-3.53319,0.00174793,26.875,2.80749,2.58655,False,69.0|292,1159
8|1159|sample|3|292,75.5166,-2.69734,0.00171785,27.1918,2.90662,2.58767,75.4618,-2.66256,0.00174785,26.8748,2.80749,2.58655,True,22.0|292,1159
8|1159|sample|4|292,75.5166,-2.7089,0.00171785,27.1918,2.90662,2.58767,75.4618,-2.66256,0.00174785,26.8748,2.80749,2.58655,True,22.0|292,1159
8|1159|vc|1|2|292,75.5166,-3.55915,0.00171793,27.192,2.90662,2.58767,75.4618,-3.53319,0.00174793,26.875,2.80749,2.58655,False,69.0|292,1159
8|1159|vc|2|2|292,75.5166,-3.46997,0.00171793,27.192,2.90662,2.58767,75.4618,-3.53318,0.00174793,26.875,2.80749,2.58655,False,69.0|292,1159
8|1159|vc|3|2|292,75.5166,-3.50319,0.00171793,27.192,2.90662,2.58767,75.4618,-3.53319,0.00174793,26.875,2.80749,2.58655,False,69.0|292,1159
8|1159|vc|4|2|292,75.5166,-3.53346,0.00171793,27.192,2.90662,2.58767,75.4618,-3.53318,0.00174793,26.875,2.80749,2.58655,False,69.0|292,1159
8|1159|vc|5|2|292,75.5166,-3.6179,0.00171793,27.192,2.90662,2.58767,75.4618,-3.53319,0.00174793,26.875,2.80749,2.58655,False,69.0|292,1159
8|1159|vc|6|2|292,75.5166,-3.55414,0.00171793,27.192,2.90662,2.58767,75.4618,-3.53319,0.00174793,26.875,2.80749,2.58655,False,69.0|292,1159
8|1159|vc|7|2|292,75.5166,-3.4312,0.00171793,27.192,2.90662,2.58767,75.4618,-3.53319,0.00174793,26.875,2.80749,2.58655,False,69.0|292,1159
8|1159|vc|8|2|292,75.5166,-3.51963,0.00171793,27.192,2.90662,2.58767,75.4618,-3.53319,0.00174793,26.875,2.80749,2.58655,False,69.0|292,1159
8|1017|cc|1|1|65,75.5166,-3.48795,0.00171782,27.1914,2.90665,2.58768,75.4618,-3.53319,0.00174781,26.8743,2.80752,2.58655,False,69.0|65,1017
8|1017|cc|2|1|65,75.5166,-3.4982,0.00171782,27.1914,2.90665,2.58768,75.4618,-3.53319,0.00174781,26.8743,2.80752,2.58655,False,69.0|65,1017
8|1017|cc|3|1|65,75.5166,-3.67837,0.00171782,27.1914,2.90665,2.58768,75.4618,-3.53318,0.00174781,26.8743,2.80752,2.58655,False,69.0|65,1017
8|1017|cc|4|1|65,75.5166,-3.62819,0.00171782,27.1914,2.90665,2.58768,75.4618,-3.53319,0.00174781,26.8743,2.80752,2.58655,False,69.0|65,1017
8|1017|cc|5|1|65,75.5166,-3.53899,0.00171782,27.1914,2.90665,2.58768,75.4618,-3.53319,0.00174781,26.8743,2.80752,2.58655,False,69.0|65,1017
8|1017|cc|6|1|65,75.5166,-3.6249,0.00171782,27.1914,2.90665,2.58768,75.4618,-3.53319,0.00174781,26.8743,2.80752,2.58655,False,69.0|65,1017
8|1017|cc|7|1|65,75.5166,-3.57009,0.00171782,27.1914,2.90665,2.58768,75.4618,-3.53319,0.00174781,26.8743,2.80752,2.58655,False,69.0|65,1017
8|1017|cc|8|1|65,75.5166,-3.46786,0.00171782,27.1914,2.90665,2.58768,75.4618,-3.53318,0.00174781,26.8743,2.80752,2.58655,False,69.0|65,1017
8|1017|sample|3|65,75.5156,-2.66219,0.00171744,27.1915,2.90665,2.58768,75.4608,-2.66256,0.00174742,26.8744,2.80752,2.58655,True,22.0|65,1017
8|1017|sample|4|65,75.5156,-2.60015,0.00171744,27.1915,2.90665,2.58768,75.4608,-2.66256,0.00174742,26.8744,2.80752,2.58655,True,22.0|65,1017
8|1017|sample|8|65,75.5156,-2.69694,0.00171744,27.1915,2.90665,2.58768,75.4608,-2.66256,0.00174742,26.8744,2.80752,2.58655,True,22.0|65,1017
8|1017|vc|1|2|65,75.5166,-3.4081,0.00171782,27.1914,2.90665,2.58768,75.4618,-3.53319,0.00174781,26.8743,2.80752,2.58655,False,69.0|65,1017
8|1017|vc|2|2|65,75.5166,-3.54692,0.00171782,27.1914,2.90665,2.58768,75.4618,-3.53319,0.00174781,26.8743,2.80752,2.58655,False,69.0|65,1017
8|1017|vc|3|2|65,75.5166,-3.48291,0.00171782,27.1914,2.90665,2.58768,75.4618,-3.53319,0.00174781,26.8743,2.80752,2.58655,False,69.0|65,1017
8|1017|vc|4|2|65,75.5166,-3.47861,0.00171782,27.1914,2.90665,2.58768,75.4618,-3.53319,0.00174781,26.8743,2.80752,2.58655,False,69.0|65,1017
8|1017|vc|5|2|65,75.5166,-3.50072,0.00171782,27.1914,2.90665,2.58768,75.4618,-3.53319,0.00174781,26.8743,2.80752,2.58655,False,69.0|65,1017
8|1017|vc|6|2|65,75.5166,-3.51006,0.00171782,27.1914,2.90665,2.58768,75.4618,-3.53319,0.00174781,26.8743,2.80752,2.58655,False,69.0|65,1017
8|1017|vc|7|2|65,75.5166,-3.49606,0.00171782,27.1914,2.90665,2.58768,75.4618,-3.53319,0.00174781,26.8743,2.80752,2.58655,False,69.0|65,1017
8|1017|vc|8|2|65,75.5166,-3.49911,0.00171782,27.1914,2.90665,2.58768,75.4618,-3.53319,0.00174781,26.8743,2.80752,2.58655,False,69.0|65,1017
8|1197|cc|1|1|103,75.5166,-3.56643,0.00171788,27.1913,2.90663,2.58771,75.4618,-3.53318,0.00174787,26.8742,2.8075,2.58658,False,69.0|103,1197
8|1197|cc|2|1|103,75.5166,-3.53609,0.00171788,27.1913,2.90663,2.58771,75.4618,-3.53318,0.00174787,26.8742,2.8075,2.58658,False,69.0|103,1197
8|1197|cc|3|1|103,75.5166,-3.4961,0.00171788,27.1913,2.90663,2.58771,75.4618,-3.53319,0.00174787,26.8742,2.8075,2.58658,False,69.0|103,1197
8|1197|cc|4|1|103,75.5166,-3.55832,0.00171788,27.1913,2.90663,2.58771,75.4618,-3.53318,0.00174787,26.8742,2.8075,2.58658,False,69.0|103,1197
8|1197|cc|5|1|103,75.5166,-3.54136,0.00171788,27.1913,2.90663,2.58771,75.4618,-3.53319,0.00174787,26.8742,2.8075,2.58658,False,69.0|103,1197
8|1197|cc|6|1|103,75.5166,-3.56116,0.00171788,27.1913,2.90663,2.58771,75.4618,-3.53319,0.00174787,26.8742,2.8075,2.58658,False,69.0|103,1197
8|1197|cc|7|1|103,75.5166,-3.53806,0.00171788,27.1913,2.90663,2.58771,75.4618,-3.53319,0.00174787,26.8742,2.8075,2.58658,False,69.0|103,1197
8|1197|cc|8|1|103,75.5166,-3.50913,0.00171788,27.1913,2.90663,2.58771,75.4618,-3.53319,0.00174787,26.8742,2.8075,2.58658,False,69.0|103,1197
8|1197|sample|3|103,75.5166,-2.63532,0.00171781,27.1919,2.90663,2.58771,75.4619,-2.66256,0.0017478,26.8749,2.8075,2.58658,True,22.0|103,1197
8|1197|sample|4|103,75.5166,-2.71936,0.00171781,27.1919,2.90663,2.58771,75.4619,-2.66256,0.0017478,26.8749,2.8075,2.58658,True,22.0|103,1197
8|1197|vc|1|2|103,75.5166,-3.59362,0.00171788,27.1913,2.90663,2.58771,75.4618,-3.53319,0.00174787,26.8742,2.8075,2.58658,False,69.0|103,1197
8|1197|vc|2|2|103,75.5166,-3.55985,0.00171788,27.1913,2.90663,2.58771,75.4618,-3.53319,0.00174787,26.8742,2.8075,2.58658,False,69.0|103,1197
8|1197|vc|3|2|103,75.5166,-3.52565,0.00171788,27.1913,2.90663,2.58771,75.4618,-3.53319,0.00174787,26.8742,2.8075,2.58658,False,69.0|103,1197
8|1197|vc|4|2|103,75.5166,-3.54224,0.00171788,27.1913,2.90663,2.58771,75.4618,-3.53319,0.00174787,26.8742,2.8075,2.58658,False,69.0|103,1197
8|1197|vc|5|2|103,75.5166,-3.53519,0.00171788,27.1913,2.90663,2.58771,75.4618,-3.53319,0.00174787,26.8742,2.8075,2.58658,False,69.0|103,1197
8|1197|vc|6|2|103,75.5166,-3.51235,0.00171788,27.1913,2.90663,2.58771,75.4618,-3.53319,0.00174787,26.8742,2.8075,2.58658,False,69.0|103,1197
8|1197|vc|7|2|103,75.5166,-3.58059,0.00171788,27.1913,2.90663,2.58771,75.4618,-3.53319,0.00174787,26.8742,2.8075,2.58658,False,69.0|103,1197
8|1197|vc|8|2|103,75.5166,-3.46772,0.00171788,27.1913,2.90663,2.58771,75.4618,-3.53319,0.00174787,26.8742,2.8075,2.58658,False,69.0|103,1197
8|745|cc|1|1|218,75.5166,-3.51302,0.00171792,27.1919,2.90782,2.58766,75.4618,-3.53319,0.00174791,26.8749,2.80875,2.58653,False,69.0|218,745
8|745|cc|2|1|218,75.5166,-3.54411,0.00171792,27.1919,2.90782,2.58766,75.4618,-3.53319,0.00174791,26.8749,2.80875,2.58653,False,69.0|218,745
8|745|cc|3|1|218,75.5166,-3.49758,0.00171792,27.1919,2.90782,2.58766,75.4618,-3.53318,0.00174791,26.8749,2.80875,2.58653,False,69.0|218,745
8|745|cc|4|1|218,75.5166,-3.55133,0.00171792,27.1919,2.90782,2.58766,75.4618,-3.53319,0.00174791,26.8749,2.80875,2.58653,False,69.0|218,745
8|745|cc|5|1|218,75.5166,-3.54601,0.00171792,27.1919,2.90782,2.58766,75.4618,-3.53318,0.00174791,26.8749,2.80875,2.58653,False,69.0|218,745
8|745|cc|6|1|218,75.5166,-3.6081,0.00171792,27.1919,2.90782,2.58766,75.4618,-3.53319,0.00174791,26.8749,2.80875,2.58653,False,69.0|218,745
8|745|cc|7|1|218,75.5166,-3.50151,0.00171792,27.1919,2.90782,2.58766,75.4618,-3.53319,0.00174791,26.8749,2.80875,2.58653,False,69.0|218,745
8|745|cc|8|1|218,75.5166,-3.50952,0.00171792,27.1919,2.90782,2.58766,75.4618,-3.53319,0.00174791,26.8749,2.80875,2.58653,False,69.0|218,745
8|745|sample|3|218,75.5165,-2.52256,0.00171779,27.1923,2.90782,2.58766,75.4617,-2.66256,0.00174779,26.8753,2.80875,2.58653,True,22.0|218,745
8|745|sample|4|218,75.5165,-2.67078,0.00171779,27.1923,2.90782,2.58766,75.4617,-2.66256,0.00174779,26.8753,2.80875,2.58653,True,22.0|218,745
8|745|sample|5|218,75.5165,-2.7098,0.00171779,27.1923,2.90782,2.58766,75.4617,-2.66256,0.00174779,26.8753,2.80875,2.58653,True,22.0|218,745
8|745|vc|1|2|218,75.5166,-3.56236,0.00171792,27.1919,2.90782,2.58766,75.4618,-3.53319,0.00174791,26.8749,2.80875,2.58653,False,69.0|218,745
8|745|vc|2|2|218,75.5166,-3.45748,0.00171792,27.1919,2.90782,2.58766,75.4618,-3.53319,0.00174791,26.8749,2.80875,2.58653,False,69.0|218,745
8|745|vc|3|2|218,75.5166,-3.49597,0.00171792,27.1919,2.90782,2.58766,75.4618,-3.53319,0.00174791,26.8749,2.80875,2.58653,False,69.0|218,745
8|745|vc|4|2|218,75.5166,-3.49023,0.00171792,27.1919,2.90782,2.58766,75.4618,-3.53319,0.00174791,26.8749,2.80875,2.58653,False,69.0|218,745
8|745|vc|5|2|218,75.5166,-3.51452,0.00171792,27.1919,2.90782,2.58766,75.4618,-3.53319,0.00174791,26.8749,2.80875,2.58653,False,69.0|218,745
8|745|vc|6|2|218,75.5166,-3.52441,0.00171792,27.1919,2.90782,2.58766,75.4618,-3.53319,0.00174791,26.8749,2.80875,2.58653,False,69.0|218,745
8|745|vc|7|2|218,75.5166,-3.57069,0.00171792,27.1919,2.90782,2.58766,75.4618,-3.53319,0.00174791,26.8749,2.80875,2.58653,False,69.0|218,745
8|745|vc|8|2|218,75.5166,-3.58387,0.00171792,27.1919,2.90782,2.58766,75.4618,-3.53319,0.00174791,26.8749,2.80875,2.58653,False,69.0|218,745
8|1043|cc|1|1|174,75.5166,-3.5895,0.00171789,27.1931,2.90656,2.58768,75.4618,-3.53319,0.00174788,26.8761,2.80743,2.58655,False,69.0|174,1043
8|1043|cc|2|1|174,75.5166,-3.58524,0.00171789,27.1931,2.90656,2.58768,75.4618,-3.53318,0.00174788,26.8761,2.80743,2.58655,False,69.0|174,1043
8|1043|cc|3|1|174,75.5166,-3.48914,0.00171789,27.1931,2.90656,2.58768,75.4618,-3.53319,0.00174788,26.8761,2.80743,2.58655,False,69.0|174,1043
8|1043|cc|4|1|174,75.5166,-3.49119,0.00171789,27.1931,2.90656,2.58768,75.4618,-3.53319,0.00174788,26.8761,2.80743,2.58655,False,69.0|174,1043
8|1043|cc|5|1|174,75.5166,-3.50561,0.00171789,27.1931,2.90656,2.58768,75.4618,-3.53319,0.00174788,26.8761,2.80743,2.58655,False,69.0|174,1043
8|1043|cc|6|1|174,75.5166,-3.50958,0.00171789,27.1931,2.90656,2.58768,75.4618,-3.53319,0.00174788,26.8761,2.80743,2.58655,False,69.0|174,1043
8|1043|cc|7|1|174,75.5166,-3.56747,0.00171789,27.1931,2.90656,2.58768,75.4618,-3.53319,0.00174788,26.8761,2.80743,2.58655,False,69.0|174,1043
8|1043|cc|8|1|174,75.5166,-3.6114,0.00171789,27.1931,2.90656,2.58768,75.4618,-3.53319,0.00174788,26.8761,2.80743,2.58655,False,69.0|174,1043
8|1043|sample|3|174,75.5165,-2.72978,0.00171784,27.1926,2.90656,2.58768,75.4618,-2.66256,0.00174783,26.8755,2.80743,2.58655,True,22.0|174,1043
8|1043|sample|4|174,75.5165,-2.72511,0.00171784,27.1926,2.90656,2.58768,75.4618,-2.66256,0.00174783,26.8755,2.80743,2.58655,True,22.0|174,1043
8|1043|vc|1|2|174,75.5166,-3.43824,0.00171789,27.1931,2.90656,2.58768,75.4618,-3.53318,0.00174788,26.8761,2.80743,2.58655,False,69.0|174,1043
8|1043|vc|2|2|174,75.5166,-3.60844,0.00171789,27.1931,2.90656,2.58768,75.4618,-3.53318,0.00174788,26.8761,2.80743,2.58655,False,69.0|174,1043
8|1043|vc|3|2|174,75.5166,-3.53547,0.00171789,27.1931,2.90656,2.58768,75.4618,-3.53319,0.00174788,26.8761,2.80743,2.58655,False,69.0|174,1043
8|1043|vc|4|2|174,75.5166,-3.42866,0.00171789,27.1931,2.90656,2.58768,75.4618,-3.53319,0.00174788,26.8761,2.80743,2.58655,False,69.0|174,1043
8|1043|vc|5|2|174,75.5166,-3.53333,0.00171789,27.1931,2.90656,2.58768,75.4618,-3.53319,0.00174788,26.8761,2.80743,2.58655,False,69.0|174,1043
8|1043|vc|6|2|174,75.5166,-3.58174,0.00171789,27.1931,2.90656,2.58768,75.4618,-3.53319,0.00174788,26.8761,2.80743,2.58655,False,69.0|174,1043
8|1043|vc|7|2|174,75.5166,-3.45172,0.00171789,27.1931,2.90656,2.58768,75.4618,-3.53319,0.00174788,26.8761,2.80743,2.58655,False,69.0|174,1043
8|1043|vc|8|2|174,75.5166,-3.50821,0.00171789,27.1931,2.90656,2.58768,75.4618,-3.53319,0.00174788,26.8761,2.80743,2.58655,False,69.0|174,1043
8|1260|cc|1|1|319,75.5166,-3.50221,0.00171788,27.1906,2.90663,2.58762,75.4618,-3.53318,0.00174787,26.8736,2.8075,2.5865,False,69.0|319,1260
8|1260|cc|2|1|319,75.5166,-3.53672,0.00171788,27.1906,2.90663,2.58762,75.4618,-3.53319,0.00174787,26.8736,2.8075,2.5865,False,69.0|319,1260
8|1260|cc|3|1|319,75.5166,-3.59422,0.00171788,27.1906,2.90663,2.58762,75.4618,-3.53319,0.00174787,26.8736,2.8075,2.5865,False,69.0|319,1260
8|1260|cc|4|1|319,75.5166,-3.52858,0.00171788,27.1906,2.90663,2.58762,75.4618,-3.53319,0.00174787,26.8736,2.8075,2.5865,False,69.0|319,1260
8|1260|cc|5|1|319,75.5166,-3.45785,0.00171788,27.1906,2.90663,2.58762,75.4618,-3.53319,0.00174787,26.8736,2.8075,2.5865,False,69.0|319,1260
8|1260|cc|6|1|319,75.5166,-3.57358,0.00171788,27.1906,2.90663,2.58762,75.4618,-3.53319,0.00174787,26.8736,2.8075,2.5865,False,69.0|319,1260
8|1260|cc|7|1|319,75.5166,-3.59657,0.00171788,27.1906,2.90663,2.58762,75.4618,-3.53319,0.00174787,26.8736,2.8075,2.5865,False,69.0|319,1260
8|1260|cc|8|1|319,75.5166,-3.49517,0.00171788,27.1906,2.90663,2.58762,75.4618,-3.53319,0.00174787,26.8736,2.8075,2.5865,False,69.0|319,1260
8|1260|sample|3|319,75.5165,-2.54927,0.00171785,27.1912,2.90663,2.58762,75.4618,-2.66256,0.00174785,26.8741,2.8075,2.5865,True,22.0|319,1260
8|1260|sample|4|319,75.5165,-2.69111,0.00171785,27.1912,2.90663,2.58762,75.4618,-2.66256,0.00174785,26.8741,2.8075,2.5865,True,22.0|319,1260
8|1260|vc|1|2|319,75.5166,-3.62695,0.00171788,27.1906,2.90663,2.58762,75.4618,-3.53319,0.00174787,26.8736,2.8075,2.5865,False,69.0|319,1260
8|1260|vc|2|2|319,75.5166,-3.58266,0.00171788,27.1906,2.90663,2.58762,75.4618,-3.53319,0.00174787,26.8736,2.8075,2.5865,False,69.0|319,1260
8|1260|vc|3|2|319,75.5166,-3.4787,0.00171788,27.1906,2.90663,2.58762,75.4618,-3.53319,0.00174787,26.8736,2.8075,2.5865,False,69.0|319,1260
8|1260|vc|4|2|319,75.5166,-3.50814,0.00171788,27.1906,2.90663,2.58762,75.4618,-3.53319,0.00174787,26.8736,2.8075,2.5865,False,69.0|319,1260
8|1260|vc|5|2|319,75.5166,-3.46712,0.00171788,27.1906,2.90663,2.58762,75.4618,-3.53319,0.00174787,26.8736,2.8075,2.5865,False,69.0|319,1260
8|1260|vc|6|2|319,75.5166,-3.61784,0.00171788,27.1906,2.90663,2.58762,75.4618,-3.53319,0.00174787,26.8736,2.8075,2.5865,False,69.0|319,1260
8|1260|vc|7|2|319,75.5166,-3.49012,0.00171788,27.1906,2.90663,2.58762,75.4618,-3.53319,0.00174787,26.8736,2.8075,2.5865,False,69.0|319,1260
8|1260|vc|8|2|319,75.5166,-3.66201,0.00171788,27.1906,2.90663,2.58762,75.4618,-3.53319,0.00174787,26.8736,2.8075,2.5865,False,69.0|319,1260
8|1042|cc|1|1|162,75.5166,-3.61104,0.0017185,27.1917,2.90662,2.5878,75.4618,-3.53319,0.0017485,26.8747,2.80749,2.58669,False,69.0|162,1042
8|1042|cc|2|1|162,75.5166,-3.58422,0.0017185,27.1917,2.90662,2.5878,75.4618,-3.53319,0.0017485,26.8747,2.80749,2.58669,False,69.0|162,1042
8|1042|cc|3|1|162,75.5166,-3.45945,0.0017185,27.1917,2.90662,2.5878,75.4618,-3.53319,0.0017485,26.8747,2.80749,2.58669,False,69.0|162,1042
8|1042|cc|4|1|162,75.5166,-3.40305,0.0017185,27.1917,2.90662,2.5878,75.4618,-3.53319,0.0017485,26.8747,2.80749,2.58669,False,69.0|162,1042
8|1042|cc|5|1|162,75.5166,-3.46548,0.0017185,27.1917,2.90662,2.5878,75.4618,-3.53319,0.0017485,26.8747,2.80749,2.58669,False,69.0|162,1042
8|1042|cc|6|1|162,75.5166,-3.49161,0.0017185,27.1917,2.90662,2.5878,75.4618,-3.53319,0.0017485,26.8747,2.80749,2.58669,False,69.0|162,1042
8|1042|cc|7|1|162,75.5166,-3.51119,0.0017185,27.1917,2.90662,2.5878,75.4618,-3.53319,0.0017485,26.8747,2.80749,2.58669,False,69.0|162,1042
8|1042|cc|8|1|162,75.5166,-3.52628,0.0017185,27.1917,2.90662,2.5878,75.4618,-3.53319,0.0017485,26.8747,2.80749,2.58669,False,69.0|162,1042
8|1042|sample|3|162,75.5166,-2.67051,0.00171781,27.1914,2.90662,2.5878,75.4619,-2.66256,0.0017478,26.8744,2.80749,2.58669,True,22.0|162,1042
8|1042|sample|4|162,75.5166,-2.58271,0.00171781,27.1914,2.90662,2.5878,75.4619,-2.66256,0.0017478,26.8744,2.80749,2.58669,True,22.0|162,1042
8|1042|vc|1|2|162,75.5166,-3.67419,0.0017185,27.1917,2.90662,2.5878,75.4618,-3.53319,0.0017485,26.8747,2.80749,2.58669,False,69.0|162,1042
8|1042|vc|2|2|162,75.5166,-3.56945,0.0017185,27.1917,2.90662,2.5878,75.4618,-3.53319,0.0017485,26.8747,2.80749,2.58669,False,69.0|162,1042
8|1042|vc|3|2|162,75.5166,-3.51231,0.0017185,27.1917,2.90662,2.5878,75.4618,-3.53319,0.0017485,26.8747,2.80749,2.58669,False,69.0|162,1042
8|1042|vc|4|2|162,75.5166,-3.45207,0.0017185,27.1917,2.90662,2.5878,75.4618,-3.53318,0.0017485,26.8747,2.80749,2.58669,False,69.0|162,1042
8|1042|vc|5|2|162,75.5166,-3.49534,0.0017185,27.1917,2.90662,2.5878,75.4618,-3.53319,0.0017485,26.8747,2.80749,2.58669,False,69.0|162,1042
8|1042|vc|6|2|162,75.5166,-3.55656,0.0017185,27.1917,2.90662,2.5878,75.4618,-3.53319,0.0017485,26.8747,2.80749,2.58669,False,69.0|162,1042
8|1042|vc|7|2|162,75.5166,-3.49567,0.0017185,27.1917,2.90662,2.5878,75.4618,-3.53319,0.0017485,26.8747,2.80749,2.58669,False,69.0|162,1042
8|1042|vc|8|2|162,75.5166,-3.55885,0.0017185,27.1917,2.90662,2.5878,75.4618,-3.53319,0.0017485,26.8747,2.80749,2.58669,False,69.0|162,1042
8|863|cc|1|1|274,75.5166,-3.48249,0.00171772,27.192,2.90666,2.58767,75.4618,-3.53318,0.00174771,26.875,2.80752,2.58655,False,69.0|274,863
8|863|cc|2|1|274,75.5166,-3.49507,0.00171772,27.192,2.90666,2.58767,75.4618,-3.53319,0.00174771,26.875,2.80752,2.58655,False,69.0|274,863
8|863|cc|3|1|274,75.5166,-3.47827,0.00171772,27.192,2.90666,2.58767,75.4618,-3.53319,0.00174771,26.875,2.80752,2.58655,False,69.0|274,863
8|863|cc|4|1|274,75.5166,-3.50679,0.00171772,27.192,2.90666,2.58767,75.4618,-3.53318,0.00174771,26.875,2.80752,2.58655,False,69.0|274,863
8|863|cc|5|1|274,75.5166,-3.54282,0.00171772,27.192,2.90666,2.58767,75.4618,-3.53318,0.00174771,26.875,2.80752,2.58655,False,69.0|274,863
8|863|cc|6|1|274,75.5166,-3.41412,0.00171772,27.192,2.90666,2.58767,75.4618,-3.53319,0.00174771,26.875,2.80752,2.58655,False,69.0|274,863
8|863|cc|7|1|274,75.5166,-3.47815,0.00171772,27.192,2.90666,2.58767,75.4618,-3.53318,0.00174771,26.875,2.80752,2.58655,False,69.0|274,863
8|863|cc|8|1|274,75.5166,-3.3819,0.00171772,27.192,2.90666,2.58767,75.4618,-3.53319,0.00174771,26.875,2.80752,2.58655,False,69.0|274,863
8|863|sample|3|274,75.5166,-2.60439,0.00171779,27.1919,2.90666,2.58767,75.4618,-2.66256,0.00174778,26.8749,2.80752,2.58655,True,22.0|274,863
8|863|sample|4|274,75.5166,-2.71355,0.00171779,27.1919,2.90666,2.58767,75.4618,-2.66256,0.00174778,26.8749,2.80752,2.58655,True,22.0|274,863
8|863|vc|1|2|274,75.5166,-3.54729,0.00171772,27.192,2.90666,2.58767,75.4618,-3.53319,0.00174771,26.875,2.80752,2.58655,False,69.0|274,863
8|863|vc|2|2|274,75.5166,-3.55986,0.00171772,27.192,2.90666,2.58767,75.4618,-3.53319,0.00174771,26.875,2.80752,2.58655,False,69.0|274,863
8|863|vc|3|2|274,75.5166,-3.57569,0.00171772,27.192,2.90666,2.58767,75.4618,-3.53319,0.00174771,26.875,2.80752,2.58655,False,69.0|274,863
8|863|vc|4|2|274,75.5166,-3.45388,0.00171772,27.192,2.90666,2.58767,75.4618,-3.53319,0.00174771,26.875,2.80752,2.58655,False,69.0|274,863
8|863|vc|5|2|274,75.5166,-3.50644,0.00171772,27.192,2.90666,2.58767,75.4618,-3.53319,0.00174771,26.875,2.80752,2.58655,False,69.0|274,863
8|863|vc|6|2|274,75.5166,-3.54435,0.00171772,27.192,2.90666,2.58767,75.4618,-3.53318,0.00174771,26.875,2.80752,2.58655,False,69.0|274,863
8|863|vc|7|2|274,75.5166,-3.45019,0.00171772,27.192,2.90666,2.58767,75.4618,-3.53319,0.00174771,26.875,2.80752,2.58655,False,69.0|274,863
8|863|vc|8|2|274,75.5166,-3.51338,0.00171772,27.192,2.90666,2.58767,75.4618,-3.53318,0.00174771,26.875,2.80752,2.58655,False,69.0|274,863
8|152|cc|1|1|322,75.5166,-3.55129,0.00171796,27.1917,2.90663,2.58767,75.4618,-3.53318,0.00174795,26.8747,2.8075,2.58655,False,69.0|322,152
8|152|cc|2|1|322,75.5166,-3.56799,0.00171796,27.1917,2.90663,2.58767,75.4618,-3.53319,0.00174795,26.8747,2.8075,2.58655,False,69.0|322,152
8|152|cc|3|1|322,75.5166,-3.51302,0.00171796,27.1917,2.90663,2.58767,75.4618,-3.53319,0.00174795,26.8747,2.8075,2.58655,False,69.0|322,152
8|152|cc|4|1|322,75.5166,-3.43083,0.00171796,27.1917,2.90663,2.58767,75.4618,-3.53319,0.00174795,26.8747,2.8075,2.58655,False,69.0|322,152
8|152|cc|5|1|322,75.5166,-3.47705,0.00171796,27.1917,2.90663,2.58767,75.4618,-3.53319,0.00174795,26.8747,2.8075,2.58655,False,69.0|322,152
8|152|cc|6|1|322,75.5166,-3.55194,0.00171796,27.1917,2.90663,2.58767,75.4618,-3.53319,0.00174795,26.8747,2.8075,2.58655,False,69.0|322,152
8|152|cc|7|1|322,75.5166,-3.56121,0.00171796,27.1917,2.90663,2.58767,75.4618,-3.53319,0.00174795,26.8747,2.8075,2.58655,False,69.0|322,152
8|152|cc|8|1|322,75.5166,-3.54178,0.00171796,27.1917,2.90663,2.58767,75.4618,-3.53319,0.00174795,26.8747,2.8075,2.58655,False,69.0|322,152
8|152|sample|3|322,75.5166,-2.71555,0.00171781,27.1921,2.90663,2.58767,75.4618,-2.66256,0.0017478,26.8751,2.8075,2.58655,True,22.0|322,152
8|152|sample|4|322,75.5166,-2.58547,0.00171781,27.1921,2.90663,2.58767,75.4618,-2.66256,0.0017478,26.8751,2.8075,2.58655,True,22.0|322,152
8|152|vc|1|2|322,75.5166,-3.49052,0.00171796,27.1917,2.90663,2.58767,75.4618,-3.53319,0.00174795,26.8747,2.8075,2.58655,False,69.0|322,152
8|152|vc|2|2|322,75.5166,-3.60658,0.00171796,27.1917,2.90663,2.58767,75.4618,-3.53319,0.00174795,26.8747,2.8075,2.58655,False,69.0|322,152
8|152|vc|3|2|322,75.5166,-3.53288,0.00171796,27.1917,2.90663,2.58767,75.4618,-3.53319,0.00174795,26.8747,2.8075,2.58655,False,69.0|322,152
8|152|vc|4|2|322,75.5166,-3.49323,0.00171796,27.1917,2.90663,2.58767,75.4618,-3.53318,0.00174795,26.8747,2.8075,2.58655,False,69.0|322,152
8|152|vc|5|2|322,75.5166,-3.52449,0.00171796,27.1917,2.90663,2.58767,75.4618,-3.53319,0.00174795,26.8747,2.8075,2.58655,False,69.0|322,152
8|152|vc|6|2|322,75.5166,-3.5175,0.00171796,27.1917,2.90663,2.58767,75.4618,-3.53318,0.00174795,26.8747,2.8075,2.58655,False,69.0|322,152
8|152|vc|7|2|322,75.5166,-3.61939,0.00171796,27.1917,2.90663,2.58767,75.4618,-3.53319,0.00174795,26.8747,2.8075,2.58655,False,69.0|322,152
8|152|vc|8|2|322,75.5166,-3.54677,0.00171796,27.1917,2.90663,2.58767,75.4618,-3.53318,0.00174795,26.8747,2.8075,2.58655,False,69.0|322,152
9|411|cc|1|1|274,75.5166,-3.54393,0.00171772,27.192,2.90663,2.58767,75.4618,-3.53319,0.00174771,26.875,2.80749,2.58655,False,69.0|274,411
9|411|cc|2|1|274,75.5166,-3.52483,0.00171772,27.192,2.90663,2.58767,75.4618,-3.53319,0.00174771,26.875,2.80749,2.58655,False,69.0|274,411
9|411|cc|3|1|274,75.5166,-3.64698,0.00171772,27.192,2.90663,2.58767,75.4618,-3.53319,0.00174771,26.875,2.80749,2.58655,False,69.0|274,411
9|411|cc|4|1|274,75.5166,-3.49776,0.00171772,27.192,2.90663,2.58767,75.4618,-3.53319,0.00174771,26.875,2.80749,2.58655,False,69.0|274,411
9|411|cc|5|1|274,75.5166,-3.49018,0.00171772,27.192,2.90663,2.58767,75.4618,-3.53319,0.00174771,26.875,2.80749,2.58655,False,69.0|274,411
9|411|cc|6|1|274,75.5166,-3.49099,0.00171772,27.192,2.90663,2.58767,75.4618,-3.53319,0.00174771,26.875,2.80749,2.58655,False,69.0|274,411
9|411|cc|7|1|274,75.5166,-3.43992,0.00171772,27.192,2.90663,2.58767,75.4618,-3.53319,0.00174771,26.875,2.80749,2.58655,False,69.0|274,411
9|411|cc|8|1|274,75.5166,-3.52237,0.00171772,27.192,2.90663,2.58767,75.4618,-3.53319,0.00174771,26.875,2.80749,2.58655,False,69.0|274,411
9|411|sample|10|274,75.5166,-2.68898,0.00171785,27.1917,2.90663,2.58767,75.4618,-2.66256,0.00174785,26.8746,2.80749,2.58655,True,70.0|274,411
9|411|sample|11|274,75.5166,-2.62978,0.00171785,27.1917,2.90663,2.58767,75.4618,-2.66256,0.00174785,26.8746,2.80749,2.58655,True,70.0|274,411
9|411|sample|12|274,75.5166,-2.64349,0.00171785,27.1917,2.90663,2.58767,75.4618,-2.66256,0.00174785,26.8746,2.80749,2.58655,True,70.0|274,411
9|411|sample|3|274,75.5166,-2.69092,0.00171785,27.1917,2.90663,2.58767,75.4618,-2.66256,0.00174785,26.8746,2.80749,2.58655,True,70.0|274,411
9|411|sample|4|274,75.5166,-2.67129,0.00171785,27.1917,2.90663,2.58767,75.4618,-2.66256,0.00174785,26.8746,2.80749,2.58655,True,70.0|274,411
9|411|sample|5|274,75.5166,-2.73869,0.00171785,27.1917,2.90663,2.58767,75.4618,-2.66256,0.00174785,26.8746,2.80749,2.58655,True,70.0|274,411
9|411|sample|6|274,75.5166,-2.66138,0.00171785,27.1917,2.90663,2.58767,75.4618,-2.66256,0.00174785,26.8746,2.80749,2.58655,True,70.0|274,411
9|411|sample|7|274,75.5166,-2.64242,0.00171785,27.1917,2.90663,2.58767,75.4618,-2.66256,0.00174785,26.8746,2.80749,2.58655,True,70.0|274,411
9|411|sample|8|274,75.5166,-2.68635,0.00171785,27.1917,2.90663,2.58767,75.4618,-2.66256,0.00174785,26.8746,2.80749,2.58655,True,70.0|274,411
9|411|sample|9|274,75.5166,-2.61046,0.00171785,27.1917,2.90663,2.58767,75.4618,-2.66256,0.00174785,26.8746,2.80749,2.58655,True,70.0|274,411
9|411|vc|1|2|274,75.5166,-3.46195,0.00171772,27.192,2.90663,2.58767,75.4618,-3.53318,0.00174771,26.875,2.80749,2.58655,False,69.0|274,411
9|411|vc|2|2|274,75.5166,-3.45211,0.00171772,27.192,2.90663,2.58767,75.4618,-3.53319,0.00174771,26.875,2.80749,2.58655,False,69.0|274,411
9|411|vc|3|2|274,75.5166,-3.56978,0.00171772,27.192,2.90663,2.58767,75.4618,-3.53319,0.00174771,26.875,2.80749,2.58655,False,69.0|274,411
9|411|vc|4|2|274,75.5166,-3.5094,0.00171772,27.192,2.90663,2.58767,75.4618,-3.53318,0.00174771,26.875,2.80749,2.58655,False,69.0|274,411
9|411|vc|5|2|274,75.5166,-3.57433,0.00171772,27.192,2.90663,2.58767,75.4618,-3.53318,0.00174771,26.875,2.80749,2.58655,False,69.0|274,411
9|411|vc|6|2|274,75.5166,-3.45565,0.00171772,27.192,2.90663,2.58767,75.4618,-3.53319,0.00174771,26.875,2.80749,2.58655,False,69.0|274,411
9|411|vc|7|2|274,75.5166,-3.51724,0.00171772,27.192,2.90663,2.58767,75.4618,-3.53319,0.00174771,26.875,2.80749,2.58655,False,69.0|274,411
9|411|vc|8|2|274,75.5166,-3.59557,0.00171772,27.192,2.90663,2.58767,75.4618,-3.53319,0.00174771,26.875,2.80749,2.58655,False,69.0|274,411
