id,time,rlu,plate_row,plate_col,binary_vc,binary_cc,binary_sample,U_estimate,L_estimate,alpha_estimate,popPred_medianCOV,popPred,indivPred_SAEM,indivPred_mode,indWRes_SAEM,indWRes_mode
9|411|9|411|sample|4|274|4|274|70.0,0.0457247370827617,53482,1,4,0,0,1,60744.9,910.018,0.183344,52739.2,54128.9,52640,52635.4,0.208213,0.209367
9|411|9|411|sample|4|274|4|274|70.0,0.1371742112482853,45186,2,4,0,0,1,60744.9,910.018,0.183344,49918.4,52007.7,47962.3,47950.6,-0.751967,-0.748964
9|411|9|411|sample|4|274|4|274|70.0,0.411522633744856,36004,3,4,0,0,1,60744.9,910.018,0.183344,41059.5,42721.6,33998.2,33976.5,0.759211,0.767903
9|411|9|411|sample|4|274|4|274|70.0,1.23456790123457,15537,4,4,0,0,1,60744.9,910.018,0.183344,28116.2,27656.2,15407.3,15385.5,0.10432,0.121984
9|411|9|411|sample|4|274|4|274|70.0,3.7037037037037,4302,5,4,0,0,1,60744.9,910.018,0.183344,15915,13847.6,4250.1,4240.65,0.12826,0.151884
9|411|9|411|sample|4|274|4|274|70.0,11.1111111111111,1258,6,4,0,0,1,60744.9,910.018,0.183344,7949.9,6021.84,1350.1,1348.11,-0.49378,-0.483497
9|411|9|411|sample|4|274|4|274|70.0,33.3333333333333,948,7,4,0,0,1,60744.9,910.018,0.183344,3882.09,2709.19,932.629,932.356,0.0990933,0.100865
9|411|9|411|sample|4|274|4|274|70.0,100,850,8,4,0,0,1,60744.9,910.018,0.183344,2033.63,1455.54,853.522,853.492,-0.0236102,-0.0234113
9|411|9|411|sample|3|274|3|274|70.0,0.0457247370827617,58138,1,3,0,0,1,60744.9,910.018,0.183344,52414.1,53795.3,50253.5,49947.8,2.04028,2.13206
9|411|9|411|sample|3|274|3|274|70.0,0.1371742112482853,40956,2,3,0,0,1,60744.9,910.018,0.183344,49624.1,51701.1,42644,41996.7,-0.512737,-0.320876
9|411|9|411|sample|3|274|3|274|70.0,0.411522633744856,25675,3,3,0,0,1,60744.9,910.018,0.183344,40821.2,42473.7,25477.2,24754.3,0.0988346,0.472936
9|411|9|411|sample|3|274|3|274|70.0,1.23456790123457,7926,4,3,0,0,1,60744.9,910.018,0.183344,27953.9,27496.5,8535.78,8357.4,-0.83884,-0.604608
9|411|9|411|sample|3|274|3|274|70.0,3.7037037037037,2156,5,3,0,0,1,60744.9,910.018,0.183344,15823.1,13767.7,1982.68,2044.5,0.740383,0.467038
9|411|9|411|sample|3|274|3|274|70.0,11.1111111111111,986,6,3,0,0,1,60744.9,910.018,0.183344,7903.76,5986.89,981.394,1002.4,0.0290056,-0.102241
9|411|9|411|sample|3|274|3|274|70.0,33.3333333333333,960,7,3,0,0,1,60744.9,910.018,0.183344,3859.2,2693.22,888.043,890.73,0.474126,0.455814
9|411|9|411|sample|3|274|3|274|70.0,100,882,8,3,0,0,1,60744.9,910.018,0.183344,2021.09,1446.57,844.781,845.015,0.250613,0.249007
9|411|9|411|sample|5|274|5|274|70.0,0.002286236854138,55169,1,5,0,0,1,60744.9,910.018,0.183344,56493.5,56702,56622.9,56630.5,-0.334729,-0.336449
9|411|9|411|sample|5|274|5|274|70.0,0.0068587105624142,55989,2,5,0,0,1,60744.9,910.018,0.183344,58518.2,58989.6,58748.4,58771.6,-0.612752,-0.617659
9|411|9|411|sample|5|274|5|274|70.0,0.0205761316872428,54885,3,5,0,0,1,60744.9,910.018,0.183344,58107.4,59071.8,58367.6,58433.8,-0.778302,-0.792212
9|411|9|411|sample|5|274|5|274|70.0,0.0617283950617284,49434,4,5,0,0,1,60744.9,910.018,0.183344,55310.8,57007.5,55051.1,55223.6,-1.32942,-1.36604
9|411|9|411|sample|5|274|5|274|70.0,0.1851851851851852,45208,5,5,0,0,1,60744.9,910.018,0.183344,48880.6,51062.8,46201.7,46557.9,-0.279163,-0.376381
9|411|9|411|sample|5|274|5|274|70.0,0.5555555555555556,30556,6,5,0,0,1,60744.9,910.018,0.183344,37765.2,38968.9,29677.9,30079.7,0.378992,0.202938
9|411|9|411|sample|5|274|5|274|70.0,1.66666666666667,13064,7,5,0,0,1,60744.9,910.018,0.183344,24030,22982.4,12028,12088.2,1.04691,0.981554
9|411|9|411|sample|5|274|5|274|70.0,5,2918,8,5,0,0,1,60744.9,910.018,0.183344,12475.5,10436.2,3242.13,3130.73,-0.985771,-0.663872
9|411|9|411|sample|6|274|6|274|70.0,0.002286236854138,62015,1,6,0,0,1,60744.9,910.018,0.183344,56534.2,56742.9,56647.7,56652.4,1.2352,1.234
9|411|9|411|sample|6|274|6|274|70.0,0.0068587105624142,61528,2,6,0,0,1,60744.9,910.018,0.183344,58558.5,59030.3,58740.5,58755,0.619062,0.615701
9|411|9|411|sample|6|274|6|274|70.0,0.0205761316872428,61845,3,6,0,0,1,60744.9,910.018,0.183344,58146.9,59111.9,58270.5,58311.8,0.800143,0.790349
9|411|9|411|sample|6|274|6|274|70.0,0.0617283950617284,54318,4,6,0,0,1,60744.9,910.018,0.183344,55348.2,57046.1,54742.7,54850.3,-0.101072,-0.126441
9|411|9|411|sample|6|274|6|274|70.0,0.1851851851851852,48773,5,6,0,0,1,60744.9,910.018,0.183344,48913.7,51097.4,45582.9,45807.7,0.908055,0.840011
9|411|9|411|sample|6|274|6|274|70.0,0.5555555555555556,29602,6,6,0,0,1,60744.9,910.018,0.183344,37790.9,38995.4,29188.9,29471.3,0.181168,0.05679
9|411|9|411|sample|6|274|6|274|70.0,1.66666666666667,12240,7,6,0,0,1,60744.9,910.018,0.183344,24046.6,22998.3,12375,12514.2,-0.132881,-0.267218
9|411|9|411|sample|6|274|6|274|70.0,5,3840,8,6,0,0,1,60744.9,910.018,0.183344,12484.5,10443.7,3756.14,3767.05,0.228206,0.198067
9|411|9|411|sample|8|274|8|274|70.0,0.0457247370827617,49844,1,8,0,0,1,60744.9,910.018,0.183344,52856.9,54249.7,51979.4,51734.8,-0.534623,-0.475581
9|411|9|411|sample|8|274|8|274|70.0,0.1371742112482853,46084,2,8,0,0,1,60744.9,910.018,0.183344,50025,52118.7,46102.1,45545.3,-0.00510485,0.153455
9|411|9|411|sample|8|274|8|274|70.0,0.411522633744856,29492,3,8,0,0,1,60744.9,910.018,0.183344,41145.8,42811.4,30566.5,29819.9,-0.450756,-0.140859
9|411|9|411|sample|8|274|8|274|70.0,1.23456790123457,12168,4,8,0,0,1,60744.9,910.018,0.183344,28175,27714,12164.7,11863.4,0.00329993,0.311726
9|411|9|411|sample|8|274|8|274|70.0,3.7037037037037,3114,5,8,0,0,1,60744.9,910.018,0.183344,15948.2,13876.6,2978.91,3038.1,0.437176,0.242139
9|411|9|411|sample|8|274|8|274|70.0,11.1111111111111,1024,6,8,0,0,1,60744.9,910.018,0.183344,7966.61,6034.49,1114.27,1151.39,-0.534857,-0.742467
9|411|9|411|sample|8|274|8|274|70.0,33.3333333333333,882,7,8,0,0,1,60744.9,910.018,0.183344,3890.37,2714.97,905.724,912.188,-0.154963,-0.196559
9|411|9|411|sample|8|274|8|274|70.0,100,778,8,8,0,0,1,60744.9,910.018,0.183344,2038.16,1458.79,852.636,853.362,-0.500561,-0.505245
9|411|9|411|sample|7|274|7|274|70.0,0.0457247370827617,51443,1,7,0,0,1,60744.9,910.018,0.183344,52895,54288.9,51793.2,51606.8,-0.0879951,-0.0412915
9|411|9|411|sample|7|274|7|274|70.0,0.1371742112482853,47489,2,7,0,0,1,60744.9,910.018,0.183344,50059.5,52154.7,45573.7,45150.1,0.545282,0.671966
9|411|9|411|sample|7|274|7|274|70.0,0.411522633744856,28239,3,7,0,0,1,60744.9,910.018,0.183344,41173.7,42840.5,29605.9,29040.6,-0.591314,-0.35328
9|411|9|411|sample|7|274|7|274|70.0,1.23456790123457,11458,4,7,0,0,1,60744.9,910.018,0.183344,28194.1,27732.8,11295.7,11064.1,0.173625,0.429521
9|411|9|411|sample|7|274|7|274|70.0,3.7037037037037,2676,5,7,0,0,1,60744.9,910.018,0.183344,15959,13886,2667.17,2696.9,0.030922,-0.0726066
9|411|9|411|sample|7|274|7|274|70.0,11.1111111111111,1026,6,7,0,0,1,60744.9,910.018,0.183344,7972.02,6038.59,1064.19,1083.77,-0.231459,-0.347002
9|411|9|411|sample|7|274|7|274|70.0,33.3333333333333,928,7,7,0,0,1,60744.9,910.018,0.183344,3893.06,2716.84,901.226,904.218,0.175268,0.155453
9|411|9|411|sample|7|274|7|274|70.0,100,848,8,7,0,0,1,60744.9,910.018,0.183344,2039.63,1459.84,852.851,853.138,-0.0325319,-0.0344529
9|411|9|411|sample|9|274|9|274|70.0,0.002286236854138,52761,1,9,0,0,1,60744.9,910.018,0.183344,56367.7,56575.8,56474.2,56474.9,-0.857111,-0.857258
9|411|9|411|sample|9|274|9|274|70.0,0.0068587105624142,58591,2,9,0,0,1,60744.9,910.018,0.183344,58393.5,58863.9,58554.9,58557,0.00803906,0.00757648
9|411|9|411|sample|9|274|9|274|70.0,0.0205761316872428,53528,3,9,0,0,1,60744.9,910.018,0.183344,57985.5,58947.9,58048.6,58054.7,-1.01572,-1.01698
9|411|9|411|sample|9|274|9|274|70.0,0.0617283950617284,55935,4,9,0,0,1,60744.9,910.018,0.183344,55195.4,56888.6,54413.3,54430.3,0.364282,0.3601
9|411|9|411|sample|9|274|9|274|70.0,0.1851851851851852,49128,5,9,0,0,1,60744.9,910.018,0.183344,48778.7,50956.3,44951.1,44993.8,1.20524,1.19179
9|411|9|411|sample|9|274|9|274|70.0,0.5555555555555556,28450,6,9,0,0,1,60744.9,910.018,0.183344,37686,38887.2,27962.1,28043,0.22298,0.185488
9|411|9|411|sample|9|274|9|274|70.0,1.66666666666667,10662,7,9,0,0,1,60744.9,910.018,0.183344,23978.8,22933.5,10901.8,10986.4,-0.265004,-0.355988
9|411|9|411|sample|9|274|9|274|70.0,5,3030,8,9,0,0,1,60744.9,910.018,0.183344,12447.7,10413,2935.29,2975.49,0.309767,0.176555
9|411|9|411|sample|10|274|10|274|70.0,0.002286236854138,53166,1,10,0,0,1,60744.9,910.018,0.183344,56020.2,56227,56161.2,56168.6,-0.695142,-0.696766
9|411|9|411|sample|10|274|10|274|70.0,0.0068587105624142,61628,2,10,0,0,1,60744.9,910.018,0.183344,58049.2,58516.9,58316.1,58338.4,0.740795,0.735524
9|411|9|411|sample|10|274|10|274|70.0,0.0205761316872428,54148,3,10,0,0,1,60744.9,910.018,0.183344,57649,58605.8,58018.2,58082,-0.870033,-0.883416
9|411|9|411|sample|10|274|10|274|70.0,0.0617283950617284,54949,4,10,0,0,1,60744.9,910.018,0.183344,54876.6,56560.1,54919,55084.9,0.00711615,-0.0321468
9|411|9|411|sample|10|274|10|274|70.0,0.1851851851851852,46394,5,10,0,0,1,60744.9,910.018,0.183344,48496.9,50662,46529,46869.1,-0.0376744,-0.131609
9|411|9|411|sample|10|274|10|274|70.0,0.5555555555555556,30684,6,10,0,0,1,60744.9,910.018,0.183344,37467.3,38661.5,30534.5,30896.5,0.0627618,-0.0882414
9|411|9|411|sample|10|274|10|274|70.0,1.66666666666667,13846,7,10,0,0,1,60744.9,910.018,0.183344,23837.4,22798.3,12808.6,12784.8,0.989571,1.0141
9|411|9|411|sample|10|274|10|274|70.0,5,3124,8,10,0,0,1,60744.9,910.018,0.183344,12371,10348.8,3530.8,3344.94,-1.16056,-0.656489
9|411|9|411|sample|12|274|12|274|70.0,0.0457247370827617,47309,1,12,0,0,1,60744.9,910.018,0.183344,49120.4,50414.8,47410.6,47263.5,-0.027843,0.0125101
9|411|9|411|sample|12|274|12|274|70.0,0.1371742112482853,39899,2,12,0,0,1,60744.9,910.018,0.183344,46642.4,48594.6,40929.4,40617.7,-0.325756,-0.228915
9|411|9|411|sample|12|274|12|274|70.0,0.411522633744856,26409,3,12,0,0,1,60744.9,910.018,0.183344,38406.7,39961.5,25650,25300.9,0.37683,0.557447
9|411|9|411|sample|12|274|12|274|70.0,1.23456790123457,9114,4,12,0,0,1,60744.9,910.018,0.183344,26308.8,25878.3,9772.49,9689.77,-0.803088,-0.70757
9|411|9|411|sample|12|274|12|274|70.0,3.7037037037037,2878,5,12,0,0,1,60744.9,910.018,0.183344,14891.9,12957.5,2590.2,2641.62,1.02865,0.833355
9|411|9|411|sample|12|274|12|274|70.0,11.1111111111111,968,6,12,0,0,1,60744.9,910.018,0.183344,7436.28,5632.78,1064.99,1089.15,-0.587566,-0.725912
9|411|9|411|sample|12|274|12|274|70.0,33.3333333333333,796,7,12,0,0,1,60744.9,910.018,0.183344,3627.32,2531.39,852.716,857.702,-0.380361,-0.412759
9|411|9|411|sample|12|274|12|274|70.0,100,796,8,12,0,0,1,60744.9,910.018,0.183344,1894.09,1355.67,793.532,794.266,0.0170585,0.0119838
9|411|9|411|sample|11|274|11|274|70.0,0.0457247370827617,54260,1,11,0,0,1,60744.9,910.018,0.183344,51528.5,52886.3,50249.4,50302,1.0379,1.02326
9|411|9|411|sample|11|274|11|274|70.0,0.1371742112482853,45084,2,11,0,0,1,60744.9,910.018,0.183344,48822.4,50865.8,44080.6,44175.4,0.295105,0.266656
9|411|9|411|sample|11|274|11|274|70.0,0.411522633744856,27045,3,11,0,0,1,60744.9,910.018,0.183344,40172,41798.2,28828.9,28856,-0.791736,-0.80305
9|411|9|411|sample|11|274|11|274|70.0,1.23456790123457,12392,4,11,0,0,1,60744.9,910.018,0.183344,27511.5,27061.4,11866.7,11687.5,0.537402,0.730824
9|411|9|411|sample|11|274|11|274|70.0,3.7037037037037,3032,5,11,0,0,1,60744.9,910.018,0.183344,15572.7,13549.8,3330.89,3161.43,-0.890911,-0.401035
9|411|9|411|sample|11|274|11|274|70.0,11.1111111111111,1264,6,11,0,0,1,60744.9,910.018,0.183344,7778.06,5891.67,1245.71,1189.77,0.102373,0.425473
9|411|9|411|sample|11|274|11|274|70.0,33.3333333333333,860,7,11,0,0,1,60744.9,910.018,0.183344,3796.85,2649.7,912.841,901.9,-0.343942,-0.274198
9|411|9|411|sample|11|274|11|274|70.0,100,802,8,11,0,0,1,60744.9,910.018,0.183344,1986.94,1422.13,835.046,833.421,-0.223612,-0.212791
9|411|9|411|cc|1|1|274|1|274|69.0,0,868,1,1,0,1,0,60744.9,910.018,0.183344,791.411,791.411,791.411,791.411,0.530027,0.530027
9|411|9|411|cc|2|1|274|1|274|69.0,0,912,2,1,0,1,0,60744.9,910.018,0.183344,830.114,830.114,830.114,830.114,0.555495,0.555495
9|411|9|411|cc|3|1|274|1|274|69.0,0,846,3,1,0,1,0,60744.9,910.018,0.183344,844.126,844.126,844.126,844.126,0.0126229,0.0126229
9|411|9|411|cc|4|1|274|1|274|69.0,0,900,4,1,0,1,0,60744.9,910.018,0.183344,848.666,848.666,848.666,848.666,0.344971,0.344971
9|411|9|411|cc|5|1|274|1|274|69.0,0,962,5,1,0,1,0,60744.9,910.018,0.183344,848.666,848.666,848.666,848.666,0.761621,0.761621
9|411|9|411|cc|6|1|274|1|274|69.0,0,886,6,1,0,1,0,60744.9,910.018,0.183344,844.126,844.126,844.126,844.126,0.282047,0.282047
9|411|9|411|cc|7|1|274|1|274|69.0,0,922,7,1,0,1,0,60744.9,910.018,0.183344,830.114,830.114,830.114,830.114,0.623333,0.623333
9|411|9|411|cc|8|1|274|1|274|69.0,0,984,8,1,0,1,0,60744.9,910.018,0.183344,791.411,791.411,791.411,791.411,1.3328,1.3328
9|411|9|411|vc|1|2|274|2|274|69.0,0,57888,1,2,1,0,0,60744.9,910.018,0.183344,55417.5,55417.5,55417.5,55417.5,0.580911,0.580911
9|411|9|411|vc|2|2|274|2|274|69.0,0,57026,2,2,1,0,0,60744.9,910.018,0.183344,58001,58001,58001,58001,-0.219239,-0.219239
9|411|9|411|vc|3|2|274|2|274|69.0,0,62361,3,2,1,0,0,60744.9,910.018,0.183344,58936.3,58936.3,58936.3,58936.3,0.758108,0.758108
9|411|9|411|vc|4|2|274|2|274|69.0,0,58423,4,2,1,0,0,60744.9,910.018,0.183344,59239.4,59239.4,59239.4,59239.4,-0.179807,-0.179807
9|411|9|411|vc|5|2|274|2|274|69.0,0,61789,5,2,1,0,0,60744.9,910.018,0.183344,59239.4,59239.4,59239.4,59239.4,0.561566,0.561566
9|411|9|411|vc|6|2|274|2|274|69.0,0,57424,6,2,1,0,0,60744.9,910.018,0.183344,58936.3,58936.3,58936.3,58936.3,-0.334769,-0.334769
9|411|9|411|vc|7|2|274|2|274|69.0,0,54022,7,2,1,0,0,60744.9,910.018,0.183344,58001,58001,58001,58001,-0.894737,-0.894737
9|411|9|411|vc|8|2|274|2|274|69.0,0,54322,8,2,1,0,0,60744.9,910.018,0.183344,55417.5,55417.5,55417.5,55417.5,-0.257596,-0.257596
8|152|8|152|sample|8|322|8|322|65.0,0.0016767999999999,93531,1,8,0,0,1,96485.2,695.259,0.10151,92606.4,92272.5,91012.6,90949.1,0.363414,0.372839
8|152|8|152|sample|8|322|8|322|65.0,0.0083839999999999,89173,2,8,0,0,1,96485.2,695.259,0.10151,93591.8,92716,88616.3,88419.6,0.0824734,0.111871
8|152|8|152|sample|8|322|8|322|65.0,0.04192,74809,3,8,0,0,1,96485.2,695.259,0.10151,89793,87937.1,75985.7,75498,-0.202895,-0.119562
8|152|8|152|sample|8|322|8|322|65.0,0.2096,45160,4,8,0,0,1,96485.2,695.259,0.10151,75925.3,73640.7,47113.2,46478.8,-0.538339,-0.368321
8|152|8|152|sample|8|322|8|322|65.0,1.048,15135,5,8,0,0,1,96485.2,695.259,0.10151,47622.6,47720.5,14572.4,14513.2,0.476387,0.528565
8|152|8|152|sample|8|322|8|322|65.0,5.24,2264,6,8,0,0,1,96485.2,695.259,0.10151,19903.2,22220,2198.63,2319.5,0.261137,-0.213931
8|152|8|152|sample|8|322|8|322|65.0,26.2,818,7,8,0,0,1,96485.2,695.259,0.10151,6546.77,8325.66,760.902,782.011,0.401519,0.250286
8|152|8|152|sample|8|322|8|322|65.0,131,656,8,8,0,0,1,96485.2,695.259,0.10151,2240.89,3053.31,673.078,674.593,-0.125941,-0.137002
8|152|8|152|sample|7|322|7|322|65.0,0.0016767999999999,91095,1,7,0,0,1,96485.2,695.259,0.10151,92642.3,92308.3,91134.3,91061.1,-0.00566009,0.00488761
8|152|8|152|sample|7|322|7|322|65.0,0.0083839999999999,90851,2,7,0,0,1,96485.2,695.259,0.10151,93627.2,92751.1,88929,88700.6,0.283766,0.318291
8|152|8|152|sample|7|322|7|322|65.0,0.04192,78819,3,7,0,0,1,96485.2,695.259,0.10151,89826.7,87970.1,76808.7,76226.9,0.342967,0.44554
8|152|8|152|sample|7|322|7|322|65.0,0.2096,44579,4,7,0,0,1,96485.2,695.259,0.10151,75953.7,73668.3,48749.9,47904.7,-1.11185,-0.901807
8|152|8|152|sample|7|322|7|322|65.0,1.048,16869,5,7,0,0,1,96485.2,695.259,0.10151,47640.4,47738.4,16097,15826,0.595839,0.817915
8|152|8|152|sample|7|322|7|322|65.0,5.24,2542,6,7,0,0,1,96485.2,695.259,0.10151,19910.6,22228.3,2640.78,2716.76,-0.348312,-0.604068
8|152|8|152|sample|7|322|7|322|65.0,26.2,990,7,7,0,0,1,96485.2,695.259,0.10151,6549.25,8328.81,807.974,830.018,1.24893,1.08533
8|152|8|152|sample|7|322|7|322|65.0,131,662,8,7,0,0,1,96485.2,695.259,0.10151,2241.76,3054.49,676.172,678.32,-0.104333,-0.120003
8|152|8|152|sample|6|322|6|322|65.0,0.0004351999999999,97021,1,6,0,0,1,96485.2,695.259,0.10151,92945.6,92803.9,92245.9,92192.3,0.679966,0.687993
8|152|8|152|sample|6|322|6|322|65.0,0.0021759999999999,93823,2,6,0,0,1,96485.2,695.259,0.10151,94792.1,94390.7,92532.6,92357.2,0.183188,0.208475
8|152|8|152|sample|6|322|6|322|65.0,0.0108799999999999,90270,3,6,0,0,1,96485.2,695.259,0.10151,94019.9,93005.1,87182.9,86663.6,0.464799,0.546199
8|152|8|152|sample|6|322|6|322|65.0,0.0543999999999999,68233,4,6,0,0,1,96485.2,695.259,0.10151,88656.5,86629.5,70815.8,69633.3,-0.477339,-0.263126
8|152|8|152|sample|6|322|6|322|65.0,0.2719999999999999,39599,5,6,0,0,1,96485.2,695.259,0.10151,72243.6,70128.6,39970.6,38596.5,-0.120211,0.335538
8|152|8|152|sample|6|322|6|322|65.0,1.36,10738,6,6,0,0,1,96485.2,695.259,0.10151,42363.7,42995.7,12203.4,11786,-1.46137,-1.07893
8|152|8|152|sample|6|322|6|322|65.0,6.8,2696,7,6,0,0,1,96485.2,695.259,0.10151,16651.7,18999.6,2441.13,2466.81,0.948969,0.84729
8|152|8|152|sample|6|322|6|322|65.0,34,918,8,6,0,0,1,96485.2,695.259,0.10151,5333.74,6902.94,852.288,873.724,0.440789,0.29382
8|152|8|152|sample|5|322|5|322|65.0,0.0004351999999999,94324,1,5,0,0,1,96485.2,695.259,0.10151,92909.6,92768,92128.9,92142.3,0.312969,0.31101
8|152|8|152|sample|5|322|5|322|65.0,0.0021759999999999,94458,2,5,0,0,1,96485.2,695.259,0.10151,94756.3,94355,92230.7,92274.3,0.317218,0.310862
8|152|8|152|sample|5|322|5|322|65.0,0.0108799999999999,93359,3,5,0,0,1,96485.2,695.259,0.10151,93984.7,92970.2,86349.1,86475.1,1.06548,1.04483
8|152|8|152|sample|5|322|5|322|65.0,0.0543999999999999,70654,4,5,0,0,1,96485.2,695.259,0.10151,88623.3,86597.1,68882.9,69146.4,0.336367,0.285234
8|152|8|152|sample|5|322|5|322|65.0,0.2719999999999999,40370,5,5,0,0,1,96485.2,695.259,0.10151,72216.6,70102.4,37399.7,37618.3,1.02503,0.944265
8|152|8|152|sample|5|322|5|322|65.0,1.36,8986,6,5,0,0,1,96485.2,695.259,0.10151,42347.8,42979.6,10924.8,10881.1,-2.13849,-2.09794
8|152|8|152|sample|5|322|5|322|65.0,6.8,2416,7,5,0,0,1,96485.2,695.259,0.10151,16645.4,18992.4,2202.44,2142.96,0.852146,1.10924
8|152|8|152|sample|5|322|5|322|65.0,34,924,8,5,0,0,1,96485.2,695.259,0.10151,5331.67,6900.26,827.065,812.742,0.658606,0.7615
8|152|8|152|sample|12|322|12|322|28.0,0.0014272,79697,1,12,0,0,1,96485.2,695.259,0.10151,89143.7,87655.8,80899.3,80693.6,-0.194881,-0.161946
8|152|8|152|sample|12|322|12|322|28.0,0.007136,67002,2,12,0,0,1,96485.2,695.259,0.10151,90328.9,87032.9,71143.9,70727.7,-0.761995,-0.689411
8|152|8|152|sample|12|322|12|322|28.0,0.03568,48627,3,12,0,0,1,96485.2,695.259,0.10151,87216.5,81208.2,49714.8,49154.8,-0.284472,-0.139562
8|152|8|152|sample|12|322|12|322|28.0,0.1784,20494,4,12,0,0,1,96485.2,695.259,0.10151,75144,68276.8,22410.7,22131.2,-1.08262,-0.935845
8|152|8|152|sample|12|322|12|322|28.0,0.892,5710,5,12,0,0,1,96485.2,695.259,0.10151,48967.8,48320.8,5346.33,5417.7,0.746656,0.593584
8|152|8|152|sample|12|322|12|322|28.0,4.46,1250,6,12,0,0,1,96485.2,695.259,0.10151,21233.9,27688.6,1109.38,1160.15,0.834996,0.521653
8|152|8|152|sample|12|322|12|322|28.0,22.3,570,7,12,0,0,1,96485.2,695.259,0.10151,7057.26,13364.8,683.517,690.498,-0.832325,-0.88012
8|152|8|152|sample|12|322|12|322|28.0,111.5,678,8,12,0,0,1,96485.2,695.259,0.10151,2368.44,5915.53,645.851,646.332,0.240718,0.237057
8|152|8|152|sample|11|322|11|322|28.0,0.0014272,86935,1,11,0,0,1,96485.2,695.259,0.10151,91411.6,89885.8,84176.6,84033.4,0.429951,0.453023
8|152|8|152|sample|11|322|11|322|28.0,0.007136,80844,2,11,0,0,1,96485.2,695.259,0.10151,92570,89192.3,75566.2,75241.5,0.914998,0.975407
8|152|8|152|sample|11|322|11|322|28.0,0.03568,56954,3,11,0,0,1,96485.2,695.259,0.10151,89361.1,83205.2,55298.8,54713.8,0.390015,0.533406
8|152|8|152|sample|11|322|11|322|28.0,0.1784,26467,4,11,0,0,1,96485.2,695.259,0.10151,76986.5,69950.9,27010.2,26348.5,-0.256677,0.0573332
8|152|8|152|sample|11|322|11|322|28.0,0.892,6328,5,11,0,0,1,96485.2,695.259,0.10151,50168.5,49505.6,6914.19,6581.25,-0.968936,-0.436676
8|152|8|152|sample|11|322|11|322|28.0,4.46,1324,6,11,0,0,1,96485.2,695.259,0.10151,21756.1,28369.5,1289.53,1229.87,0.189419,0.530372
8|152|8|152|sample|11|322|11|322|28.0,22.3,672,7,11,0,0,1,96485.2,695.259,0.10151,7232.35,13696.4,705.528,701.218,-0.242885,-0.212161
8|152|8|152|sample|11|322|11|322|28.0,111.5,632,8,11,0,0,1,96485.2,695.259,0.10151,2428.7,6066.03,662.296,662.123,-0.224762,-0.223504
8|152|8|152|sample|10|322|10|322|28.0,0.0004479999999999,91021,1,10,0,0,1,96485.2,695.259,0.10151,92487.9,91648.2,88468,88505.9,0.378868,0.373093
8|152|8|152|sample|10|322|10|322|28.0,0.00224,88793,2,10,0,0,1,96485.2,695.259,0.10151,94326.2,92347.9,84405.9,84495.5,0.681971,0.667346
8|152|8|152|sample|10|322|10|322|28.0,0.0111999999999999,78376,3,10,0,0,1,96485.2,695.259,0.10151,93523.9,89364.6,71297,71474.7,1.29959,1.26388
8|152|8|152|sample|10|322|10|322|28.0,0.0559999999999999,50978,4,10,0,0,1,96485.2,695.259,0.10151,88064.7,81153.1,46863.6,47101.9,1.1399,1.06856
8|152|8|152|sample|10|322|10|322|28.0,0.2799999999999999,18817,5,10,0,0,1,96485.2,695.259,0.10151,71466,65347.2,18873.5,19007.8,-0.0375781,-0.125986
8|152|8|152|sample|10|322|10|322|28.0,1.4,3464,6,10,0,0,1,96485.2,695.259,0.10151,41600.2,43538.6,3898.72,3902.7,-1.14947,-1.15908
8|152|8|152|sample|10|322|10|322|28.0,7,1220,7,10,0,0,1,96485.2,695.259,0.10151,16256.1,23500.1,915.858,910.129,1.97676,2.01964
8|152|8|152|sample|10|322|10|322|28.0,35,690,8,10,0,0,1,96485.2,695.259,0.10151,5202.52,10839.3,676.004,675.399,0.103044,0.107535
8|152|8|152|sample|9|322|9|322|28.0,0.0004479999999999,92933,1,9,0,0,1,96485.2,695.259,0.10151,92794.9,91952.4,89272.8,89158.7,0.538344,0.555832
8|152|8|152|sample|9|322|9|322|28.0,0.00224,84649,2,9,0,0,1,96485.2,695.259,0.10151,94631.8,92647.1,85916.7,85641.8,-0.193645,-0.152125
8|152|8|152|sample|9|322|9|322|28.0,0.0111999999999999,78182,3,9,0,0,1,96485.2,695.259,0.10151,93824.2,89651.6,74127.3,73556.6,0.716383,0.823471
8|152|8|152|sample|9|322|9|322|28.0,0.0559999999999999,55239,4,9,0,0,1,96485.2,695.259,0.10151,88346.7,81413,51071.8,50212.5,1.06145,1.30176
8|152|8|152|sample|9|322|9|322|28.0,0.2799999999999999,20004,5,9,0,0,1,96485.2,695.259,0.10151,71694.9,65556.5,22395.8,21736.4,-1.35184,-1.00739
8|152|8|152|sample|9|322|9|322|28.0,1.4,4986,6,9,0,0,1,96485.2,695.259,0.10151,41733.9,43678.4,5023.45,4873.52,-0.0809313,0.249117
8|152|8|152|sample|9|322|9|322|28.0,7,1028,7,9,0,0,1,96485.2,695.259,0.10151,16308.8,23576.2,1035.52,1034.03,-0.0461503,-0.0370452
8|152|8|152|sample|9|322|9|322|28.0,35,722,8,9,0,0,1,96485.2,695.259,0.10151,5219.79,10875.3,683.32,684.347,0.28364,0.275953
8|152|8|152|sample|3|322|3|322|22.0,0.0010624,87858,1,3,0,0,1,96485.2,695.259,0.10151,92330.8,91679.4,89515.4,89604.5,-0.243114,-0.255932
8|152|8|152|sample|3|322|3|322|22.0,0.005312,88455,2,3,0,0,1,96485.2,695.259,0.10151,93720.2,92104.2,85987.8,86221.3,0.376561,0.340015
8|152|8|152|sample|3|322|3|322|22.0,0.02656,77137,3,3,0,0,1,96485.2,695.259,0.10151,91309.3,87930.8,72493.9,72964,0.838544,0.748864
8|152|8|152|sample|3|322|3|322|22.0,0.1328,46188,4,3,0,0,1,96485.2,695.259,0.10151,81030.7,76302.1,45798.5,46239.8,0.110347,-0.0145388
8|152|8|152|sample|3|322|3|322|22.0,0.664,17047,5,3,0,0,1,96485.2,695.259,0.10151,56387.8,54898.8,16828.7,16639.1,0.161632,0.305234
8|152|8|152|sample|3|322|3|322|22.0,3.32,3062,6,3,0,0,1,96485.2,695.259,0.10151,26274.6,30379.1,3576.11,3282.95,-1.45258,-0.665748
8|152|8|152|sample|3|322|3|322|22.0,16.6,1382,7,3,0,0,1,96485.2,695.259,0.10151,8976.26,13513.5,1167.02,1099.59,1.24445,1.68426
8|152|8|152|sample|3|322|3|322|22.0,83,840,8,3,0,0,1,96485.2,695.259,0.10151,2935.23,5530.19,925.309,918.344,-0.551909,-0.508577
8|152|8|152|sample|4|322|4|322|22.0,0.0010624,92432,1,4,0,0,1,96485.2,695.259,0.10151,92637.2,91983.7,90280.9,90220.3,0.312902,0.321928
8|152|8|152|sample|4|322|4|322|22.0,0.005312,90579,2,4,0,0,1,96485.2,695.259,0.10151,94023.8,92402.6,87543.3,87375.3,0.455209,0.481309
8|152|8|152|sample|4|322|4|322|22.0,0.02656,76034,3,4,0,0,1,96485.2,695.259,0.10151,91602.6,88213.2,75632.8,75232.2,0.069495,0.139617
8|152|8|152|sample|4|322|4|322|22.0,0.1328,50378,4,4,0,0,1,96485.2,695.259,0.10151,81290.2,76546.5,50250.6,49580.2,0.0329803,0.209187
8|152|8|152|sample|4|322|4|322|22.0,0.664,19217,5,4,0,0,1,96485.2,695.259,0.10151,56568.4,55074.6,19417.3,18889.1,-0.129625,0.217767
8|152|8|152|sample|4|322|4|322|22.0,3.32,3728,6,4,0,0,1,96485.2,695.259,0.10151,26359,30476.6,3856.89,3725.02,-0.343665,0.0081694
8|152|8|152|sample|4|322|4|322|22.0,16.6,1054,7,4,0,0,1,96485.2,695.259,0.10151,9005.34,13557.2,1136.43,1125.51,-0.483602,-0.421558
8|152|8|152|sample|4|322|4|322|22.0,83,902,8,4,0,0,1,96485.2,695.259,0.10151,2944.97,5548.55,921.913,921.46,-0.129043,-0.126131
8|152|8|152|cc|1|1|322|1|322|69.0,0,712,1,1,0,1,0,96485.2,695.259,0.10151,645.088,645.088,645.088,645.088,0.501227,0.501227
8|152|8|152|cc|2|1|322|1|322|69.0,0,712,2,1,0,1,0,96485.2,695.259,0.10151,661.46,661.46,661.46,661.46,0.375132,0.375132
8|152|8|152|cc|3|1|322|1|322|69.0,0,642,3,1,0,1,0,96485.2,695.259,0.10151,667.387,667.387,667.387,667.387,-0.18781,-0.18781
8|152|8|152|cc|4|1|322|1|322|69.0,0,720,4,1,0,1,0,96485.2,695.259,0.10151,669.307,669.307,669.307,669.307,0.374622,0.374622
8|152|8|152|cc|5|1|322|1|322|69.0,0,666,5,1,0,1,0,96485.2,695.259,0.10151,669.307,669.307,669.307,669.307,-0.0244411,-0.0244411
8|152|8|152|cc|6|1|322|1|322|69.0,0,674,6,1,0,1,0,96485.2,695.259,0.10151,667.387,667.387,667.387,667.387,0.0489244,0.0489244
8|152|8|152|cc|7|1|322|1|322|69.0,0,722,7,1,0,1,0,96485.2,695.259,0.10151,661.46,661.46,661.46,661.46,0.449356,0.449356
8|152|8|152|cc|8|1|322|1|322|69.0,0,714,8,1,0,1,0,96485.2,695.259,0.10151,645.088,645.088,645.088,645.088,0.516209,0.516209
8|152|8|152|vc|1|2|322|2|322|69.0,0,94260,1,2,1,0,0,96485.2,695.259,0.10151,91800.2,91800.2,91800.2,91800.2,0.351948,0.351948
8|152|8|152|vc|2|2|322|2|322|69.0,0,95803,2,2,1,0,0,96485.2,695.259,0.10151,94072.2,94072.2,94072.2,94072.2,0.24174,0.24174
8|152|8|152|vc|3|2|322|2|322|69.0,0,99229,3,2,1,0,0,96485.2,695.259,0.10151,94894.7,94894.7,94894.7,94894.7,0.600172,0.600172
8|152|8|152|vc|4|2|322|2|322|69.0,0,96260,4,2,1,0,0,96485.2,695.259,0.10151,95161.2,95161.2,95161.2,95161.2,0.151728,0.151728
8|152|8|152|vc|5|2|322|2|322|69.0,0,93357,5,2,1,0,0,96485.2,695.259,0.10151,95161.2,95161.2,95161.2,95161.2,-0.249138,-0.249138
8|152|8|152|vc|6|2|322|2|322|69.0,0,92328,6,2,1,0,0,96485.2,695.259,0.10151,94894.7,94894.7,94894.7,94894.7,-0.355409,-0.355409
8|152|8|152|vc|7|2|322|2|322|69.0,0,91784,7,2,1,0,0,96485.2,695.259,0.10151,94072.2,94072.2,94072.2,94072.2,-0.319579,-0.319579
8|152|8|152|vc|8|2|322|2|322|69.0,0,89680,8,2,1,0,0,96485.2,695.259,0.10151,91800.2,91800.2,91800.2,91800.2,-0.303363,-0.303363
8|1056|8|1056|sample|8|276|8|276|65.0,0.0016767999999999,118740,1,8,0,0,1,122610,713.746,0.0353313,120507,120643,118949,118904,-0.0231907,-0.0182206
8|1056|8|1056|sample|8|276|8|276|65.0,0.0083839999999999,113636,2,8,0,0,1,122610,713.746,0.0353313,119871,120265,113559,113386,0.00890991,0.0289825
8|1056|8|1056|sample|8|276|8|276|65.0,0.04192,84503,3,8,0,0,1,122610,713.746,0.0353313,114353,115292,91672.7,91133.2,-1.02726,-0.955513
8|1056|8|1056|sample|8|276|8|276|65.0,0.2096,42717,4,8,0,0,1,122610,713.746,0.0353313,96490.9,97792.3,41248.6,40438.6,0.460719,0.728798
8|1056|8|1056|sample|8|276|8|276|65.0,1.048,4102,5,8,0,0,1,122610,713.746,0.0353313,60458.2,60399.1,4317.44,4152.75,-0.525858,-0.127731
8|1056|8|1056|sample|8|276|8|276|65.0,5.24,716,6,8,0,0,1,122610,713.746,0.0353313,25214.1,23899.9,740.788,739.273,-0.176183,-0.165549
8|1056|8|1056|sample|8|276|8|276|65.0,26.2,656,7,8,0,0,1,122610,713.746,0.0353313,8226.6,7328.18,710.807,710.806,-0.395898,-0.395891
8|1056|8|1056|sample|8|276|8|276|65.0,131,828,8,8,0,0,1,122610,713.746,0.0353313,2751.21,2382.46,704.919,704.919,0.89192,0.89192
8|1056|8|1056|sample|7|276|7|276|65.0,0.0016767999999999,121659,1,7,0,0,1,122610,713.746,0.0353313,120523,120659,119013,118912,0.292853,0.304232
8|1056|8|1056|sample|7|276|7|276|65.0,0.0083839999999999,115654,2,7,0,0,1,122610,713.746,0.0353313,119887,120280,113752,113369,0.220133,0.265338
8|1056|8|1056|sample|7|276|7|276|65.0,0.04192,88699,3,7,0,0,1,122610,713.746,0.0353313,114368,115307,92169,91017.6,-0.494524,-0.334566
8|1056|8|1056|sample|7|276|7|276|65.0,0.2096,41994,4,7,0,0,1,122610,713.746,0.0353313,96503.5,97805.1,41529.4,40092.1,0.144822,0.613486
8|1056|8|1056|sample|7|276|7|276|65.0,1.048,3906,5,7,0,0,1,122610,713.746,0.0353313,60466.1,60406.9,4011.83,3964.44,-0.273675,-0.152521
8|1056|8|1056|sample|7|276|7|276|65.0,5.24,700,6,7,0,0,1,122610,713.746,0.0353313,25217.4,23903.1,728.445,734.105,-0.203523,-0.243275
8|1056|8|1056|sample|7|276|7|276|65.0,26.2,682,7,7,0,0,1,122610,713.746,0.0353313,8227.68,7329.14,710.87,710.884,-0.208532,-0.208635
8|1056|8|1056|sample|7|276|7|276|65.0,131,978,8,7,0,0,1,122610,713.746,0.0353313,2751.57,2382.78,705.012,705.012,1.97814,1.97814
8|1056|8|1056|sample|6|276|6|276|65.0,0.0004351999999999,124775,1,6,0,0,1,122610,713.746,0.0353313,120918,120970,120485,120452,0.469072,0.472724
8|1056|8|1056|sample|6|276|6|276|65.0,0.0021759999999999,126207,2,6,0,0,1,122610,713.746,0.0353313,121380,121544,119568,119438,0.731425,0.746511
8|1056|8|1056|sample|6|276|6|276|65.0,0.0108799999999999,119281,3,6,0,0,1,122610,713.746,0.0353313,119715,120177,112436,111953,0.801401,0.861608
8|1056|8|1056|sample|6|276|6|276|65.0,0.0543999999999999,96692,4,6,0,0,1,122610,713.746,0.0353313,112672,113716,87101.9,85749.5,1.44522,1.67471
8|1056|8|1056|sample|6|276|6|276|65.0,0.2719999999999999,31741,5,6,0,0,1,122610,713.746,0.0353313,91781.3,93005.3,33858.9,32565.4,-0.804834,-0.325324
8|1056|8|1056|sample|6|276|6|276|65.0,1.36,2592,6,6,0,0,1,122610,713.746,0.0353313,53847.4,53466.6,2565.33,2605.91,0.0959763,-0.0494942
8|1056|8|1056|sample|6|276|6|276|65.0,6.8,696,7,6,0,0,1,122610,713.746,0.0353313,21181.9,19866.9,716.216,719.634,-0.145601,-0.169903
8|1056|8|1056|sample|6|276|6|276|65.0,34,792,8,6,0,0,1,122610,713.746,0.0353313,6779.71,5990.96,705.014,705.02,0.630322,0.630277
8|1056|8|1056|sample|5|276|5|276|65.0,0.0004351999999999,127222,1,5,0,0,1,122610,713.746,0.0353313,120902,120954,120470,120432,0.738341,0.7427
8|1056|8|1056|sample|5|276|5|276|65.0,0.0021759999999999,128464,2,5,0,0,1,122610,713.746,0.0353313,121364,121528,119555,119403,0.981569,0.999547
8|1056|8|1056|sample|5|276|5|276|65.0,0.0108799999999999,127679,3,5,0,0,1,122610,713.746,0.0353313,119699,120162,112423,111857,1.78645,1.86192
8|1056|8|1056|sample|5|276|5|276|65.0,0.0543999999999999,99273,4,5,0,0,1,122610,713.746,0.0353313,112657,113701,86972.8,85391.7,1.85635,2.13326
8|1056|8|1056|sample|5|276|5|276|65.0,0.2719999999999999,30808,5,5,0,0,1,122610,713.746,0.0353313,91769.4,92993.2,33063.7,31611.2,-0.877156,-0.326182
8|1056|8|1056|sample|5|276|5|276|65.0,1.36,2194,6,5,0,0,1,122610,713.746,0.0353313,53840.4,53459.6,2170.26,2251.52,0.0956408,-0.226167
8|1056|8|1056|sample|5|276|5|276|65.0,6.8,672,7,5,0,0,1,122610,713.746,0.0353313,21179.1,19864.3,712.46,714.661,-0.292,-0.307519
8|1056|8|1056|sample|5|276|5|276|65.0,34,838,8,5,0,0,1,122610,713.746,0.0353313,6778.81,5990.17,704.919,704.921,0.964385,0.964376
8|1056|8|1056|sample|12|276|12|276|28.0,0.0014272,103621,1,12,0,0,1,122610,713.746,0.0353313,119024,118895,111757,111531,-0.958291,-0.933532
8|1056|8|1056|sample|12|276|12|276|28.0,0.007136,90392,2,12,0,0,1,122610,713.746,0.0353313,118608,118254,94732.1,94098.8,-0.601999,-0.517576
8|1056|8|1056|sample|12|276|12|276|28.0,0.03568,45926,3,12,0,0,1,122610,713.746,0.0353313,113839,113029,51878.4,51000.6,-1.49309,-1.29434
8|1056|8|1056|sample|12|276|12|276|28.0,0.1784,8166,4,12,0,0,1,122610,713.746,0.0353313,97871.9,96731.2,7732.97,7772.03,0.649658,0.58846
8|1056|8|1056|sample|12|276|12|276|28.0,0.892,754,5,12,0,0,1,122610,713.746,0.0353313,63719.8,63600.5,739.248,755.519,0.104938,-0.0107142
8|1056|8|1056|sample|12|276|12|276|28.0,4.46,634,6,12,0,0,1,122610,713.746,0.0353313,27588,28688.3,703.926,703.933,-0.507003,-0.507054
8|1056|8|1056|sample|12|276|12|276|28.0,22.3,642,7,12,0,0,1,122610,713.746,0.0353313,9111.66,9995.73,701.806,701.806,-0.434132,-0.434132
8|1056|8|1056|sample|12|276|12|276|28.0,111.5,824,8,12,0,0,1,122610,713.746,0.0353313,3000.02,3400.98,695.956,695.956,0.932445,0.932445
8|1056|8|1056|sample|11|276|11|276|28.0,0.0014272,105151,1,11,0,0,1,122610,713.746,0.0353313,120027,119897,113655,113497,-0.985093,-0.968086
8|1056|8|1056|sample|11|276|11|276|28.0,0.007136,95978,2,11,0,0,1,122610,713.746,0.0353313,119599,119242,98460.1,97991.4,-0.331394,-0.270087
8|1056|8|1056|sample|11|276|11|276|28.0,0.03568,58120,3,11,0,0,1,122610,713.746,0.0353313,114788,113971,58176.1,57361.8,-0.0125741,0.172354
8|1056|8|1056|sample|11|276|11|276|28.0,0.1784,10642,4,11,0,0,1,122610,713.746,0.0353313,98686.6,97536.4,10876.2,10662.3,-0.259318,-0.0228584
8|1056|8|1056|sample|11|276|11|276|28.0,0.892,906,5,11,0,0,1,122610,713.746,0.0353313,64250.2,64130,810.542,820.822,0.654097,0.580578
8|1056|8|1056|sample|11|276|11|276|28.0,4.46,610,6,11,0,0,1,122610,713.746,0.0353313,27817.9,28927.3,709.805,709.82,-0.721332,-0.721431
8|1056|8|1056|sample|11|276|11|276|28.0,22.3,712,7,11,0,0,1,122610,713.746,0.0353313,9187.81,10079.3,707.672,707.672,0.0313197,0.0313197
8|1056|8|1056|sample|11|276|11|276|28.0,111.5,888,8,11,0,0,1,122610,713.746,0.0353313,3025.31,3429.64,701.821,701.821,1.35145,1.35145
8|1056|8|1056|sample|10|276|10|276|28.0,0.0004479999999999,119885,1,10,0,0,1,122610,713.746,0.0353313,120712,120652,118911,118853,0.107896,0.114349
8|1056|8|1056|sample|10|276|10|276|28.0,0.00224,122847,2,10,0,0,1,122610,713.746,0.0353313,121163,120987,114816,114616,0.921013,0.945554
8|1056|8|1056|sample|10|276|10|276|28.0,0.0111999999999999,100100,3,10,0,0,1,122610,713.746,0.0353313,119452,118988,98660.2,98056.9,0.191852,0.273892
8|1056|8|1056|sample|10|276|10|276|28.0,0.0559999999999999,61989,4,10,0,0,1,122610,713.746,0.0353313,112265,111295,57767,56607.4,0.953155,1.23934
8|1056|8|1056|sample|10|276|10|276|28.0,0.2799999999999999,9934,5,10,0,0,1,122610,713.746,0.0353313,91072.8,90032.6,10828.5,10272.3,-0.994591,-0.394449
8|1056|8|1056|sample|10|276|10|276|28.0,1.4,774,6,10,0,0,1,122610,713.746,0.0353313,53038.7,53387.6,828.894,818.247,-0.372621,-0.301987
8|1056|8|1056|sample|10|276|10|276|28.0,7,638,7,10,0,0,1,122610,713.746,0.0353313,20740.4,21897.1,709.864,709.863,-0.519374,-0.519363
8|1056|8|1056|sample|10|276|10|276|28.0,35,822,8,10,0,0,1,122610,713.746,0.0353313,6631.01,7367.52,703.978,703.978,0.855702,0.855702
8|1056|8|1056|sample|9|276|9|276|28.0,0.0004479999999999,120198,1,9,0,0,1,122610,713.746,0.0353313,120848,120788,119022,119088,0.13011,0.122799
8|1056|8|1056|sample|9|276|9|276|28.0,0.00224,115424,2,9,0,0,1,122610,713.746,0.0353313,121298,121121,114873,115095,0.0631732,0.0376924
8|1056|8|1056|sample|9|276|9|276|28.0,0.0111999999999999,104040,3,9,0,0,1,122610,713.746,0.0353313,119585,119120,98625.5,99243.1,0.721713,0.635447
8|1056|8|1056|sample|9|276|9|276|28.0,0.0559999999999999,62803,4,9,0,0,1,122610,713.746,0.0353313,112390,111419,58037,58869.6,1.07107,0.871673
8|1056|8|1056|sample|9|276|9|276|28.0,0.2799999999999999,11416,5,9,0,0,1,122610,713.746,0.0353313,91174,90132.7,11816.9,11575.9,-0.411737,-0.167333
8|1056|8|1056|sample|9|276|9|276|28.0,1.4,788,6,9,0,0,1,122610,713.746,0.0353313,53097.7,53447,942.335,864.356,-0.990277,-0.509087
8|1056|8|1056|sample|9|276|9|276|28.0,7,614,7,9,0,0,1,122610,713.746,0.0353313,20763.5,21921.5,711.016,710.694,-0.700709,-0.698506
8|1056|8|1056|sample|9|276|9|276|28.0,35,832,8,9,0,0,1,122610,713.746,0.0353313,6638.47,7375.81,704.77,704.77,0.922065,0.922067
8|1056|8|1056|sample|4|276|4|276|22.0,0.0010624,123910,1,4,0,0,1,122610,713.746,0.0353313,120643,120885,120026,120099,0.426243,0.418005
8|1056|8|1056|sample|4|276|4|276|22.0,0.005312,126950,2,4,0,0,1,122610,713.746,0.0353313,120517,121289,117272,117605,1.08685,1.04655
8|1056|8|1056|sample|4|276|4|276|22.0,0.02656,105914,3,4,0,0,1,122610,713.746,0.0353313,116749,118880,101609,102889,0.55709,0.38663
8|1056|8|1056|sample|4|276|4|276|22.0,0.1328,55539,4,4,0,0,1,122610,713.746,0.0353313,103399,107398,53967,56289.6,0.37938,-0.173812
8|1056|8|1056|sample|4|276|4|276|22.0,0.664,6766,5,4,0,0,1,122610,713.746,0.0353313,71901.7,73529.9,6624.06,6693.02,0.243393,0.124045
8|1056|8|1056|sample|4|276|4|276|22.0,3.32,686,6,4,0,0,1,122610,713.746,0.0353313,33473.5,29741.4,766.556,744.104,-0.564785,-0.412251
8|1056|8|1056|sample|4|276|4|276|22.0,16.6,742,7,4,0,0,1,122610,713.746,0.0353313,11388.9,8226.25,710.714,710.635,0.226007,0.226585
8|1056|8|1056|sample|4|276|4|276|22.0,83,876,8,4,0,0,1,122610,713.746,0.0353313,3671.8,2356.72,704.768,704.768,1.24095,1.24096
8|1056|8|1056|sample|3|276|3|276|22.0,0.0010624,130132,1,3,0,0,1,122610,713.746,0.0353313,120507,120749,119961,119911,1.11681,1.12285
8|1056|8|1056|sample|3|276|3|276|22.0,0.005312,127154,2,3,0,0,1,122610,713.746,0.0353313,120383,121154,117457,117225,1.08722,1.11547
8|1056|8|1056|sample|3|276|3|276|22.0,0.02656,111063,3,3,0,0,1,122610,713.746,0.0353313,116620,118748,102645,101740,1.07853,1.20509
8|1056|8|1056|sample|3|276|3|276|22.0,0.1328,53602,4,3,0,0,1,122610,713.746,0.0353313,103284,107278,55241.4,53528.5,-0.38669,0.0178776
8|1056|8|1056|sample|3|276|3|276|22.0,0.664,5384,5,3,0,0,1,122610,713.746,0.0353313,71821.9,73448.3,5473.28,5405.62,-0.179771,-0.0439844
8|1056|8|1056|sample|3|276|3|276|22.0,3.32,738,6,3,0,0,1,122610,713.746,0.0353313,33436.3,29708.3,719.568,724.879,0.132511,0.0940599
8|1056|8|1056|sample|3|276|3|276|22.0,16.6,690,7,3,0,0,1,122610,713.746,0.0353313,11376.2,8217.08,709.827,709.829,-0.143299,-0.143312
8|1056|8|1056|sample|3|276|3|276|22.0,83,842,8,3,0,0,1,122610,713.746,0.0353313,3667.67,2354.07,703.976,703.976,1.00072,1.00072
8|1056|8|1056|cc|1|1|276|1|276|69.0,0,686,1,1,0,1,0,122610,713.746,0.0353313,695.819,695.819,695.819,695.819,-0.0715125,-0.0715125
8|1056|8|1056|cc|2|1|276|1|276|69.0,0,688,2,1,0,1,0,122610,713.746,0.0353313,701.669,701.669,701.669,701.669,-0.0992307,-0.0992307
8|1056|8|1056|cc|3|1|276|1|276|69.0,0,708,3,1,0,1,0,122610,713.746,0.0353313,703.787,703.787,703.787,703.787,0.0305495,0.0305495
8|1056|8|1056|cc|4|1|276|1|276|69.0,0,700,4,1,0,1,0,122610,713.746,0.0353313,704.473,704.473,704.473,704.473,-0.032423,-0.032423
8|1056|8|1056|cc|5|1|276|1|276|69.0,0,734,5,1,0,1,0,122610,713.746,0.0353313,704.473,704.473,704.473,704.473,0.214022,0.214022
8|1056|8|1056|cc|6|1|276|1|276|69.0,0,694,6,1,0,1,0,122610,713.746,0.0353313,703.787,703.787,703.787,703.787,-0.0709659,-0.0709659
8|1056|8|1056|cc|7|1|276|1|276|69.0,0,744,7,1,0,1,0,122610,713.746,0.0353313,701.669,701.669,701.669,701.669,0.307301,0.307301
8|1056|8|1056|cc|8|1|276|1|276|69.0,0,756,8,1,0,1,0,122610,713.746,0.0353313,695.819,695.819,695.819,695.819,0.43828,0.43828
8|1056|8|1056|vc|1|2|276|2|276|69.0,0,125929,1,2,1,0,0,122610,713.746,0.0353313,120538,120538,120538,120538,0.589176,0.589176
8|1056|8|1056|vc|2|2|276|2|276|69.0,0,128067,2,2,1,0,0,122610,713.746,0.0353313,121543,121543,121543,121543,0.70717,0.70717
8|1056|8|1056|vc|3|2|276|2|276|69.0,0,126059,3,2,1,0,0,122610,713.746,0.0353313,121907,121907,121907,121907,0.448758,0.448758
8|1056|8|1056|vc|4|2|276|2|276|69.0,0,129668,4,2,1,0,0,122610,713.746,0.0353313,122024,122024,122024,122024,0.825252,0.825252
8|1056|8|1056|vc|5|2|276|2|276|69.0,0,124889,5,2,1,0,0,122610,713.746,0.0353313,122024,122024,122024,122024,0.30928,0.30928
8|1056|8|1056|vc|6|2|276|2|276|69.0,0,120436,6,2,1,0,0,122610,713.746,0.0353313,121907,121907,121907,121907,-0.158919,-0.158919
8|1056|8|1056|vc|7|2|276|2|276|69.0,0,119889,7,2,1,0,0,122610,713.746,0.0353313,121543,121543,121543,121543,-0.179247,-0.179247
8|1056|8|1056|vc|8|2|276|2|276|69.0,0,107836,8,2,1,0,0,122610,713.746,0.0353313,120538,120538,120538,120538,-1.38813,-1.38813
8|462|8|462|sample|6|292|6|292|55.0,0.0006144,102350,1,6,0,0,1,159668,643.492,0.736861,118664,109676,106169,106072,-0.473306,-0.461607
8|462|8|462|sample|6|292|6|292|55.0,0.003072,113884,2,6,0,0,1,159668,643.492,0.736861,145036,127785,121037,120854,-0.778534,-0.759726
8|462|8|462|sample|6|292|6|292|55.0,0.01536,121365,3,6,0,0,1,159668,643.492,0.736861,151422,125204,114522,114244,0.786756,0.820718
8|462|8|462|sample|6|292|6|292|55.0,0.0768,98102,4,6,0,0,1,159668,643.492,0.736861,142531,112023,97078,96712.5,0.138641,0.188825
8|462|8|462|sample|6|292|6|292|55.0,0.384,76259,5,6,0,0,1,159668,643.492,0.736861,109989,92536.7,74077.8,73664.9,0.385633,0.461154
8|462|8|462|sample|6|292|6|292|55.0,1.92,51729,6,6,0,0,1,159668,643.492,0.736861,57761.2,69924.7,50198.5,49806.1,0.396473,0.501956
8|462|8|462|sample|6|292|6|292|55.0,9.6,27657,7,6,0,0,1,159668,643.492,0.736861,19826.5,47136.3,29458.6,29153.6,-0.783151,-0.657114
8|462|8|462|sample|6|292|6|292|55.0,48,13804,8,6,0,0,1,159668,643.492,0.736861,5020.97,25986.3,13804.5,13625.5,-0.000410923,0.160879
8|462|8|462|sample|5|292|5|292|55.0,0.0006144,100518,1,5,0,0,1,159668,643.492,0.736861,118232,109276,106492,106545,-0.738045,-0.744207
8|462|8|462|sample|5|292|5|292|55.0,0.003072,130424,2,5,0,0,1,159668,643.492,0.736861,144606,127406,122042,122110,0.904879,0.896977
8|462|8|462|sample|5|292|5|292|55.0,0.01536,129379,3,5,0,0,1,159668,643.492,0.736861,151002,124856,116355,116385,1.47396,1.47021
8|462|8|462|sample|5|292|5|292|55.0,0.0768,104544,4,5,0,0,1,159668,643.492,0.736861,142143,111718,99803.9,99692.7,0.624436,0.639794
8|462|8|462|sample|5|292|5|292|55.0,0.384,71521,5,5,0,0,1,159668,643.492,0.736861,109690,92285,77521.4,77147.7,-1.01442,-0.955769
8|462|8|462|sample|5|292|5|292|55.0,1.92,57664,6,5,0,0,1,159668,643.492,0.736861,57600.9,69730.6,53865.8,53189.9,0.918313,1.09518
8|462|8|462|sample|5|292|5|292|55.0,9.6,30300,7,5,0,0,1,159668,643.492,0.736861,19767.7,46996.6,32660.2,31822.5,-0.928731,-0.614337
8|462|8|462|sample|5|292|5|292|55.0,48,15085,8,5,0,0,1,159668,643.492,0.736861,5002.68,25891.6,15905.1,15202.2,-0.640149,-0.0954562
8|462|8|462|sample|4|292|4|292|55.0,0.000064,104240,1,4,0,0,1,159668,643.492,0.736861,117107,112684,111295,111220,-0.834386,-0.826099
8|462|8|462|sample|4|292|4|292|55.0,0.00032,128947,2,4,0,0,1,159668,643.492,0.736861,144259,135271,132462,132309,-0.349888,-0.335035
8|462|8|462|sample|4|292|4|292|55.0,0.0016,136467,3,4,0,0,1,159668,643.492,0.736861,153597,138283,133497,133231,0.293318,0.320243
8|462|8|462|sample|4|292|4|292|55.0,0.008,138746,4,4,0,0,1,159668,643.492,0.736861,154748,131439,123987,123559,1.56854,1.61945
8|462|8|462|sample|4|292|4|292|55.0,0.04,119405,5,4,0,0,1,159668,643.492,0.736861,147444,117600,106956,106322,1.53139,1.61889
8|462|8|462|sample|4|292|4|292|55.0,0.2,86679,6,4,0,0,1,159668,643.492,0.736861,122412,97639.4,84049.7,83203.6,0.410437,0.547949
8|462|8|462|sample|4|292|4|292|55.0,1,49742,7,4,0,0,1,159668,643.492,0.736861,72509.3,72509.3,57729.5,56771.5,-1.8044,-1.61427
8|462|8|462|sample|4|292|4|292|55.0,5,30602,8,4,0,0,1,159668,643.492,0.736861,24692,43497.1,31240,30425.3,-0.262055,0.0744695
8|462|8|462|sample|3|292|3|292|55.0,0.000064,108562,1,3,0,0,1,159668,643.492,0.736861,113415,109131,108006,107886,0.0677496,0.0824821
8|462|8|462|sample|3|292|3|292|55.0,0.00032,130392,2,3,0,0,1,159668,643.492,0.736861,140570,131812,129512,129276,0.0895473,0.113746
8|462|8|462|sample|3|292|3|292|55.0,0.0016,132645,3,3,0,0,1,159668,643.492,0.736861,149920,134973,131018,130640,0.163656,0.202296
8|462|8|462|sample|3|292|3|292|55.0,0.008,136907,4,3,0,0,1,159668,643.492,0.736861,151119,128357,122125,121593,1.59469,1.65919
8|462|8|462|sample|3|292|3|292|55.0,0.04,113528,5,3,0,0,1,159668,643.492,0.736861,143986,114842,105794,105155,0.961793,1.04753
8|462|8|462|sample|3|292|3|292|55.0,0.2,82203,6,3,0,0,1,159668,643.492,0.736861,119482,95302.5,83501.9,82890,-0.20407,-0.10872
8|462|8|462|sample|3|292|3|292|55.0,1,54160,7,3,0,0,1,159668,643.492,0.736861,70655.1,70655.1,57513,57110.9,-0.76024,-0.673691
8|462|8|462|sample|3|292|3|292|55.0,5,30876,8,3,0,0,1,159668,643.492,0.736861,23913.5,42125.7,31006.1,30898.1,-0.0538131,-0.00917999
8|462|8|462|sample|9|292|9|292|32.0,0.0003648,110763,1,9,0,0,1,159668,643.492,0.736861,116984,116853,112165,112045,-0.164504,-0.150566
8|462|8|462|sample|9|292|9|292|32.0,0.001824,99793,2,9,0,0,1,159668,643.492,0.736861,143685,143230,124768,124333,-2.63769,-2.60077
8|462|8|462|sample|9|292|9|292|32.0,0.00912,104612,3,9,0,0,1,159668,643.492,0.736861,151296,150044,94569.4,93596.9,1.39533,1.54616
8|462|8|462|sample|9|292|9|292|32.0,0.0456,29106,4,9,0,0,1,159668,643.492,0.736861,146365,143691,31902.8,31268.5,-1.12577,-0.887504
8|462|8|462|sample|9|292|9|292|32.0,0.228,1898,5,9,0,0,1,159668,643.492,0.736861,122047,118886,1735.57,1789.45,0.753702,0.494381
8|462|8|462|sample|9|292|9|292|32.0,1.14,602,6,9,0,0,1,159668,643.492,0.736861,73283.5,73663.2,622.647,622.933,-0.156646,-0.158788
8|462|8|462|sample|9|292|9|292|32.0,5.7,556,7,9,0,0,1,159668,643.492,0.736861,27946.2,30981,582.5,582.5,-0.205761,-0.205761
8|462|8|462|sample|9|292|9|292|32.0,28.5,492,8,9,0,0,1,159668,643.492,0.736861,7235.72,9041.87,472.434,472.434,0.162355,0.162355
8|462|8|462|sample|10|292|10|292|32.0,0.0003648,102838,1,10,0,0,1,159668,643.492,0.736861,113296,113169,108702,108450,-0.709941,-0.680992
8|462|8|462|sample|10|292|10|292|32.0,0.001824,109527,2,10,0,0,1,159668,643.492,0.736861,140011,139567,121853,120929,-1.33263,-1.24212
8|462|8|462|sample|10|292|10|292|32.0,0.00912,75302,3,10,0,0,1,159668,643.492,0.736861,147675,146453,92971.4,90851.1,-2.49669,-2.24773
8|462|8|462|sample|10|292|10|292|32.0,0.0456,30834,4,10,0,0,1,159668,643.492,0.736861,142933,140322,31763.4,30184.2,-0.37568,0.275923
8|462|8|462|sample|10|292|10|292|32.0,0.228,1866,5,10,0,0,1,159668,643.492,0.736861,119186,116099,1723.98,1763.11,0.661666,0.4729
8|462|8|462|sample|10|292|10|292|32.0,1.14,542,6,10,0,0,1,159668,643.492,0.736861,71529.4,71900.1,607.713,608.19,-0.502835,-0.506345
8|462|8|462|sample|10|292|10|292|32.0,5.7,526,7,10,0,0,1,159668,643.492,0.736861,27231.5,30188.8,567.604,567.604,-0.325876,-0.325876
8|462|8|462|sample|10|292|10|292|32.0,28.5,550,8,10,0,0,1,159668,643.492,0.736861,7007.58,8756.78,457.539,457.539,0.774445,0.774445
8|462|8|462|sample|7|292|7|292|32.0,0.0000768,94296,1,7,0,0,1,159668,643.492,0.736861,118871,118824,117517,117451,-2.60234,-2.59634
8|462|8|462|sample|7|292|7|292|32.0,0.000384,117953,2,7,0,0,1,159668,643.492,0.736861,145998,145829,140481,140215,-2.11527,-2.09422
8|462|8|462|sample|7|292|7|292|32.0,0.00192,127709,3,7,0,0,1,159668,643.492,0.736861,155240,154732,136412,135571,-0.841379,-0.764686
8|462|8|462|sample|7|292|7|292|32.0,0.0096,104166,4,7,0,0,1,159668,643.492,0.736861,156038,154709,101362,99503.9,0.363721,0.61599
8|462|8|462|sample|7|292|7|292|32.0,0.048,34555,5,7,0,0,1,159668,643.492,0.736861,147555,144804,35962,34639.2,-0.504385,-0.0313143
8|462|8|462|sample|7|292|7|292|32.0,0.24,2124,6,7,0,0,1,159668,643.492,0.736861,119764,116675,1988.93,2101.15,0.575835,0.0940522
8|462|8|462|sample|7|292|7|292|32.0,1.2,604,7,7,0,0,1,159668,643.492,0.736861,67884.5,68383.8,589.893,590.564,0.109067,0.10384
8|462|8|462|sample|7|292|7|292|32.0,6,570,8,7,0,0,1,159668,643.492,0.736861,22239.7,24749.3,479.575,479.575,0.747022,0.747022
8|462|8|462|sample|8|292|8|292|32.0,0.0000768,101781,1,8,0,0,1,159668,643.492,0.736861,118438,118391,117146,117060,-1.72736,-1.7189
8|462|8|462|sample|8|292|8|292|32.0,0.000384,127577,2,8,0,0,1,159668,643.492,0.736861,145565,145397,140298,139950,-1.19595,-1.16611
8|462|8|462|sample|8|292|8|292|32.0,0.00192,127445,3,8,0,0,1,159668,643.492,0.736861,154809,154303,136805,135680,-0.902289,-0.800365
8|462|8|462|sample|8|292|8|292|32.0,0.0096,110699,4,8,0,0,1,159668,643.492,0.736861,155613,154288,103082,100394,0.971831,1.34966
8|462|8|462|sample|8|292|8|292|32.0,0.048,35462,5,8,0,0,1,159668,643.492,0.736861,147153,144410,38470.6,35741.2,-1.01019,-0.100686
8|462|8|462|sample|8|292|8|292|32.0,0.24,2200,6,8,0,0,1,159668,643.492,0.736861,119431,116351,2425.39,2212.6,-0.842941,-0.0501049
8|462|8|462|sample|8|292|8|292|32.0,1.2,518,7,8,0,0,1,159668,643.492,0.736861,67683.3,68181.1,588.674,588.871,-0.546787,-0.548248
8|462|8|462|sample|8|292|8|292|32.0,6,538,8,8,0,0,1,159668,643.492,0.736861,22158.6,24659.1,477.827,477.827,0.49764,0.49764
8|462|8|462|sample|11|292|11|292|22.0,0.0003712,100654,1,11,0,0,1,159668,643.492,0.736861,103246,103088,102567,102486,-0.245237,-0.235057
8|462|8|462|sample|11|292|11|292|22.0,0.001856,107033,2,11,0,0,1,159668,643.492,0.736861,129991,129438,127306,126979,-2.09876,-2.07024
8|462|8|462|sample|11|292|11|292|22.0,0.00928,111878,3,11,0,0,1,159668,643.492,0.736861,137771,136270,129057,128001,-1.75459,-1.66021
8|462|8|462|sample|11|292|11|292|22.0,0.0464,96908,4,11,0,0,1,159668,643.492,0.736861,133446,130307,109150,106467,-1.47604,-1.18123
8|462|8|462|sample|11|292|11|292|22.0,0.2319999999999999,62831,5,11,0,0,1,159668,643.492,0.736861,111026,107417,60979.2,57248.1,0.396449,1.27158
8|462|8|462|sample|11|292|11|292|22.0,1.16,11954,6,11,0,0,1,159668,643.492,0.736861,66246.4,66734.6,12537.2,11513.5,-0.567413,0.46324
8|462|8|462|sample|11|292|11|292|22.0,5.8,712,7,11,0,0,1,159668,643.492,0.736861,24995.9,28460.9,898.363,941.813,-1.2217,-1.47495
8|462|8|462|sample|11|292|11|292|22.0,29,526,8,11,0,0,1,159668,643.492,0.736861,6305.22,8336.81,418.278,420.015,0.925147,0.909209
8|462|8|462|sample|12|292|12|292|22.0,0.0003712,92444,1,12,0,0,1,159668,643.492,0.736861,75925.7,75809.3,75327.9,75314.8,2.97661,2.97939
8|462|8|462|sample|12|292|12|292|22.0,0.001856,89758,2,12,0,0,1,159668,643.492,0.736861,102778,102340,100230,100173,-1.37371,-1.36703
8|462|8|462|sample|12|292|12|292|22.0,0.00928,86511,3,12,0,0,1,159668,643.492,0.736861,110956,109747,102560,102372,-2.05805,-2.03764
8|462|8|462|sample|12|292|12|292|22.0,0.0464,76016,4,12,0,0,1,159668,643.492,0.736861,108051,105509,85022.6,84532,-1.39006,-1.32186
8|462|8|462|sample|12|292|12|292|22.0,0.2319999999999999,48569,5,12,0,0,1,159668,643.492,0.736861,89897.5,86975.7,45422.3,44660.5,0.898792,1.13493
8|462|8|462|sample|12|292|12|292|22.0,1.16,9584,6,12,0,0,1,159668,643.492,0.736861,53352.5,53745.7,9895.02,9499.96,-0.375103,0.105128
8|462|8|462|sample|12|292|12|292|22.0,5.8,838,7,12,0,0,1,159668,643.492,0.736861,19762.9,22502.5,964.064,919.441,-0.800481,-0.528397
8|462|8|462|sample|12|292|12|292|22.0,29,604,8,12,0,0,1,159668,643.492,0.736861,4636.77,6130.78,316.591,315.291,2.64187,2.6562
8|462|8|462|cc|1|1|292|1|292|69.0,0,566,1,1,0,1,0,159668,643.492,0.736861,306.42,306.42,306.42,306.42,2.40296,2.40296
8|462|8|462|cc|2|1|292|1|292|69.0,0,562,2,1,0,1,0,159668,643.492,0.736861,416.411,416.411,416.411,416.411,1.25187,1.25187
8|462|8|462|cc|3|1|292|1|292|69.0,0,584,3,1,0,1,0,159668,643.492,0.736861,456.232,456.232,456.232,456.232,1.07105,1.07105
8|462|8|462|cc|4|1|292|1|292|69.0,0,656,4,1,0,1,0,159668,643.492,0.736861,469.135,469.135,469.135,469.135,1.55381,1.55381
8|462|8|462|cc|5|1|292|1|292|69.0,0,696,5,1,0,1,0,159668,643.492,0.736861,469.135,469.135,469.135,469.135,1.88641,1.88641
8|462|8|462|cc|6|1|292|1|292|69.0,0,706,6,1,0,1,0,159668,643.492,0.736861,456.232,456.232,456.232,456.232,2.09375,2.09375
8|462|8|462|cc|7|1|292|1|292|69.0,0,668,7,1,0,1,0,159668,643.492,0.736861,416.411,416.411,416.411,416.411,2.16333,2.16333
8|462|8|462|cc|8|1|292|1|292|69.0,0,710,8,1,0,1,0,159668,643.492,0.736861,306.42,306.42,306.42,306.42,3.73598,3.73598
8|462|8|462|vc|1|2|292|2|292|69.0,0,109457,1,2,1,0,0,159668,643.492,0.736861,103390,103390,103390,103390,0.771873,0.771873
8|462|8|462|vc|2|2|292|2|292|69.0,0,135900,2,2,1,0,0,159668,643.492,0.736861,130681,130681,130681,130681,0.52644,0.52644
8|462|8|462|vc|3|2|292|2|292|69.0,0,145948,3,2,1,0,0,159668,643.492,0.736861,140562,140562,140562,140562,0.505432,0.505432
8|462|8|462|vc|4|2|292|2|292|69.0,0,141437,4,2,1,0,0,159668,643.492,0.736861,143764,143764,143764,143764,-0.213504,-0.213504
8|462|8|462|vc|5|2|292|2|292|69.0,0,134947,5,2,1,0,0,159668,643.492,0.736861,143764,143764,143764,143764,-0.809076,-0.809076
8|462|8|462|vc|6|2|292|2|292|69.0,0,143094,6,2,1,0,0,159668,643.492,0.736861,140562,140562,140562,140562,0.237609,0.237609
8|462|8|462|vc|7|2|292|2|292|69.0,0,130244,7,2,1,0,0,159668,643.492,0.736861,130681,130681,130681,130681,-0.0441126,-0.0441126
8|462|8|462|vc|8|2|292|2|292|69.0,0,95477,8,2,1,0,0,159668,643.492,0.736861,103390,103390,103390,103390,-1.0066,-1.0066
8|1159|8|1159|sample|8|292|8|292|65.0,0.0016767999999999,99593,1,8,0,0,1,155907,645.636,0.580691,123612,123278,121451,121319,-2.37094,-2.35923
8|1159|8|1159|sample|8|292|8|292|65.0,0.0083839999999999,116325,2,8,0,0,1,155907,645.636,0.580691,142562,141545,134523,134045,-1.78371,-1.74305
8|1159|8|1159|sample|8|292|8|292|65.0,0.04192,106706,3,8,0,0,1,155907,645.636,0.580691,142682,140393,118149,116903,-1.27565,-1.14868
8|1159|8|1159|sample|8|292|8|292|65.0,0.2096,68255,4,8,0,0,1,155907,645.636,0.580691,122177,119272,67245.9,65828.2,0.196229,0.481909
8|1159|8|1159|sample|8|292|8|292|65.0,1.048,14589,5,8,0,0,1,155907,645.636,0.580691,76454.3,76579.9,13244.6,13623.6,1.24361,0.870082
8|1159|8|1159|sample|8|292|8|292|65.0,5.24,848,6,8,0,0,1,155907,645.636,0.580691,31259.1,34164.3,944.215,1108.65,-0.616797,-1.54819
8|1159|8|1159|sample|8|292|8|292|65.0,26.2,548,7,8,0,0,1,155907,645.636,0.580691,9555.26,11656.1,602.376,605.19,-0.417368,-0.438253
8|1159|8|1159|sample|8|292|8|292|65.0,131,584,8,8,0,0,1,155907,645.636,0.580691,2616.94,3442.3,514.51,514.521,0.561873,0.561779
8|1159|8|1159|sample|7|292|7|292|65.0,0.0016767999999999,101433,1,7,0,0,1,155907,645.636,0.580691,123943,123609,121918,121885,-2.21363,-2.21067
8|1159|8|1159|sample|7|292|7|292|65.0,0.0083839999999999,119429,2,7,0,0,1,155907,645.636,0.580691,142889,141870,135369,135247,-1.55271,-1.5422
8|1159|8|1159|sample|7|292|7|292|65.0,0.04192,110627,3,7,0,0,1,155907,645.636,0.580691,142993,140699,120039,119693,-1.03283,-0.997678
8|1159|8|1159|sample|7|292|7|292|65.0,0.2096,72057,4,7,0,0,1,155907,645.636,0.580691,122439,119528,70670.6,70110.8,0.256748,0.363248
8|1159|8|1159|sample|7|292|7|292|65.0,1.048,16805,5,7,0,0,1,155907,645.636,0.580691,76618.4,76744.3,15555.6,15356.2,0.995657,1.16853
8|1159|8|1159|sample|7|292|7|292|65.0,5.24,794,6,7,0,0,1,155907,645.636,0.580691,31327.3,34238.8,1151.32,1155.11,-2.08265,-2.10128
8|1159|8|1159|sample|7|292|7|292|65.0,26.2,548,7,7,0,0,1,155907,645.636,0.580691,9577.19,11682.9,605.687,605.944,-0.441937,-0.44384
8|1159|8|1159|sample|7|292|7|292|65.0,131,586,8,7,0,0,1,155907,645.636,0.580691,2623.97,3451.54,515.896,515.897,0.566366,0.566356
8|1159|8|1159|sample|5|292|5|292|65.0,0.0004351999999999,97161,1,5,0,0,1,155907,645.636,0.580691,124018,123878,123223,123203,-2.78668,-2.78501
8|1159|8|1159|sample|5|292|5|292|65.0,0.0021759999999999,125765,2,5,0,0,1,155907,645.636,0.580691,144341,143882,141303,141226,-1.4505,-1.44415
8|1159|8|1159|sample|5|292|5|292|65.0,0.0108799999999999,136220,3,5,0,0,1,155907,645.636,0.580691,149365,148133,139301,139051,-0.291709,-0.268505
8|1159|8|1159|sample|5|292|5|292|65.0,0.0543999999999999,114517,4,5,0,0,1,155907,645.636,0.580691,142691,140150,114000,113363,0.0597553,0.134067
8|1159|8|1159|sample|5|292|5|292|65.0,0.2719999999999999,61943,5,5,0,0,1,155907,645.636,0.580691,116186,113491,58226.6,57409.3,0.832515,1.02977
8|1159|8|1159|sample|5|292|5|292|65.0,1.36,9970,6,5,0,0,1,155907,645.636,0.580691,67041.8,67840.6,10108.1,9942.96,-0.163444,0.0324686
8|1159|8|1159|sample|5|292|5|292|65.0,6.8,728,7,5,0,0,1,155907,645.636,0.580691,24986.1,27799.8,873.278,881.643,-0.964294,-1.01558
8|1159|8|1159|sample|5|292|5|292|65.0,34,602,8,5,0,0,1,155907,645.636,0.580691,6755.34,8373.73,516.175,516.463,0.69325,0.690804
8|1159|8|1159|sample|6|292|6|292|65.0,0.0004351999999999,95565,1,6,0,0,1,155907,645.636,0.580691,124350,124211,123605,123546,-2.98901,-2.98415
8|1159|8|1159|sample|6|292|6|292|65.0,0.0021759999999999,128566,2,6,0,0,1,155907,645.636,0.580691,144672,144213,141826,141599,-1.23335,-1.2141
8|1159|8|1159|sample|6|292|6|292|65.0,0.0108799999999999,138726,3,6,0,0,1,155907,645.636,0.580691,149691,148456,140251,139510,-0.143446,-0.0741441
8|1159|8|1159|sample|6|292|6|292|65.0,0.0543999999999999,118728,4,6,0,0,1,155907,645.636,0.580691,142997,140451,115839,113999,0.328416,0.546117
8|1159|8|1159|sample|6|292|6|292|65.0,0.2719999999999999,63450,5,6,0,0,1,155907,645.636,0.580691,116435,113735,60075.3,58017.3,0.733145,1.2213
8|1159|8|1159|sample|6|292|6|292|65.0,1.36,9870,6,6,0,0,1,155907,645.636,0.580691,67188,67988.7,9963.38,10038.6,-0.111928,-0.200717
8|1159|8|1159|sample|6|292|6|292|65.0,6.8,754,7,6,0,0,1,155907,645.636,0.580691,25043.5,27863.6,786.695,875.01,-0.226821,-0.802519
8|1159|8|1159|sample|6|292|6|292|65.0,34,622,8,6,0,0,1,155907,645.636,0.580691,6773.47,8396.21,516.346,517.612,0.853337,0.842462
8|1159|8|1159|sample|11|292|11|292|28.0,0.0014272,100576,1,11,0,0,1,155907,645.636,0.580691,112123,111814,105992,105741,-0.672309,-0.642613
8|1159|8|1159|sample|11|292|11|292|28.0,0.007136,102398,2,11,0,0,1,155907,645.636,0.580691,131462,130503,109086,108259,-0.806855,-0.712391
8|1159|8|1159|sample|11|292|11|292|28.0,0.03568,72564,3,11,0,0,1,155907,645.636,0.580691,132946,130730,72375.2,70838.9,0.0341611,0.31872
8|1159|8|1159|sample|11|292|11|292|28.0,0.1784,17511,4,11,0,0,1,155907,645.636,0.580691,116145,113101,17833.8,17227.9,-0.226306,0.205016
8|1159|8|1159|sample|11|292|11|292|28.0,0.892,1002,5,11,0,0,1,155907,645.636,0.580691,75531.6,75223.8,992.835,1029.69,0.0574075,-0.170495
8|1159|8|1159|sample|11|292|11|292|28.0,4.46,496,6,11,0,0,1,155907,645.636,0.580691,32037.4,34919,592.835,593.098,-0.747385,-0.749299
8|1159|8|1159|sample|11|292|11|292|28.0,22.3,576,7,11,0,0,1,155907,645.636,0.580691,9890.66,12177.5,560.696,560.696,0.120364,0.120364
8|1159|8|1159|sample|11|292|11|292|28.0,111.5,544,8,11,0,0,1,155907,645.636,0.580691,2640.57,3562.8,472.56,472.56,0.592766,0.592766
8|1159|8|1159|sample|12|292|12|292|28.0,0.0014272,84673,1,12,0,0,1,155907,645.636,0.580691,91160,90909.3,85141.3,85253.9,-0.072184,-0.0894183
8|1159|8|1159|sample|12|292|12|292|28.0,0.007136,82237,2,12,0,0,1,155907,645.636,0.580691,110747,109940,88356.1,88696.7,-0.909223,-0.956198
8|1159|8|1159|sample|12|292|12|292|28.0,0.03568,57156,3,12,0,0,1,155907,645.636,0.580691,113125,111240,54772.4,55144.4,0.566937,0.475296
8|1159|8|1159|sample|12|292|12|292|28.0,0.1784,11396,4,12,0,0,1,155907,645.636,0.580691,99125.7,96528.2,11748.9,11449.8,-0.364318,-0.0568607
8|1159|8|1159|sample|12|292|12|292|28.0,0.892,752,5,12,0,0,1,155907,645.636,0.580691,64463.8,64201.1,786.288,713.484,-0.237921,0.277813
8|1159|8|1159|sample|12|292|12|292|28.0,4.46,502,6,12,0,0,1,155907,645.636,0.580691,27261,29712.9,504.762,504.402,-0.0224647,-0.0195384
8|1159|8|1159|sample|12|292|12|292|28.0,22.3,554,7,12,0,0,1,155907,645.636,0.580691,8332.15,10258.7,472.345,472.345,0.677613,0.677614
8|1159|8|1159|sample|12|292|12|292|28.0,111.5,626,8,12,0,0,1,155907,645.636,0.580691,2146.88,2896.69,384.209,384.209,2.1233,2.1233
8|1159|8|1159|sample|9|292|9|292|28.0,0.0004479999999999,95841,1,9,0,0,1,155907,645.636,0.580691,122986,122826,120961,121016,-2.73577,-2.74048
8|1159|8|1159|sample|9|292|9|292|28.0,0.00224,110983,2,9,0,0,1,155907,645.636,0.580691,143297,142775,135611,135814,-2.39483,-2.41098
8|1159|8|1159|sample|9|292|9|292|28.0,0.0111999999999999,117579,3,9,0,0,1,155907,645.636,0.580691,148277,146887,123675,124267,-0.649473,-0.70918
8|1159|8|1159|sample|9|292|9|292|28.0,0.0559999999999999,86107,4,9,0,0,1,155907,645.636,0.580691,141465,138637,79068.8,80127.5,1.1669,0.978451
8|1159|8|1159|sample|9|292|9|292|28.0,0.2799999999999999,21584,5,9,0,0,1,155907,645.636,0.580691,114712,111793,20323.6,20756.4,0.781179,0.502768
8|1159|8|1159|sample|9|292|9|292|28.0,1.4,1152,6,9,0,0,1,155907,645.636,0.580691,65694.8,66653.4,1325.92,1295.49,-0.941632,-0.786636
8|1159|8|1159|sample|9|292|9|292|28.0,7,622,7,9,0,0,1,155907,645.636,0.580691,24327.3,27425.6,607.024,606.449,0.114642,0.119086
8|1159|8|1159|sample|9|292|9|292|28.0,35,558,8,9,0,0,1,155907,645.636,0.580691,6559.12,8332.25,516.982,516.981,0.331164,0.331168
8|1159|8|1159|sample|10|292|10|292|28.0,0.0004479999999999,85632,1,10,0,0,1,155907,645.636,0.580691,120148,119992,118037,118033,-3.6157,-3.61538
8|1159|8|1159|sample|10|292|10|292|28.0,0.00224,112052,2,10,0,0,1,155907,645.636,0.580691,140472,139960,132440,132426,-2.0296,-2.02839
8|1159|8|1159|sample|10|292|10|292|28.0,0.0111999999999999,106618,3,10,0,0,1,155907,645.636,0.580691,145501,144136,119926,119889,-1.4617,-1.45807
8|1159|8|1159|sample|10|292|10|292|28.0,0.0559999999999999,72910,4,10,0,0,1,155907,645.636,0.580691,138858,136083,75154.5,75117.3,-0.391224,-0.384927
8|1159|8|1159|sample|10|292|10|292|28.0,0.2799999999999999,19961,5,10,0,0,1,155907,645.636,0.580691,112598,109733,19067.5,19112,0.588221,0.557714
8|1159|8|1159|sample|10|292|10|292|28.0,1.4,1398,6,10,0,0,1,155907,645.636,0.580691,64464.7,65405.4,1390.93,1408.94,0.0373127,-0.0572951
8|1159|8|1159|sample|10|292|10|292|28.0,7,482,7,10,0,0,1,155907,645.636,0.580691,23847.8,26885,597.398,597.758,-0.888301,-0.890884
8|1159|8|1159|sample|10|292|10|292|28.0,35,578,8,10,0,0,1,155907,645.636,0.580691,6407.78,8140,505.059,505.06,0.593189,0.593179
8|1159|8|1159|sample|4|292|4|292|22.0,0.0010624,112128,1,4,0,0,1,155907,645.636,0.580691,122776,122969,122664,122638,-1.13165,-1.12908
8|1159|8|1159|sample|4|292|4|292|22.0,0.005312,130767,2,4,0,0,1,155907,645.636,0.580691,142374,143069,141503,141370,-1.00081,-0.989357
8|1159|8|1159|sample|4|292|4|292|22.0,0.02656,137610,3,4,0,0,1,155907,645.636,0.580691,144755,146708,139744,139184,-0.201433,-0.149115
8|1159|8|1159|sample|4|292|4|292|22.0,0.1328,112132,4,4,0,0,1,155907,645.636,0.580691,130128,133718,108219,106575,0.475764,0.685971
8|1159|8|1159|sample|4|292|4|292|22.0,0.664,38749,5,4,0,0,1,155907,645.636,0.580691,90408.8,91830.1,38999.7,37671.8,-0.0830602,0.369121
8|1159|8|1159|sample|4|292|4|292|22.0,3.32,2926,6,4,0,0,1,155907,645.636,0.580691,41320,38076.4,2889.78,2975.03,0.119824,-0.15882
8|1159|8|1159|sample|4|292|4|292|22.0,16.6,542,7,4,0,0,1,155907,645.636,0.580691,13233.6,10520.2,615.325,623.246,-0.558639,-0.616188
8|1159|8|1159|sample|4|292|4|292|22.0,83,574,8,4,0,0,1,155907,645.636,0.580691,3534.87,2529.42,510.287,510.356,0.516492,0.515913
8|1159|8|1159|sample|3|292|3|292|22.0,0.0010624,108512,1,3,0,0,1,155907,645.636,0.580691,119943,120132,119797,119785,-1.24089,-1.23964
8|1159|8|1159|sample|3|292|3|292|22.0,0.005312,131884,2,3,0,0,1,155907,645.636,0.580691,139567,140249,138528,138464,-0.632553,-0.626734
8|1159|8|1159|sample|3|292|3|292|22.0,0.02656,133282,3,3,0,0,1,155907,645.636,0.580691,142045,143961,136328,136056,-0.29464,-0.268855
8|1159|8|1159|sample|3|292|3|292|22.0,0.1328,105629,4,3,0,0,1,155907,645.636,0.580691,127730,131254,103673,102863,0.248142,0.353699
8|1159|8|1159|sample|3|292|3|292|22.0,0.664,36126,5,3,0,0,1,155907,645.636,0.580691,88743,90138.1,35188.8,34450.2,0.343103,0.626261
8|1159|8|1159|sample|3|292|3|292|22.0,3.32,2310,6,3,0,0,1,155907,645.636,0.580691,40546.3,37363.4,2430.44,2407.71,-0.449802,-0.367252
8|1159|8|1159|sample|3|292|3|292|22.0,16.6,688,7,3,0,0,1,155907,645.636,0.580691,12972.8,10312.8,598.443,599.476,0.688969,0.68061
8|1159|8|1159|sample|3|292|3|292|22.0,83,592,8,3,0,0,1,155907,645.636,0.580691,3453.31,2471.06,498.498,498.506,0.763467,0.763396
8|1159|8|1159|cc|1|1|292|1|292|69.0,0,640,1,1,0,1,0,155907,645.636,0.580691,379.118,379.118,379.118,379.118,2.29867,2.29867
8|1159|8|1159|cc|2|1|292|1|292|69.0,0,616,2,1,0,1,0,155907,645.636,0.580691,466.086,466.086,466.086,466.086,1.24894,1.24894
8|1159|8|1159|cc|3|1|292|1|292|69.0,0,690,3,1,0,1,0,155907,645.636,0.580691,497.572,497.572,497.572,497.572,1.57211,1.57211
8|1159|8|1159|cc|4|1|292|1|292|69.0,0,614,4,1,0,1,0,155907,645.636,0.580691,507.774,507.774,507.774,507.774,0.862442,0.862442
8|1159|8|1159|cc|5|1|292|1|292|69.0,0,622,5,1,0,1,0,155907,645.636,0.580691,507.774,507.774,507.774,507.774,0.927393,0.927393
8|1159|8|1159|cc|6|1|292|1|292|69.0,0,654,6,1,0,1,0,155907,645.636,0.580691,497.572,497.572,497.572,497.572,1.27799,1.27799
8|1159|8|1159|cc|7|1|292|1|292|69.0,0,732,7,1,0,1,0,155907,645.636,0.580691,466.086,466.086,466.086,466.086,2.21534,2.21534
8|1159|8|1159|cc|8|1|292|1|292|69.0,0,670,8,1,0,1,0,155907,645.636,0.580691,379.118,379.118,379.118,379.118,2.56301,2.56301
8|1159|8|1159|vc|1|2|292|2|292|69.0,0,114165,1,2,1,0,0,155907,645.636,0.580691,112601,112601,112601,112601,0.182864,0.182864
8|1159|8|1159|vc|2|2|292|2|292|69.0,0,136148,2,2,1,0,0,155907,645.636,0.580691,133602,133602,133602,133602,0.251282,0.251282
8|1159|8|1159|vc|3|2|292|2|292|69.0,0,149475,3,2,1,0,0,155907,645.636,0.580691,141205,141205,141205,141205,0.772565,0.772565
8|1159|8|1159|vc|4|2|292|2|292|69.0,0,146290,4,2,1,0,0,155907,645.636,0.580691,143669,143669,143669,143669,0.240719,0.240719
8|1159|8|1159|vc|5|2|292|2|292|69.0,0,136813,5,2,1,0,0,155907,645.636,0.580691,143669,143669,143669,143669,-0.629533,-0.629533
8|1159|8|1159|vc|6|2|292|2|292|69.0,0,141806,6,2,1,0,0,155907,645.636,0.580691,141205,141205,141205,141205,0.0561483,0.0561483
8|1159|8|1159|vc|7|2|292|2|292|69.0,0,125865,7,2,1,0,0,155907,645.636,0.580691,133602,133602,133602,133602,-0.763537,-0.763537
8|1159|8|1159|vc|8|2|292|2|292|69.0,0,112168,8,2,1,0,0,155907,645.636,0.580691,112601,112601,112601,112601,-0.0506094,-0.0506094
8|1197|8|1197|sample|7|103|7|103|65.0,0.0016767999999999,74837,1,7,0,0,1,122610,645.636,0.646954,94672.9,94373.6,85679.8,86117,-1.66078,-1.71909
8|1197|8|1197|sample|7|103|7|103|65.0,0.0083839999999999,71977,2,7,0,0,1,122610,645.636,0.646954,111462,110539,80359.6,81534.7,-1.36778,-1.53735
8|1197|8|1197|sample|7|103|7|103|65.0,0.04192,42847,3,7,0,0,1,122610,645.636,0.646954,112232,110162,40184.3,41144,0.856972,0.535662
8|1197|8|1197|sample|7|103|7|103|65.0,0.2096,5272,4,7,0,0,1,122610,645.636,0.646954,96298.9,93690.5,5709.58,5219.97,-0.850692,0.108941
8|1197|8|1197|sample|7|103|7|103|65.0,1.048,660,5,7,0,0,1,122610,645.636,0.646954,60312.3,60424.6,710.558,668.907,-0.36525,-0.0658398
8|1197|8|1197|sample|7|103|7|103|65.0,5.24,592,6,7,0,0,1,122610,645.636,0.646954,24694.2,27298.9,633.057,632.965,-0.30965,-0.308972
8|1197|8|1197|sample|7|103|7|103|65.0,26.2,544,7,7,0,0,1,122610,645.636,0.646954,7590.43,9479.91,597.881,597.881,-0.414644,-0.414644
8|1197|8|1197|sample|7|103|7|103|65.0,131,580,8,7,0,0,1,122610,645.636,0.646954,2109.47,2843.62,500.983,500.983,0.644207,0.644207
8|1197|8|1197|sample|8|103|8|103|65.0,0.0016767999999999,74846,1,8,0,0,1,122610,645.636,0.646954,94382.1,94083.8,86163,85851.8,-1.72381,-1.68241
8|1197|8|1197|sample|8|103|8|103|65.0,0.0083839999999999,76735,2,8,0,0,1,122610,645.636,0.646954,111175,110255,82279.1,81333.1,-0.883801,-0.741408
8|1197|8|1197|sample|8|103|8|103|65.0,0.04192,41404,3,8,0,0,1,122610,645.636,0.646954,111960,109894,42476.8,41111.5,-0.327115,0.0920573
8|1197|8|1197|sample|8|103|8|103|65.0,0.2096,5378,4,8,0,0,1,122610,645.636,0.646954,96069,93466.8,5578.25,5280.88,-0.396925,0.201443
8|1197|8|1197|sample|8|103|8|103|65.0,1.048,706,5,8,0,0,1,122610,645.636,0.646954,60168.3,60280.4,668.862,669.748,0.274523,0.267839
8|1197|8|1197|sample|8|103|8|103|65.0,5.24,542,6,8,0,0,1,122610,645.636,0.646954,24634.2,27232.5,631.426,631.427,-0.675074,-0.675086
8|1197|8|1197|sample|8|103|8|103|65.0,26.2,550,7,8,0,0,1,122610,645.636,0.646954,7570.9,9455.52,596.343,596.343,-0.356949,-0.356949
8|1197|8|1197|sample|8|103|8|103|65.0,131,550,8,8,0,0,1,122610,645.636,0.646954,2102.99,2834.89,499.445,499.445,0.412555,0.412555
8|1197|8|1197|sample|6|103|6|103|65.0,0.0004351999999999,82107,1,6,0,0,1,122610,645.636,0.646954,94983.5,94857.4,91698.1,91634.7,-1.37381,-1.36567
8|1197|8|1197|sample|6|103|6|103|65.0,0.0021759999999999,94216,2,6,0,0,1,122610,645.636,0.646954,112852,112432,100372,100140,-0.806406,-0.777815
8|1197|8|1197|sample|6|103|6|103|65.0,0.0108799999999999,78272,3,6,0,0,1,122610,645.636,0.646954,117483,116359,79844.7,79237.3,-0.258254,-0.159711
8|1197|8|1197|sample|6|103|6|103|65.0,0.0543999999999999,33061,4,6,0,0,1,122610,645.636,0.646954,112444,110147,32778,31997.3,0.110991,0.426925
8|1197|8|1197|sample|6|103|6|103|65.0,0.2719999999999999,2724,5,6,0,0,1,122610,645.636,0.646954,91583.4,89166.9,2893.01,2738.27,-0.558606,-0.0490365
8|1197|8|1197|sample|6|103|6|103|65.0,1.36,578,6,6,0,0,1,122610,645.636,0.646954,52806.4,53519.6,637.725,636.981,-0.44926,-0.443851
8|1197|8|1197|sample|6|103|6|103|65.0,6.8,604,7,6,0,0,1,122610,645.636,0.646954,19641.2,22152.1,597.881,597.881,0.0470884,0.0470887
8|1197|8|1197|sample|6|103|6|103|65.0,34,546,8,6,0,0,1,122610,645.636,0.646954,5275.42,6703.52,500.983,500.983,0.367012,0.367012
8|1197|8|1197|sample|5|103|5|103|65.0,0.0004351999999999,85902,1,5,0,0,1,122610,645.636,0.646954,94691.8,94566.1,91418.8,91569.1,-0.792604,-0.81287
8|1197|8|1197|sample|5|103|5|103|65.0,0.0021759999999999,97095,2,5,0,0,1,122610,645.636,0.646954,112561,112143,100129,100667,-0.398444,-0.466584
8|1197|8|1197|sample|5|103|5|103|65.0,0.0108799999999999,87358,3,5,0,0,1,122610,645.636,0.646954,117197,116077,79754.5,81057.9,1.24994,1.01925
8|1197|8|1197|sample|5|103|5|103|65.0,0.0543999999999999,36940,4,5,0,0,1,122610,645.636,0.646954,112176,109884,33087.9,34317.7,1.49688,0.983619
8|1197|8|1197|sample|5|103|5|103|65.0,0.2719999999999999,2878,5,5,0,0,1,122610,645.636,0.646954,91364.7,88954,3111.33,3082.79,-0.731497,-0.646362
8|1197|8|1197|sample|5|103|5|103|65.0,1.36,646,6,5,0,0,1,122610,645.636,0.646954,52678.1,53389.5,639.305,635.727,0.050312,0.0773622
8|1197|8|1197|sample|5|103|5|103|65.0,6.8,580,7,5,0,0,1,122610,645.636,0.646954,19590.7,22095.1,596.343,596.343,-0.125883,-0.125878
8|1197|8|1197|sample|5|103|5|103|65.0,34,628,8,5,0,0,1,122610,645.636,0.646954,5259.22,6682.94,499.445,499.445,1.04907,1.04907
8|1197|8|1197|sample|12|103|12|103|28.0,0.0014272,64032,1,12,0,0,1,122610,645.636,0.646954,65940.3,65430.3,55965.7,56040,1.87851,1.85877
8|1197|8|1197|sample|12|103|12|103|28.0,0.007136,55335,2,12,0,0,1,122610,645.636,0.646954,83267.7,81704.1,51858.7,51988.6,0.872316,0.837659
8|1197|8|1197|sample|12|103|12|103|28.0,0.03568,22894,3,12,0,0,1,122610,645.636,0.646954,85949.9,82574.9,22875,22797.1,0.0105509,0.0538215
8|1197|8|1197|sample|12|103|12|103|28.0,0.1784,2488,4,12,0,0,1,122610,645.636,0.646954,75560.6,71262.1,2730.14,2562.48,-0.834088,-0.268217
8|1197|8|1197|sample|12|103|12|103|28.0,0.892,422,5,12,0,0,1,122610,645.636,0.646954,49175.7,48753.7,507.477,501.616,-0.694107,-0.648839
8|1197|8|1197|sample|12|103|12|103|28.0,4.46,484,6,12,0,0,1,122610,645.636,0.646954,20790.6,24787.2,480.76,480.756,0.02675,0.0267773
8|1197|8|1197|sample|12|103|12|103|28.0,22.3,418,7,12,0,0,1,122610,645.636,0.646954,6353.11,9713.39,445.671,445.671,-0.233515,-0.233515
8|1197|8|1197|sample|12|103|12|103|28.0,111.5,586,8,12,0,0,1,122610,645.636,0.646954,1625.97,2996.34,348.763,348.763,2.13324,2.13324
8|1197|8|1197|sample|10|103|10|103|28.0,0.0004479999999999,78110,1,10,0,0,1,122610,645.636,0.646954,91301.9,90946.1,85394.4,85334.4,-1.11942,-1.11097
8|1197|8|1197|sample|10|103|10|103|28.0,0.00224,84573,2,10,0,0,1,122610,645.636,0.646954,109174,108081,89823.1,89637.5,-0.767514,-0.741894
8|1197|8|1197|sample|10|103|10|103|28.0,0.0111999999999999,58621,3,10,0,0,1,122610,645.636,0.646954,113819,111137,64919.7,64529.3,-1.26801,-1.19647
8|1197|8|1197|sample|10|103|10|103|28.0,0.0559999999999999,24817,4,10,0,0,1,122610,645.636,0.646954,108844,103841,22917.3,22530.8,1.05043,1.28477
8|1197|8|1197|sample|10|103|10|103|28.0,0.2799999999999999,1870,5,10,0,0,1,122610,645.636,0.646954,88284.8,83493.2,2071.82,2004.4,-0.838153,-0.570143
8|1197|8|1197|sample|10|103|10|103|28.0,1.4,510,6,10,0,0,1,122610,645.636,0.646954,50501.3,52028.6,618.177,617.678,-0.822815,-0.819257
8|1197|8|1197|sample|10|103|10|103|28.0,7,484,7,10,0,0,1,122610,645.636,0.646954,18637.3,23800.9,578.543,578.543,-0.735796,-0.735796
8|1197|8|1197|sample|10|103|10|103|28.0,111.5,602,8,10,0,0,1,122610,645.636,0.646954,2245.44,4137.88,481.635,481.635,0.993094,0.993094
8|1197|8|1197|sample|9|103|9|103|28.0,0.0004479999999999,78594,1,9,0,0,1,122610,645.636,0.646954,93788,93422.6,87605.5,87856.9,-1.35033,-1.38408
8|1197|8|1197|sample|9|103|9|103|28.0,0.00224,83899,2,9,0,0,1,122610,645.636,0.646954,111649,110531,91530.9,92261.4,-1.09515,-1.19059
8|1197|8|1197|sample|9|103|9|103|28.0,0.0111999999999999,69732,3,9,0,0,1,122610,645.636,0.646954,116252,113513,65753.4,67028.4,0.790946,0.527425
8|1197|8|1197|sample|9|103|9|103|28.0,0.0559999999999999,27611,4,9,0,0,1,122610,645.636,0.646954,111128,106020,23197.2,23776,2.41244,2.0474
8|1197|8|1197|sample|9|103|9|103|28.0,0.2799999999999999,1566,5,9,0,0,1,122610,645.636,0.646954,90137.4,85245.3,2214.4,2046.67,-2.57794,-2.01198
8|1197|8|1197|sample|9|103|9|103|28.0,1.4,560,6,9,0,0,1,122610,645.636,0.646954,51580.7,53140.6,634.209,629.584,-0.559317,-0.525842
8|1197|8|1197|sample|9|103|9|103|28.0,7,566,7,9,0,0,1,122610,645.636,0.646954,19059.8,24340.4,591.66,591.658,-0.198179,-0.198165
8|1197|8|1197|sample|9|103|9|103|28.0,35,568,8,9,0,0,1,122610,645.636,0.646954,5102.39,8315.92,494.75,494.75,0.599485,0.599485
8|1197|8|1197|sample|3|103|3|103|22.0,0.0010624,83416,1,3,0,0,1,122610,645.636,0.646954,91146.4,91145.9,86906.3,86882.2,-0.527155,-0.523661
8|1197|8|1197|sample|3|103|3|103|22.0,0.005312,89383,2,3,0,0,1,122610,645.636,0.646954,108471,108469,90520.3,90446.1,-0.165005,-0.154364
8|1197|8|1197|sample|3|103|3|103|22.0,0.02656,58909,3,3,0,0,1,122610,645.636,0.646954,111119,111113,56409.9,56416,0.577496,0.576038
8|1197|8|1197|sample|3|103|3|103|22.0,0.1328,9266,4,3,0,0,1,122610,645.636,0.646954,100131,100123,9103.78,9436.69,0.210766,-0.214786
8|1197|8|1197|sample|3|103|3|103|22.0,0.664,850,5,3,0,0,1,122610,645.636,0.646954,69609.2,69605.9,651.72,665.716,1.47977,1.36459
8|1197|8|1197|sample|3|103|3|103|22.0,3.32,606,6,3,0,0,1,122610,645.636,0.646954,31812.6,31820.1,613.56,613.561,-0.0576549,-0.05766
8|1197|8|1197|sample|3|103|3|103|22.0,16.6,578,7,3,0,0,1,122610,645.636,0.646954,10194.9,10201.7,578.479,578.479,-0.00372957,-0.00372957
8|1197|8|1197|sample|3|103|3|103|22.0,83,552,8,3,0,0,1,122610,645.636,0.646954,2724.53,2727.16,481.582,481.582,0.581016,0.581016
8|1197|8|1197|sample|4|103|4|103|22.0,0.0010624,79953,1,4,0,0,1,122610,645.636,0.646954,93628.4,93627.8,89089.5,88955.9,-1.34653,-1.32882
8|1197|8|1197|sample|4|103|4|103|22.0,0.005312,90004,2,4,0,0,1,122610,645.636,0.646954,110930,110928,91863,91346.7,-0.26581,-0.193062
8|1197|8|1197|sample|4|103|4|103|22.0,0.02656,58715,3,4,0,0,1,122610,645.636,0.646954,113494,113488,56068.1,54942.8,0.615306,0.894506
8|1197|8|1197|sample|4|103|4|103|22.0,0.1328,7962,4,4,0,0,1,122610,645.636,0.646954,102233,102224,8624.35,8125.73,-0.902874,-0.235215
8|1197|8|1197|sample|4|103|4|103|22.0,0.664,770,5,4,0,0,1,122610,645.636,0.646954,71069.9,71066.5,662.62,659.568,0.796503,0.820539
8|1197|8|1197|sample|4|103|4|103|22.0,3.32,568,6,4,0,0,1,122610,645.636,0.646954,32492.6,32500.2,626.674,626.674,-0.444125,-0.444125
8|1197|8|1197|sample|4|103|4|103|22.0,16.6,564,7,4,0,0,1,122610,645.636,0.646954,10426,10433,591.593,591.593,-0.213118,-0.213118
8|1197|8|1197|sample|4|103|4|103|22.0,83,596,8,4,0,0,1,122610,645.636,0.646954,2798.72,2801.42,494.695,494.695,0.82911,0.82911
8|1197|8|1197|sample|11|103|11|103|28.0,0.0014272,67698,1,11,0,0,1,122610,645.636,0.646954,84307.3,83655.3,70632.8,70784.2,-0.543776,-0.570625
8|1197|8|1197|sample|11|103|11|103|28.0,0.007136,59779,2,11,0,0,1,122610,645.636,0.646954,101418,99513.4,60847.2,61217.7,-0.229167,-0.306826
8|1197|8|1197|sample|11|103|11|103|28.0,0.03568,23906,3,11,0,0,1,122610,645.636,0.646954,103317,99260.5,24826.5,25223.3,-0.471536,-0.664645
8|1197|8|1197|sample|11|103|11|103|28.0,0.1784,2906,4,11,0,0,1,122610,645.636,0.646954,90476.1,85329.1,2649.93,2725.56,0.900798,0.622279
8|1197|8|1197|sample|11|103|11|103|28.0,0.892,526,5,11,0,0,1,122610,645.636,0.646954,58882.9,58377.6,599.857,600.462,-0.567724,-0.572169
8|1197|8|1197|sample|11|103|11|103|28.0,4.46,512,6,11,0,0,1,122610,645.636,0.646954,24991.6,29795.9,577.902,577.902,-0.513085,-0.513086
8|1197|8|1197|sample|11|103|11|103|28.0,22.3,520,7,11,0,0,1,122610,645.636,0.646954,7737.92,11830.7,542.816,542.816,-0.181358,-0.181358
8|1197|8|1197|sample|11|103|11|103|28.0,35,602,8,11,0,0,1,122610,645.636,0.646954,4598.67,7494.96,445.907,445.907,1.31706,1.31706
8|1197|8|1197|cc|1|1|103|1|103|69.0,0,606,1,1,0,1,0,122610,645.636,0.646954,348.706,348.706,348.706,348.706,2.31369,2.31369
8|1197|8|1197|cc|2|1|103|1|103|69.0,0,666,2,1,0,1,0,122610,645.636,0.646954,445.598,445.598,445.598,445.598,1.86006,1.86006
8|1197|8|1197|cc|3|1|103|1|103|69.0,0,676,3,1,0,1,0,122610,645.636,0.646954,480.676,480.676,480.676,480.676,1.61251,1.61251
8|1197|8|1197|cc|4|1|103|1|103|69.0,0,624,4,1,0,1,0,122610,645.636,0.646954,492.043,492.043,492.043,492.043,1.08175,1.08175
8|1197|8|1197|cc|5|1|103|1|103|69.0,0,566,5,1,0,1,0,122610,645.636,0.646954,492.043,492.043,492.043,492.043,0.606279,0.606279
8|1197|8|1197|cc|6|1|103|1|103|69.0,0,622,6,1,0,1,0,122610,645.636,0.646954,480.676,480.676,480.676,480.676,1.16671,1.16671
8|1197|8|1197|cc|7|1|103|1|103|69.0,0,690,7,1,0,1,0,122610,645.636,0.646954,445.598,445.598,445.598,445.598,2.0626,2.0626
8|1197|8|1197|cc|8|1|103|1|103|69.0,0,642,8,1,0,1,0,122610,645.636,0.646954,348.706,348.706,348.706,348.706,2.63742,2.63742
8|1197|8|1197|vc|1|2|103|2|103|69.0,0,87946,1,2,1,0,0,122610,645.636,0.646954,84666.5,84666.5,84666.5,84666.5,0.508255,0.508255
8|1197|8|1197|vc|2|2|103|2|103|69.0,0,107862,2,2,1,0,0,122610,645.636,0.646954,103067,103067,103067,103067,0.611909,0.611909
8|1197|8|1197|vc|3|2|103|2|103|69.0,0,103669,3,2,1,0,0,122610,645.636,0.646954,109729,109729,109729,109729,-0.726786,-0.726786
8|1197|8|1197|vc|4|2|103|2|103|69.0,0,103811,4,2,1,0,0,122610,645.636,0.646954,111887,111887,111887,111887,-0.950154,-0.950154
8|1197|8|1197|vc|5|2|103|2|103|69.0,0,109061,5,2,1,0,0,122610,645.636,0.646954,111887,111887,111887,111887,-0.332488,-0.332488
8|1197|8|1197|vc|6|2|103|2|103|69.0,0,103883,6,2,1,0,0,122610,645.636,0.646954,109729,109729,109729,109729,-0.701118,-0.701118
8|1197|8|1197|vc|7|2|103|2|103|69.0,0,108538,7,2,1,0,0,122610,645.636,0.646954,103067,103067,103067,103067,0.698173,0.698173
8|1197|8|1197|vc|8|2|103|2|103|69.0,0,81945,8,2,1,0,0,122610,645.636,0.646954,84666.5,84666.5,84666.5,84666.5,-0.421766,-0.421766
