rep,id,eta_L_gap,eta_m,eta_e,eta_alpha,eta_k,goes_down,mab_virus,run_id
1,9|411|9|411|sample|4|274|4|274|70.0,-8.15121,0,0,0,0,True,70.0|274,411
1,9|411|9|411|sample|3|274|3|274|70.0,-3.85532,0,0,0,0,True,70.0|274,411
1,9|411|9|411|sample|5|274|5|274|70.0,-1.55437,0,0,0,0,True,70.0|274,411
1,9|411|9|411|sample|6|274|6|274|70.0,2.38976,0,0,0,0,True,70.0|274,411
1,9|411|9|411|sample|8|274|8|274|70.0,-1.22884,0,0,0,0,True,70.0|274,411
1,9|411|9|411|sample|7|274|7|274|70.0,-3.26032,0,0,0,0,True,70.0|274,411
1,9|411|9|411|sample|9|274|9|274|70.0,1.22305,0,0,0,0,True,70.0|274,411
1,9|411|9|411|sample|10|274|10|274|70.0,2.09712,0,0,0,0,True,70.0|274,411
1,9|411|9|411|sample|12|274|12|274|70.0,-1.37677,0,0,0,0,True,70.0|274,411
1,9|411|9|411|sample|11|274|11|274|70.0,-4.98246,0,0,0,0,True,70.0|274,411
1,9|411|9|411|cc|1|1|274|1|274|69.0,2.32015,0,0,0,0,False,69.0|274,411
1,9|411|9|411|cc|2|1|274|1|274|69.0,-5.33667,0,0,0,0,False,69.0|274,411
1,9|411|9|411|cc|3|1|274|1|274|69.0,-5.09908,0,0,0,0,False,69.0|274,411
1,9|411|9|411|cc|4|1|274|1|274|69.0,-14.9412,0,0,0,0,False,69.0|274,411
1,9|411|9|411|cc|5|1|274|1|274|69.0,-0.294566,0,0,0,0,False,69.0|274,411
1,9|411|9|411|cc|6|1|274|1|274|69.0,5.43991,0,0,0,0,False,69.0|274,411
1,9|411|9|411|cc|7|1|274|1|274|69.0,5.03037,0,0,0,0,False,69.0|274,411
1,9|411|9|411|cc|8|1|274|1|274|69.0,2.2008,0,0,0,0,False,69.0|274,411
1,9|411|9|411|vc|1|2|274|2|274|69.0,-2.80878,0,0,0,0,False,69.0|274,411
1,9|411|9|411|vc|2|2|274|2|274|69.0,-5.90777,0,0,0,0,False,69.0|274,411
1,9|411|9|411|vc|3|2|274|2|274|69.0,1.72107,0,0,0,0,False,69.0|274,411
1,9|411|9|411|vc|4|2|274|2|274|69.0,1.40351,0,0,0,0,False,69.0|274,411
1,9|411|9|411|vc|5|2|274|2|274|69.0,-3.07266,0,0,0,0,False,69.0|274,411
1,9|411|9|411|vc|6|2|274|2|274|69.0,-5.16382,0,0,0,0,False,69.0|274,411
1,9|411|9|411|vc|7|2|274|2|274|69.0,0.340571,0,0,0,0,False,69.0|274,411
1,9|411|9|411|vc|8|2|274|2|274|69.0,-3.36389,0,0,0,0,False,69.0|274,411
1,14|783|14|783|sample|3|71|3|71|6.0,5.62734,0,0,0,0,True,6.0|71,783
1,14|783|14|783|sample|4|71|4|71|6.0,5.6007,0,0,0,0,True,6.0|71,783
1,14|783|14|783|sample|5|71|5|71|6.0,5.36678,0,0,0,0,True,6.0|71,783
1,14|783|14|783|sample|6|71|6|71|6.0,5.55976,0,0,0,0,True,6.0|71,783
1,14|783|14|783|sample|7|71|7|71|6.0,-1.17479,0,0,0,0,True,6.0|71,783
1,14|783|14|783|sample|8|71|8|71|6.0,-2.56058,0,0,0,0,True,6.0|71,783
1,14|783|14|783|sample|10|71|10|71|6.0,5.56558,0,0,0,0,True,6.0|71,783
1,14|783|14|783|sample|9|71|9|71|6.0,5.7358,0,0,0,0,True,6.0|71,783
1,14|783|14|783|sample|12|71|12|71|6.0,-3.53663,0,0,0,0,True,6.0|71,783
1,14|783|14|783|sample|11|71|11|71|6.0,-3.329,0,0,0,0,True,6.0|71,783
1,14|783|14|783|cc|1|1|71|1|71|69.0,3.35318,0,0,0,0,False,69.0|71,783
1,14|783|14|783|cc|2|1|71|1|71|69.0,2.6437,0,0,0,0,False,69.0|71,783
1,14|783|14|783|cc|3|1|71|1|71|69.0,-2.0596,0,0,0,0,False,69.0|71,783
1,14|783|14|783|cc|4|1|71|1|71|69.0,2.94525,0,0,0,0,False,69.0|71,783
1,14|783|14|783|cc|5|1|71|1|71|69.0,2.66043,0,0,0,0,False,69.0|71,783
1,14|783|14|783|cc|6|1|71|1|71|69.0,-0.97985,0,0,0,0,False,69.0|71,783
1,14|783|14|783|cc|7|1|71|1|71|69.0,4.94868,0,0,0,0,False,69.0|71,783
1,14|783|14|783|cc|8|1|71|1|71|69.0,-0.173904,0,0,0,0,False,69.0|71,783
1,14|783|14|783|vc|1|2|71|2|71|69.0,-4.74147,0,0,0,0,False,69.0|71,783
1,14|783|14|783|vc|2|2|71|2|71|69.0,-4.64246,0,0,0,0,False,69.0|71,783
1,14|783|14|783|vc|3|2|71|2|71|69.0,-7.75164,0,0,0,0,False,69.0|71,783
1,14|783|14|783|vc|4|2|71|2|71|69.0,1.65275,0,0,0,0,False,69.0|71,783
1,14|783|14|783|vc|5|2|71|2|71|69.0,2.7071,0,0,0,0,False,69.0|71,783
1,14|783|14|783|vc|6|2|71|2|71|69.0,-0.794569,0,0,0,0,False,69.0|71,783
1,14|783|14|783|vc|7|2|71|2|71|69.0,2.23118,0,0,0,0,False,69.0|71,783
1,14|783|14|783|vc|8|2|71|2|71|69.0,-1.16954,0,0,0,0,False,69.0|71,783
1,14|491|14|491|sample|10|99|10|99|6.0,-4.04862,0,0,0,0,True,6.0|99,491
1,14|491|14|491|sample|9|99|9|99|6.0,-2.60678,0,0,0,0,True,6.0|99,491
1,14|491|14|491|sample|12|99|12|99|6.0,-0.301074,0,0,0,0,True,6.0|99,491
1,14|491|14|491|sample|11|99|11|99|6.0,-2.37163,0,0,0,0,True,6.0|99,491
1,14|491|14|491|sample|4|99|4|99|44.0,-2.75021,0,0,0,0,True,44.0|99,491
1,14|491|14|491|sample|3|99|3|99|44.0,0.446266,0,0,0,0,True,44.0|99,491
1,14|491|14|491|sample|6|99|6|99|44.0,1.94062,0,0,0,0,True,44.0|99,491
1,14|491|14|491|sample|5|99|5|99|44.0,1.85343,0,0,0,0,True,44.0|99,491
1,14|491|14|491|sample|7|99|7|99|63.0,-5.34836,0,0,0,0,True,63.0|99,491
1,14|491|14|491|sample|8|99|8|99|63.0,-6.56234,0,0,0,0,True,63.0|99,491
1,14|491|14|491|cc|1|1|99|1|99|69.0,2.42568,0,0,0,0,False,69.0|99,491
1,14|491|14|491|cc|2|1|99|1|99|69.0,-2.4021,0,0,0,0,False,69.0|99,491
1,14|491|14|491|cc|3|1|99|1|99|69.0,0.963266,0,0,0,0,False,69.0|99,491
1,14|491|14|491|cc|4|1|99|1|99|69.0,5.13799,0,0,0,0,False,69.0|99,491
1,14|491|14|491|cc|5|1|99|1|99|69.0,1.9183,0,0,0,0,False,69.0|99,491
1,14|491|14|491|cc|6|1|99|1|99|69.0,4.00964,0,0,0,0,False,69.0|99,491
1,14|491|14|491|cc|7|1|99|1|99|69.0,-3.5655,0,0,0,0,False,69.0|99,491
1,14|491|14|491|cc|8|1|99|1|99|69.0,-4.66343,0,0,0,0,False,69.0|99,491
1,14|491|14|491|vc|1|2|99|2|99|69.0,-2.28035,0,0,0,0,False,69.0|99,491
1,14|491|14|491|vc|2|2|99|2|99|69.0,-2.1823,0,0,0,0,False,69.0|99,491
1,14|491|14|491|vc|3|2|99|2|99|69.0,4.10497,0,0,0,0,False,69.0|99,491
1,14|491|14|491|vc|4|2|99|2|99|69.0,-3.34026,0,0,0,0,False,69.0|99,491
1,14|491|14|491|vc|5|2|99|2|99|69.0,3.79995,0,0,0,0,False,69.0|99,491
1,14|491|14|491|vc|6|2|99|2|99|69.0,2.44354,0,0,0,0,False,69.0|99,491
1,14|491|14|491|vc|7|2|99|2|99|69.0,-1.31135,0,0,0,0,False,69.0|99,491
1,14|491|14|491|vc|8|2|99|2|99|69.0,4.01912,0,0,0,0,False,69.0|99,491
1,14|433|14|433|sample|4|99|4|99|6.0,-3.20299,0,0,0,0,True,6.0|99,433
1,14|433|14|433|sample|3|99|3|99|6.0,-5.1869,0,0,0,0,True,6.0|99,433
1,14|433|14|433|sample|6|99|6|99|6.0,4.48672,0,0,0,0,True,6.0|99,433
1,14|433|14|433|sample|5|99|5|99|6.0,4.03249,0,0,0,0,True,6.0|99,433
1,14|433|14|433|sample|8|99|8|99|6.0,-2.52184,0,0,0,0,True,6.0|99,433
1,14|433|14|433|sample|7|99|7|99|6.0,-7.75116,0,0,0,0,True,6.0|99,433
1,14|433|14|433|sample|10|99|10|99|6.0,-2.9875,0,0,0,0,True,6.0|99,433
1,14|433|14|433|sample|9|99|9|99|6.0,-1.82804,0,0,0,0,True,6.0|99,433
1,14|433|14|433|sample|11|99|11|99|6.0,4.1301,0,0,0,0,True,6.0|99,433
1,14|433|14|433|sample|12|99|12|99|6.0,3.24748,0,0,0,0,True,6.0|99,433
1,14|433|14|433|cc|1|1|99|1|99|69.0,-0.868072,0,0,0,0,False,69.0|99,433
1,14|433|14|433|cc|2|1|99|1|99|69.0,0.319078,0,0,0,0,False,69.0|99,433
1,14|433|14|433|cc|3|1|99|1|99|69.0,5.11882,0,0,0,0,False,69.0|99,433
1,14|433|14|433|cc|4|1|99|1|99|69.0,1.61614,0,0,0,0,False,69.0|99,433
1,14|433|14|433|cc|5|1|99|1|99|69.0,-1.16631,0,0,0,0,False,69.0|99,433
1,14|433|14|433|cc|6|1|99|1|99|69.0,-3.77534,0,0,0,0,False,69.0|99,433
1,14|433|14|433|cc|7|1|99|1|99|69.0,0.0576758,0,0,0,0,False,69.0|99,433
1,14|433|14|433|cc|8|1|99|1|99|69.0,2.4522,0,0,0,0,False,69.0|99,433
1,14|433|14|433|vc|1|2|99|2|99|69.0,1.2928,0,0,0,0,False,69.0|99,433
1,14|433|14|433|vc|2|2|99|2|99|69.0,1.75031,0,0,0,0,False,69.0|99,433
1,14|433|14|433|vc|3|2|99|2|99|69.0,2.83459,0,0,0,0,False,69.0|99,433
1,14|433|14|433|vc|4|2|99|2|99|69.0,-4.20208,0,0,0,0,False,69.0|99,433
1,14|433|14|433|vc|5|2|99|2|99|69.0,3.35117,0,0,0,0,False,69.0|99,433
1,14|433|14|433|vc|6|2|99|2|99|69.0,-0.642859,0,0,0,0,False,69.0|99,433
1,14|433|14|433|vc|7|2|99|2|99|69.0,3.20708,0,0,0,0,False,69.0|99,433
1,14|433|14|433|vc|8|2|99|2|99|69.0,0.585501,0,0,0,0,False,69.0|99,433
1,14|297|14|297|sample|3|71|3|71|6.0,3.88183,0,0,0,0,True,6.0|71,297
1,14|297|14|297|sample|4|71|4|71|6.0,3.72438,0,0,0,0,True,6.0|71,297
1,14|297|14|297|sample|5|71|5|71|6.0,-1.76437,0,0,0,0,True,6.0|71,297
1,14|297|14|297|sample|6|71|6|71|6.0,-10.3039,0,0,0,0,True,6.0|71,297
1,14|297|14|297|sample|8|71|8|71|6.0,0.102556,0,0,0,0,True,6.0|71,297
1,14|297|14|297|sample|7|71|7|71|6.0,0.30064,0,0,0,0,True,6.0|71,297
1,14|297|14|297|sample|9|71|9|71|6.0,0.0270522,0,0,0,0,True,6.0|71,297
1,14|297|14|297|sample|10|71|10|71|6.0,-1.25147,0,0,0,0,True,6.0|71,297
1,14|297|14|297|sample|12|71|12|71|6.0,5.34061,0,0,0,0,True,6.0|71,297
1,14|297|14|297|sample|11|71|11|71|6.0,5.50012,0,0,0,0,True,6.0|71,297
1,14|297|14|297|cc|1|1|71|1|71|69.0,-1.69168,0,0,0,0,False,69.0|71,297
1,14|297|14|297|cc|2|1|71|1|71|69.0,-8.94707,0,0,0,0,False,69.0|71,297
1,14|297|14|297|cc|3|1|71|1|71|69.0,1.53354,0,0,0,0,False,69.0|71,297
1,14|297|14|297|cc|4|1|71|1|71|69.0,-7.50795,0,0,0,0,False,69.0|71,297
1,14|297|14|297|cc|5|1|71|1|71|69.0,5.73505,0,0,0,0,False,69.0|71,297
1,14|297|14|297|cc|6|1|71|1|71|69.0,6.06174,0,0,0,0,False,69.0|71,297
1,14|297|14|297|cc|7|1|71|1|71|69.0,-3.07959,0,0,0,0,False,69.0|71,297
1,14|297|14|297|cc|8|1|71|1|71|69.0,-3.08044,0,0,0,0,False,69.0|71,297
1,14|297|14|297|vc|1|2|71|2|71|69.0,-4.33492,0,0,0,0,False,69.0|71,297
1,14|297|14|297|vc|2|2|71|2|71|69.0,2.70452,0,0,0,0,False,69.0|71,297
1,14|297|14|297|vc|3|2|71|2|71|69.0,2.21685,0,0,0,0,False,69.0|71,297
1,14|297|14|297|vc|4|2|71|2|71|69.0,3.47564,0,0,0,0,False,69.0|71,297
1,14|297|14|297|vc|5|2|71|2|71|69.0,-1.3812,0,0,0,0,False,69.0|71,297
1,14|297|14|297|vc|6|2|71|2|71|69.0,2.24112,0,0,0,0,False,69.0|71,297
1,14|297|14|297|vc|7|2|71|2|71|69.0,8.16264,0,0,0,0,False,69.0|71,297
1,14|297|14|297|vc|8|2|71|2|71|69.0,-0.135703,0,0,0,0,False,69.0|71,297
1,14|183|14|183|sample|4|233|4|233|6.0,0.735683,0,0,0,0,True,6.0|233,183
1,14|183|14|183|sample|3|233|3|233|6.0,1.0688,0,0,0,0,True,6.0|233,183
1,14|183|14|183|sample|6|233|6|233|6.0,-5.06235,0,0,0,0,True,6.0|233,183
1,14|183|14|183|sample|5|233|5|233|6.0,0.706213,0,0,0,0,True,6.0|233,183
1,14|183|14|183|sample|7|233|7|233|6.0,-3.57856,0,0,0,0,True,6.0|233,183
1,14|183|14|183|sample|8|233|8|233|6.0,1.67392,0,0,0,0,True,6.0|233,183
1,14|183|14|183|sample|10|233|10|233|6.0,-1.53615,0,0,0,0,True,6.0|233,183
1,14|183|14|183|sample|9|233|9|233|6.0,0.393856,0,0,0,0,True,6.0|233,183
1,14|183|14|183|sample|12|233|12|233|6.0,1.88211,0,0,0,0,True,6.0|233,183
1,14|183|14|183|sample|11|233|11|233|6.0,3.76841,0,0,0,0,True,6.0|233,183
1,14|183|14|183|cc|1|1|233|1|233|69.0,-2.23416,0,0,0,0,False,69.0|233,183
1,14|183|14|183|cc|2|1|233|1|233|69.0,-3.10724,0,0,0,0,False,69.0|233,183
1,14|183|14|183|cc|3|1|233|1|233|69.0,0.807127,0,0,0,0,False,69.0|233,183
1,14|183|14|183|cc|4|1|233|1|233|69.0,5.1204,0,0,0,0,False,69.0|233,183
1,14|183|14|183|cc|5|1|233|1|233|69.0,4.00292,0,0,0,0,False,69.0|233,183
1,14|183|14|183|cc|6|1|233|1|233|69.0,-4.42791,0,0,0,0,False,69.0|233,183
1,14|183|14|183|cc|7|1|233|1|233|69.0,6.81181,0,0,0,0,False,69.0|233,183
1,14|183|14|183|cc|8|1|233|1|233|69.0,-1.00571,0,0,0,0,False,69.0|233,183
1,14|183|14|183|vc|1|2|233|2|233|69.0,-10.4066,0,0,0,0,False,69.0|233,183
1,14|183|14|183|vc|2|2|233|2|233|69.0,1.05483,0,0,0,0,False,69.0|233,183
1,14|183|14|183|vc|3|2|233|2|233|69.0,0.849354,0,0,0,0,False,69.0|233,183
1,14|183|14|183|vc|4|2|233|2|233|69.0,4.09289,0,0,0,0,False,69.0|233,183
1,14|183|14|183|vc|5|2|233|2|233|69.0,-6.58083,0,0,0,0,False,69.0|233,183
1,14|183|14|183|vc|6|2|233|2|233|69.0,3.10483,0,0,0,0,False,69.0|233,183
1,14|183|14|183|vc|7|2|233|2|233|69.0,-3.67561,0,0,0,0,False,69.0|233,183
1,14|183|14|183|vc|8|2|233|2|233|69.0,-2.23987,0,0,0,0,False,69.0|233,183
1,14|705|14|705|sample|3|233|3|233|6.0,4.37334,0,0,0,0,False,6.0|233,705
1,14|705|14|705|sample|4|233|4|233|6.0,4.2866,0,0,0,0,False,6.0|233,705
1,14|705|14|705|sample|5|233|5|233|6.0,4.39626,0,0,0,0,False,6.0|233,705
1,14|705|14|705|sample|6|233|6|233|6.0,4.59539,0,0,0,0,False,6.0|233,705
1,14|705|14|705|sample|7|233|7|233|6.0,4.4184,0,0,0,0,False,6.0|233,705
1,14|705|14|705|sample|8|233|8|233|6.0,4.45197,0,0,0,0,False,6.0|233,705
1,14|705|14|705|sample|10|233|10|233|6.0,-1.25195,0,0,0,0,True,6.0|233,705
1,14|705|14|705|sample|9|233|9|233|6.0,-2.99939,0,0,0,0,True,6.0|233,705
1,14|705|14|705|sample|12|233|12|233|6.0,-4.47361,0,0,0,0,True,6.0|233,705
1,14|705|14|705|sample|11|233|11|233|6.0,0.145706,0,0,0,0,True,6.0|233,705
1,14|705|14|705|cc|1|1|233|1|233|69.0,-5.0381,0,0,0,0,False,69.0|233,705
1,14|705|14|705|cc|2|1|233|1|233|69.0,0.686381,0,0,0,0,False,69.0|233,705
1,14|705|14|705|cc|3|1|233|1|233|69.0,2.0006,0,0,0,0,False,69.0|233,705
1,14|705|14|705|cc|4|1|233|1|233|69.0,0.873418,0,0,0,0,False,69.0|233,705
1,14|705|14|705|cc|5|1|233|1|233|69.0,-1.76543,0,0,0,0,False,69.0|233,705
1,14|705|14|705|cc|6|1|233|1|233|69.0,-4.35981,0,0,0,0,False,69.0|233,705
1,14|705|14|705|cc|7|1|233|1|233|69.0,-6.69808,0,0,0,0,False,69.0|233,705
1,14|705|14|705|cc|8|1|233|1|233|69.0,3.10345,0,0,0,0,False,69.0|233,705
1,14|705|14|705|vc|1|2|233|2|233|69.0,2.90138,0,0,0,0,False,69.0|233,705
1,14|705|14|705|vc|2|2|233|2|233|69.0,0.651909,0,0,0,0,False,69.0|233,705
1,14|705|14|705|vc|3|2|233|2|233|69.0,5.68653,0,0,0,0,False,69.0|233,705
1,14|705|14|705|vc|4|2|233|2|233|69.0,-0.578349,0,0,0,0,False,69.0|233,705
1,14|705|14|705|vc|5|2|233|2|233|69.0,-2.01067,0,0,0,0,False,69.0|233,705
1,14|705|14|705|vc|6|2|233|2|233|69.0,-3.14082,0,0,0,0,False,69.0|233,705
1,14|705|14|705|vc|7|2|233|2|233|69.0,2.89967,0,0,0,0,False,69.0|233,705
1,14|705|14|705|vc|8|2|233|2|233|69.0,1.61133,0,0,0,0,False,69.0|233,705
1,14|555|14|555|sample|4|233|4|233|6.0,4.3008,0,0,0,0,True,6.0|233,555
1,14|555|14|555|sample|3|233|3|233|6.0,4.90158,0,0,0,0,True,6.0|233,555
1,14|555|14|555|sample|5|233|5|233|6.0,4.1447,0,0,0,0,True,6.0|233,555
1,14|555|14|555|sample|6|233|6|233|6.0,4.1743,0,0,0,0,True,6.0|233,555
1,14|555|14|555|sample|7|233|7|233|6.0,-0.123127,0,0,0,0,True,6.0|233,555
1,14|555|14|555|sample|8|233|8|233|6.0,-2.36495,0,0,0,0,True,6.0|233,555
1,14|555|14|555|sample|9|233|9|233|6.0,4.66045,0,0,0,0,True,6.0|233,555
1,14|555|14|555|sample|10|233|10|233|6.0,4.28421,0,0,0,0,True,6.0|233,555
1,14|555|14|555|sample|12|233|12|233|6.0,-1.8224,0,0,0,0,True,6.0|233,555
1,14|555|14|555|sample|11|233|11|233|6.0,-2.78027,0,0,0,0,True,6.0|233,555
1,14|555|14|555|cc|1|1|233|1|233|69.0,-1.43566,0,0,0,0,False,69.0|233,555
1,14|555|14|555|cc|2|1|233|1|233|69.0,3.68339,0,0,0,0,False,69.0|233,555
1,14|555|14|555|cc|3|1|233|1|233|69.0,-0.400929,0,0,0,0,False,69.0|233,555
1,14|555|14|555|cc|4|1|233|1|233|69.0,1.06939,0,0,0,0,False,69.0|233,555
1,14|555|14|555|cc|5|1|233|1|233|69.0,3.76443,0,0,0,0,False,69.0|233,555
1,14|555|14|555|cc|6|1|233|1|233|69.0,3.27602,0,0,0,0,False,69.0|233,555
1,14|555|14|555|cc|7|1|233|1|233|69.0,-0.991804,0,0,0,0,False,69.0|233,555
1,14|555|14|555|cc|8|1|233|1|233|69.0,-1.22956,0,0,0,0,False,69.0|233,555
1,14|555|14|555|vc|1|2|233|2|233|69.0,0.814638,0,0,0,0,False,69.0|233,555
1,14|555|14|555|vc|2|2|233|2|233|69.0,4.97529,0,0,0,0,False,69.0|233,555
1,14|555|14|555|vc|3|2|233|2|233|69.0,-6.67682,0,0,0,0,False,69.0|233,555
1,14|555|14|555|vc|4|2|233|2|233|69.0,-0.747151,0,0,0,0,False,69.0|233,555
1,14|555|14|555|vc|5|2|233|2|233|69.0,-2.63775,0,0,0,0,False,69.0|233,555
1,14|555|14|555|vc|6|2|233|2|233|69.0,3.24305,0,0,0,0,False,69.0|233,555
1,14|555|14|555|vc|7|2|233|2|233|69.0,1.97245,0,0,0,0,False,69.0|233,555
1,14|555|14|555|vc|8|2|233|2|233|69.0,-0.799929,0,0,0,0,False,69.0|233,555
1,14|394|14|394|sample|5|42|5|42|6.0,4.05289,0,0,0,0,True,6.0|42,394
1,14|394|14|394|sample|6|42|6|42|6.0,4.25308,0,0,0,0,True,6.0|42,394
1,14|394|14|394|sample|7|42|7|42|6.0,5.1806,0,0,0,0,True,6.0|42,394
1,14|394|14|394|sample|8|42|8|42|6.0,5.03611,0,0,0,0,True,6.0|42,394
1,14|394|14|394|sample|10|42|10|42|6.0,3.64341,0,0,0,0,True,6.0|42,394
1,14|394|14|394|sample|9|42|9|42|6.0,3.51838,0,0,0,0,True,6.0|42,394
1,14|394|14|394|sample|12|42|12|42|6.0,4.77781,0,0,0,0,True,6.0|42,394
1,14|394|14|394|sample|11|42|11|42|6.0,4.27752,0,0,0,0,True,6.0|42,394
1,14|394|14|394|sample|3|42|3|42|63.0,2.84008,0,0,0,0,True,63.0|42,394
1,14|394|14|394|sample|4|42|4|42|63.0,3.10141,0,0,0,0,True,63.0|42,394
1,14|394|14|394|cc|1|1|42|1|42|69.0,2.44043,0,0,0,0,False,69.0|42,394
1,14|394|14|394|cc|2|1|42|1|42|69.0,-0.734416,0,0,0,0,False,69.0|42,394
1,14|394|14|394|cc|3|1|42|1|42|69.0,-4.7054,0,0,0,0,False,69.0|42,394
1,14|394|14|394|cc|4|1|42|1|42|69.0,-5.13204,0,0,0,0,False,69.0|42,394
1,14|394|14|394|cc|5|1|42|1|42|69.0,3.73714,0,0,0,0,False,69.0|42,394
1,14|394|14|394|cc|6|1|42|1|42|69.0,0.992855,0,0,0,0,False,69.0|42,394
1,14|394|14|394|cc|7|1|42|1|42|69.0,3.73482,0,0,0,0,False,69.0|42,394
1,14|394|14|394|cc|8|1|42|1|42|69.0,-3.37242,0,0,0,0,False,69.0|42,394
1,14|394|14|394|vc|1|2|42|2|42|69.0,1.44688,0,0,0,0,False,69.0|42,394
1,14|394|14|394|vc|2|2|42|2|42|69.0,2.0249,0,0,0,0,False,69.0|42,394
1,14|394|14|394|vc|3|2|42|2|42|69.0,2.70546,0,0,0,0,False,69.0|42,394
1,14|394|14|394|vc|4|2|42|2|42|69.0,0.730952,0,0,0,0,False,69.0|42,394
1,14|394|14|394|vc|5|2|42|2|42|69.0,1.59524,0,0,0,0,False,69.0|42,394
1,14|394|14|394|vc|6|2|42|2|42|69.0,-0.296948,0,0,0,0,False,69.0|42,394
1,14|394|14|394|vc|7|2|42|2|42|69.0,-2.42917,0,0,0,0,False,69.0|42,394
1,14|394|14|394|vc|8|2|42|2|42|69.0,9.62979,0,0,0,0,False,69.0|42,394
1,14|1099|14|1099|sample|3|73|3|73|6.0,2.32054,0,0,0,0,True,6.0|73,1099
1,14|1099|14|1099|sample|4|73|4|73|6.0,2.46608,0,0,0,0,True,6.0|73,1099
1,14|1099|14|1099|sample|5|73|5|73|6.0,2.73405,0,0,0,0,True,6.0|73,1099
1,14|1099|14|1099|sample|6|73|6|73|6.0,2.86637,0,0,0,0,True,6.0|73,1099
1,14|1099|14|1099|sample|8|73|8|73|6.0,3.55356,0,0,0,0,True,6.0|73,1099
1,14|1099|14|1099|sample|7|73|7|73|6.0,3.3711,0,0,0,0,True,6.0|73,1099
1,14|1099|14|1099|sample|9|73|9|73|6.0,2.16462,0,0,0,0,True,6.0|73,1099
1,14|1099|14|1099|sample|10|73|10|73|6.0,2.73961,0,0,0,0,True,6.0|73,1099
1,14|1099|14|1099|sample|11|73|11|73|6.0,3.74332,0,0,0,0,True,6.0|73,1099
1,14|1099|14|1099|sample|12|73|12|73|6.0,3.60316,0,0,0,0,True,6.0|73,1099
1,14|1099|14|1099|cc|1|1|73|1|73|69.0,-7.32892,0,0,0,0,False,69.0|73,1099
1,14|1099|14|1099|cc|2|1|73|1|73|69.0,0.0557077,0,0,0,0,False,69.0|73,1099
1,14|1099|14|1099|cc|3|1|73|1|73|69.0,-3.50267,0,0,0,0,False,69.0|73,1099
1,14|1099|14|1099|cc|4|1|73|1|73|69.0,1.46836,0,0,0,0,False,69.0|73,1099
1,14|1099|14|1099|cc|5|1|73|1|73|69.0,0.47853,0,0,0,0,False,69.0|73,1099
1,14|1099|14|1099|cc|6|1|73|1|73|69.0,0.709209,0,0,0,0,False,69.0|73,1099
1,14|1099|14|1099|cc|7|1|73|1|73|69.0,-1.73677,0,0,0,0,False,69.0|73,1099
1,14|1099|14|1099|cc|8|1|73|1|73|69.0,3.79293,0,0,0,0,False,69.0|73,1099
1,14|1099|14|1099|vc|1|2|73|2|73|69.0,-0.547291,0,0,0,0,False,69.0|73,1099
1,14|1099|14|1099|vc|2|2|73|2|73|69.0,1.18156,0,0,0,0,False,69.0|73,1099
1,14|1099|14|1099|vc|3|2|73|2|73|69.0,2.17332,0,0,0,0,False,69.0|73,1099
1,14|1099|14|1099|vc|4|2|73|2|73|69.0,-7.66516,0,0,0,0,False,69.0|73,1099
1,14|1099|14|1099|vc|5|2|73|2|73|69.0,-3.10813,0,0,0,0,False,69.0|73,1099
1,14|1099|14|1099|vc|6|2|73|2|73|69.0,-4.73263,0,0,0,0,False,69.0|73,1099
1,14|1099|14|1099|vc|7|2|73|2|73|69.0,-8.74505,0,0,0,0,False,69.0|73,1099
1,14|1099|14|1099|vc|8|2|73|2|73|69.0,2.56334,0,0,0,0,False,69.0|73,1099
1,14|611|14|611|sample|4|73|4|73|6.0,3.86898,0,0,0,0,True,6.0|73,611
1,14|611|14|611|sample|3|73|3|73|6.0,4.30931,0,0,0,0,True,6.0|73,611
1,14|611|14|611|sample|5|73|5|73|6.0,3.95894,0,0,0,0,True,6.0|73,611
1,14|611|14|611|sample|6|73|6|73|6.0,3.70989,0,0,0,0,True,6.0|73,611
1,14|611|14|611|sample|7|73|7|73|6.0,4.0671,0,0,0,0,True,6.0|73,611
1,14|611|14|611|sample|8|73|8|73|6.0,4.44581,0,0,0,0,True,6.0|73,611
1,14|611|14|611|sample|9|73|9|73|6.0,2.84798,0,0,0,0,True,6.0|73,611
1,14|611|14|611|sample|10|73|10|73|6.0,3.18621,0,0,0,0,True,6.0|73,611
1,14|611|14|611|sample|12|73|12|73|6.0,4.18497,0,0,0,0,True,6.0|73,611
1,14|611|14|611|sample|11|73|11|73|6.0,4.03888,0,0,0,0,True,6.0|73,611
1,14|611|14|611|cc|1|1|73|1|73|69.0,2.47573,0,0,0,0,False,69.0|73,611
1,14|611|14|611|cc|2|1|73|1|73|69.0,7.73269,0,0,0,0,False,69.0|73,611
1,14|611|14|611|cc|3|1|73|1|73|69.0,-6.46604,0,0,0,0,False,69.0|73,611
1,14|611|14|611|cc|4|1|73|1|73|69.0,1.49265,0,0,0,0,False,69.0|73,611
1,14|611|14|611|cc|5|1|73|1|73|69.0,0.783804,0,0,0,0,False,69.0|73,611
1,14|611|14|611|cc|6|1|73|1|73|69.0,2.69509,0,0,0,0,False,69.0|73,611
1,14|611|14|611|cc|7|1|73|1|73|69.0,2.97616,0,0,0,0,False,69.0|73,611
1,14|611|14|611|cc|8|1|73|1|73|69.0,12.1658,0,0,0,0,False,69.0|73,611
1,14|611|14|611|vc|1|2|73|2|73|69.0,-1.47558,0,0,0,0,False,69.0|73,611
1,14|611|14|611|vc|2|2|73|2|73|69.0,5.21926,0,0,0,0,False,69.0|73,611
1,14|611|14|611|vc|3|2|73|2|73|69.0,-2.44539,0,0,0,0,False,69.0|73,611
1,14|611|14|611|vc|4|2|73|2|73|69.0,1.32365,0,0,0,0,False,69.0|73,611
1,14|611|14|611|vc|5|2|73|2|73|69.0,0.107518,0,0,0,0,False,69.0|73,611
1,14|611|14|611|vc|6|2|73|2|73|69.0,-1.8515,0,0,0,0,False,69.0|73,611
1,14|611|14|611|vc|7|2|73|2|73|69.0,0.587581,0,0,0,0,False,69.0|73,611
1,14|611|14|611|vc|8|2|73|2|73|69.0,-6.1766,0,0,0,0,False,69.0|73,611
1,8|84|8|84|sample|5|162|5|162|55.0,5.55101,0,0,0,0,True,55.0|162,84
1,8|84|8|84|sample|6|162|6|162|55.0,5.3013,0,0,0,0,True,55.0|162,84
1,8|84|8|84|sample|4|162|4|162|55.0,5.39031,0,0,0,0,True,55.0|162,84
1,8|84|8|84|sample|3|162|3|162|55.0,5.49883,0,0,0,0,True,55.0|162,84
1,8|84|8|84|sample|9|162|9|162|32.0,3.856,0,0,0,0,True,32.0|162,84
1,8|84|8|84|sample|10|162|10|162|32.0,3.89228,0,0,0,0,True,32.0|162,84
1,8|84|8|84|sample|7|162|7|162|32.0,5.14608,0,0,0,0,True,32.0|162,84
1,8|84|8|84|sample|8|162|8|162|32.0,4.57872,0,0,0,0,True,32.0|162,84
1,8|84|8|84|sample|12|162|12|162|22.0,3.90775,0,0,0,0,True,22.0|162,84
1,8|84|8|84|sample|11|162|11|162|22.0,5.28476,0,0,0,0,True,22.0|162,84
1,8|84|8|84|cc|1|1|162|1|162|69.0,-5.1379,0,0,0,0,False,69.0|162,84
1,8|84|8|84|cc|2|1|162|1|162|69.0,-0.828242,0,0,0,0,False,69.0|162,84
1,8|84|8|84|cc|3|1|162|1|162|69.0,4.26894,0,0,0,0,False,69.0|162,84
1,8|84|8|84|cc|4|1|162|1|162|69.0,-0.0408977,0,0,0,0,False,69.0|162,84
1,8|84|8|84|cc|5|1|162|1|162|69.0,-4.08442,0,0,0,0,False,69.0|162,84
1,8|84|8|84|cc|6|1|162|1|162|69.0,-0.180106,0,0,0,0,False,69.0|162,84
1,8|84|8|84|cc|7|1|162|1|162|69.0,1.6979,0,0,0,0,False,69.0|162,84
1,8|84|8|84|cc|8|1|162|1|162|69.0,-2.29712,0,0,0,0,False,69.0|162,84
1,8|84|8|84|vc|1|2|162|2|162|69.0,1.02189,0,0,0,0,False,69.0|162,84
1,8|84|8|84|vc|2|2|162|2|162|69.0,1.32575,0,0,0,0,False,69.0|162,84
1,8|84|8|84|vc|3|2|162|2|162|69.0,8.29452,0,0,0,0,False,69.0|162,84
1,8|84|8|84|vc|4|2|162|2|162|69.0,7.43757,0,0,0,0,False,69.0|162,84
1,8|84|8|84|vc|5|2|162|2|162|69.0,-1.60124,0,0,0,0,False,69.0|162,84
1,8|84|8|84|vc|6|2|162|2|162|69.0,0.0244054,0,0,0,0,False,69.0|162,84
1,8|84|8|84|vc|7|2|162|2|162|69.0,0.263044,0,0,0,0,False,69.0|162,84
1,8|84|8|84|vc|8|2|162|2|162|69.0,1.79348,0,0,0,0,False,69.0|162,84
1,8|1042|8|1042|sample|8|162|8|162|65.0,3.85596,0,0,0,0,True,65.0|162,1042
1,8|1042|8|1042|sample|7|162|7|162|65.0,4.31764,0,0,0,0,True,65.0|162,1042
1,8|1042|8|1042|sample|6|162|6|162|65.0,4.99538,0,0,0,0,True,65.0|162,1042
1,8|1042|8|1042|sample|5|162|5|162|65.0,4.74698,0,0,0,0,True,65.0|162,1042
1,8|1042|8|1042|sample|12|162|12|162|28.0,3.93777,0,0,0,0,True,28.0|162,1042
1,8|1042|8|1042|sample|7|162|7|162|28.0,-3.08112,0,0,0,0,True,28.0|162,1042
1,8|1042|8|1042|sample|11|162|11|162|28.0,4.48001,0,0,0,0,True,28.0|162,1042
1,8|1042|8|1042|sample|9|162|9|162|28.0,4.65756,0,0,0,0,True,28.0|162,1042
1,8|1042|8|1042|sample|10|162|10|162|28.0,4.18537,0,0,0,0,True,28.0|162,1042
1,8|1042|8|1042|sample|4|162|4|162|22.0,4.74915,0,0,0,0,True,22.0|162,1042
1,8|1042|8|1042|sample|3|162|3|162|22.0,4.82385,0,0,0,0,True,22.0|162,1042
1,8|1042|8|1042|sample|12|162|12|162|65.0,-5.52704,0,0,0,0,True,65.0|162,1042
1,8|1042|8|1042|cc|1|1|162|1|162|69.0,-1.68195,0,0,0,0,False,69.0|162,1042
1,8|1042|8|1042|cc|2|1|162|1|162|69.0,-1.05412,0,0,0,0,False,69.0|162,1042
1,8|1042|8|1042|cc|3|1|162|1|162|69.0,0.29125,0,0,0,0,False,69.0|162,1042
1,8|1042|8|1042|cc|4|1|162|1|162|69.0,-0.852995,0,0,0,0,False,69.0|162,1042
1,8|1042|8|1042|cc|5|1|162|1|162|69.0,4.14649,0,0,0,0,False,69.0|162,1042
1,8|1042|8|1042|cc|6|1|162|1|162|69.0,7.99962,0,0,0,0,False,69.0|162,1042
1,8|1042|8|1042|cc|7|1|162|1|162|69.0,4.20418,0,0,0,0,False,69.0|162,1042
1,8|1042|8|1042|cc|8|1|162|1|162|69.0,-2.37713,0,0,0,0,False,69.0|162,1042
1,8|1042|8|1042|vc|1|2|162|2|162|69.0,0.259917,0,0,0,0,False,69.0|162,1042
1,8|1042|8|1042|vc|2|2|162|2|162|69.0,3.50265,0,0,0,0,False,69.0|162,1042
1,8|1042|8|1042|vc|3|2|162|2|162|69.0,4.25773,0,0,0,0,False,69.0|162,1042
1,8|1042|8|1042|vc|4|2|162|2|162|69.0,0.266971,0,0,0,0,False,69.0|162,1042
1,8|1042|8|1042|vc|5|2|162|2|162|69.0,-2.30663,0,0,0,0,False,69.0|162,1042
1,8|1042|8|1042|vc|6|2|162|2|162|69.0,1.625,0,0,0,0,False,69.0|162,1042
1,8|1042|8|1042|vc|7|2|162|2|162|69.0,2.4823,0,0,0,0,False,69.0|162,1042
1,8|1042|8|1042|vc|8|2|162|2|162|69.0,1.27661,0,0,0,0,False,69.0|162,1042
1,8|719|8|719|sample|5|274|5|274|55.0,5.43036,0,0,0,0,True,55.0|274,719
1,8|719|8|719|sample|6|274|6|274|55.0,5.36185,0,0,0,0,True,55.0|274,719
1,8|719|8|719|sample|3|274|3|274|55.0,5.50734,0,0,0,0,True,55.0|274,719
1,8|719|8|719|sample|4|274|4|274|55.0,5.53279,0,0,0,0,True,55.0|274,719
1,8|719|8|719|sample|10|274|10|274|32.0,-5.66389,0,0,0,0,True,32.0|274,719
1,8|719|8|719|sample|9|274|9|274|32.0,-4.25108,0,0,0,0,True,32.0|274,719
1,8|719|8|719|sample|8|274|8|274|32.0,-3.08712,0,0,0,0,True,32.0|274,719
1,8|719|8|719|sample|7|274|7|274|32.0,-5.17665,0,0,0,0,True,32.0|274,719
1,8|719|8|719|sample|12|274|12|274|22.0,-4.2919,0,0,0,0,True,22.0|274,719
1,8|719|8|719|sample|11|274|11|274|22.0,-0.511267,0,0,0,0,True,22.0|274,719
1,8|719|8|719|cc|1|1|274|1|274|69.0,-3.16576,0,0,0,0,False,69.0|274,719
1,8|719|8|719|cc|2|1|274|1|274|69.0,-7.1076,0,0,0,0,False,69.0|274,719
1,8|719|8|719|cc|3|1|274|1|274|69.0,1.16026,0,0,0,0,False,69.0|274,719
1,8|719|8|719|cc|4|1|274|1|274|69.0,3.43777,0,0,0,0,False,69.0|274,719
1,8|719|8|719|cc|5|1|274|1|274|69.0,1.08835,0,0,0,0,False,69.0|274,719
1,8|719|8|719|cc|6|1|274|1|274|69.0,-6.4469,0,0,0,0,False,69.0|274,719
1,8|719|8|719|cc|7|1|274|1|274|69.0,0.489025,0,0,0,0,False,69.0|274,719
1,8|719|8|719|cc|8|1|274|1|274|69.0,8.20247,0,0,0,0,False,69.0|274,719
1,8|719|8|719|vc|1|2|274|2|274|69.0,5.2931,0,0,0,0,False,69.0|274,719
1,8|719|8|719|vc|2|2|274|2|274|69.0,7.38251,0,0,0,0,False,69.0|274,719
1,8|719|8|719|vc|3|2|274|2|274|69.0,7.98723,0,0,0,0,False,69.0|274,719
1,8|719|8|719|vc|4|2|274|2|274|69.0,3.4591,0,0,0,0,False,69.0|274,719
1,8|719|8|719|vc|5|2|274|2|274|69.0,-2.42294,0,0,0,0,False,69.0|274,719
1,8|719|8|719|vc|6|2|274|2|274|69.0,3.08428,0,0,0,0,False,69.0|274,719
1,8|719|8|719|vc|7|2|274|2|274|69.0,1.46069,0,0,0,0,False,69.0|274,719
1,8|719|8|719|vc|8|2|274|2|274|69.0,0.760746,0,0,0,0,False,69.0|274,719
1,8|863|8|863|sample|7|274|7|274|65.0,-3.46259,0,0,0,0,True,65.0|274,863
1,8|863|8|863|sample|8|274|8|274|65.0,-0.448008,0,0,0,0,True,65.0|274,863
1,8|863|8|863|sample|6|274|6|274|65.0,-6.23072,0,0,0,0,True,65.0|274,863
1,8|863|8|863|sample|5|274|5|274|65.0,-5.2495,0,0,0,0,True,65.0|274,863
1,8|863|8|863|sample|11|274|11|274|28.0,-0.9992,0,0,0,0,True,28.0|274,863
1,8|863|8|863|sample|12|274|12|274|28.0,-2.76596,0,0,0,0,True,28.0|274,863
1,8|863|8|863|sample|9|274|9|274|28.0,-7.11201,0,0,0,0,True,28.0|274,863
1,8|863|8|863|sample|10|274|10|274|28.0,0.893646,0,0,0,0,True,28.0|274,863
1,8|863|8|863|sample|5|274|5|274|28.0,-5.98377,0,0,0,0,True,28.0|274,863
1,8|863|8|863|sample|3|274|3|274|22.0,-7.62839,0,0,0,0,True,22.0|274,863
1,8|863|8|863|sample|4|274|4|274|22.0,0.802435,0,0,0,0,True,22.0|274,863
1,8|863|8|863|sample|10|274|10|274|65.0,-6.37464,0,0,0,0,True,65.0|274,863
1,8|863|8|863|cc|1|1|274|1|274|69.0,1.64002,0,0,0,0,False,69.0|274,863
1,8|863|8|863|cc|2|1|274|1|274|69.0,-4.51293,0,0,0,0,False,69.0|274,863
1,8|863|8|863|cc|3|1|274|1|274|69.0,1.84328,0,0,0,0,False,69.0|274,863
1,8|863|8|863|cc|4|1|274|1|274|69.0,3.77235,0,0,0,0,False,69.0|274,863
1,8|863|8|863|cc|5|1|274|1|274|69.0,-9.98187,0,0,0,0,False,69.0|274,863
1,8|863|8|863|cc|6|1|274|1|274|69.0,-2.90703,0,0,0,0,False,69.0|274,863
1,8|863|8|863|cc|7|1|274|1|274|69.0,3.87946,0,0,0,0,False,69.0|274,863
1,8|863|8|863|cc|8|1|274|1|274|69.0,3.77905,0,0,0,0,False,69.0|274,863
1,8|863|8|863|vc|1|2|274|2|274|69.0,-2.90489,0,0,0,0,False,69.0|274,863
1,8|863|8|863|vc|2|2|274|2|274|69.0,1.96827,0,0,0,0,False,69.0|274,863
1,8|863|8|863|vc|3|2|274|2|274|69.0,-5.58991,0,0,0,0,False,69.0|274,863
1,8|863|8|863|vc|4|2|274|2|274|69.0,-2.18846,0,0,0,0,False,69.0|274,863
1,8|863|8|863|vc|5|2|274|2|274|69.0,-1.47413,0,0,0,0,False,69.0|274,863
1,8|863|8|863|vc|6|2|274|2|274|69.0,-4.519,0,0,0,0,False,69.0|274,863
1,8|863|8|863|vc|7|2|274|2|274|69.0,0.33428,0,0,0,0,False,69.0|274,863
1,8|863|8|863|vc|8|2|274|2|274|69.0,2.58544,0,0,0,0,False,69.0|274,863
1,8|488|8|488|sample|6|322|6|322|55.0,5.97613,0,0,0,0,True,55.0|322,488
1,8|488|8|488|sample|5|322|5|322|55.0,5.81102,0,0,0,0,True,55.0|322,488
1,8|488|8|488|sample|4|322|4|322|55.0,6.19864,0,0,0,0,True,55.0|322,488
1,8|488|8|488|sample|3|322|3|322|55.0,6.26723,0,0,0,0,True,55.0|322,488
1,8|488|8|488|sample|10|322|10|322|32.0,4.03782,0,0,0,0,True,32.0|322,488
1,8|488|8|488|sample|9|322|9|322|32.0,4.20038,0,0,0,0,True,32.0|322,488
1,8|488|8|488|sample|8|322|8|322|32.0,4.90932,0,0,0,0,True,32.0|322,488
1,8|488|8|488|sample|7|322|7|322|32.0,4.4999,0,0,0,0,True,32.0|322,488
1,8|488|8|488|sample|11|322|11|322|22.0,1.81186,0,0,0,0,True,22.0|322,488
1,8|488|8|488|sample|12|322|12|322|22.0,1.35112,0,0,0,0,True,22.0|322,488
1,8|488|8|488|cc|1|1|322|1|322|69.0,-2.73122,0,0,0,0,False,69.0|322,488
1,8|488|8|488|cc|2|1|322|1|322|69.0,-1.43814,0,0,0,0,False,69.0|322,488
1,8|488|8|488|cc|3|1|322|1|322|69.0,-3.16573,0,0,0,0,False,69.0|322,488
1,8|488|8|488|cc|4|1|322|1|322|69.0,0.243916,0,0,0,0,False,69.0|322,488
1,8|488|8|488|cc|5|1|322|1|322|69.0,-0.517772,0,0,0,0,False,69.0|322,488
1,8|488|8|488|cc|6|1|322|1|322|69.0,0.104508,0,0,0,0,False,69.0|322,488
1,8|488|8|488|cc|7|1|322|1|322|69.0,-2.3094,0,0,0,0,False,69.0|322,488
1,8|488|8|488|cc|8|1|322|1|322|69.0,-3.49712,0,0,0,0,False,69.0|322,488
1,8|488|8|488|vc|1|2|322|2|322|69.0,-17.1511,0,0,0,0,False,69.0|322,488
1,8|488|8|488|vc|2|2|322|2|322|69.0,-10.1362,0,0,0,0,False,69.0|322,488
1,8|488|8|488|vc|3|2|322|2|322|69.0,-3.51314,0,0,0,0,False,69.0|322,488
1,8|488|8|488|vc|4|2|322|2|322|69.0,2.51283,0,0,0,0,False,69.0|322,488
1,8|488|8|488|vc|5|2|322|2|322|69.0,5.90744,0,0,0,0,False,69.0|322,488
1,8|488|8|488|vc|6|2|322|2|322|69.0,-2.06467,0,0,0,0,False,69.0|322,488
1,8|488|8|488|vc|7|2|322|2|322|69.0,5.65923,0,0,0,0,False,69.0|322,488
1,8|488|8|488|vc|8|2|322|2|322|69.0,-3.10373,0,0,0,0,False,69.0|322,488
1,8|152|8|152|sample|8|322|8|322|65.0,3.47078,0,0,0,0,True,65.0|322,152
1,8|152|8|152|sample|7|322|7|322|65.0,3.24878,0,0,0,0,True,65.0|322,152
1,8|152|8|152|sample|6|322|6|322|65.0,3.53764,0,0,0,0,True,65.0|322,152
1,8|152|8|152|sample|5|322|5|322|65.0,3.12893,0,0,0,0,True,65.0|322,152
1,8|152|8|152|sample|12|322|12|322|28.0,-1.65846,0,0,0,0,True,28.0|322,152
1,8|152|8|152|sample|11|322|11|322|28.0,-1.77504,0,0,0,0,True,28.0|322,152
1,8|152|8|152|sample|10|322|10|322|28.0,-4.66354,0,0,0,0,True,28.0|322,152
1,8|152|8|152|sample|9|322|9|322|28.0,0.420496,0,0,0,0,True,28.0|322,152
1,8|152|8|152|sample|3|322|3|322|22.0,1.56435,0,0,0,0,True,22.0|322,152
1,8|152|8|152|sample|4|322|4|322|22.0,2.6787,0,0,0,0,True,22.0|322,152
1,8|152|8|152|cc|1|1|322|1|322|69.0,0.157309,0,0,0,0,False,69.0|322,152
1,8|152|8|152|cc|2|1|322|1|322|69.0,3.39051,0,0,0,0,False,69.0|322,152
1,8|152|8|152|cc|3|1|322|1|322|69.0,1.70007,0,0,0,0,False,69.0|322,152
1,8|152|8|152|cc|4|1|322|1|322|69.0,4.74883,0,0,0,0,False,69.0|322,152
1,8|152|8|152|cc|5|1|322|1|322|69.0,-7.65966,0,0,0,0,False,69.0|322,152
1,8|152|8|152|cc|6|1|322|1|322|69.0,-3.33708,0,0,0,0,False,69.0|322,152
1,8|152|8|152|cc|7|1|322|1|322|69.0,-3.78785,0,0,0,0,False,69.0|322,152
1,8|152|8|152|cc|8|1|322|1|322|69.0,-0.487095,0,0,0,0,False,69.0|322,152
1,8|152|8|152|vc|1|2|322|2|322|69.0,-1.15996,0,0,0,0,False,69.0|322,152
1,8|152|8|152|vc|2|2|322|2|322|69.0,5.39715,0,0,0,0,False,69.0|322,152
1,8|152|8|152|vc|3|2|322|2|322|69.0,2.56138,0,0,0,0,False,69.0|322,152
1,8|152|8|152|vc|4|2|322|2|322|69.0,-3.45039,0,0,0,0,False,69.0|322,152
1,8|152|8|152|vc|5|2|322|2|322|69.0,5.75317,0,0,0,0,False,69.0|322,152
1,8|152|8|152|vc|6|2|322|2|322|69.0,0.79859,0,0,0,0,False,69.0|322,152
1,8|152|8|152|vc|7|2|322|2|322|69.0,2.92587,0,0,0,0,False,69.0|322,152
1,8|152|8|152|vc|8|2|322|2|322|69.0,-0.509586,0,0,0,0,False,69.0|322,152
1,8|847|8|847|sample|6|69|6|69|55.0,4.99429,0,0,0,0,True,55.0|69,847
1,8|847|8|847|sample|3|69|3|69|55.0,5.02935,0,0,0,0,True,55.0|69,847
1,8|847|8|847|sample|4|69|4|69|55.0,5.71557,0,0,0,0,True,55.0|69,847
1,8|847|8|847|sample|10|69|10|69|32.0,-2.16638,0,0,0,0,True,32.0|69,847
1,8|847|8|847|sample|9|69|9|69|32.0,-3.28091,0,0,0,0,True,32.0|69,847
1,8|847|8|847|sample|7|69|7|69|32.0,0.775982,0,0,0,0,True,32.0|69,847
1,8|847|8|847|sample|8|69|8|69|32.0,-4.03786,0,0,0,0,True,32.0|69,847
1,8|847|8|847|sample|12|69|12|69|22.0,4.33788,0,0,0,0,True,22.0|69,847
1,8|847|8|847|sample|11|69|11|69|22.0,4.29173,0,0,0,0,True,22.0|69,847
1,8|847|8|847|sample|5|69|5|69|55.0,4.89708,0,0,0,0,True,55.0|69,847
1,8|847|8|847|cc|1|1|69|1|69|69.0,-2.70114,0,0,0,0,False,69.0|69,847
1,8|847|8|847|cc|2|1|69|1|69|69.0,2.4624,0,0,0,0,False,69.0|69,847
1,8|847|8|847|cc|3|1|69|1|69|69.0,-6.07637,0,0,0,0,False,69.0|69,847
1,8|847|8|847|cc|4|1|69|1|69|69.0,7.96008,0,0,0,0,False,69.0|69,847
1,8|847|8|847|cc|5|1|69|1|69|69.0,8.57264,0,0,0,0,False,69.0|69,847
1,8|847|8|847|cc|6|1|69|1|69|69.0,1.85356,0,0,0,0,False,69.0|69,847
1,8|847|8|847|cc|7|1|69|1|69|69.0,0.308261,0,0,0,0,False,69.0|69,847
1,8|847|8|847|cc|8|1|69|1|69|69.0,-4.46223,0,0,0,0,False,69.0|69,847
1,8|847|8|847|vc|1|2|69|2|69|69.0,3.80463,0,0,0,0,False,69.0|69,847
1,8|847|8|847|vc|2|2|69|2|69|69.0,-9.78376,0,0,0,0,False,69.0|69,847
1,8|847|8|847|vc|3|2|69|2|69|69.0,0.508289,0,0,0,0,False,69.0|69,847
1,8|847|8|847|vc|4|2|69|2|69|69.0,-1.92861,0,0,0,0,False,69.0|69,847
1,8|847|8|847|vc|5|2|69|2|69|69.0,5.3385,0,0,0,0,False,69.0|69,847
1,8|847|8|847|vc|6|2|69|2|69|69.0,-2.55123,0,0,0,0,False,69.0|69,847
1,8|847|8|847|vc|7|2|69|2|69|69.0,6.30638,0,0,0,0,False,69.0|69,847
1,8|847|8|847|vc|8|2|69|2|69|69.0,0.871235,0,0,0,0,False,69.0|69,847
1,8|1241|8|1241|sample|8|69|8|69|65.0,-1.67539,0,0,0,0,True,65.0|69,1241
1,8|1241|8|1241|sample|7|69|7|69|65.0,1.09697,0,0,0,0,True,65.0|69,1241
1,8|1241|8|1241|sample|5|69|5|69|65.0,3.77614,0,0,0,0,True,65.0|69,1241
1,8|1241|8|1241|sample|6|69|6|69|65.0,4.97593,0,0,0,0,True,65.0|69,1241
1,8|1241|8|1241|sample|11|69|11|69|28.0,-1.90312,0,0,0,0,True,28.0|69,1241
1,8|1241|8|1241|sample|12|69|12|69|28.0,-5.68282,0,0,0,0,True,28.0|69,1241
1,8|1241|8|1241|sample|9|69|9|69|28.0,-3.17781,0,0,0,0,True,28.0|69,1241
1,8|1241|8|1241|sample|10|69|10|69|28.0,-0.297062,0,0,0,0,True,28.0|69,1241
1,8|1241|8|1241|sample|3|69|3|69|22.0,4.84782,0,0,0,0,True,22.0|69,1241
1,8|1241|8|1241|sample|4|69|4|69|22.0,5.0777,0,0,0,0,True,22.0|69,1241
1,8|1241|8|1241|sample|3|69|3|69|65.0,-4.63789,0,0,0,0,True,65.0|69,1241
1,8|1241|8|1241|sample|8|69|8|69|22.0,-5.96017,0,0,0,0,True,22.0|69,1241
1,8|1241|8|1241|cc|1|1|69|1|69|69.0,1.49452,0,0,0,0,False,69.0|69,1241
1,8|1241|8|1241|cc|2|1|69|1|69|69.0,-1.81227,0,0,0,0,False,69.0|69,1241
1,8|1241|8|1241|cc|3|1|69|1|69|69.0,-15.0019,0,0,0,0,False,69.0|69,1241
1,8|1241|8|1241|cc|4|1|69|1|69|69.0,8.85873,0,0,0,0,False,69.0|69,1241
1,8|1241|8|1241|cc|5|1|69|1|69|69.0,1.34745,0,0,0,0,False,69.0|69,1241
1,8|1241|8|1241|cc|6|1|69|1|69|69.0,-5.51668,0,0,0,0,False,69.0|69,1241
1,8|1241|8|1241|cc|7|1|69|1|69|69.0,-7.03593,0,0,0,0,False,69.0|69,1241
1,8|1241|8|1241|cc|8|1|69|1|69|69.0,3.47643,0,0,0,0,False,69.0|69,1241
1,8|1241|8|1241|vc|1|2|69|2|69|69.0,-3.50885,0,0,0,0,False,69.0|69,1241
1,8|1241|8|1241|vc|2|2|69|2|69|69.0,2.55008,0,0,0,0,False,69.0|69,1241
1,8|1241|8|1241|vc|3|2|69|2|69|69.0,-0.449819,0,0,0,0,False,69.0|69,1241
1,8|1241|8|1241|vc|4|2|69|2|69|69.0,0.480957,0,0,0,0,False,69.0|69,1241
1,8|1241|8|1241|vc|5|2|69|2|69|69.0,-2.02206,0,0,0,0,False,69.0|69,1241
1,8|1241|8|1241|vc|6|2|69|2|69|69.0,-0.0960005,0,0,0,0,False,69.0|69,1241
1,8|1241|8|1241|vc|7|2|69|2|69|69.0,-1.87862,0,0,0,0,False,69.0|69,1241
1,8|1241|8|1241|vc|8|2|69|2|69|69.0,2.49324,0,0,0,0,False,69.0|69,1241
1,8|474|8|474|sample|5|276|5|276|55.0,4.71222,0,0,0,0,True,55.0|276,474
1,8|474|8|474|sample|6|276|6|276|55.0,4.77334,0,0,0,0,True,55.0|276,474
1,8|474|8|474|sample|3|276|3|276|55.0,5.25081,0,0,0,0,True,55.0|276,474
1,8|474|8|474|sample|4|276|4|276|55.0,5.22524,0,0,0,0,True,55.0|276,474
1,8|474|8|474|sample|9|276|9|276|32.0,0.944088,0,0,0,0,True,32.0|276,474
1,8|474|8|474|sample|10|276|10|276|32.0,-5.8532,0,0,0,0,True,32.0|276,474
1,8|474|8|474|sample|8|276|8|276|32.0,-3.02993,0,0,0,0,True,32.0|276,474
1,8|474|8|474|sample|7|276|7|276|32.0,-7.85822,0,0,0,0,True,32.0|276,474
1,8|474|8|474|sample|12|276|12|276|22.0,-3.45287,0,0,0,0,True,22.0|276,474
1,8|474|8|474|sample|11|276|11|276|22.0,-0.467561,0,0,0,0,True,22.0|276,474
1,8|474|8|474|cc|1|1|276|1|276|69.0,1.87668,0,0,0,0,False,69.0|276,474
1,8|474|8|474|cc|2|1|276|1|276|69.0,2.09142,0,0,0,0,False,69.0|276,474
1,8|474|8|474|cc|3|1|276|1|276|69.0,-8.69731,0,0,0,0,False,69.0|276,474
1,8|474|8|474|cc|4|1|276|1|276|69.0,1.6949,0,0,0,0,False,69.0|276,474
1,8|474|8|474|cc|5|1|276|1|276|69.0,2.14306,0,0,0,0,False,69.0|276,474
1,8|474|8|474|cc|6|1|276|1|276|69.0,7.21154,0,0,0,0,False,69.0|276,474
1,8|474|8|474|cc|7|1|276|1|276|69.0,3.98692,0,0,0,0,False,69.0|276,474
1,8|474|8|474|cc|8|1|276|1|276|69.0,1.26896,0,0,0,0,False,69.0|276,474
1,8|474|8|474|vc|1|2|276|2|276|69.0,1.4767,0,0,0,0,False,69.0|276,474
1,8|474|8|474|vc|2|2|276|2|276|69.0,-0.991087,0,0,0,0,False,69.0|276,474
1,8|474|8|474|vc|3|2|276|2|276|69.0,1.37369,0,0,0,0,False,69.0|276,474
1,8|474|8|474|vc|4|2|276|2|276|69.0,3.26024,0,0,0,0,False,69.0|276,474
1,8|474|8|474|vc|5|2|276|2|276|69.0,-2.91841,0,0,0,0,False,69.0|276,474
1,8|474|8|474|vc|6|2|276|2|276|69.0,2.13409,0,0,0,0,False,69.0|276,474
1,8|474|8|474|vc|7|2|276|2|276|69.0,-1.84067,0,0,0,0,False,69.0|276,474
1,8|474|8|474|vc|8|2|276|2|276|69.0,0.947123,0,0,0,0,False,69.0|276,474
1,8|1056|8|1056|sample|8|276|8|276|65.0,-2.51666,0,0,0,0,True,65.0|276,1056
1,8|1056|8|1056|sample|7|276|7|276|65.0,-2.67923,0,0,0,0,True,65.0|276,1056
1,8|1056|8|1056|sample|6|276|6|276|65.0,0.94169,0,0,0,0,True,65.0|276,1056
1,8|1056|8|1056|sample|5|276|5|276|65.0,-2.08855,0,0,0,0,True,65.0|276,1056
1,8|1056|8|1056|sample|12|276|12|276|28.0,-0.518824,0,0,0,0,True,28.0|276,1056
1,8|1056|8|1056|sample|11|276|11|276|28.0,-0.167457,0,0,0,0,True,28.0|276,1056
1,8|1056|8|1056|sample|10|276|10|276|28.0,-0.563757,0,0,0,0,True,28.0|276,1056
1,8|1056|8|1056|sample|9|276|9|276|28.0,-1.99069,0,0,0,0,True,28.0|276,1056
1,8|1056|8|1056|sample|4|276|4|276|22.0,-4.44921,0,0,0,0,True,22.0|276,1056
1,8|1056|8|1056|sample|3|276|3|276|22.0,-5.45594,0,0,0,0,True,22.0|276,1056
1,8|1056|8|1056|cc|1|1|276|1|276|69.0,4.17541,0,0,0,0,False,69.0|276,1056
1,8|1056|8|1056|cc|2|1|276|1|276|69.0,0.995221,0,0,0,0,False,69.0|276,1056
1,8|1056|8|1056|cc|3|1|276|1|276|69.0,2.35263,0,0,0,0,False,69.0|276,1056
1,8|1056|8|1056|cc|4|1|276|1|276|69.0,-4.14999,0,0,0,0,False,69.0|276,1056
1,8|1056|8|1056|cc|5|1|276|1|276|69.0,6.30319,0,0,0,0,False,69.0|276,1056
1,8|1056|8|1056|cc|6|1|276|1|276|69.0,-3.62975,0,0,0,0,False,69.0|276,1056
1,8|1056|8|1056|cc|7|1|276|1|276|69.0,2.41572,0,0,0,0,False,69.0|276,1056
1,8|1056|8|1056|cc|8|1|276|1|276|69.0,1.29618,0,0,0,0,False,69.0|276,1056
1,8|1056|8|1056|vc|1|2|276|2|276|69.0,-0.162025,0,0,0,0,False,69.0|276,1056
1,8|1056|8|1056|vc|2|2|276|2|276|69.0,0.129666,0,0,0,0,False,69.0|276,1056
1,8|1056|8|1056|vc|3|2|276|2|276|69.0,-0.0145132,0,0,0,0,False,69.0|276,1056
1,8|1056|8|1056|vc|4|2|276|2|276|69.0,-0.579313,0,0,0,0,False,69.0|276,1056
1,8|1056|8|1056|vc|5|2|276|2|276|69.0,1.52118,0,0,0,0,False,69.0|276,1056
1,8|1056|8|1056|vc|6|2|276|2|276|69.0,-1.71878,0,0,0,0,False,69.0|276,1056
1,8|1056|8|1056|vc|7|2|276|2|276|69.0,-6.98224,0,0,0,0,False,69.0|276,1056
1,8|1056|8|1056|vc|8|2|276|2|276|69.0,0.472162,0,0,0,0,False,69.0|276,1056
1,8|462|8|462|sample|6|292|6|292|55.0,5.47951,0,0,0,0,True,55.0|292,462
1,8|462|8|462|sample|5|292|5|292|55.0,5.47584,0,0,0,0,True,55.0|292,462
1,8|462|8|462|sample|4|292|4|292|55.0,5.74781,0,0,0,0,True,55.0|292,462
1,8|462|8|462|sample|3|292|3|292|55.0,5.71139,0,0,0,0,True,55.0|292,462
1,8|462|8|462|sample|9|292|9|292|32.0,-1.18478,0,0,0,0,True,32.0|292,462
1,8|462|8|462|sample|10|292|10|292|32.0,-5.09019,0,0,0,0,True,32.0|292,462
1,8|462|8|462|sample|7|292|7|292|32.0,-2.51568,0,0,0,0,True,32.0|292,462
1,8|462|8|462|sample|8|292|8|292|32.0,0.233577,0,0,0,0,True,32.0|292,462
1,8|462|8|462|sample|11|292|11|292|22.0,1.5896,0,0,0,0,True,22.0|292,462
1,8|462|8|462|sample|12|292|12|292|22.0,0.366503,0,0,0,0,True,22.0|292,462
1,8|462|8|462|cc|1|1|292|1|292|69.0,-8.0552,0,0,0,0,False,69.0|292,462
1,8|462|8|462|cc|2|1|292|1|292|69.0,6.76217,0,0,0,0,False,69.0|292,462
1,8|462|8|462|cc|3|1|292|1|292|69.0,-1.35784,0,0,0,0,False,69.0|292,462
1,8|462|8|462|cc|4|1|292|1|292|69.0,3.22516,0,0,0,0,False,69.0|292,462
1,8|462|8|462|cc|5|1|292|1|292|69.0,5.31885,0,0,0,0,False,69.0|292,462
1,8|462|8|462|cc|6|1|292|1|292|69.0,2.46125,0,0,0,0,False,69.0|292,462
1,8|462|8|462|cc|7|1|292|1|292|69.0,3.21065,0,0,0,0,False,69.0|292,462
1,8|462|8|462|cc|8|1|292|1|292|69.0,3.19899,0,0,0,0,False,69.0|292,462
1,8|462|8|462|vc|1|2|292|2|292|69.0,-2.16176,0,0,0,0,False,69.0|292,462
1,8|462|8|462|vc|2|2|292|2|292|69.0,-0.65505,0,0,0,0,False,69.0|292,462
1,8|462|8|462|vc|3|2|292|2|292|69.0,3.1239,0,0,0,0,False,69.0|292,462
1,8|462|8|462|vc|4|2|292|2|292|69.0,1.7969,0,0,0,0,False,69.0|292,462
1,8|462|8|462|vc|5|2|292|2|292|69.0,2.73142,0,0,0,0,False,69.0|292,462
1,8|462|8|462|vc|6|2|292|2|292|69.0,3.19781,0,0,0,0,False,69.0|292,462
1,8|462|8|462|vc|7|2|292|2|292|69.0,2.45941,0,0,0,0,False,69.0|292,462
1,8|462|8|462|vc|8|2|292|2|292|69.0,-2.66072,0,0,0,0,False,69.0|292,462
1,8|1159|8|1159|sample|8|292|8|292|65.0,-3.89358,0,0,0,0,True,65.0|292,1159
1,8|1159|8|1159|sample|7|292|7|292|65.0,-3.22794,0,0,0,0,True,65.0|292,1159
1,8|1159|8|1159|sample|5|292|5|292|65.0,3.9174,0,0,0,0,True,65.0|292,1159
1,8|1159|8|1159|sample|6|292|6|292|65.0,-4.0456,0,0,0,0,True,65.0|292,1159
1,8|1159|8|1159|sample|11|292|11|292|28.0,-0.743097,0,0,0,0,True,28.0|292,1159
1,8|1159|8|1159|sample|12|292|12|292|28.0,-4.29651,0,0,0,0,True,28.0|292,1159
1,8|1159|8|1159|sample|9|292|9|292|28.0,-1.47435,0,0,0,0,True,28.0|292,1159
1,8|1159|8|1159|sample|10|292|10|292|28.0,-0.782591,0,0,0,0,True,28.0|292,1159
1,8|1159|8|1159|sample|4|292|4|292|22.0,5.24417,0,0,0,0,True,22.0|292,1159
1,8|1159|8|1159|sample|3|292|3|292|22.0,4.82949,0,0,0,0,True,22.0|292,1159
1,8|1159|8|1159|cc|1|1|292|1|292|69.0,-11.9569,0,0,0,0,False,69.0|292,1159
1,8|1159|8|1159|cc|2|1|292|1|292|69.0,6.29509,0,0,0,0,False,69.0|292,1159
1,8|1159|8|1159|cc|3|1|292|1|292|69.0,1.32501,0,0,0,0,False,69.0|292,1159
1,8|1159|8|1159|cc|4|1|292|1|292|69.0,3.26417,0,0,0,0,False,69.0|292,1159
1,8|1159|8|1159|cc|5|1|292|1|292|69.0,1.94494,0,0,0,0,False,69.0|292,1159
1,8|1159|8|1159|cc|6|1|292|1|292|69.0,-0.503364,0,0,0,0,False,69.0|292,1159
1,8|1159|8|1159|cc|7|1|292|1|292|69.0,1.3083,0,0,0,0,False,69.0|292,1159
1,8|1159|8|1159|cc|8|1|292|1|292|69.0,0.37732,0,0,0,0,False,69.0|292,1159
1,8|1159|8|1159|vc|1|2|292|2|292|69.0,4.27869,0,0,0,0,False,69.0|292,1159
1,8|1159|8|1159|vc|2|2|292|2|292|69.0,-2.89756,0,0,0,0,False,69.0|292,1159
1,8|1159|8|1159|vc|3|2|292|2|292|69.0,5.36918,0,0,0,0,False,69.0|292,1159
1,8|1159|8|1159|vc|4|2|292|2|292|69.0,0.565869,0,0,0,0,False,69.0|292,1159
1,8|1159|8|1159|vc|5|2|292|2|292|69.0,3.92144,0,0,0,0,False,69.0|292,1159
1,8|1159|8|1159|vc|6|2|292|2|292|69.0,1.06695,0,0,0,0,False,69.0|292,1159
1,8|1159|8|1159|vc|7|2|292|2|292|69.0,-2.48043,0,0,0,0,False,69.0|292,1159
1,8|1159|8|1159|vc|8|2|292|2|292|69.0,-2.81142,0,0,0,0,False,69.0|292,1159
1,8|75|8|75|sample|6|65|6|65|55.0,-0.517632,0,0,0,0,True,55.0|65,75
1,8|75|8|75|sample|5|65|5|65|55.0,0.842072,0,0,0,0,True,55.0|65,75
1,8|75|8|75|sample|3|65|3|65|55.0,-2.00971,0,0,0,0,True,55.0|65,75
1,8|75|8|75|sample|4|65|4|65|55.0,0.309708,0,0,0,0,True,55.0|65,75
1,8|75|8|75|sample|9|65|9|65|32.0,3.84089,0,0,0,0,True,32.0|65,75
1,8|75|8|75|sample|10|65|10|65|32.0,3.89022,0,0,0,0,True,32.0|65,75
1,8|75|8|75|sample|7|65|7|65|32.0,3.92255,0,0,0,0,True,32.0|65,75
1,8|75|8|75|sample|8|65|8|65|32.0,3.43293,0,0,0,0,True,32.0|65,75
1,8|75|8|75|sample|12|65|12|65|22.0,0.441051,0,0,0,0,True,22.0|65,75
1,8|75|8|75|sample|11|65|11|65|22.0,-1.7162,0,0,0,0,True,22.0|65,75
1,8|75|8|75|cc|1|1|65|1|65|69.0,4.13825,0,0,0,0,False,69.0|65,75
1,8|75|8|75|cc|2|1|65|1|65|69.0,-6.0332,0,0,0,0,False,69.0|65,75
1,8|75|8|75|cc|3|1|65|1|65|69.0,2.99777,0,0,0,0,False,69.0|65,75
1,8|75|8|75|cc|4|1|65|1|65|69.0,-6.2632,0,0,0,0,False,69.0|65,75
1,8|75|8|75|cc|5|1|65|1|65|69.0,1.73309,0,0,0,0,False,69.0|65,75
1,8|75|8|75|cc|6|1|65|1|65|69.0,3.95808,0,0,0,0,False,69.0|65,75
1,8|75|8|75|cc|7|1|65|1|65|69.0,-2.86864,0,0,0,0,False,69.0|65,75
1,8|75|8|75|cc|8|1|65|1|65|69.0,5.98365,0,0,0,0,False,69.0|65,75
1,8|75|8|75|vc|1|2|65|2|65|69.0,3.33431,0,0,0,0,False,69.0|65,75
1,8|75|8|75|vc|2|2|65|2|65|69.0,-7.03119,0,0,0,0,False,69.0|65,75
1,8|75|8|75|vc|3|2|65|2|65|69.0,-4.56588,0,0,0,0,False,69.0|65,75
1,8|75|8|75|vc|4|2|65|2|65|69.0,-0.896582,0,0,0,0,False,69.0|65,75
1,8|75|8|75|vc|5|2|65|2|65|69.0,-3.40031,0,0,0,0,False,69.0|65,75
1,8|75|8|75|vc|6|2|65|2|65|69.0,0.497821,0,0,0,0,False,69.0|65,75
1,8|75|8|75|vc|7|2|65|2|65|69.0,3.92907,0,0,0,0,False,69.0|65,75
1,8|75|8|75|vc|8|2|65|2|65|69.0,0.543942,0,0,0,0,False,69.0|65,75
1,8|1017|8|1017|sample|7|65|7|65|65.0,-1.60327,0,0,0,0,True,65.0|65,1017
1,8|1017|8|1017|sample|8|65|8|65|65.0,-5.40504,0,0,0,0,True,65.0|65,1017
1,8|1017|8|1017|sample|5|65|5|65|65.0,-0.475157,0,0,0,0,True,65.0|65,1017
1,8|1017|8|1017|sample|6|65|6|65|65.0,-0.507848,0,0,0,0,True,65.0|65,1017
1,8|1017|8|1017|sample|12|65|12|65|28.0,-6.88043,0,0,0,0,True,28.0|65,1017
1,8|1017|8|1017|sample|11|65|11|65|28.0,-2.27361,0,0,0,0,True,28.0|65,1017
1,8|1017|8|1017|sample|8|65|8|65|28.0,-2.27395,0,0,0,0,True,28.0|65,1017
1,8|1017|8|1017|sample|10|65|10|65|28.0,-4.17691,0,0,0,0,True,28.0|65,1017
1,8|1017|8|1017|sample|9|65|9|65|28.0,-7.98272,0,0,0,0,True,28.0|65,1017
1,8|1017|8|1017|sample|4|65|4|65|22.0,-3.68921,0,0,0,0,True,22.0|65,1017
1,8|1017|8|1017|sample|3|65|3|65|22.0,-0.949129,0,0,0,0,True,22.0|65,1017
1,8|1017|8|1017|sample|3|65|3|65|65.0,-0.385438,0,0,0,0,True,65.0|65,1017
1,8|1017|8|1017|sample|11|65|11|65|65.0,-5.91514,0,0,0,0,True,65.0|65,1017
1,8|1017|8|1017|sample|8|65|8|65|22.0,-3.19108,0,0,0,0,True,22.0|65,1017
1,8|1017|8|1017|cc|1|1|65|1|65|69.0,-1.68588,0,0,0,0,False,69.0|65,1017
1,8|1017|8|1017|cc|2|1|65|1|65|69.0,-7.35978,0,0,0,0,False,69.0|65,1017
1,8|1017|8|1017|cc|3|1|65|1|65|69.0,2.68664,0,0,0,0,False,69.0|65,1017
1,8|1017|8|1017|cc|4|1|65|1|65|69.0,-3.20696,0,0,0,0,False,69.0|65,1017
1,8|1017|8|1017|cc|5|1|65|1|65|69.0,-2.9293,0,0,0,0,False,69.0|65,1017
1,8|1017|8|1017|cc|6|1|65|1|65|69.0,-0.783769,0,0,0,0,False,69.0|65,1017
1,8|1017|8|1017|cc|7|1|65|1|65|69.0,-0.584215,0,0,0,0,False,69.0|65,1017
1,8|1017|8|1017|cc|8|1|65|1|65|69.0,1.84491,0,0,0,0,False,69.0|65,1017
1,8|1017|8|1017|vc|1|2|65|2|65|69.0,-2.64662,0,0,0,0,False,69.0|65,1017
1,8|1017|8|1017|vc|2|2|65|2|65|69.0,1.01359,0,0,0,0,False,69.0|65,1017
1,8|1017|8|1017|vc|3|2|65|2|65|69.0,2.78375,0,0,0,0,False,69.0|65,1017
1,8|1017|8|1017|vc|4|2|65|2|65|69.0,3.98888,0,0,0,0,False,69.0|65,1017
1,8|1017|8|1017|vc|5|2|65|2|65|69.0,-3.66234,0,0,0,0,False,69.0|65,1017
1,8|1017|8|1017|vc|6|2|65|2|65|69.0,5.51933,0,0,0,0,False,69.0|65,1017
1,8|1017|8|1017|vc|7|2|65|2|65|69.0,1.14925,0,0,0,0,False,69.0|65,1017
1,8|1017|8|1017|vc|8|2|65|2|65|69.0,-0.877861,0,0,0,0,False,69.0|65,1017
1,8|291|8|291|sample|6|103|6|103|55.0,3.9645,0,0,0,0,True,55.0|103,291
1,8|291|8|291|sample|5|103|5|103|55.0,4.21194,0,0,0,0,True,55.0|103,291
1,8|291|8|291|sample|4|103|4|103|55.0,5.26828,0,0,0,0,True,55.0|103,291
1,8|291|8|291|sample|3|103|3|103|55.0,4.54162,0,0,0,0,True,55.0|103,291
1,8|291|8|291|sample|9|103|9|103|32.0,-4.93536,0,0,0,0,True,32.0|103,291
1,8|291|8|291|sample|10|103|10|103|32.0,-4.09526,0,0,0,0,True,32.0|103,291
1,8|291|8|291|sample|8|103|8|103|32.0,-4.41912,0,0,0,0,True,32.0|103,291
1,8|291|8|291|sample|7|103|7|103|32.0,-5.25733,0,0,0,0,True,32.0|103,291
1,8|291|8|291|sample|11|103|11|103|22.0,-8.6019,0,0,0,0,True,22.0|103,291
1,8|291|8|291|sample|12|103|12|103|22.0,-6.30697,0,0,0,0,True,22.0|103,291
1,8|291|8|291|cc|1|1|103|1|103|69.0,-5.96339,0,0,0,0,False,69.0|103,291
1,8|291|8|291|cc|2|1|103|1|103|69.0,-1.74809,0,0,0,0,False,69.0|103,291
1,8|291|8|291|cc|3|1|103|1|103|69.0,6.10701,0,0,0,0,False,69.0|103,291
1,8|291|8|291|cc|4|1|103|1|103|69.0,-2.10457,0,0,0,0,False,69.0|103,291
1,8|291|8|291|cc|5|1|103|1|103|69.0,6.20642,0,0,0,0,False,69.0|103,291
1,8|291|8|291|cc|6|1|103|1|103|69.0,-3.90475,0,0,0,0,False,69.0|103,291
1,8|291|8|291|cc|7|1|103|1|103|69.0,-0.926137,0,0,0,0,False,69.0|103,291
1,8|291|8|291|cc|8|1|103|1|103|69.0,0.468238,0,0,0,0,False,69.0|103,291
1,8|291|8|291|vc|1|2|103|2|103|69.0,0.254859,0,0,0,0,False,69.0|103,291
1,8|291|8|291|vc|2|2|103|2|103|69.0,-0.260297,0,0,0,0,False,69.0|103,291
1,8|291|8|291|vc|3|2|103|2|103|69.0,0.806946,0,0,0,0,False,69.0|103,291
1,8|291|8|291|vc|4|2|103|2|103|69.0,-2.91605,0,0,0,0,False,69.0|103,291
1,8|291|8|291|vc|5|2|103|2|103|69.0,0.18795,0,0,0,0,False,69.0|103,291
1,8|291|8|291|vc|6|2|103|2|103|69.0,-1.71219,0,0,0,0,False,69.0|103,291
1,8|291|8|291|vc|7|2|103|2|103|69.0,1.66138,0,0,0,0,False,69.0|103,291
1,8|291|8|291|vc|8|2|103|2|103|69.0,3.82751,0,0,0,0,False,69.0|103,291
1,8|1197|8|1197|sample|7|103|7|103|65.0,-4.18329,0,0,0,0,True,65.0|103,1197
1,8|1197|8|1197|sample|8|103|8|103|65.0,0.0735731,0,0,0,0,True,65.0|103,1197
1,8|1197|8|1197|sample|6|103|6|103|65.0,-5.99731,0,0,0,0,True,65.0|103,1197
1,8|1197|8|1197|sample|5|103|5|103|65.0,-2.21632,0,0,0,0,True,65.0|103,1197
1,8|1197|8|1197|sample|12|103|12|103|28.0,-1.23433,0,0,0,0,True,28.0|103,1197
1,8|1197|8|1197|sample|10|103|10|103|28.0,-3.36701,0,0,0,0,True,28.0|103,1197
1,8|1197|8|1197|sample|9|103|9|103|28.0,-2.41099,0,0,0,0,True,28.0|103,1197
1,8|1197|8|1197|sample|3|103|3|103|22.0,-5.53697,0,0,0,0,True,22.0|103,1197
1,8|1197|8|1197|sample|4|103|4|103|22.0,-0.453121,0,0,0,0,True,22.0|103,1197
1,8|1197|8|1197|sample|11|103|11|103|28.0,-5.70787,0,0,0,0,True,28.0|103,1197
1,8|1197|8|1197|cc|1|1|103|1|103|69.0,-2.39827,0,0,0,0,False,69.0|103,1197
1,8|1197|8|1197|cc|2|1|103|1|103|69.0,-5.95286,0,0,0,0,False,69.0|103,1197
1,8|1197|8|1197|cc|3|1|103|1|103|69.0,0.493037,0,0,0,0,False,69.0|103,1197
1,8|1197|8|1197|cc|4|1|103|1|103|69.0,-8.83484,0,0,0,0,False,69.0|103,1197
1,8|1197|8|1197|cc|5|1|103|1|103|69.0,-1.52186,0,0,0,0,False,69.0|103,1197
1,8|1197|8|1197|cc|6|1|103|1|103|69.0,3.79983,0,0,0,0,False,69.0|103,1197
1,8|1197|8|1197|cc|7|1|103|1|103|69.0,2.01049,0,0,0,0,False,69.0|103,1197
1,8|1197|8|1197|cc|8|1|103|1|103|69.0,2.10635,0,0,0,0,False,69.0|103,1197
1,8|1197|8|1197|vc|1|2|103|2|103|69.0,0.725112,0,0,0,0,False,69.0|103,1197
1,8|1197|8|1197|vc|2|2|103|2|103|69.0,-3.1315,0,0,0,0,False,69.0|103,1197
1,8|1197|8|1197|vc|3|2|103|2|103|69.0,-0.544801,0,0,0,0,False,69.0|103,1197
1,8|1197|8|1197|vc|4|2|103|2|103|69.0,2.33341,0,0,0,0,False,69.0|103,1197
1,8|1197|8|1197|vc|5|2|103|2|103|69.0,2.19246,0,0,0,0,False,69.0|103,1197
1,8|1197|8|1197|vc|6|2|103|2|103|69.0,-2.14046,0,0,0,0,False,69.0|103,1197
1,8|1197|8|1197|vc|7|2|103|2|103|69.0,-2.14804,0,0,0,0,False,69.0|103,1197
1,8|1197|8|1197|vc|8|2|103|2|103|69.0,3.51144,0,0,0,0,False,69.0|103,1197
1,8|77|8|77|sample|6|218|6|218|55.0,0.979401,0,0,0,0,True,55.0|218,77
1,8|77|8|77|sample|5|218|5|218|55.0,1.13558,0,0,0,0,True,55.0|218,77
1,8|77|8|77|sample|3|218|3|218|55.0,-4.31187,0,0,0,0,True,55.0|218,77
1,8|77|8|77|sample|4|218|4|218|55.0,-7.34827,0,0,0,0,True,55.0|218,77
1,8|77|8|77|sample|9|218|9|218|32.0,0.0550279,0,0,0,0,True,32.0|218,77
1,8|77|8|77|sample|10|218|10|218|32.0,1.29062,0,0,0,0,True,32.0|218,77
1,8|77|8|77|sample|8|218|8|218|32.0,0.52366,0,0,0,0,True,32.0|218,77
1,8|77|8|77|sample|7|218|7|218|32.0,0.643067,0,0,0,0,True,32.0|218,77
1,8|77|8|77|sample|12|218|12|218|22.0,-4.5201,0,0,0,0,True,22.0|218,77
1,8|77|8|77|sample|11|218|11|218|22.0,-7.70795,0,0,0,0,True,22.0|218,77
1,8|77|8|77|cc|1|1|218|1|218|69.0,0.483218,0,0,0,0,False,69.0|218,77
1,8|77|8|77|cc|2|1|218|1|218|69.0,1.59161,0,0,0,0,False,69.0|218,77
1,8|77|8|77|cc|3|1|218|1|218|69.0,-7.33288,0,0,0,0,False,69.0|218,77
1,8|77|8|77|cc|4|1|218|1|218|69.0,2.20774,0,0,0,0,False,69.0|218,77
1,8|77|8|77|cc|5|1|218|1|218|69.0,3.79396,0,0,0,0,False,69.0|218,77
1,8|77|8|77|cc|6|1|218|1|218|69.0,5.24173,0,0,0,0,False,69.0|218,77
1,8|77|8|77|cc|7|1|218|1|218|69.0,2.58943,0,0,0,0,False,69.0|218,77
1,8|77|8|77|cc|8|1|218|1|218|69.0,-0.7373,0,0,0,0,False,69.0|218,77
1,8|77|8|77|vc|1|2|218|2|218|69.0,-1.24662,0,0,0,0,False,69.0|218,77
1,8|77|8|77|vc|2|2|218|2|218|69.0,1.56018,0,0,0,0,False,69.0|218,77
1,8|77|8|77|vc|3|2|218|2|218|69.0,-2.04369,0,0,0,0,False,69.0|218,77
1,8|77|8|77|vc|4|2|218|2|218|69.0,3.14759,0,0,0,0,False,69.0|218,77
1,8|77|8|77|vc|5|2|218|2|218|69.0,-2.45804,0,0,0,0,False,69.0|218,77
1,8|77|8|77|vc|6|2|218|2|218|69.0,-9.17323,0,0,0,0,False,69.0|218,77
1,8|77|8|77|vc|7|2|218|2|218|69.0,2.01964,0,0,0,0,False,69.0|218,77
1,8|77|8|77|vc|8|2|218|2|218|69.0,-0.870627,0,0,0,0,False,69.0|218,77
1,8|745|8|745|sample|7|218|7|218|65.0,0.623767,0,0,0,0,True,65.0|218,745
1,8|745|8|745|sample|8|218|8|218|65.0,0.425137,0,0,0,0,True,65.0|218,745
1,8|745|8|745|sample|6|218|6|218|65.0,-5.01344,0,0,0,0,True,65.0|218,745
1,8|745|8|745|sample|5|218|5|218|65.0,-2.35837,0,0,0,0,True,65.0|218,745
1,8|745|8|745|sample|3|218|3|218|65.0,-4.10824,0,0,0,0,True,65.0|218,745
1,8|745|8|745|sample|11|218|11|218|28.0,-3.92537,0,0,0,0,True,28.0|218,745
1,8|745|8|745|sample|12|218|12|218|28.0,0.491846,0,0,0,0,True,28.0|218,745
1,8|745|8|745|sample|10|218|10|218|28.0,0.416474,0,0,0,0,True,28.0|218,745
1,8|745|8|745|sample|9|218|9|218|28.0,0.514308,0,0,0,0,True,28.0|218,745
1,8|745|8|745|sample|4|218|4|218|22.0,-1.20472,0,0,0,0,True,22.0|218,745
1,8|745|8|745|sample|3|218|3|218|22.0,-4.54523,0,0,0,0,True,22.0|218,745
1,8|745|8|745|sample|5|218|5|218|22.0,-3.05017,0,0,0,0,True,22.0|218,745
1,8|745|8|745|cc|1|1|218|1|218|69.0,-5.64861,0,0,0,0,False,69.0|218,745
1,8|745|8|745|cc|2|1|218|1|218|69.0,5.22629,0,0,0,0,False,69.0|218,745
1,8|745|8|745|cc|3|1|218|1|218|69.0,-3.42012,0,0,0,0,False,69.0|218,745
1,8|745|8|745|cc|4|1|218|1|218|69.0,-0.802779,0,0,0,0,False,69.0|218,745
1,8|745|8|745|cc|5|1|218|1|218|69.0,-0.952182,0,0,0,0,False,69.0|218,745
1,8|745|8|745|cc|6|1|218|1|218|69.0,-2.28067,0,0,0,0,False,69.0|218,745
1,8|745|8|745|cc|7|1|218|1|218|69.0,-7.19122,0,0,0,0,False,69.0|218,745
1,8|745|8|745|cc|8|1|218|1|218|69.0,4.25875,0,0,0,0,False,69.0|218,745
1,8|745|8|745|vc|1|2|218|2|218|69.0,-0.648499,0,0,0,0,False,69.0|218,745
1,8|745|8|745|vc|2|2|218|2|218|69.0,-0.432868,0,0,0,0,False,69.0|218,745
1,8|745|8|745|vc|3|2|218|2|218|69.0,-3.28555,0,0,0,0,False,69.0|218,745
1,8|745|8|745|vc|4|2|218|2|218|69.0,10.0504,0,0,0,0,False,69.0|218,745
1,8|745|8|745|vc|5|2|218|2|218|69.0,5.70206,0,0,0,0,False,69.0|218,745
1,8|745|8|745|vc|6|2|218|2|218|69.0,-3.69438,0,0,0,0,False,69.0|218,745
1,8|745|8|745|vc|7|2|218|2|218|69.0,-0.925294,0,0,0,0,False,69.0|218,745
1,8|745|8|745|vc|8|2|218|2|218|69.0,-3.51359,0,0,0,0,False,69.0|218,745
1,8|322|8|322|sample|6|174|6|174|55.0,-0.114663,0,0,0,0,True,55.0|174,322
1,8|322|8|322|sample|5|174|5|174|55.0,-0.67945,0,0,0,0,True,55.0|174,322
1,8|322|8|322|sample|3|174|3|174|55.0,-1.35991,0,0,0,0,True,55.0|174,322
1,8|322|8|322|sample|4|174|4|174|55.0,-0.966852,0,0,0,0,True,55.0|174,322
1,8|322|8|322|sample|10|174|10|174|32.0,-2.07315,0,0,0,0,True,32.0|174,322
1,8|322|8|322|sample|9|174|9|174|32.0,-2.1792,0,0,0,0,True,32.0|174,322
1,8|322|8|322|sample|7|174|7|174|32.0,-2.02927,0,0,0,0,True,32.0|174,322
1,8|322|8|322|sample|8|174|8|174|32.0,0.225516,0,0,0,0,True,32.0|174,322
1,8|322|8|322|sample|12|174|12|174|22.0,-1.98322,0,0,0,0,True,22.0|174,322
1,8|322|8|322|sample|8|174|8|174|22.0,-0.470254,0,0,0,0,True,22.0|174,322
1,8|322|8|322|sample|11|174|11|174|22.0,-2.20534,0,0,0,0,True,22.0|174,322
1,8|322|8|322|sample|11|174|11|174|32.0,-3.93236,0,0,0,0,True,32.0|174,322
1,8|322|8|322|cc|1|1|174|1|174|69.0,3.34692,0,0,0,0,False,69.0|174,322
1,8|322|8|322|cc|2|1|174|1|174|69.0,-5.17957,0,0,0,0,False,69.0|174,322
1,8|322|8|322|cc|3|1|174|1|174|69.0,3.86856,0,0,0,0,False,69.0|174,322
1,8|322|8|322|cc|4|1|174|1|174|69.0,-2.32,0,0,0,0,False,69.0|174,322
1,8|322|8|322|cc|5|1|174|1|174|69.0,-4.87071,0,0,0,0,False,69.0|174,322
1,8|322|8|322|cc|6|1|174|1|174|69.0,6.16081,0,0,0,0,False,69.0|174,322
1,8|322|8|322|cc|7|1|174|1|174|69.0,5.43917,0,0,0,0,False,69.0|174,322
1,8|322|8|322|cc|8|1|174|1|174|69.0,-2.48354,0,0,0,0,False,69.0|174,322
1,8|322|8|322|vc|1|2|174|2|174|69.0,-7.3264,0,0,0,0,False,69.0|174,322
1,8|322|8|322|vc|2|2|174|2|174|69.0,-2.80147,0,0,0,0,False,69.0|174,322
1,8|322|8|322|vc|3|2|174|2|174|69.0,-4.94872,0,0,0,0,False,69.0|174,322
1,8|322|8|322|vc|4|2|174|2|174|69.0,10.176,0,0,0,0,False,69.0|174,322
1,8|322|8|322|vc|5|2|174|2|174|69.0,5.35115,0,0,0,0,False,69.0|174,322
1,8|322|8|322|vc|6|2|174|2|174|69.0,-0.335524,0,0,0,0,False,69.0|174,322
1,8|322|8|322|vc|7|2|174|2|174|69.0,-8.30324,0,0,0,0,False,69.0|174,322
1,8|322|8|322|vc|8|2|174|2|174|69.0,0.375338,0,0,0,0,False,69.0|174,322
1,8|1043|8|1043|sample|6|174|6|174|65.0,-3.45112,0,0,0,0,True,65.0|174,1043
1,8|1043|8|1043|sample|7|174|7|174|65.0,-4.65114,0,0,0,0,True,65.0|174,1043
1,8|1043|8|1043|sample|8|174|8|174|65.0,-3.21843,0,0,0,0,True,65.0|174,1043
1,8|1043|8|1043|sample|5|174|5|174|65.0,-0.185343,0,0,0,0,True,65.0|174,1043
1,8|1043|8|1043|sample|11|174|11|174|28.0,-1.83361,0,0,0,0,True,28.0|174,1043
1,8|1043|8|1043|sample|12|174|12|174|28.0,0.752685,0,0,0,0,True,28.0|174,1043
1,8|1043|8|1043|sample|10|174|10|174|28.0,-8.93575,0,0,0,0,True,28.0|174,1043
1,8|1043|8|1043|sample|9|174|9|174|28.0,-6.60797,0,0,0,0,True,28.0|174,1043
1,8|1043|8|1043|sample|4|174|4|174|22.0,-1.20686,0,0,0,0,True,22.0|174,1043
1,8|1043|8|1043|sample|3|174|3|174|22.0,-3.39904,0,0,0,0,True,22.0|174,1043
1,8|1043|8|1043|cc|1|1|174|1|174|69.0,3.68478,0,0,0,0,False,69.0|174,1043
1,8|1043|8|1043|cc|2|1|174|1|174|69.0,10.1175,0,0,0,0,False,69.0|174,1043
1,8|1043|8|1043|cc|3|1|174|1|174|69.0,4.68421,0,0,0,0,False,69.0|174,1043
1,8|1043|8|1043|cc|4|1|174|1|174|69.0,2.65552,0,0,0,0,False,69.0|174,1043
1,8|1043|8|1043|cc|5|1|174|1|174|69.0,0.370592,0,0,0,0,False,69.0|174,1043
1,8|1043|8|1043|cc|6|1|174|1|174|69.0,0.680686,0,0,0,0,False,69.0|174,1043
1,8|1043|8|1043|cc|7|1|174|1|174|69.0,0.63828,0,0,0,0,False,69.0|174,1043
1,8|1043|8|1043|cc|8|1|174|1|174|69.0,4.63798,0,0,0,0,False,69.0|174,1043
1,8|1043|8|1043|vc|1|2|174|2|174|69.0,-4.6319,0,0,0,0,False,69.0|174,1043
1,8|1043|8|1043|vc|2|2|174|2|174|69.0,-2.38985,0,0,0,0,False,69.0|174,1043
1,8|1043|8|1043|vc|3|2|174|2|174|69.0,-0.390655,0,0,0,0,False,69.0|174,1043
1,8|1043|8|1043|vc|4|2|174|2|174|69.0,-0.43656,0,0,0,0,False,69.0|174,1043
1,8|1043|8|1043|vc|5|2|174|2|174|69.0,1.9759,0,0,0,0,False,69.0|174,1043
1,8|1043|8|1043|vc|6|2|174|2|174|69.0,3.48278,0,0,0,0,False,69.0|174,1043
1,8|1043|8|1043|vc|7|2|174|2|174|69.0,5.99804,0,0,0,0,False,69.0|174,1043
1,8|1043|8|1043|vc|8|2|174|2|174|69.0,2.41669,0,0,0,0,False,69.0|174,1043
1,8|963|8|963|sample|6|319|6|319|55.0,-1.33341,0,0,0,0,True,55.0|319,963
1,8|963|8|963|sample|5|319|5|319|55.0,-1.07851,0,0,0,0,True,55.0|319,963
1,8|963|8|963|sample|4|319|4|319|55.0,1.89795,0,0,0,0,True,55.0|319,963
1,8|963|8|963|sample|3|319|3|319|55.0,-1.41926,0,0,0,0,True,55.0|319,963
1,8|963|8|963|sample|10|319|10|319|32.0,-2.31753,0,0,0,0,True,32.0|319,963
1,8|963|8|963|sample|9|319|9|319|32.0,-3.85823,0,0,0,0,True,32.0|319,963
1,8|963|8|963|sample|7|319|7|319|32.0,-1.26589,0,0,0,0,True,32.0|319,963
1,8|963|8|963|sample|8|319|8|319|32.0,-0.168749,0,0,0,0,True,32.0|319,963
1,8|963|8|963|sample|11|319|11|319|22.0,-1.86271,0,0,0,0,True,22.0|319,963
1,8|963|8|963|sample|12|319|12|319|22.0,-0.244865,0,0,0,0,True,22.0|319,963
1,8|963|8|963|cc|1|1|319|1|319|69.0,-0.317532,0,0,0,0,False,69.0|319,963
1,8|963|8|963|cc|2|1|319|1|319|69.0,0.232809,0,0,0,0,False,69.0|319,963
1,8|963|8|963|cc|3|1|319|1|319|69.0,-3.26787,0,0,0,0,False,69.0|319,963
1,8|963|8|963|cc|4|1|319|1|319|69.0,-4.02787,0,0,0,0,False,69.0|319,963
1,8|963|8|963|cc|5|1|319|1|319|69.0,3.86153,0,0,0,0,False,69.0|319,963
1,8|963|8|963|cc|6|1|319|1|319|69.0,3.25782,0,0,0,0,False,69.0|319,963
1,8|963|8|963|cc|7|1|319|1|319|69.0,-2.12942,0,0,0,0,False,69.0|319,963
1,8|963|8|963|cc|8|1|319|1|319|69.0,0.522551,0,0,0,0,False,69.0|319,963
1,8|963|8|963|vc|1|2|319|2|319|69.0,-0.878847,0,0,0,0,False,69.0|319,963
1,8|963|8|963|vc|2|2|319|2|319|69.0,-0.210132,0,0,0,0,False,69.0|319,963
1,8|963|8|963|vc|3|2|319|2|319|69.0,-0.188064,0,0,0,0,False,69.0|319,963
1,8|963|8|963|vc|4|2|319|2|319|69.0,-5.83084,0,0,0,0,False,69.0|319,963
1,8|963|8|963|vc|5|2|319|2|319|69.0,3.27801,0,0,0,0,False,69.0|319,963
1,8|963|8|963|vc|6|2|319|2|319|69.0,-1.99807,0,0,0,0,False,69.0|319,963
1,8|963|8|963|vc|7|2|319|2|319|69.0,-1.38348,0,0,0,0,False,69.0|319,963
1,8|963|8|963|vc|8|2|319|2|319|69.0,-1.62746,0,0,0,0,False,69.0|319,963
1,8|1260|8|1260|sample|8|319|8|319|65.0,-1.20435,0,0,0,0,True,65.0|319,1260
1,8|1260|8|1260|sample|7|319|7|319|65.0,-6.35029,0,0,0,0,True,65.0|319,1260
1,8|1260|8|1260|sample|6|319|6|319|65.0,-2.09178,0,0,0,0,True,65.0|319,1260
1,8|1260|8|1260|sample|5|319|5|319|65.0,-0.666029,0,0,0,0,True,65.0|319,1260
1,8|1260|8|1260|sample|11|319|11|319|28.0,-0.832961,0,0,0,0,True,28.0|319,1260
1,8|1260|8|1260|sample|12|319|12|319|28.0,-2.98958,0,0,0,0,True,28.0|319,1260
1,8|1260|8|1260|sample|10|319|10|319|28.0,-5.78187,0,0,0,0,True,28.0|319,1260
1,8|1260|8|1260|sample|9|319|9|319|28.0,-1.82748,0,0,0,0,True,28.0|319,1260
1,8|1260|8|1260|sample|4|319|4|319|22.0,0.823194,0,0,0,0,True,22.0|319,1260
1,8|1260|8|1260|sample|3|319|3|319|22.0,-3.80675,0,0,0,0,True,22.0|319,1260
1,8|1260|8|1260|cc|1|1|319|1|319|69.0,-1.72679,0,0,0,0,False,69.0|319,1260
1,8|1260|8|1260|cc|2|1|319|1|319|69.0,4.32017,0,0,0,0,False,69.0|319,1260
1,8|1260|8|1260|cc|3|1|319|1|319|69.0,-5.19019,0,0,0,0,False,69.0|319,1260
1,8|1260|8|1260|cc|4|1|319|1|319|69.0,-4.04461,0,0,0,0,False,69.0|319,1260
1,8|1260|8|1260|cc|5|1|319|1|319|69.0,-6.58399,0,0,0,0,False,69.0|319,1260
1,8|1260|8|1260|cc|6|1|319|1|319|69.0,6.09335,0,0,0,0,False,69.0|319,1260
1,8|1260|8|1260|cc|7|1|319|1|319|69.0,-4.22998,0,0,0,0,False,69.0|319,1260
1,8|1260|8|1260|cc|8|1|319|1|319|69.0,-1.48183,0,0,0,0,False,69.0|319,1260
1,8|1260|8|1260|vc|1|2|319|2|319|69.0,-1.97541,0,0,0,0,False,69.0|319,1260
1,8|1260|8|1260|vc|2|2|319|2|319|69.0,-6.1832,0,0,0,0,False,69.0|319,1260
1,8|1260|8|1260|vc|3|2|319|2|319|69.0,-1.74855,0,0,0,0,False,69.0|319,1260
1,8|1260|8|1260|vc|4|2|319|2|319|69.0,5.97029,0,0,0,0,False,69.0|319,1260
1,8|1260|8|1260|vc|5|2|319|2|319|69.0,-1.94919,0,0,0,0,False,69.0|319,1260
1,8|1260|8|1260|vc|6|2|319|2|319|69.0,0.38819,0,0,0,0,False,69.0|319,1260
1,8|1260|8|1260|vc|7|2|319|2|319|69.0,0.331023,0,0,0,0,False,69.0|319,1260
1,8|1260|8|1260|vc|8|2|319|2|319|69.0,-2.4553,0,0,0,0,False,69.0|319,1260
