id,time,ysample,plate_row,plate_col,U_estimate,L_estimate,alpha_estimate,popPred_medianCOV,popPred,indivPred_SAEM,indivPred_mode,indWRes_SAEM,indWRes_mode
411|4,0.0457247370827617,53482,1,4,60744.9,910.018,0.183344,53053.6,51974.3,50898.9,50209.9,0.260941,0.335077
411|4,0.1371742112482853,45186,2,4,60744.9,910.018,0.183344,49622.4,50455.1,47530.9,45957.6,-0.253664,-0.0863213
411|4,0.411522633744856,36004,3,4,60744.9,910.018,0.183344,40745.1,41699.8,34919.3,32477.9,0.159718,0.558233
411|4,1.23456790123457,15537,4,4,60744.9,910.018,0.183344,28236.3,27867.3,16612.2,14890.4,-0.332789,0.223289
411|4,3.7037037037037,4302,5,4,60744.9,910.018,0.183344,16411.9,14915.1,4311.7,4124.64,-0.0115733,0.221096
411|4,11.1111111111111,1258,6,4,60744.9,910.018,0.183344,8467.86,6969.43,1207.18,1293.08,0.216458,-0.139473
411|4,33.3333333333333,948,7,4,60744.9,910.018,0.183344,4244.9,3240.44,894.163,911.659,0.30958,0.204963
411|4,100,850,8,4,60744.9,910.018,0.183344,2251.37,1672.02,826.691,828.26,0.144972,0.134958
411|3,0.0457247370827617,58138,1,3,60744.9,910.018,0.183344,52792.1,51516.6,48561.3,47029.5,1.01399,1.2145
411|3,0.1371742112482853,40956,2,3,60744.9,910.018,0.183344,49386.4,50038,42724,39545.8,-0.212773,0.18335
411|3,0.411522633744856,25675,3,3,60744.9,910.018,0.183344,40553.7,41362.5,27330,23342,-0.31136,0.513914
411|3,1.23456790123457,7926,4,3,60744.9,910.018,0.183344,28104.2,27643.4,10118.8,8164.68,-1.11424,-0.150309
411|3,3.7037037037037,2156,5,3,60744.9,910.018,0.183344,16335.2,14795.3,2234.53,2066.11,-0.180702,0.223703
411|3,11.1111111111111,986,6,3,60744.9,910.018,0.183344,8428.09,6913.06,972.534,999.423,0.0711967,-0.0690557
411|3,33.3333333333333,960,7,3,60744.9,910.018,0.183344,4224.71,3213.65,875.399,879.866,0.49691,0.468283
411|3,100,882,8,3,60744.9,910.018,0.183344,2240.27,1657.3,819.042,819.375,0.395235,0.392986
411|5,0.002286236854138,55169,1,5,60744.9,910.018,0.183344,57150,55102.1,55005.9,54986.5,0.0152477,0.0170638
411|5,0.0068587105624142,55989,2,5,60744.9,910.018,0.183344,58604.5,58271.7,57997.9,57943.3,-0.178097,-0.173421
411|5,0.0205761316872428,54885,3,5,60744.9,910.018,0.183344,57883.4,58473.6,57734.4,57590.5,-0.253767,-0.241554
411|5,0.0617283950617284,49434,4,5,60744.9,910.018,0.183344,54862.3,56139.8,54232,53883.1,-0.454899,-0.424552
411|5,0.1851851851851852,45208,5,5,60744.9,910.018,0.183344,48361,49906.3,45393.3,44686.7,-0.0209864,0.0599774
411|5,0.5555555555555556,30556,6,5,60744.9,910.018,0.183344,37539.7,38230.1,29540.4,28584.7,0.176773,0.354593
411|5,1.66666666666667,13064,7,5,60744.9,910.018,0.183344,24366.2,23341.7,12253.4,11652.7,0.340147,0.622732
411|5,5,2918,8,5,60744.9,910.018,0.183344,13136.9,11190.3,3164.62,3043.29,-0.400703,-0.211678
411|6,0.002286236854138,62015,1,6,60744.9,910.018,0.183344,57183,55158.9,55041.8,55010.1,0.651405,0.654745
411|6,0.0068587105624142,61528,2,6,60744.9,910.018,0.183344,58637.1,58328,57996,57906.9,0.313132,0.321526
411|6,0.0205761316872428,61845,3,6,60744.9,910.018,0.183344,57915.2,58528.9,57640.1,57407.3,0.375094,0.397469
411|6,0.0617283950617284,54318,4,6,60744.9,910.018,0.183344,54892.3,56192.6,53946.1,53393.9,0.0354461,0.0889873
411|6,0.1851851851851852,48773,5,6,60744.9,910.018,0.183344,48387.5,49953.2,44882.7,43819.8,0.445667,0.5812
411|6,0.5555555555555556,29602,6,6,60744.9,910.018,0.183344,37560.3,38266.2,29272.2,27962.1,0.0579233,0.301553
411|6,1.66666666666667,12240,7,6,60744.9,910.018,0.183344,24379.8,23364.2,12861.1,12124.5,-0.24831,0.04899
411|6,5,3840,8,6,60744.9,910.018,0.183344,13144.5,11201.8,3866.56,3739.99,-0.0353136,0.137487
411|8,0.0457247370827617,49844,1,8,60744.9,910.018,0.183344,53148.3,52140,50061,49272.7,-0.0222842,0.0596185
411|8,0.1371742112482853,46084,2,8,60744.9,910.018,0.183344,49707.8,50606.1,45305.5,43584.2,0.0883535,0.294907
411|8,0.411522633744856,29492,3,8,60744.9,910.018,0.183344,40814.3,41821.9,30979.5,28567.9,-0.246884,0.166331
411|8,1.23456790123457,12168,4,8,60744.9,910.018,0.183344,28284.1,27948.3,12946.9,11542,-0.309346,0.278853
411|8,3.7037037037037,3114,5,8,60744.9,910.018,0.183344,16439.7,14958.5,3056.45,2938.96,0.0968109,0.306242
411|8,11.1111111111111,1024,6,8,60744.9,910.018,0.183344,8482.26,6989.84,1065.97,1108.97,-0.202447,-0.393977
411|8,33.3333333333333,882,7,8,60744.9,910.018,0.183344,4252.21,3250.14,889.502,896.87,-0.0433673,-0.0852479
411|8,100,778,8,8,60744.9,910.018,0.183344,2255.39,1677.35,829.093,829.674,-0.316858,-0.32024
411|7,0.0457247370827617,51443,1,7,60744.9,910.018,0.183344,53178.9,52193.7,49512.8,49046.8,0.200446,0.251197
411|7,0.1371742112482853,47489,2,7,60744.9,910.018,0.183344,49735.5,50655.1,43991.9,42994.6,0.408737,0.537492
411|7,0.411522633744856,28239,3,7,60744.9,910.018,0.183344,40836.8,41861.5,28924.4,27589.3,-0.121831,0.121076
411|7,1.23456790123457,11458,4,7,60744.9,910.018,0.183344,28299.6,27974.6,11412.2,10699.5,0.0206213,0.364519
411|7,3.7037037037037,2676,5,7,60744.9,910.018,0.183344,16448.7,14972.6,2684.27,2635.23,-0.0158399,0.0795436
411|7,11.1111111111111,1026,6,7,60744.9,910.018,0.183344,8486.92,6996.45,1040.64,1060.55,-0.072355,-0.167494
411|7,33.3333333333333,928,7,7,60744.9,910.018,0.183344,4254.57,3253.28,889.859,893.038,0.220382,0.201299
411|7,100,848,8,7,60744.9,910.018,0.183344,2256.69,1679.08,829.962,830.202,0.111748,0.110231
411|9,0.002286236854138,52761,1,9,60744.9,910.018,0.183344,57048.2,54927,54855,54763.9,-0.196276,-0.188053
411|9,0.0068587105624142,58591,2,9,60744.9,910.018,0.183344,58503.8,58097.8,57892,57635.9,0.0620792,0.0852077
411|9,0.0205761316872428,53528,3,9,60744.9,910.018,0.183344,57785.1,58302.9,57741.8,57070.6,-0.375228,-0.319168
411|9,0.0617283950617284,55935,4,9,60744.9,910.018,0.183344,54769.5,55977.1,54493,52891.3,0.136065,0.295884
411|9,0.1851851851851852,49128,5,9,60744.9,910.018,0.183344,48279.2,49761.6,46057.6,42949.3,0.342775,0.739693
411|9,0.5555555555555556,28450,6,9,60744.9,910.018,0.183344,37476,38118.4,30304,26561.6,-0.314575,0.365552
411|9,1.66666666666667,10662,7,9,60744.9,910.018,0.183344,24324.3,23272,12254.3,10661.6,-0.668119,0.000213044
411|9,5,3030,8,9,60744.9,910.018,0.183344,13113.5,11154.7,2803.85,2961.84,0.414725,0.118329
411|10,0.002286236854138,53166,1,10,60744.9,910.018,0.183344,56767,54443.3,54348.8,54349.7,-0.111899,-0.11198
411|10,0.0068587105624142,61628,2,10,60744.9,910.018,0.183344,58225.5,57617.4,57348.5,57350.7,0.383686,0.383474
411|10,0.0205761316872428,54148,3,10,60744.9,910.018,0.183344,57513.8,57831.3,57107.3,57111.2,-0.266446,-0.266782
411|10,0.0617283950617284,54949,4,10,60744.9,910.018,0.183344,54513.4,55527.4,53673,53670.2,0.122242,0.122508
411|10,0.1851851851851852,46394,5,10,60744.9,910.018,0.183344,48053.4,49361.9,45048.1,44975.7,0.153616,0.162141
411|10,0.5555555555555556,30684,6,10,60744.9,910.018,0.183344,37300,37810.1,29731.1,29385.1,0.164788,0.227283
411|10,1.66666666666667,13846,7,10,60744.9,910.018,0.183344,24208.6,23079.6,13013,12338.6,0.329121,0.628168
411|10,5,3124,8,10,60744.9,910.018,0.183344,13048.9,11056.5,3731.31,3252.84,-0.836872,-0.203662
411|12,0.0457247370827617,47309,1,12,60744.9,910.018,0.183344,50142.7,46879.9,44224,43640.5,0.358679,0.432218
411|12,0.1371742112482853,39899,2,12,60744.9,910.018,0.183344,46995.4,45811.8,39294.3,38067.2,0.0791215,0.247414
411|12,0.411522633744856,26409,3,12,60744.9,910.018,0.183344,38615.1,37945.3,25729.2,24147,0.135842,0.481652
411|12,1.23456790123457,9114,4,12,60744.9,910.018,0.183344,26766.2,25375.7,10420.5,9576.1,-0.644677,-0.248118
411|12,3.7037037037037,2878,5,12,60744.9,910.018,0.183344,15557.5,13581.6,2698.13,2605.7,0.342766,0.53733
411|12,11.1111111111111,968,6,12,60744.9,910.018,0.183344,8025.21,6341.92,1019.74,1040.67,-0.260865,-0.359054
411|12,33.3333333333333,796,7,12,60744.9,910.018,0.183344,4020.18,2942.23,813.968,819.871,-0.113502,-0.149706
411|12,100,796,8,12,60744.9,910.018,0.183344,2127.85,1508.14,746.167,746.925,0.343393,0.33783
411|11,0.0457247370827617,54260,1,11,60744.9,910.018,0.183344,52079.7,50269.9,48029.2,47242.2,0.667039,0.763805
411|11,0.1371742112482853,45084,2,11,60744.9,910.018,0.183344,48743.5,48901.6,43292.4,41613,0.212785,0.428886
411|11,0.411522633744856,27045,3,11,60744.9,910.018,0.183344,40032.5,40443.7,29410.7,27169,-0.413587,-0.0234735
411|11,1.23456790123457,12392,4,11,60744.9,910.018,0.183344,27744.5,27033.7,12519.4,11292.3,-0.0523264,0.500715
411|11,3.7037037037037,3032,5,11,60744.9,910.018,0.183344,16126.1,14469,3237.31,3152.6,-0.326083,-0.196696
411|11,11.1111111111111,1264,6,11,60744.9,910.018,0.183344,8319.76,6759.49,1119.22,1177.79,0.665147,0.376343
411|11,33.3333333333333,860,7,11,60744.9,910.018,0.183344,4169.71,3140.67,869.727,883.722,-0.0575025,-0.13802
411|11,100,802,8,11,60744.9,910.018,0.183344,2210.04,1617.19,800.058,801.794,0.0124826,0.00132077
152|8,0.0016767999999999,93531,1,8,96485.2,695.259,0.10151,93669.4,95632.2,92164.1,91741.8,0.07626,0.100276
152|8,0.0083839999999999,89173,2,8,96485.2,695.259,0.10151,93691.4,90497.9,82812.5,81934.4,0.394916,0.45425
152|8,0.04192,74809,3,8,96485.2,695.259,0.10151,89254.2,82138.6,66349.1,64795.9,0.655601,0.794567
152|8,0.2096,45160,4,8,96485.2,695.259,0.10151,75107.2,67799,40678.5,38791.5,0.566458,0.844134
152|8,1.048,15135,5,8,96485.2,695.259,0.10151,47670.7,48001.3,14756.5,13700.8,0.131881,0.538233
152|8,5.24,2264,6,8,96485.2,695.259,0.10151,20773.5,28457.7,2681.62,2546.57,-0.800748,-0.570527
152|8,26.2,818,7,8,96485.2,695.259,0.10151,7192.52,14706.9,790.027,795.203,0.182056,0.147407
152|8,131,656,8,8,96485.2,695.259,0.10151,2538.81,7187.59,711.877,712.495,-0.403585,-0.4077
152|7,0.0016767999999999,91095,1,7,96485.2,695.259,0.10151,93693,95610.8,92354.9,91828.5,-0.0701448,-0.0410699
152|7,0.0083839999999999,90851,2,7,96485.2,695.259,0.10151,93714.7,90477.3,83271.6,82167.9,0.468002,0.543351
152|7,0.04192,78819,3,7,96485.2,695.259,0.10151,89276.2,82119.8,67347.7,65352.7,0.875793,1.05948
152|7,0.2096,44579,4,7,96485.2,695.259,0.10151,75125.7,67783.4,42443.7,39865,0.25867,0.608002
152|7,1.048,16869,5,7,96485.2,695.259,0.10151,47682.4,47990.3,16690.3,14940.8,0.0550558,0.663558
152|7,5.24,2542,6,7,96485.2,695.259,0.10151,20778.6,28451.2,3552.89,3116.08,-1.46296,-0.947265
152|7,26.2,990,7,7,96485.2,695.259,0.10151,7194.31,14703.6,913.835,880.151,0.428546,0.641725
152|7,131,662,8,7,96485.2,695.259,0.10151,2539.45,7185.98,718.162,717.338,-0.402099,-0.396653
152|6,0.0004351999999999,97021,1,6,96485.2,695.259,0.10151,94062.8,97121.6,95228.9,95003.1,0.0967639,0.109214
152|6,0.0021759999999999,93823,2,6,96485.2,695.259,0.10151,95046.8,93833,89524.9,89027.6,0.246854,0.276953
152|6,0.0108799999999999,90270,3,6,96485.2,695.259,0.10151,93782.6,89075.9,79662.4,78656.9,0.684662,0.759139
152|6,0.0543999999999999,68233,4,6,96485.2,695.259,0.10151,87955.7,80150.4,61664.6,60014.4,0.547686,0.704128
152|6,0.2719999999999999,39599,5,6,96485.2,695.259,0.10151,71472.4,64859.9,35711.5,33965.4,0.559728,0.852818
152|6,1.36,10738,6,6,96485.2,695.259,0.10151,42645.4,44686,12656.4,11826.1,-0.779359,-0.473066
152|6,6.8,2696,7,6,96485.2,695.259,0.10151,17572.5,25879.4,2729.56,2622.61,-0.0632208,0.143883
152|6,34,918,8,6,96485.2,695.259,0.10151,5945.53,13281,886.351,892.763,0.183594,0.145352
152|5,0.0004351999999999,94324,1,5,96485.2,695.259,0.10151,94039.1,97143.4,95783.4,94960.7,-0.0783398,-0.0344763
152|5,0.0021759999999999,94458,2,5,96485.2,695.259,0.10151,95023.2,93854.3,90728,88903.9,0.211386,0.321223
152|5,0.0108799999999999,93359,3,5,96485.2,695.259,0.10151,93759.5,89096.2,82111,78364.8,0.704342,0.983811
152|5,0.0543999999999999,70654,4,5,96485.2,695.259,0.10151,87934.1,80168.8,65799,59444,0.379381,0.969633
152|5,0.2719999999999999,40370,5,5,96485.2,695.259,0.10151,71454.8,64874.8,40290.5,33154.5,0.0101477,1.11901
152|5,1.36,8986,6,5,96485.2,695.259,0.10151,42634.9,44696.2,14814.1,11169,-2.02284,-1.00496
152|5,6.8,2416,7,5,96485.2,695.259,0.10151,17568.2,25885.2,2859.05,2380.43,-0.79678,0.0768279
152|5,34,924,8,5,96485.2,695.259,0.10151,5944.03,13284,832.908,852.033,0.562331,0.434294
152|12,0.0014272,79697,1,12,96485.2,695.259,0.10151,91425.4,93266.8,84781.3,83209.7,-0.308348,-0.217056
152|12,0.007136,67002,2,12,96485.2,695.259,0.10151,91652.5,89884.3,71979.4,69076.8,-0.355556,-0.154439
152|12,0.03568,48627,3,12,96485.2,695.259,0.10151,87873.3,82543.1,49801.7,45876.2,-0.121279,0.308309
152|12,0.1784,20494,4,12,96485.2,695.259,0.10151,75308.1,69114,23172.3,20314,-0.594296,0.0455496
152|12,0.892,5710,5,12,96485.2,695.259,0.10151,49530.8,49933,5940.45,5255.02,-0.199464,0.445171
152|12,4.46,1250,6,12,96485.2,695.259,0.10151,22341.1,30261.8,1221.66,1228.6,0.119281,0.089561
152|12,22.3,570,7,12,96485.2,695.259,0.10151,7823.3,15868.2,718.025,729.664,-1.06,-1.12511
152|12,111.5,678,8,12,96485.2,695.259,0.10151,2720.06,7726.09,692.608,693.707,-0.108443,-0.116422
152|11,0.0014272,86935,1,11,96485.2,695.259,0.10151,92915.1,93415.5,85584.5,85326.4,0.0811368,0.0969345
152|11,0.007136,80844,2,11,96485.2,695.259,0.10151,93122,90027.4,73398.6,72892.6,0.521565,0.560879
152|11,0.03568,56954,3,11,96485.2,695.259,0.10151,89274.1,82674.4,51876.5,51096,0.503259,0.589482
152|11,0.1784,26467,4,11,96485.2,695.259,0.10151,76506.4,69223.9,25090.8,24343.5,0.282018,0.448525
152|11,0.892,6328,5,11,96485.2,695.259,0.10151,50318.9,50012.4,6744.21,6421.38,-0.317317,-0.0747715
152|11,4.46,1324,6,11,96485.2,695.259,0.10151,22697.2,30309.9,1345.15,1294.48,-0.0808474,0.117268
152|11,22.3,672,7,11,96485.2,695.259,0.10151,7948.73,15893.5,726.578,723.423,-0.386228,-0.365487
152|11,111.5,632,8,11,96485.2,695.259,0.10151,2764.38,7738.41,693.956,693.85,-0.459052,-0.45834
152|10,0.0004479999999999,91021,1,10,96485.2,695.259,0.10151,93759.8,94726.4,90003,89982,0.0581578,0.0593708
152|10,0.00224,88793,2,10,96485.2,695.259,0.10151,94733.6,92890.5,82410.1,82353.3,0.39824,0.402066
152|10,0.0111999999999999,78376,3,10,96485.2,695.259,0.10151,93434.3,88548.8,67236.2,67080,0.851888,0.865852
152|10,0.0559999999999999,50978,4,10,96485.2,695.259,0.10151,87502.2,79643.6,43273.4,42906,0.915456,0.967327
152|10,0.2799999999999999,18817,5,10,96485.2,695.259,0.10151,70821.7,64320.4,18323.8,17788.4,0.138384,0.297316
152|10,1.4,3464,6,10,96485.2,695.259,0.10151,41969.8,44254.4,4617.79,4271.9,-1.2847,-0.972402
152|10,7,1220,7,10,96485.2,695.259,0.10151,17199.3,25603.2,1152.41,1063.5,0.301552,0.756617
152|10,35,690,8,10,96485.2,695.259,0.10151,5813.02,13036.5,726.335,715.455,-0.257215,-0.182935
152|9,0.0004479999999999,92933,1,9,96485.2,695.259,0.10151,93961.6,94746.8,92153.3,90751.2,0.0435018,0.123614
152|9,0.00224,84649,2,9,96485.2,695.259,0.10151,94934.3,92910.4,86993.7,83953.1,-0.138583,0.0426197
152|9,0.0111999999999999,78182,3,9,96485.2,695.259,0.10151,93631.1,88567.8,75788.4,69951.2,0.162391,0.605002
152|9,0.0559999999999999,55239,4,9,96485.2,695.259,0.10151,87686.1,79660.7,55166.5,46606.6,0.00675536,0.952345
152|9,0.2799999999999999,20004,5,9,96485.2,695.259,0.10151,70970.5,64334.2,27444.6,20265.8,-1.39399,-0.0664146
152|9,1.4,4986,6,9,96485.2,695.259,0.10151,42058.2,44263.9,6916.75,4798.47,-1.43527,0.20095
152|9,7,1028,7,9,96485.2,695.259,0.10151,17235.7,25608.7,1144.52,1060.18,-0.523465,-0.156054
152|9,35,722,8,9,96485.2,695.259,0.10151,5825.52,13039.3,701.895,709.07,0.14728,0.0937578
152|3,0.0010624,87858,1,3,96485.2,695.259,0.10151,93566.1,98171.9,94138.5,93525.8,-0.343034,-0.311597
152|3,0.005312,88455,2,3,96485.2,695.259,0.10151,94032.5,93068.6,84107.9,82821.9,0.265747,0.349713
152|3,0.02656,77137,3,3,96485.2,695.259,0.10151,91024.9,85950.6,67677.6,65380.1,0.718667,0.924605
152|3,0.1328,46188,4,3,96485.2,695.259,0.10151,80316.6,73378.3,42832.1,39958.1,0.402855,0.801657
152|3,0.664,17047,5,3,96485.2,695.259,0.10151,56174.4,54302.9,17933.7,15997,-0.254231,0.337481
152|3,3.32,3062,6,3,96485.2,695.259,0.10151,27088.6,33403.9,4724.55,4139,-1.80936,-1.33792
152|3,16.6,1382,7,3,96485.2,695.259,0.10151,9753.86,17530.6,1271.19,1187.28,0.448206,0.843256
152|3,83,840,8,3,96485.2,695.259,0.10151,3324.76,8542.39,780.181,773.218,0.394236,0.444086
152|4,0.0010624,92432,1,4,96485.2,695.259,0.10151,93767.4,97872.3,95638.4,94218.9,-0.172383,-0.0975167
152|4,0.005312,90579,2,4,96485.2,695.259,0.10151,94231.6,92777.9,87657,84587.1,0.171399,0.364225
152|4,0.02656,76034,3,4,96485.2,695.259,0.10151,91216.6,85679.9,74490.2,68648,0.106559,0.553212
152|4,0.1328,50378,4,4,96485.2,695.259,0.10151,80485.5,73146.6,51813.6,43690.4,-0.142465,0.78703
152|4,0.664,19217,5,4,96485.2,695.259,0.10151,56292.5,54131.4,23567.4,17667.2,-0.949127,0.451041
152|4,3.32,3728,6,4,96485.2,695.259,0.10151,27145.6,33298.7,5384.09,4048.58,-1.58154,-0.407144
152|4,16.6,1054,7,4,96485.2,695.259,0.10151,9774.52,17475.9,1038.42,1025.7,0.0771327,0.141878
152|4,83,902,8,4,96485.2,695.259,0.10151,3331.92,8516.31,729.443,738.957,1.21633,1.13447
1056|8,0.0016767999999999,118740,1,8,122610,713.746,0.0353313,121854,117094,116899,116849,0.0809761,0.0832255
1056|8,0.0083839999999999,113636,2,8,122610,713.746,0.0353313,119994,120563,118837,118398,-0.22503,-0.206785
1056|8,0.04192,84503,3,8,122610,713.746,0.0353313,113665,120392,106646,103576,-1.06757,-0.946811
1056|8,0.2096,42717,4,8,122610,713.746,0.0353313,95449.4,109223,47825.8,42039.5,-0.549244,0.0828693
1056|8,1.048,4102,5,8,122610,713.746,0.0353313,60519.4,59689,3950.2,3786.86,0.197589,0.427886
1056|8,5.24,716,6,8,122610,713.746,0.0353313,26323.8,12528.6,775.465,804.284,-0.394282,-0.564392
1056|8,26.2,656,7,8,122610,713.746,0.0353313,9053.87,2172.87,703.961,705.373,-0.35031,-0.359896
1056|8,131,828,8,8,122610,713.746,0.0353313,3136.4,847.355,681.774,681.819,1.10279,1.10238
1056|7,0.0016767999999999,121659,1,7,122610,713.746,0.0353313,121855,117151,116928,116903,0.208047,0.209187
1056|7,0.0083839999999999,115654,2,7,122610,713.746,0.0353313,119994,120620,118641,118424,-0.129468,-0.120276
1056|7,0.04192,88699,3,7,122610,713.746,0.0353313,113666,120449,104907,103402,-0.794411,-0.731129
1056|7,0.2096,41994,4,7,122610,713.746,0.0353313,95449.6,109274,44230.5,41431.7,-0.25999,0.0697815
1056|7,1.048,3906,5,7,122610,713.746,0.0353313,60519.6,59717.1,3798.19,3614.78,0.145942,0.414244
1056|7,5.24,700,6,7,122610,713.746,0.0353313,26323.9,12534.6,789.177,794.094,-0.581018,-0.609258
1056|7,26.2,682,7,7,122610,713.746,0.0353313,9053.89,2173.91,704.917,705.302,-0.167156,-0.169876
1056|7,131,978,8,7,122610,713.746,0.0353313,3136.41,847.774,682.128,682.142,2.23022,2.23007
1056|6,0.0004351999999999,124775,1,6,122610,713.746,0.0353313,122336,117169,117133,117129,0.335461,0.335624
1056|6,0.0021759999999999,126207,2,6,122610,713.746,0.0353313,121702,120782,120455,120424,0.245519,0.246909
1056|6,0.0108799999999999,119281,3,6,122610,713.746,0.0353313,119412,121854,119031,118768,0.0107968,0.0221945
1056|6,0.0543999999999999,96692,4,6,122610,713.746,0.0353313,111780,120175,99142.6,97490.9,-0.127096,-0.0421343
1056|6,0.2719999999999999,31741,5,6,122610,713.746,0.0353313,90799.6,104525,33077.7,31023.1,-0.207782,0.11898
1056|6,1.36,2592,6,6,122610,713.746,0.0353313,54206.4,49049.2,2543.25,2453.89,0.0985556,0.289383
1056|6,6.8,696,7,6,122610,713.746,0.0353313,22361.3,9186.61,749.322,751.568,-0.365889,-0.380163
1056|6,34,792,8,6,122610,713.746,0.0353313,7572.48,1690.49,683.087,683.263,0.819808,0.81828
1056|5,0.0004351999999999,127222,1,5,122610,713.746,0.0353313,122336,117112,117083,117072,0.445251,0.445777
1056|5,0.0021759999999999,128464,2,5,122610,713.746,0.0353313,121702,120725,120469,120371,0.341235,0.345719
1056|5,0.0108799999999999,127679,3,5,122610,713.746,0.0353313,119411,121797,119580,118744,0.34825,0.386891
1056|5,0.0543999999999999,99273,4,5,122610,713.746,0.0353313,111780,120118,102972,97538.8,-0.184698,0.0914194
1056|5,0.2719999999999999,30808,5,5,122610,713.746,0.0353313,90799.4,104476,37268.8,30136.3,-0.891355,0.114595
1056|5,1.36,2194,6,5,122610,713.746,0.0353313,54206.3,49026,2094.35,2092.46,0.244648,0.249518
1056|5,6.8,672,7,5,122610,713.746,0.0353313,22361.3,9182.22,715.739,730.543,-0.314216,-0.412037
1056|5,34,838,8,5,122610,713.746,0.0353313,7572.47,1689.66,681.847,682.228,1.17753,1.174
1056|12,0.0014272,103621,1,12,122610,713.746,0.0353313,121917,122194,120961,120718,-0.737095,-0.728217
1056|12,0.007136,90392,2,12,122610,713.746,0.0353313,120279,122162,112459,110708,-1.00893,-0.943554
1056|12,0.03568,45926,3,12,122610,713.746,0.0353313,114653,120890,65856.5,60718.3,-1.55607,-1.25264
1056|12,0.1784,8166,4,12,122610,713.746,0.0353313,98052.2,110975,7055.87,7075.57,0.808969,0.792402
1056|12,0.892,754,5,12,122610,713.746,0.0353313,64431.2,66122.8,801.291,883.906,-0.303459,-0.755671
1056|12,4.46,634,6,12,122610,713.746,0.0353313,29022,15657,713.174,715.776,-0.570816,-0.587437
1056|12,22.3,642,7,12,122610,713.746,0.0353313,10110.4,2729.99,712.205,712.261,-0.506845,-0.507207
1056|12,111.5,824,8,12,122610,713.746,0.0353313,3461.4,957.893,711.451,711.453,0.813401,0.813392
1056|11,0.0014272,105151,1,11,122610,713.746,0.0353313,121933,122323,121446,121197,-0.68989,-0.680758
1056|11,0.007136,95978,2,11,122610,713.746,0.0353313,120295,122290,115277,113412,-0.860793,-0.790386
1056|11,0.03568,58120,3,11,122610,713.746,0.0353313,114668,121017,77101.4,69878.4,-1.26583,-0.865201
1056|11,0.1784,10642,4,11,122610,713.746,0.0353313,98065.1,111092,10654.7,9578.08,-0.00610832,0.571138
1056|11,0.892,906,5,11,122610,713.746,0.0353313,64439.7,66192.4,835.582,937.264,0.433318,-0.171509
1056|11,4.46,610,6,11,122610,713.746,0.0353313,29025.9,15673.5,713.849,716.792,-0.748007,-0.766047
1056|11,22.3,712,7,11,122610,713.746,0.0353313,10111.8,2732.86,712.954,713.004,-0.00687686,-0.00724021
1056|11,111.5,888,8,11,122610,713.746,0.0353313,3461.86,958.904,712.202,712.203,1.26917,1.26917
1056|10,0.0004479999999999,119885,1,10,122610,713.746,0.0353313,122327,122387,122283,122264,-0.100847,-0.100058
1056|10,0.00224,122847,2,10,122610,713.746,0.0353313,121678,122481,121621,121464,0.0518402,0.058561
1056|10,0.0111999999999999,100100,3,10,122610,713.746,0.0353313,119336,122237,115352,114171,-0.679865,-0.633675
1056|10,0.0559999999999999,61989,4,10,122610,713.746,0.0353313,111546,119890,76571.4,72014,-0.979201,-0.715778
1056|10,0.2799999999999999,9934,5,10,122610,713.746,0.0353313,90249.4,103338,8981.35,9031.4,0.545381,0.51387
1056|10,1.4,774,6,10,122610,713.746,0.0353313,53510.3,48378,759.228,835.837,0.100042,-0.380394
1056|10,7,638,7,10,122610,713.746,0.0353313,21951.2,9464.31,713.299,714.147,-0.542788,-0.548244
1056|10,35,822,8,10,122610,713.746,0.0353313,7423.8,1836.74,712.478,712.484,0.790386,0.790335
1056|9,0.0004479999999999,120198,1,9,122610,713.746,0.0353313,122329,122405,122321,122296,-0.0892447,-0.0882178
1056|9,0.00224,115424,2,9,122610,713.746,0.0353313,121680,122498,121806,121601,-0.26938,-0.261188
1056|9,0.0111999999999999,104040,3,9,122610,713.746,0.0353313,119338,122254,116664,115100,-0.556388,-0.49408
1056|9,0.0559999999999999,62803,4,9,122610,713.746,0.0353313,111548,119907,82760.5,75939.2,-1.23992,-0.889433
1056|9,0.2799999999999999,11416,5,9,122610,713.746,0.0353313,90251,103353,10792.7,10357.7,0.296945,0.525333
1056|9,1.4,788,6,9,122610,713.746,0.0353313,53511.2,48384.9,740.254,844.559,0.331642,-0.344335
1056|9,7,614,7,9,122610,713.746,0.0353313,21951.6,9465.66,713.337,714.129,-0.71602,-0.720933
1056|9,35,832,8,9,122610,713.746,0.0353313,7423.93,1837,712.579,712.584,0.8617,0.861664
1056|4,0.0010624,123910,1,4,122610,713.746,0.0353313,122076,131625,131502,131466,-0.29685,-0.295537
1056|4,0.005312,126950,2,4,122610,713.746,0.0353313,120779,125730,124726,124438,0.0916914,0.1038
1056|4,0.02656,105914,3,4,122610,713.746,0.0353313,116256,122786,114734,112591,-0.395279,-0.304934
1056|4,0.1328,55539,4,4,122610,713.746,0.0353313,102374,115333,68399.3,61314.9,-0.966738,-0.484356
1056|4,0.664,6766,5,4,122610,713.746,0.0353313,71550,78211.9,6453.46,6123.92,0.249018,0.539099
1056|4,3.32,686,6,4,122610,713.746,0.0353313,34477.1,21345.4,762.974,814.654,-0.518733,-0.81201
1056|4,16.6,742,7,4,122610,713.746,0.0353313,12375,3602.89,732.72,733.677,0.0651216,0.0583299
1056|4,83,876,8,4,122610,713.746,0.0353313,4172.95,1123.58,766.308,766.32,0.736008,0.735915
1056|3,0.0010624,130132,1,3,122610,713.746,0.0353313,122074,132409,132288,132214,-0.0838118,-0.0809771
1056|3,0.005312,127154,2,3,122610,713.746,0.0353313,120776,126513,125525,124928,0.0667084,0.0916338
1056|3,0.02656,111063,3,3,122610,713.746,0.0353313,116254,123564,115601,111212,-0.201852,-0.00689273
1056|3,0.1328,53602,4,3,122610,713.746,0.0353313,102372,116067,68288,55200.6,-1.10578,-0.148899
1056|3,0.664,5384,5,3,122610,713.746,0.0353313,71548.7,78710.3,4561.73,5007.94,0.926816,0.386104
1056|3,3.32,738,6,3,122610,713.746,0.0353313,34476.5,21480.7,729.831,805.834,0.057555,-0.432825
1056|3,16.6,690,7,3,122610,713.746,0.0353313,12374.7,3625.34,737.14,738.256,-0.328813,-0.336086
1056|3,83,842,8,3,122610,713.746,0.0353313,4172.88,1130.27,770.873,770.888,0.47442,0.474309
462|6,0.0006144,102350,1,6,159668,643.492,0.736861,120513,20552.9,73066.1,77137.7,2.06074,1.68057
462|6,0.003072,113884,2,6,159668,643.492,0.736861,145423,32858.9,95146.9,100091,1.01255,0.708573
462|6,0.01536,121365,3,6,159668,643.492,0.736861,150925,45238.1,108347,113505,0.617783,0.356065
462|6,0.0768,98102,4,6,159668,643.492,0.736861,141244,58301.2,117691,122715,-0.855829,-1.03128
462|6,0.384,76259,5,6,159668,643.492,0.736861,108930,71713.5,124670,129322,-1.9966,-2.10975
462|6,1.92,51729,6,6,159668,643.492,0.736861,58598.5,84008.4,128682,132765,-3.07481,-3.13838
462|6,9.6,27657,7,6,159668,643.492,0.736861,21188.5,91555.3,126418,129730,-4.01686,-4.04558
462|6,48,13804,8,6,159668,643.492,0.736861,5698.76,85140.5,108247,110522,-4.48605,-4.49954
462|5,0.0006144,100518,1,5,159668,643.492,0.736861,120101,20484.2,77306.4,81124.3,1.54383,1.22919
462|5,0.003072,130424,2,5,159668,643.492,0.736861,145014,32768.1,99746.7,104552,1.58135,1.27238
462|5,0.01536,129379,3,5,159668,643.492,0.736861,150526,45120.6,112582,117752,0.767154,0.507724
462|5,0.0768,104544,4,5,159668,643.492,0.736861,140878,58152.7,121306,126475,-0.710484,-0.891601
462|5,0.384,71521,5,5,159668,643.492,0.736861,108648,71530.7,127588,132482,-2.25947,-2.36594
462|5,1.92,57664,6,5,159668,643.492,0.736861,58443.7,83790.2,130898,135271,-2.87667,-2.94989
462|5,9.6,30300,7,5,159668,643.492,0.736861,21129,91302.5,127943,131542,-3.92405,-3.95737
462|5,48,15085,8,5,159668,643.492,0.736861,5679.29,84855.9,109065,111564,-4.43058,-4.44651
462|4,0.000064,104240,1,4,159668,643.492,0.736861,119098,13391.3,84089.5,85782.1,1.23212,1.10636
462|4,0.00032,128947,2,4,159668,643.492,0.736861,144923,21878.9,106828,108993,1.06458,0.941345
462|4,0.0016,136467,3,4,159668,643.492,0.736861,153680,30937.1,118740,121112,0.767648,0.651885
462|4,0.008,138746,4,4,159668,643.492,0.736861,154383,41194.2,126174,128602,0.512307,0.405578
462|4,0.04,119405,5,4,159668,643.492,0.736861,146497,52624.9,131123,133486,-0.459502,-0.542369
462|4,0.2,86679,6,4,159668,643.492,0.736861,121257,64237,133188,135366,-1.79548,-1.84932
462|4,1,49742,7,4,159668,643.492,0.736861,72870,72990,129120,130972,-3.16094,-3.18895
462|4,5,30602,8,4,159668,643.492,0.736861,26159.4,70533.3,109242,110570,-3.70139,-3.71868
462|3,0.000064,108562,1,3,159668,643.492,0.736861,115581,13004.4,84099.8,85938,1.49558,1.35361
462|3,0.00032,130392,2,3,159668,643.492,0.736861,141410,21358.1,106728,109299,1.14003,0.992262
462|3,0.0016,132645,3,3,159668,643.492,0.736861,150181,30244.7,118123,121141,0.632143,0.488257
462|3,0.008,136907,4,3,159668,643.492,0.736861,150936,40289.8,124941,128205,0.492437,0.348988
462|3,0.04,113528,5,3,159668,643.492,0.736861,143226,51469.5,129290,132615,-0.626848,-0.740037
462|3,0.2,82203,6,3,159668,643.492,0.736861,118496,62799.3,130826,134010,-1.91098,-1.98774
462|3,1,54160,7,3,159668,643.492,0.736861,71103.3,71252.4,126329,129124,-2.93737,-2.98507
462|3,5,30876,8,3,159668,643.492,0.736861,25386.7,68495.7,106147,108197,-3.64612,-3.67445
462|9,0.0003648,110763,1,9,159668,643.492,0.736861,118940,104091,103918,103831,0.3387,0.343291
462|9,0.001824,99793,2,9,159668,643.492,0.736861,144228,139749,137260,136040,-1.40351,-1.36997
462|9,0.00912,104612,3,9,159668,643.492,0.736861,151052,152529,126639,116577,-0.894323,-0.527709
462|9,0.0456,29106,4,9,159668,643.492,0.736861,145365,155259,37776.9,28048.9,-1.18018,0.193788
462|9,0.228,1898,5,9,159668,643.492,0.736861,120779,141112,1756.64,1798.14,0.413762,0.285552
462|9,1.14,602,6,9,159668,643.492,0.736861,73567.9,69294.7,628.248,645.027,-0.214822,-0.342981
462|9,5.7,556,7,9,159668,643.492,0.736861,29376.7,10401.1,563.387,563.937,-0.067414,-0.0723643
462|9,28.5,492,8,9,159668,643.492,0.736861,8105.85,1142.37,419.51,419.522,0.88847,0.888306
462|10,0.0003648,102838,1,10,159668,643.492,0.736861,115427,99263.7,99011.9,99033.9,0.19869,0.197508
462|10,0.001824,109527,2,10,159668,643.492,0.736861,140731,134922,131292,131600,-0.852382,-0.862421
462|10,0.00912,75302,3,10,159668,643.492,0.736861,147613,147707,112641,114927,-1.70443,-1.77279
462|10,0.0456,30834,4,10,159668,643.492,0.736861,142119,150481,27877.2,28893,0.54535,0.345417
462|10,0.228,1866,5,10,159668,643.492,0.736861,118082,136770,1957.38,1771.69,-0.240044,0.273697
462|10,1.14,542,6,10,159668,643.492,0.736861,71892.9,67103.8,637.712,622.778,-0.771709,-0.666916
462|10,5.7,526,7,10,159668,643.492,0.736861,28664.4,10041.8,544.972,544.359,-0.179002,-0.173411
462|10,28.5,550,8,10,159668,643.492,0.736861,7866.43,1089.4,400.081,400.064,1.92673,1.92703
462|7,0.0000768,94296,1,7,159668,643.492,0.736861,120776,106406,106392,106384,-0.584581,-0.584252
462|7,0.000384,117953,2,7,159668,643.492,0.736861,146571,142074,141877,141766,-0.86702,-0.863685
462|7,0.00192,127709,3,7,159668,643.492,0.736861,155217,154974,152671,151404,-0.840694,-0.804683
462|7,0.0096,104166,4,7,159668,643.492,0.736861,155534,159010,135995,125672,-1.20341,-0.879883
462|7,0.048,34555,5,7,159668,643.492,0.736861,146444,157422,44922.7,32817,-1.18666,0.272305
462|7,0.24,2124,6,7,159668,643.492,0.736861,118575,138335,1966.77,2038.96,0.411038,0.214436
462|7,1.2,604,7,7,159668,643.492,0.736861,68396.4,61833.9,584.844,606.549,0.168409,-0.0216079
462|7,6,570,8,7,159668,643.492,0.736861,23677.8,7407.19,428.913,429.46,1.69133,1.68263
462|8,0.0000768,101781,1,8,159668,643.492,0.736861,120364,105839,105821,105820,-0.19628,-0.196234
462|8,0.000384,127577,2,8,159668,643.492,0.736861,146159,141507,141236,141221,-0.497249,-0.496777
462|8,0.00192,127445,3,8,159668,643.492,0.736861,154806,154408,151244,151081,-0.80909,-0.804391
462|8,0.0096,110699,4,8,159668,643.492,0.736861,155130,158444,128306,127004,-0.705578,-0.660088
462|8,0.048,35462,5,8,159668,643.492,0.736861,146064,156862,35948.4,34465.8,-0.0695746,0.148622
462|8,0.24,2200,6,8,159668,643.492,0.736861,118262,137829,2116.4,2066.23,0.203093,0.332893
462|8,1.2,518,7,8,159668,643.492,0.736861,68204.1,61587.5,601.802,602.21,-0.715998,-0.718997
462|8,6,538,8,8,159668,643.492,0.736861,23596.9,7367.77,427.054,427.088,1.33579,1.33527
462|11,0.0003712,100654,1,11,159668,643.492,0.736861,105854,110886,110859,110858,-0.473337,-0.473293
462|11,0.001856,107033,2,11,159668,643.492,0.736861,131193,134478,134258,134249,-1.04265,-1.04238
462|11,0.00928,111878,3,11,159668,643.492,0.736861,138200,142605,140996,140932,-1.06185,-1.06
462|11,0.0464,96908,4,11,159668,643.492,0.736861,133133,142381,131806,131407,-1.36137,-1.34989
462|11,0.2319999999999999,62831,5,11,159668,643.492,0.736861,110375,124571,78131.1,76872.8,-1.00689,-0.939206
462|11,1.16,11954,6,11,159668,643.492,0.736861,66841.7,65486.1,10795.5,10376.6,0.551797,0.781648
462|11,5.8,712,7,11,159668,643.492,0.736861,26433.8,14921.2,794.229,783.34,-0.532338,-0.468264
462|11,29,526,8,11,159668,643.492,0.736861,7126.45,2322.81,450.035,449.946,0.86792,0.869109
462|12,0.0003712,92444,1,12,159668,643.492,0.736861,79833.3,87176.9,87125.6,87120.1,0.313868,0.314209
462|12,0.001856,89758,2,12,159668,643.492,0.736861,105295,110780,110327,110280,-0.958627,-0.956816
462|12,0.00928,86511,3,12,159668,643.492,0.736861,112734,118978,115685,115347,-1.29668,-1.28541
462|12,0.0464,76016,4,12,159668,643.492,0.736861,109118,119240,99727.5,98048.5,-1.22252,-1.1554
462|12,0.2319999999999999,48569,5,12,159668,643.492,0.736861,90465.5,104325,46519.9,44145.8,0.226479,0.515174
462|12,1.16,9584,6,12,159668,643.492,0.736861,54524.7,54636.4,9038.96,8537.42,0.310041,0.630314
462|12,5.8,838,7,12,159668,643.492,0.736861,21215.5,12291.7,1465.37,1432.58,-2.20133,-2.13404
462|12,29,604,8,12,159668,643.492,0.736861,5374.65,1826.17,446.445,446.799,1.81457,1.80907
1159|8,0.0016767999999999,99593,1,8,155907,645.636,0.580691,125358,113226,113150,113119,-0.616054,-0.614803
1159|8,0.0083839999999999,116325,2,8,155907,645.636,0.580691,142748,141225,140473,140165,-0.883889,-0.874527
1159|8,0.04192,106706,3,8,155907,645.636,0.580691,141825,149277,143094,140705,-1.30751,-1.24242
1159|8,0.2096,68255,4,8,155907,645.636,0.580691,120855,136942,99802.1,90473.5,-1.62529,-1.26271
1159|8,1.048,14589,5,8,155907,645.636,0.580691,76532,75517.7,13443.3,12739.4,0.438215,0.746537
1159|8,5.24,848,6,8,155907,645.636,0.580691,32646.7,16555.5,718.021,905.701,0.930775,-0.327572
1159|8,26.2,548,7,8,155907,645.636,0.580691,10542.8,2633.89,586.211,589.549,-0.335151,-0.362367
1159|8,131,584,8,8,155907,645.636,0.580691,3018.95,676.77,469.008,469.043,1.26066,1.26019
1159|7,0.0016767999999999,101433,1,7,155907,645.636,0.580691,125670,113674,113619,113592,-0.55146,-0.550385
1159|7,0.0083839999999999,119429,2,7,155907,645.636,0.580691,143055,141673,141121,140859,-0.790357,-0.782243
1159|7,0.04192,110627,3,7,155907,645.636,0.580691,142116,149718,145137,143060,-1.22259,-1.16568
1159|7,0.2096,72057,4,7,155907,645.636,0.580691,121099,137338,107822,98587.8,-1.70554,-1.38368
1159|7,1.048,16805,5,7,155907,645.636,0.580691,76686.4,75736.2,15444.3,14817,0.453014,0.689854
1159|7,5.24,794,6,7,155907,645.636,0.580691,32713.6,16604.5,661.425,848.308,1.0306,-0.329171
1159|7,26.2,548,7,7,155907,645.636,0.580691,10565.5,2642.24,587.912,589.275,-0.349059,-0.360146
1159|7,131,586,8,7,155907,645.636,0.580691,3026.45,679.451,470.866,470.872,1.25724,1.25715
1159|5,0.0004351999999999,97161,1,5,155907,645.636,0.580691,125854,113250,113228,113229,-0.729621,-0.729651
1159|5,0.0021759999999999,125765,2,5,155907,645.636,0.580691,144783,141467,141250,141258,-0.563696,-0.563941
1159|5,0.0108799999999999,136220,3,5,155907,645.636,0.580691,149008,151311,149481,149544,-0.456142,-0.458119
1159|5,0.0543999999999999,114517,4,5,155907,645.636,0.580691,141577,151550,137974,138395,-0.874154,-0.887121
1159|5,0.2719999999999999,61943,5,5,155907,645.636,0.580691,114955,130830,72302.1,73137.5,-0.736685,-0.787002
1159|5,1.36,9970,6,5,155907,645.636,0.580691,67500.4,61383.3,8795.54,8607.79,0.686571,0.813694
1159|5,6.8,728,7,5,155907,645.636,0.580691,26401,11524.6,882.952,843.301,-0.902341,-0.70301
1159|5,34,602,8,5,155907,645.636,0.580691,7590.33,1644.47,476.212,474.393,1.35815,1.38308
1159|6,0.0004351999999999,95565,1,6,155907,645.636,0.580691,126167,113699,113682,113677,-0.819427,-0.819223
1159|6,0.0021759999999999,128566,2,6,155907,645.636,0.580691,145094,141915,141752,141699,-0.478293,-0.476535
1159|6,0.0108799999999999,138726,3,6,155907,645.636,0.580691,149313,151758,150373,149925,-0.398244,-0.384067
1159|6,0.0543999999999999,118728,4,6,155907,645.636,0.580691,141863,151988,141482,138377,-0.826932,-0.730106
1159|6,0.2719999999999999,63450,5,6,155907,645.636,0.580691,115187,131208,80573.2,72346.4,-1.09271,-0.632276
1159|6,1.36,9870,6,6,155907,645.636,0.580691,67638.7,61564.8,8965.82,8596.14,0.518531,0.761954
1159|6,6.8,754,7,6,155907,645.636,0.580691,26457.7,11561.1,749.176,861.444,0.033109,-0.641305
1159|6,34,622,8,6,155907,645.636,0.580691,7609.19,1650.99,472.56,477.08,1.626,1.56187
1159|11,0.0014272,100576,1,11,155907,645.636,0.580691,114588,126207,125488,125297,-1.02074,-1.01447
1159|11,0.007136,102398,2,11,155907,645.636,0.580691,132403,140402,134039,132432,-1.21376,-1.16609
1159|11,0.03568,72564,3,11,155907,645.636,0.580691,132878,143988,100878,93324.1,-1.44315,-1.14379
1159|11,0.1784,17511,4,11,155907,645.636,0.580691,115454,133532,18239.9,15785.2,-0.205484,0.562159
1159|11,0.892,1002,5,11,155907,645.636,0.580691,75782.5,79538.3,867.523,998.54,0.797035,0.0178183
1159|11,4.46,496,6,11,155907,645.636,0.580691,33456.1,18646.3,605.144,609.139,-0.927367,-0.955003
1159|11,22.3,576,7,11,155907,645.636,0.580691,10920.7,2968.31,582.344,582.401,-0.0560113,-0.0565139
1159|11,111.5,544,8,11,155907,645.636,0.580691,3064.17,788.414,522.743,522.744,0.209083,0.209076
1159|12,0.0014272,84673,1,12,155907,645.636,0.580691,94900.1,111784,110756,110715,-1.21089,-1.20943
1159|12,0.007136,82237,2,12,155907,645.636,0.580691,112983,125999,116976,116636,-1.52699,-1.51645
1159|12,0.03568,57156,3,12,155907,645.636,0.580691,114369,129745,75733.4,74431.4,-1.26127,-1.19339
1159|12,0.1784,11396,4,12,155907,645.636,0.580691,99629.8,120473,10367.2,10068.4,0.510238,0.677989
1159|12,0.892,752,5,12,155907,645.636,0.580691,65395.7,71760.1,778.591,784.63,-0.175602,-0.213826
1159|12,4.46,502,6,12,155907,645.636,0.580691,28795.8,16801.7,547.292,547.688,-0.42551,-0.428921
1159|12,22.3,554,7,12,155907,645.636,0.580691,9318.93,2663.8,522.636,522.646,0.308558,0.308459
1159|12,111.5,626,8,12,155907,645.636,0.580691,2537.7,698.311,463.002,463.003,1.81012,1.81012
1159|9,0.0004479999999999,95841,1,9,155907,645.636,0.580691,124883,133479,133397,133378,-1.44758,-1.44706
1159|9,0.00224,110983,2,9,155907,645.636,0.580691,143798,147824,147085,146917,-1.26204,-1.25759
1159|9,0.0111999999999999,117579,3,9,155907,645.636,0.580691,147975,152655,146566,145234,-1.0169,-0.979076
1159|9,0.0559999999999999,86107,4,9,155907,645.636,0.580691,140404,151283,110713,104153,-1.14276,-0.890895
1159|9,0.2799999999999999,21584,5,9,155907,645.636,0.580691,113548,130205,22839.9,19617.1,-0.282737,0.515536
1159|9,1.4,1152,6,9,155907,645.636,0.580691,66210.7,60373.9,1075.77,1145.6,0.364328,0.028733
1159|9,7,622,7,9,155907,645.636,0.580691,25741.1,11360.5,615.422,619.064,0.0549555,0.0243865
1159|9,35,558,8,9,155907,645.636,0.580691,7380.26,1819.4,552.796,552.853,0.0484023,0.0478703
1159|10,0.0004479999999999,85632,1,10,155907,645.636,0.580691,122217,131531,131411,131409,-1.79121,-1.79115
1159|10,0.00224,112052,2,10,155907,645.636,0.580691,141146,145877,144795,144775,-1.16271,-1.16218
1159|10,0.0111999999999999,106618,3,10,155907,645.636,0.580691,145375,150713,141943,141792,-1.27961,-1.27551
1159|10,0.0559999999999999,72910,4,10,155907,645.636,0.580691,137974,149380,96886.7,96166.9,-1.27243,-1.24347
1159|10,0.2799999999999999,19961,5,10,155907,645.636,0.580691,111582,128567,18396.3,17841,0.437334,0.610974
1159|10,1.4,1398,6,10,155907,645.636,0.580691,65047.1,59605.8,1418.36,1364.37,-0.0738118,0.126731
1159|10,7,482,7,10,155907,645.636,0.580691,25266.4,11210.9,627.014,624.596,-1.18917,-1.17387
1159|10,35,578,8,10,155907,645.636,0.580691,7222.68,1792.85,545.285,545.203,0.308483,0.309302
1159|4,0.0010624,112128,1,4,155907,645.636,0.580691,124624,128688,128634,128608,-0.659771,-0.658872
1159|4,0.005312,130767,2,4,155907,645.636,0.580691,142731,145906,145476,145274,-0.519882,-0.513447
1159|4,0.02656,137610,3,4,155907,645.636,0.580691,144147,150595,147553,146159,-0.346472,-0.300759
1159|4,0.1328,112132,4,4,155907,645.636,0.580691,128835,142118,124009,117042,-0.492441,-0.215697
1159|4,0.664,38749,5,4,155907,645.636,0.580691,89965.7,96197,45255.5,37258.8,-0.739238,0.205645
1159|4,3.32,2926,6,4,155907,645.636,0.580691,42567.9,29572.6,2870.19,2746.17,0.0999826,0.336705
1159|4,16.6,542,7,4,155907,645.636,0.580691,14404.4,5370.78,632.71,653.491,-0.737156,-0.877227
1159|4,83,574,8,4,155907,645.636,0.580691,4055.79,1153.7,533.276,533.889,0.392654,0.386302
1159|3,0.0010624,108512,1,3,155907,645.636,0.580691,121963,126328,126270,126238,-0.723126,-0.721994
1159|3,0.005312,131884,2,3,155907,645.636,0.580691,140098,143549,143097,142843,-0.402887,-0.394463
1159|3,0.02656,133282,3,3,155907,645.636,0.580691,141614,148263,145059,143315,-0.417432,-0.359968
1159|3,0.1328,105629,4,3,155907,645.636,0.580691,126605,139946,120864,112381,-0.648103,-0.308942
1159|3,0.664,36126,5,3,155907,645.636,0.580691,88408.3,94727.1,41380.3,33082.5,-0.652872,0.473034
1159|3,3.32,2310,6,3,155907,645.636,0.580691,41819.8,29114.7,2148.84,2301.7,0.38563,0.0185404
1159|3,16.6,688,7,3,155907,645.636,0.580691,14138.8,5284.01,606.511,630.659,0.690826,0.467502
1159|3,83,592,8,3,155907,645.636,0.580691,3969.19,1132.53,523.327,523.84,0.674716,0.669027
1197|7,0.0016767999999999,74837,1,7,122610,645.636,0.646954,96033.7,89068.3,86815.4,86454.5,-0.709434,-0.69093
1197|7,0.0083839999999999,71977,2,7,122610,645.636,0.646954,111595,111100,94773.8,92509.6,-1.23679,-1.14121
1197|7,0.04192,42847,3,7,122610,645.636,0.646954,111545,116659,48961.7,44703.9,-0.642137,-0.213581
1197|7,0.2096,5272,4,7,122610,645.636,0.646954,95246.5,105030,4923.29,4755.53,0.364187,0.558417
1197|7,1.048,660,5,7,122610,645.636,0.646954,60365.8,59830,715.619,749.615,-0.399622,-0.614684
1197|7,5.24,592,6,7,122610,645.636,0.646954,25781.1,16022.1,630.825,631.98,-0.316454,-0.325273
1197|7,26.2,544,7,7,122610,645.636,0.646954,8361.27,3111.51,587.399,587.422,-0.379893,-0.380078
1197|7,131,580,8,7,122610,645.636,0.646954,2419.22,791.595,469.31,469.311,1.21271,1.2127
1197|8,0.0016767999999999,74846,1,8,122610,645.636,0.646954,95759,88712.5,86111.1,85988.5,-0.672647,-0.666271
1197|8,0.0083839999999999,76735,2,8,122610,645.636,0.646954,111325,110746,92258.7,91492.4,-0.865165,-0.829347
1197|8,0.04192,41404,3,8,122610,645.636,0.646954,111289,116312,45030.6,43519.1,-0.414101,-0.249899
1197|8,0.2096,5378,4,8,122610,645.636,0.646954,95031.4,104724,5107.89,4849.48,0.271902,0.56037
1197|8,1.048,706,5,8,122610,645.636,0.646954,60229.4,59655.8,777.52,771.888,-0.47296,-0.438898
1197|8,5.24,542,6,8,122610,645.636,0.646954,25721.9,15974.5,631.141,631.124,-0.726209,-0.726087
1197|8,26.2,550,7,8,122610,645.636,0.646954,8341,3101.58,585.574,585.576,-0.312362,-0.312378
1197|8,131,550,8,8,122610,645.636,0.646954,2412.29,788.432,467.437,467.437,0.908187,0.908186
1197|6,0.0004351999999999,82107,1,6,122610,645.636,0.646954,96413.5,89112.8,88469.6,88495,-0.369787,-0.371155
1197|6,0.0021759999999999,94216,2,6,122610,645.636,0.646954,113185,111454,106468,106656,-0.59168,-0.599714
1197|6,0.0108799999999999,78272,3,6,122610,645.636,0.646954,117187,119019,90356,91182,-0.687647,-0.727994
1197|6,0.0543999999999999,33061,4,6,122610,645.636,0.646954,111554,118184,31512.1,31977.6,0.252734,0.174208
1197|6,0.2719999999999999,2724,5,6,122610,645.636,0.646954,90603.1,100090,2736.92,2555.28,-0.0242696,0.339496
1197|6,1.36,578,6,6,122610,645.636,0.646954,53160,49721.6,683.725,668.472,-0.795073,-0.695889
1197|6,6.8,604,7,6,122610,645.636,0.646954,20744.4,11584.4,588.43,587.949,0.136053,0.140367
1197|6,34,546,8,6,122610,645.636,0.646954,5917.26,1972.08,469.327,469.317,0.839997,0.840124
1197|5,0.0004351999999999,85902,1,5,122610,645.636,0.646954,96137.7,88756.8,88318.8,88221.5,-0.1407,-0.135184
1197|5,0.0021759999999999,97095,2,5,122610,645.636,0.646954,112911,111098,107662,106921,-0.504659,-0.472512
1197|5,0.0108799999999999,87358,3,5,122610,645.636,0.646954,116918,118664,97660.5,93881.7,-0.542417,-0.357289
1197|5,0.0543999999999999,36940,4,5,122610,645.636,0.646954,111302,117840,40815.6,35663,-0.488228,0.184106
1197|5,0.2719999999999999,2878,5,5,122610,645.636,0.646954,90398.4,99798.2,2687.55,2753.3,0.364359,0.232879
1197|5,1.36,646,6,5,122610,645.636,0.646954,53037.8,49573.7,642.442,661.79,0.0284784,-0.122679
1197|5,6.8,580,7,5,122610,645.636,0.646954,20694.1,11547.4,585.568,585.873,-0.0488921,-0.0515423
1197|5,34,628,8,5,122610,645.636,0.646954,5900.33,1964.21,467.436,467.439,1.76619,1.76615
1197|12,0.0014272,64032,1,12,122610,645.636,0.646954,68887.6,74702,73143.3,72880,-0.640497,-0.624235
1197|12,0.007136,55335,2,12,122610,645.636,0.646954,85037.3,90264.8,73937,71704.1,-1.29362,-1.17379
1197|12,0.03568,22894,3,12,122610,645.636,0.646954,86949.2,95208.1,25749.8,23216.6,-0.570243,-0.071454
1197|12,0.1784,2488,4,12,122610,645.636,0.646954,75984.8,90279.3,2240.67,2195.62,0.567553,0.684693
1197|12,0.892,422,5,12,122610,645.636,0.646954,49912.3,53157.5,581.118,593.456,-1.40788,-1.48551
1197|12,4.46,484,6,12,122610,645.636,0.646954,21970.7,10494.6,507.8,508.889,-0.240992,-0.251475
1197|12,22.3,418,7,12,122610,645.636,0.646954,7103.74,1504.64,475.781,475.844,-0.624435,-0.625038
1197|12,111.5,586,8,12,122610,645.636,0.646954,1918.22,478.636,393.398,393.401,2.51733,2.51727
1197|10,0.0004479999999999,78110,1,10,122610,645.636,0.646954,92930.2,96138.4,95875.6,95863.7,-0.952756,-0.952238
1197|10,0.00224,84573,2,10,122610,645.636,0.646954,109706,111753,108734,108601,-1.14251,-1.13762
1197|10,0.0111999999999999,58621,3,10,122610,645.636,0.646954,113723,117246,90766.8,89830.8,-1.82099,-1.78639
1197|10,0.0559999999999999,24817,4,10,122610,645.636,0.646954,108152,117403,24113.6,23254.2,0.149975,0.345542
1197|10,0.2799999999999999,1870,5,10,122610,645.636,0.646954,87490.5,102835,1785.07,1752.8,0.244633,0.3438
1197|10,1.4,510,6,10,122610,645.636,0.646954,50957.5,45182.1,651.484,651.765,-1.11664,-1.11838
1197|10,7,484,7,10,122610,645.636,0.646954,19740.7,6995.91,589.417,589.461,-0.919599,-0.91991
1197|10,111.5,602,8,10,122610,645.636,0.646954,2579.49,615.944,506.252,506.252,0.972463,0.972461
1197|9,0.0004479999999999,78594,1,9,122610,645.636,0.646954,95281.7,98253.8,98008.4,98021.9,-1.01852,-1.01909
1197|9,0.00224,83899,2,9,122610,645.636,0.646954,112044,113869,111050,111203,-1.25713,-1.26246
1197|9,0.0111999999999999,69732,3,9,122610,645.636,0.646954,116016,119358,94124.3,95236.1,-1.33248,-1.37695
1197|9,0.0559999999999999,27611,4,9,122610,645.636,0.646954,110295,119485,25000.7,25911.7,0.536843,0.337204
1197|9,0.2799999999999999,1566,5,9,122610,645.636,0.646954,89224.7,104659,1541.51,1501.4,0.0816994,0.221217
1197|9,1.4,560,6,9,122610,645.636,0.646954,51985.2,45996,645.778,642.646,-0.682971,-0.661243
1197|9,7,566,7,9,122610,645.636,0.646954,20161.5,7128.32,599.958,599.873,-0.291024,-0.29034
1197|9,35,568,8,9,122610,645.636,0.646954,5732.35,1106.4,517.394,517.392,0.502915,0.502933
1197|3,0.0010624,83416,1,3,122610,645.636,0.646954,92737.8,93090.5,91793.1,91408.5,-0.469241,-0.449577
1197|3,0.005312,89383,2,3,122610,645.636,0.646954,108892,110277,100863,98346.4,-0.585231,-0.468624
1197|3,0.02656,58909,3,3,122610,645.636,0.646954,110784,115107,66980.8,60135.7,-0.619624,-0.104884
1197|3,0.1328,9266,4,3,122610,645.636,0.646954,99251.5,108414,8064.04,8744.09,0.766386,0.306895
1197|3,0.664,850,5,3,122610,645.636,0.646954,69347.8,73481.4,653.605,835.218,1.54499,0.0910002
1197|3,3.32,606,6,3,122610,645.636,0.646954,32808.5,23866.4,615.264,618.115,-0.07742,-0.100776
1197|3,16.6,578,7,3,122610,645.636,0.646954,11101.6,4706.66,582.058,582.091,-0.0358458,-0.0361391
1197|3,83,552,8,3,122610,645.636,0.646954,3119.82,1049.62,490.372,490.372,0.646192,0.646188
1197|4,0.0010624,79953,1,4,122610,645.636,0.646954,95084.5,95446,93713.1,93637.4,-0.754972,-0.751426
1197|4,0.005312,90004,2,4,122610,645.636,0.646954,111214,112628,100362,99866.6,-0.530653,-0.507786
1197|4,0.02656,58715,3,4,122610,645.636,0.646954,113019,117428,60623.8,59172.3,-0.161895,-0.0397349
1197|4,0.1328,7962,4,4,122610,645.636,0.646954,101219,110563,7916.11,7527.71,0.0298094,0.296636
1197|4,0.664,770,5,4,122610,645.636,0.646954,70722.4,74937.9,768.901,765.384,0.00735115,0.0310125
1197|4,3.32,568,6,4,122610,645.636,0.646954,33470.2,24347.7,628.749,628.799,-0.496786,-0.497158
1197|4,16.6,564,7,4,122610,645.636,0.646954,11338.3,4807,594.474,594.475,-0.263574,-0.263582
1197|4,83,596,8,4,122610,645.636,0.646954,3198.76,1076.18,502.78,502.78,0.95332,0.95332
1197|11,0.0014272,67698,1,11,122610,645.636,0.646954,86250,90369.8,88220.3,87688,-1.1961,-1.17215
1197|11,0.007136,59779,2,11,122610,645.636,0.646954,102164,105921,84566.8,80511.9,-1.50712,-1.32407
1197|11,0.03568,23906,3,11,122610,645.636,0.646954,103274,110748,27332.5,23890.9,-0.644595,0.00325428
1197|11,0.1784,2906,4,11,122610,645.636,0.646954,89943.9,104739,2508.23,2540.53,0.815412,0.739673
1197|11,0.892,526,5,11,122610,645.636,0.646954,59081.6,61671.4,681.756,712.98,-1.1747,-1.34843
1197|11,4.46,512,6,11,122610,645.636,0.646954,26095.6,12207.5,591.445,594.492,-0.690654,-0.713469
1197|11,22.3,520,7,11,122610,645.636,0.646954,8534.45,1765.61,558.349,558.565,-0.35315,-0.354998
1197|11,35,602,8,11,122610,645.636,0.646954,5205.5,1017.69,475.952,476.039,1.3617,1.36051
