id,time,ysample,plate_row,plate_col,U_estimate,L_estimate,alpha_estimate,popPred_medianCOV,popPred,indivPred_SAEM,indivPred_mode,indWRes_SAEM,indWRes_mode
411|4,0.0457247370827617,53482,1,4,60744.9,910.018,0.183344,50685.3,54524.1,54524.1,54524.1,-0.0583284,-0.0583284
411|4,0.1371742112482853,45186,2,4,60744.9,910.018,0.183344,38558.4,51296.5,51296.5,51296.5,-0.36354,-0.36354
411|4,0.411522633744856,36004,3,4,60744.9,910.018,0.183344,16329.7,33667.1,33667.1,33667.1,0.211837,0.211837
411|4,1.23456790123457,15537,4,4,60744.9,910.018,0.183344,4664.62,12297.8,12297.8,12297.8,0.80384,0.80384
411|4,3.7037037037037,4302,5,4,60744.9,910.018,0.183344,1663.72,3480.81,3480.81,3480.81,0.719992,0.719992
411|4,11.1111111111111,1258,6,4,60744.9,910.018,0.183344,1046.9,1407.96,1407.96,1407.96,-0.325053,-0.325053
411|4,33.3333333333333,948,7,4,60744.9,910.018,0.183344,911.981,980.869,980.869,980.869,-0.102268,-0.102268
411|4,100,850,8,4,60744.9,910.018,0.183344,842.548,857.951,857.951,857.951,-0.028284,-0.028284
411|3,0.0457247370827617,58138,1,3,60744.9,910.018,0.183344,50299.5,54132.7,54132.7,54132.7,0.225805,0.225805
411|3,0.1371742112482853,40956,2,3,60744.9,910.018,0.183344,38280.5,50946.9,50946.9,50946.9,-0.598479,-0.598479
411|3,0.411522633744856,25675,3,3,60744.9,910.018,0.183344,16214.3,33441.7,33441.7,33441.7,-0.708781,-0.708781
411|3,1.23456790123457,7926,4,3,60744.9,910.018,0.183344,4631.84,12216,12216,12216,-1.07174,-1.07174
411|3,3.7037037037037,2156,5,3,60744.9,910.018,0.183344,1652.03,3457.64,3457.64,3457.64,-1.14888,-1.14888
411|3,11.1111111111111,986,6,3,60744.9,910.018,0.183344,1039.5,1398.54,1398.54,1398.54,-0.900228,-0.900228
411|3,33.3333333333333,960,7,3,60744.9,910.018,0.183344,905.409,974.184,974.184,974.184,-0.0444331,-0.0444331
411|3,100,882,8,3,60744.9,910.018,0.183344,836.135,851.793,851.793,851.793,0.108226,0.108226
411|5,0.002286236854138,55169,1,5,60744.9,910.018,0.183344,55942,56236.4,56236.4,56236.4,-0.0579245,-0.0579245
411|5,0.0068587105624142,55989,2,5,60744.9,910.018,0.183344,58801.5,59131.4,59131.4,59131.4,-0.162181,-0.162181
411|5,0.0205761316872428,54885,3,5,60744.9,910.018,0.183344,58491.2,59785.5,59785.5,59785.5,-0.250152,-0.250152
411|5,0.0617283950617284,49434,4,5,60744.9,910.018,0.183344,52284.5,58007.7,58007.7,58007.7,-0.451073,-0.451073
411|5,0.1851851851851852,45208,5,5,60744.9,910.018,0.183344,33159.7,48983.8,48983.8,48983.8,-0.235244,-0.235244
411|5,0.5555555555555556,30556,6,5,60744.9,910.018,0.183344,11775.4,27062.5,27062.5,27062.5,0.393959,0.393959
411|5,1.66666666666667,13064,7,5,60744.9,910.018,0.183344,3279.1,8511.78,8511.78,8511.78,1.63218,1.63218
411|5,5,2918,8,5,60744.9,910.018,0.183344,1287.52,2389.76,2389.76,2389.76,0.674598,0.674598
411|6,0.002286236854138,62015,1,6,60744.9,910.018,0.183344,55991.8,56283.6,56283.6,56283.6,0.310772,0.310772
411|6,0.0068587105624142,61528,2,6,60744.9,910.018,0.183344,58851,59178.5,59178.5,59178.5,0.121163,0.121163
411|6,0.0205761316872428,61845,3,6,60744.9,910.018,0.183344,58539.5,59832.3,59832.3,59832.3,0.102661,0.102661
411|6,0.0617283950617284,54318,4,6,60744.9,910.018,0.183344,52327.5,58052.9,58052.9,58052.9,-0.196345,-0.196345
411|6,0.1851851851851852,48773,5,6,60744.9,910.018,0.183344,33187,49021.9,49021.9,49021.9,-0.0154977,-0.0154977
411|6,0.5555555555555556,29602,6,6,60744.9,910.018,0.183344,11785.2,27083.7,27083.7,27083.7,0.283763,0.283763
411|6,1.66666666666667,12240,7,6,60744.9,910.018,0.183344,3281.86,8518.56,8518.56,8518.56,1.33324,1.33324
411|6,5,3840,8,6,60744.9,910.018,0.183344,1288.67,2391.76,2391.76,2391.76,1.84793,1.84793
411|8,0.0457247370827617,49844,1,8,60744.9,910.018,0.183344,50825,54665.8,54665.8,54665.8,-0.269187,-0.269187
411|8,0.1371742112482853,46084,2,8,60744.9,910.018,0.183344,38659,51423.1,51423.1,51423.1,-0.316863,-0.316863
411|8,0.411522633744856,29492,3,8,60744.9,910.018,0.183344,16371.5,33748.7,33748.7,33748.7,-0.384925,-0.384925
411|8,1.23456790123457,12168,4,8,60744.9,910.018,0.183344,4676.49,12327.5,12327.5,12327.5,-0.0394758,-0.0394758
411|8,3.7037037037037,3114,5,8,60744.9,910.018,0.183344,1667.96,3489.2,3489.2,3489.2,-0.328167,-0.328167
411|8,11.1111111111111,1024,6,8,60744.9,910.018,0.183344,1049.58,1411.37,1411.37,1411.37,-0.837629,-0.837629
411|8,33.3333333333333,882,7,8,60744.9,910.018,0.183344,914.361,983.289,983.289,983.289,-0.314374,-0.314374
411|8,100,778,8,8,60744.9,910.018,0.183344,844.87,860.181,860.181,860.181,-0.291571,-0.291571
411|7,0.0457247370827617,51443,1,7,60744.9,910.018,0.183344,50870.3,54711.7,54711.7,54711.7,-0.182329,-0.182329
411|7,0.1371742112482853,47489,2,7,60744.9,910.018,0.183344,38691.6,51464.1,51464.1,51464.1,-0.235726,-0.235726
411|7,0.411522633744856,28239,3,7,60744.9,910.018,0.183344,16385.1,33775.1,33775.1,33775.1,-0.500231,-0.500231
411|7,1.23456790123457,11458,4,7,60744.9,910.018,0.183344,4680.33,12337.1,12337.1,12337.1,-0.217455,-0.217455
411|7,3.7037037037037,2676,5,7,60744.9,910.018,0.183344,1669.33,3491.91,3491.91,3491.91,-0.713089,-0.713089
411|7,11.1111111111111,1026,6,7,60744.9,910.018,0.183344,1050.45,1412.48,1412.48,1412.48,-0.835041,-0.835041
411|7,33.3333333333333,928,7,7,60744.9,910.018,0.183344,915.132,984.074,984.074,984.074,-0.173898,-0.173898
411|7,100,848,8,7,60744.9,910.018,0.183344,845.622,860.903,860.903,860.903,-0.0457408,-0.0457408
411|9,0.002286236854138,52761,1,9,60744.9,910.018,0.183344,55788.2,56090.6,56090.6,56090.6,-0.181162,-0.181162
411|9,0.0068587105624142,58591,2,9,60744.9,910.018,0.183344,58648.4,58985.8,58985.8,58985.8,-0.0204265,-0.0204265
411|9,0.0205761316872428,53528,3,9,60744.9,910.018,0.183344,58341.8,59640.9,59640.9,59640.9,-0.312801,-0.312801
411|9,0.0617283950617284,55935,4,9,60744.9,910.018,0.183344,52151.8,57868.3,57868.3,57868.3,-0.101958,-0.101958
411|9,0.1851851851851852,49128,5,9,60744.9,910.018,0.183344,33075.6,48866,48866,48866,0.0163598,0.0163598
411|9,0.5555555555555556,28450,6,9,60744.9,910.018,0.183344,11745.4,26997.1,26997.1,26997.1,0.16424,0.16424
411|9,1.66666666666667,10662,7,9,60744.9,910.018,0.183344,3270.56,8490.82,8490.82,8490.82,0.780384,0.780384
411|9,5,3030,8,9,60744.9,910.018,0.183344,1283.98,2383.56,2383.56,2383.56,0.827683,0.827683
411|10,0.002286236854138,53166,1,10,60744.9,910.018,0.183344,55363.6,55688,55688,55688,-0.138214,-0.138214
411|10,0.0068587105624142,61628,2,10,60744.9,910.018,0.183344,58225.8,58583.8,58583.8,58583.8,0.158586,0.158586
411|10,0.0205761316872428,54148,3,10,60744.9,910.018,0.183344,57929.3,59241.7,59241.7,59241.7,-0.262403,-0.262403
411|10,0.0617283950617284,54949,4,10,60744.9,910.018,0.183344,51785.3,57483.2,57483.2,57483.2,-0.134542,-0.134542
411|10,0.1851851851851852,46394,5,10,60744.9,910.018,0.183344,32843.1,48540.8,48540.8,48540.8,-0.134975,-0.134975
411|10,0.5555555555555556,30684,6,10,60744.9,910.018,0.183344,11662.3,26816.4,26816.4,26816.4,0.440155,0.440155
411|10,1.66666666666667,13846,7,10,60744.9,910.018,0.183344,3246.99,8432.95,8432.95,8432.95,1.95896,1.95896
411|10,5,3124,8,10,60744.9,910.018,0.183344,1274.21,2366.45,2366.45,2366.45,0.976954,0.976954
411|12,0.0457247370827617,47309,1,12,60744.9,910.018,0.183344,46391,50168,50168,50168,-0.173919,-0.173919
411|12,0.1371742112482853,39899,2,12,60744.9,910.018,0.183344,35465.4,47404.7,47404.7,47404.7,-0.483204,-0.483204
411|12,0.411522633744856,26409,3,12,60744.9,910.018,0.183344,15044.6,31158.5,31158.5,31158.5,-0.465195,-0.465195
411|12,1.23456790123457,9114,4,12,60744.9,910.018,0.183344,4299.76,11386.8,11386.8,11386.8,-0.609145,-0.609145
411|12,3.7037037037037,2878,5,12,60744.9,910.018,0.183344,1533.59,3222.95,3222.95,3222.95,-0.326634,-0.326634
411|12,11.1111111111111,968,6,12,60744.9,910.018,0.183344,964.515,1303.05,1303.05,1303.05,-0.78472,-0.78472
411|12,33.3333333333333,796,7,12,60744.9,910.018,0.183344,838.827,906.451,906.451,906.451,-0.371867,-0.371867
411|12,100,796,8,12,60744.9,910.018,0.183344,771.163,789.407,789.407,789.407,0.0254896,0.0254896
411|11,0.0457247370827617,54260,1,11,60744.9,910.018,0.183344,49248.6,53066.7,53066.7,53066.7,0.0686274,0.0686274
411|11,0.1371742112482853,45084,2,11,60744.9,910.018,0.183344,37523.6,49994.4,49994.4,49994.4,-0.299751,-0.299751
411|11,0.411522633744856,27045,3,11,60744.9,910.018,0.183344,15899.8,32827.8,32827.8,32827.8,-0.5376,-0.5376
411|11,1.23456790123457,12392,4,11,60744.9,910.018,0.183344,4542.55,11993,11993,11993,0.101527,0.101527
411|11,3.7037037037037,3032,5,11,60744.9,910.018,0.183344,1620.18,3394.54,3394.54,3394.54,-0.325937,-0.325937
411|11,11.1111111111111,1264,6,11,60744.9,910.018,0.183344,1019.34,1372.86,1372.86,1372.86,-0.242001,-0.242001
411|11,33.3333333333333,860,7,11,60744.9,910.018,0.183344,887.506,955.971,955.971,955.971,-0.306379,-0.306379
411|11,100,802,8,11,60744.9,910.018,0.183344,818.665,835.019,835.019,835.019,-0.120678,-0.120678
152|8,0.0016767999999999,93531,1,8,96485.2,695.259,0.10151,91655,91655.4,91655.4,91655.4,0.0624505,0.0624505
152|8,0.0083839999999999,89173,2,8,96485.2,695.259,0.10151,94125.9,94130,94130,94130,-0.160715,-0.160715
152|8,0.04192,74809,3,8,96485.2,695.259,0.10151,88076.9,88120.5,88120.5,88120.5,-0.461014,-0.461014
152|8,0.2096,45160,4,8,96485.2,695.259,0.10151,47898.6,48165,48165,48165,-0.190407,-0.190407
152|8,1.048,15135,5,8,96485.2,695.259,0.10151,8284.82,8768.98,8768.98,8768.98,2.21555,2.21555
152|8,5.24,2264,6,8,96485.2,695.259,0.10151,1414.03,1933.91,1933.91,1933.91,0.520911,0.520911
152|8,26.2,818,7,8,96485.2,695.259,0.10151,748.149,1265.4,1265.4,1265.4,-1.07903,-1.07903
152|8,131,656,8,8,96485.2,695.259,0.10151,667.306,1167.65,1167.65,1167.65,-1.33728,-1.33728
152|7,0.0016767999999999,91095,1,7,96485.2,695.259,0.10151,91705.1,91705.5,91705.5,91705.5,-0.0203179,-0.0203179
152|7,0.0083839999999999,90851,2,7,96485.2,695.259,0.10151,94175.6,94179.8,94179.8,94179.8,-0.107867,-0.107867
152|7,0.04192,78819,3,7,96485.2,695.259,0.10151,88122.9,88166.5,88166.5,88166.5,-0.323561,-0.323561
152|7,0.2096,44579,4,7,96485.2,695.259,0.10151,47923.5,48190.1,48190.1,48190.1,-0.228689,-0.228689
152|7,1.048,16869,5,7,96485.2,695.259,0.10151,8289.13,8773.54,8773.54,8773.54,2.81598,2.81598
152|7,5.24,2542,6,7,96485.2,695.259,0.10151,1414.77,1934.92,1934.92,1934.92,0.957522,0.957522
152|7,26.2,990,7,7,96485.2,695.259,0.10151,748.544,1266.07,1266.07,1266.07,-0.665463,-0.665463
152|7,131,662,8,7,96485.2,695.259,0.10151,667.67,1168.29,1168.29,1168.29,-1.32255,-1.32255
152|6,0.0004351999999999,97021,1,6,96485.2,695.259,0.10151,91761.4,91761.5,91761.5,91761.5,0.174922,0.174922
152|6,0.0021759999999999,93823,2,6,96485.2,695.259,0.10151,94828.5,94829,94829,94829,-0.0323764,-0.0323764
152|6,0.0108799999999999,90270,3,6,96485.2,695.259,0.10151,94948.1,94954.3,94954.3,94954.3,-0.150553,-0.150553
152|6,0.0543999999999999,68233,4,6,96485.2,695.259,0.10151,85081.1,85143.5,85143.5,85143.5,-0.606134,-0.606134
152|6,0.2719999999999999,39599,5,6,96485.2,695.259,0.10151,38670,38987.5,38987.5,38987.5,0.0478691,0.0478691
152|6,1.36,10738,6,6,96485.2,695.259,0.10151,5936.09,6431.39,6431.39,6431.39,2.04359,2.04359
152|6,6.8,2696,7,6,96485.2,695.259,0.10151,1167.62,1682.84,1682.84,1682.84,1.83737,1.83737
152|6,34,918,8,6,96485.2,695.259,0.10151,703.711,1204.13,1204.13,1204.13,-0.725194,-0.725194
152|5,0.0004351999999999,94324,1,5,96485.2,695.259,0.10151,91711.3,91711.4,91711.4,91711.4,0.0869382,0.0869382
152|5,0.0021759999999999,94458,2,5,96485.2,695.259,0.10151,94778.4,94778.9,94778.9,94778.9,-0.0103342,-0.0103342
152|5,0.0108799999999999,93359,3,5,96485.2,695.259,0.10151,94898.5,94904.7,94904.7,94904.7,-0.0497053,-0.0497053
152|5,0.0543999999999999,70654,4,5,96485.2,695.259,0.10151,85036.9,85099.3,85099.3,85099.3,-0.51804,-0.51804
152|5,0.2719999999999999,40370,5,5,96485.2,695.259,0.10151,38649.9,38967.2,38967.2,38967.2,0.109865,0.109865
152|5,1.36,8986,6,5,96485.2,695.259,0.10151,5932.99,6428.03,6428.03,6428.03,1.21445,1.21445
152|5,6.8,2416,7,5,96485.2,695.259,0.10151,1167,1681.95,1681.95,1681.95,1.3319,1.3319
152|5,34,924,8,5,96485.2,695.259,0.10151,703.327,1203.47,1203.47,1203.47,-0.708707,-0.708707
152|12,0.0014272,79697,1,12,96485.2,695.259,0.10151,86760,86705.3,86705.3,86705.3,-0.246679,-0.246679
152|12,0.007136,67002,2,12,96485.2,695.259,0.10151,89405.8,88775.8,88775.8,88775.8,-0.74852,-0.74852
152|12,0.03568,48627,3,12,96485.2,695.259,0.10151,85088.4,79133.2,79133.2,79133.2,-1.1765,-1.1765
152|12,0.1784,20494,4,12,96485.2,695.259,0.10151,50952.3,33993.8,33993.8,33993.8,-1.21197,-1.21197
152|12,0.892,5710,5,12,96485.2,695.259,0.10151,9646.42,5092.83,5092.83,5092.83,0.369837,0.369837
152|12,4.46,1250,6,12,96485.2,695.259,0.10151,1527.96,1066.32,1066.32,1066.32,0.525683,0.525683
152|12,22.3,570,7,12,96485.2,695.259,0.10151,725.951,685.097,685.097,685.097,-0.512712,-0.512712
152|12,111.5,678,8,12,96485.2,695.259,0.10151,632.984,629.5,629.5,629.5,0.23513,0.23513
152|11,0.0014272,86935,1,11,96485.2,695.259,0.10151,89923.7,89867,89867,89867,-0.0995701,-0.0995701
152|11,0.007136,80844,2,11,96485.2,695.259,0.10151,92551.5,91899.4,91899.4,91899.4,-0.367134,-0.367134
152|11,0.03568,56954,3,11,96485.2,695.259,0.10151,88044.7,81882.5,81882.5,81882.5,-0.929113,-0.929113
152|11,0.1784,26467,4,11,96485.2,695.259,0.10151,52715.4,35170.1,35170.1,35170.1,-0.7552,-0.7552
152|11,0.892,6328,5,11,96485.2,695.259,0.10151,9980.21,5269.05,5269.05,5269.05,0.613344,0.613344
152|11,4.46,1324,6,11,96485.2,695.259,0.10151,1581.04,1103.37,1103.37,1103.37,0.61024,0.61024
152|11,22.3,672,7,11,96485.2,695.259,0.10151,751.494,709.201,709.201,709.201,-0.160086,-0.160086
152|11,111.5,632,8,11,96485.2,695.259,0.10151,656.066,652.455,652.455,652.455,-0.0956763,-0.0956763
152|10,0.0004479999999999,91021,1,10,96485.2,695.259,0.10151,91128.9,91118.9,91118.9,91118.9,-0.00327972,-0.00327972
152|10,0.00224,88793,2,10,96485.2,695.259,0.10151,94192.5,94075.4,94075.4,94075.4,-0.171364,-0.171364
152|10,0.0111999999999999,78376,3,10,96485.2,695.259,0.10151,94274.1,92980.7,92980.7,92980.7,-0.479362,-0.479362
152|10,0.0559999999999999,50978,4,10,96485.2,695.259,0.10151,84081.7,73804.4,73804.4,73804.4,-0.943884,-0.943884
152|10,0.2799999999999999,18817,5,10,96485.2,695.259,0.10151,37427,22303.5,22303.5,22303.5,-0.477065,-0.477065
152|10,1.4,3464,6,10,96485.2,695.259,0.10151,5686.19,3091.4,3091.4,3091.4,0.367828,0.367828
152|10,7,1220,7,10,96485.2,695.259,0.10151,1139.46,895.506,895.506,895.506,1.10586,1.10586
152|10,35,690,8,10,96485.2,695.259,0.10151,697.104,676.11,676.11,676.11,0.0626973,0.0626973
152|9,0.0004479999999999,92933,1,9,96485.2,695.259,0.10151,91556.2,91546.2,91546.2,91546.2,0.0462318,0.0462318
152|9,0.00224,84649,2,9,96485.2,695.259,0.10151,94619.4,94501.8,94501.8,94501.8,-0.318186,-0.318186
152|9,0.0111999999999999,78182,3,9,96485.2,695.259,0.10151,94696.2,93397.1,93397.1,93397.1,-0.497169,-0.497169
152|9,0.0559999999999999,55239,4,9,96485.2,695.259,0.10151,84456.7,74133.6,74133.6,74133.6,-0.777833,-0.777833
152|9,0.2799999999999999,20004,5,9,96485.2,695.259,0.10151,37593.9,22403,22403,22403,-0.326799,-0.326799
152|9,1.4,4986,6,9,96485.2,695.259,0.10151,5711.65,3105.25,3105.25,3105.25,1.84841,1.84841
152|9,7,1028,7,9,96485.2,695.259,0.10151,1144.62,899.564,899.564,899.564,0.435729,0.435729
152|9,35,722,8,9,96485.2,695.259,0.10151,700.372,679.28,679.28,679.28,0.19193,0.19193
152|3,0.0010624,87858,1,3,96485.2,695.259,0.10151,91105.3,91105.5,91105.5,91105.5,-0.108786,-0.108786
152|3,0.005312,88455,2,3,96485.2,695.259,0.10151,93918.4,93919.7,93919.7,93919.7,-0.177571,-0.177571
152|3,0.02656,77137,3,3,96485.2,695.259,0.10151,91297.2,91311.3,91311.3,91311.3,-0.473739,-0.473739
152|3,0.1328,46188,4,3,96485.2,695.259,0.10151,63411.9,63522.2,63522.2,63522.2,-0.832801,-0.832801
152|3,0.664,17047,5,3,96485.2,695.259,0.10151,14603.3,14879.7,14879.7,14879.7,0.444507,0.444507
152|3,3.32,3062,6,3,96485.2,695.259,0.10151,2103.66,2421.43,2421.43,2421.43,0.807347,0.807347
152|3,16.6,1382,7,3,96485.2,695.259,0.10151,805.875,1124.17,1124.17,1124.17,0.699938,0.699938
152|3,83,840,8,3,96485.2,695.259,0.10151,668.41,976.425,976.425,976.425,-0.426402,-0.426402
152|4,0.0010624,92432,1,4,96485.2,695.259,0.10151,91532.6,91532.7,91532.7,91532.7,0.0299833,0.0299833
152|4,0.005312,90579,2,4,96485.2,695.259,0.10151,94344,94345.3,94345.3,94345.3,-0.121832,-0.121832
152|4,0.02656,76034,3,4,96485.2,695.259,0.10151,91706,91720.1,91720.1,91720.1,-0.521933,-0.521933
152|4,0.1328,50378,4,4,96485.2,695.259,0.10151,63694.7,63805.5,63805.5,63805.5,-0.642245,-0.642245
152|4,0.664,19217,5,4,96485.2,695.259,0.10151,14668.4,14946.1,14946.1,14946.1,0.872074,0.872074
152|4,3.32,3728,6,4,96485.2,695.259,0.10151,2113.08,2432.27,2432.27,2432.27,1.6258,1.6258
152|4,16.6,1054,7,4,96485.2,695.259,0.10151,809.527,1129.27,1129.27,1129.27,-0.203411,-0.203411
152|4,83,902,8,4,96485.2,695.259,0.10151,671.544,981.004,981.004,981.004,-0.245777,-0.245777
1056|8,0.0016767999999999,118740,1,8,122610,713.746,0.0353313,119310,119310,119310,119310,-0.0145885,-0.0145885
1056|8,0.0083839999999999,113636,2,8,122610,713.746,0.0353313,120561,120561,120561,120561,-0.175302,-0.175302
1056|8,0.04192,84503,3,8,122610,713.746,0.0353313,112165,112165,112165,112165,-0.752639,-0.752639
1056|8,0.2096,42717,4,8,122610,713.746,0.0353313,60809.5,60809.5,60809.5,60809.5,-0.908011,-0.908011
1056|8,1.048,4102,5,8,122610,713.746,0.0353313,10376.4,10376.4,10376.4,10376.4,-1.84539,-1.84539
1056|8,5.24,716,6,8,122610,713.746,0.0353313,1632.66,1632.66,1632.66,1632.66,-1.71347,-1.71347
1056|8,26.2,656,7,8,122610,713.746,0.0353313,789.86,789.86,789.86,789.86,-0.517206,-0.517206
1056|8,131,828,8,8,122610,713.746,0.0353313,703.087,703.087,703.087,703.087,0.5422,0.5422
1056|7,0.0016767999999999,121659,1,7,122610,713.746,0.0353313,119344,119344,119344,119344,0.0591955,0.0591955
1056|7,0.0083839999999999,115654,2,7,122610,713.746,0.0353313,120595,120595,120595,120595,-0.125033,-0.125033
1056|7,0.04192,88699,3,7,122610,713.746,0.0353313,112196,112196,112196,112196,-0.639139,-0.639139
1056|7,0.2096,41994,4,7,122610,713.746,0.0353313,60826.3,60826.3,60826.3,60826.3,-0.944878,-0.944878
1056|7,1.048,3906,5,7,122610,713.746,0.0353313,10379.3,10379.3,10379.3,10379.3,-1.90336,-1.90336
1056|7,5.24,700,6,7,122610,713.746,0.0353313,1633.11,1633.11,1633.11,1633.11,-1.74374,-1.74374
1056|7,26.2,682,7,7,122610,713.746,0.0353313,790.08,790.08,790.08,790.08,-0.41748,-0.41748
1056|7,131,978,8,7,122610,713.746,0.0353313,703.287,703.287,703.287,703.287,1.19209,1.19209
1056|6,0.0004351999999999,124775,1,6,122610,713.746,0.0353313,119418,119418,119418,119418,0.136917,0.136917
1056|6,0.0021759999999999,126207,2,6,122610,713.746,0.0353313,121432,121432,121432,121432,0.120009,0.120009
1056|6,0.0108799999999999,119281,3,6,122610,713.746,0.0353313,120899,120899,120899,120899,-0.0408363,-0.0408363
1056|6,0.0543999999999999,96692,4,6,122610,713.746,0.0353313,108121,108121,108121,108121,-0.322596,-0.322596
1056|6,0.2719999999999999,31741,5,6,122610,713.746,0.0353313,49048.4,49048.4,49048.4,49048.4,-1.07689,-1.07689
1056|6,1.36,2592,6,6,122610,713.746,0.0353313,7398.3,7398.3,7398.3,7398.3,-1.98263,-1.98263
1056|6,6.8,696,7,6,122610,713.746,0.0353313,1327.47,1327.47,1327.47,1327.47,-1.45175,-1.45175
1056|6,34,792,8,6,122610,713.746,0.0353313,750.256,750.256,750.256,750.256,0.169806,0.169806
1056|5,0.0004351999999999,127222,1,5,122610,713.746,0.0353313,119384,119384,119384,119384,0.200374,0.200374
1056|5,0.0021759999999999,128464,2,5,122610,713.746,0.0353313,121398,121398,121398,121398,0.177631,0.177631
1056|5,0.0108799999999999,127679,3,5,122610,713.746,0.0353313,120865,120865,120865,120865,0.172046,0.172046
1056|5,0.0543999999999999,99273,4,5,122610,713.746,0.0353313,108091,108091,108091,108091,-0.248971,-0.248971
1056|5,0.2719999999999999,30808,5,5,122610,713.746,0.0353313,49034.9,49034.9,49034.9,49034.9,-1.13441,-1.13441
1056|5,1.36,2194,6,5,122610,713.746,0.0353313,7396.26,7396.26,7396.26,7396.26,-2.14656,-2.14656
1056|5,6.8,672,7,5,122610,713.746,0.0353313,1327.1,1327.1,1327.1,1327.1,-1.5065,-1.5065
1056|5,34,838,8,5,122610,713.746,0.0353313,750.043,750.043,750.043,750.043,0.357888,0.357888
1056|12,0.0014272,103621,1,12,122610,713.746,0.0353313,116016,115337,115337,115337,-0.310021,-0.310021
1056|12,0.007136,90392,2,12,122610,713.746,0.0353313,117474,110190,110190,110190,-0.54832,-0.54832
1056|12,0.03568,45926,3,12,122610,713.746,0.0353313,111109,65407.7,65407.7,65407.7,-0.908996,-0.908996
1056|12,0.1784,8166,4,12,122610,713.746,0.0353313,66336.5,12141.2,12141.2,12141.2,-0.999218,-0.999218
1056|12,0.892,754,5,12,122610,713.746,0.0353313,12424,1804.82,1804.82,1804.82,-1.77688,-1.77688
1056|12,4.46,634,6,12,122610,713.746,0.0353313,1832,791.559,791.559,791.559,-0.607467,-0.607467
1056|12,22.3,642,7,12,122610,713.746,0.0353313,790.075,696.844,696.844,696.844,-0.240193,-0.240193
1056|12,111.5,824,8,12,122610,713.746,0.0353313,685.465,676.494,676.494,676.494,0.665439,0.665439
1056|11,0.0014272,105151,1,11,122610,713.746,0.0353313,118151,117460,117460,117460,-0.319803,-0.319803
1056|11,0.007136,95978,2,11,122610,713.746,0.0353313,119597,112180,112180,112180,-0.440783,-0.440783
1056|11,0.03568,58120,3,11,122610,713.746,0.0353313,113104,66581.8,66581.8,66581.8,-0.387857,-0.387857
1056|11,0.1784,10642,4,11,122610,713.746,0.0353313,67524.7,12358.7,12358.7,12358.7,-0.423916,-0.423916
1056|11,0.892,906,5,11,122610,713.746,0.0353313,12646.5,1837.15,1837.15,1837.15,-1.54681,-1.54681
1056|11,4.46,610,6,11,122610,713.746,0.0353313,1864.88,805.768,805.768,805.768,-0.741471,-0.741471
1056|11,22.3,712,7,11,122610,713.746,0.0353313,804.349,709.435,709.435,709.435,0.0110361,0.0110361
1056|11,111.5,888,8,11,122610,713.746,0.0353313,698.077,688.941,688.941,688.941,0.881786,0.881786
1056|10,0.0004479999999999,119885,1,10,122610,713.746,0.0353313,118991,118868,118868,118868,0.026102,0.026102
1056|10,0.00224,122847,2,10,122610,713.746,0.0353313,121000,119612,119612,119612,0.0825298,0.0825298
1056|10,0.0111999999999999,100100,3,10,122610,713.746,0.0353313,120414,106605,106605,106605,-0.18621,-0.18621
1056|10,0.0559999999999999,61989,4,10,122610,713.746,0.0353313,107181,46839.9,46839.9,46839.9,0.987035,0.987035
1056|10,0.2799999999999999,9934,5,10,122610,713.746,0.0353313,47614.3,6954.81,6954.81,6954.81,1.3073,1.3073
1056|10,1.4,774,6,10,122610,713.746,0.0353313,7102.83,1288.13,1288.13,1288.13,-1.21808,-1.21808
1056|10,7,638,7,10,122610,713.746,0.0353313,1296.59,756.235,756.235,756.235,-0.477147,-0.477147
1056|10,35,822,8,10,122610,713.746,0.0353313,745.275,697.186,697.186,697.186,0.546358,0.546358
1056|9,0.0004479999999999,120198,1,9,122610,713.746,0.0353313,119279,119156,119156,119156,0.0266788,0.0266788
1056|9,0.00224,115424,2,9,122610,713.746,0.0353313,121288,119897,119897,119897,-0.113858,-0.113858
1056|9,0.0111999999999999,104040,3,9,122610,713.746,0.0353313,120699,106857,106857,106857,-0.0804447,-0.0804447
1056|9,0.0559999999999999,62803,4,9,122610,713.746,0.0353313,107434,46950.5,46950.5,46950.5,1.03043,1.03043
1056|9,0.2799999999999999,11416,5,9,122610,713.746,0.0353313,47726.7,6971.23,6971.23,6971.23,1.94582,1.94582
1056|9,1.4,788,6,9,122610,713.746,0.0353313,7119.63,1291.17,1291.17,1291.17,-1.18931,-1.18931
1056|9,7,614,7,9,122610,713.746,0.0353313,1299.68,758.035,758.035,758.035,-0.579886,-0.579886
1056|9,35,832,8,9,122610,713.746,0.0353313,747.081,698.875,698.875,698.875,0.581328,0.581328
1056|4,0.0010624,123910,1,4,122610,713.746,0.0353313,119248,119248,119248,119248,0.119314,0.119314
1056|4,0.005312,126950,2,4,122610,713.746,0.0353313,120935,120935,120935,120935,0.151801,0.151801
1056|4,0.02656,105914,3,4,122610,713.746,0.0353313,116882,116882,116882,116882,-0.286389,-0.286389
1056|4,0.1328,55539,4,4,122610,713.746,0.0353313,80981.3,80981.5,80981.5,80981.5,-0.95882,-0.95882
1056|4,0.664,6766,5,4,122610,713.746,0.0353313,18517.7,18517.8,18517.8,18517.8,-1.93677,-1.93677
1056|4,3.32,686,6,4,122610,713.746,0.0353313,2526.43,2526.44,2526.44,2526.44,-2.22319,-2.22319
1056|4,16.6,742,7,4,122610,713.746,0.0353313,869.535,869.536,869.536,869.536,-0.447619,-0.447619
1056|4,83,876,8,4,122610,713.746,0.0353313,709.471,709.471,709.471,709.471,0.716336,0.716336
1056|3,0.0010624,130132,1,3,122610,713.746,0.0353313,118960,118960,118960,118960,0.286619,0.286619
1056|3,0.005312,127154,2,3,122610,713.746,0.0353313,120647,120647,120647,120647,0.164587,0.164587
1056|3,0.02656,111063,3,3,122610,713.746,0.0353313,116607,116607,116607,116607,-0.145087,-0.145087
1056|3,0.1328,53602,4,3,122610,713.746,0.0353313,80790.6,80790.8,80790.8,80790.8,-1.02705,-1.02705
1056|3,0.664,5384,5,3,122610,713.746,0.0353313,18474.1,18474.2,18474.2,18474.2,-2.16244,-2.16244
1056|3,3.32,738,6,3,122610,713.746,0.0353313,2520.47,2520.48,2520.48,2520.48,-2.15826,-2.15826
1056|3,16.6,690,7,3,122610,713.746,0.0353313,867.47,867.471,867.471,867.471,-0.624362,-0.624362
1056|3,83,842,8,3,122610,713.746,0.0353313,707.757,707.757,707.757,707.757,0.578858,0.578858
462|6,0.0006144,102350,1,6,159668,643.492,0.736861,116708,118939,118939,118939,-0.425666,-0.425666
462|6,0.003072,113884,2,6,159668,643.492,0.736861,145228,146214,146214,146214,-0.674812,-0.674812
462|6,0.01536,121365,3,6,159668,643.492,0.736861,152847,156081,156081,156081,-0.678802,-0.678802
462|6,0.0768,98102,4,6,159668,643.492,0.736861,129992,159189,159189,159189,-1.17111,-1.17111
462|6,0.384,76259,5,6,159668,643.492,0.736861,45228.4,158159,158159,158159,-1.58035,-1.58035
462|6,1.92,51729,6,6,159668,643.492,0.736861,5821.3,144431,144431,144431,-1.95881,-1.95881
462|6,9.6,27657,7,6,159668,643.492,0.736861,1029.48,76586.5,76586.5,76586.5,-1.94976,-1.94976
462|6,48,13804,8,6,159668,643.492,0.736861,502.646,10913.6,10913.6,10913.6,0.80826,0.80826
462|5,0.0006144,100518,1,5,159668,643.492,0.736861,116252,118506,118506,118506,-0.463249,-0.463249
462|5,0.003072,130424,2,5,159668,643.492,0.736861,144772,145781,145781,145781,-0.321495,-0.321495
462|5,0.01536,129379,3,5,159668,643.492,0.736861,152399,155648,155648,155648,-0.515067,-0.515067
462|5,0.0768,104544,4,5,159668,643.492,0.736861,129619,158756,158756,158756,-1.04215,-1.04215
462|5,0.384,71521,5,5,159668,643.492,0.736861,45098.8,157729,157729,157729,-1.66802,-1.66802
462|5,1.92,57664,6,5,159668,643.492,0.736861,5804.26,144030,144030,144030,-1.83001,-1.83001
462|5,9.6,30300,7,5,159668,643.492,0.736861,1026.25,76359.7,76359.7,76359.7,-1.84086,-1.84086
462|5,48,15085,8,5,159668,643.492,0.736861,500.68,10873.9,10873.9,10873.9,1.18189,1.18189
462|4,0.000064,104240,1,4,159668,643.492,0.736861,114860,117170,117170,117170,-0.33678,-0.33678
462|4,0.00032,128947,2,4,159668,643.492,0.736861,143610,144446,144446,144446,-0.327453,-0.327453
462|4,0.0016,136467,3,4,159668,643.492,0.736861,153928,154320,154320,154320,-0.353064,-0.353064
462|4,0.008,138746,4,4,159668,643.492,0.736861,156237,157517,157517,157517,-0.363678,-0.363678
462|4,0.04,119405,5,4,159668,643.492,0.736861,145161,157483,157483,157483,-0.737907,-0.737907
462|4,0.2,86679,6,4,159668,643.492,0.736861,79000.8,153909,153909,153909,-1.3331,-1.3331
462|4,1,49742,7,4,159668,643.492,0.736861,12683.6,140209,140209,140209,-1.96914,-1.96914
462|4,5,30602,8,4,159668,643.492,0.736861,1391.83,87372.7,87372.7,87372.7,-1.98295,-1.98295
462|3,0.000064,108562,1,3,159668,643.492,0.736861,110968,113479,113479,113479,-0.132228,-0.132228
462|3,0.00032,130392,2,3,159668,643.492,0.736861,139718,140754,140754,140754,-0.224674,-0.224674
462|3,0.0016,132645,3,3,159668,643.492,0.736861,150039,150629,150629,150629,-0.364363,-0.364363
462|3,0.008,136907,4,3,159668,643.492,0.736861,152374,153825,153825,153825,-0.335657,-0.335657
462|3,0.04,113528,5,3,159668,643.492,0.736861,141572,153792,153792,153792,-0.799004,-0.799004
462|3,0.2,82203,6,3,159668,643.492,0.736861,77004.6,150227,150227,150227,-1.38191,-1.38191
462|3,1,54160,7,3,159668,643.492,0.736861,12339.8,136626,136626,136626,-1.84206,-1.84206
462|3,5,30876,8,3,159668,643.492,0.736861,1344.67,84620.1,84620.1,84620.1,-1.9383,-1.9383
462|9,0.0003648,110763,1,9,159668,643.492,0.736861,114853,117157,117157,117157,-0.166564,-0.166564
462|9,0.001824,99793,2,9,159668,643.492,0.736861,143503,144267,144267,144267,-0.940811,-0.940811
462|9,0.00912,104612,3,9,159668,643.492,0.736861,152642,152192,152192,152192,-0.954103,-0.954103
462|9,0.0456,29106,4,9,159668,643.492,0.736861,142739,136034,136034,136034,-2.39887,-2.39887
462|9,0.228,1898,5,9,159668,643.492,0.736861,73006.1,56800.9,56800.9,56800.9,-2.94987,-2.94987
462|9,1.14,602,6,9,159668,643.492,0.736861,11441.5,7850.6,7850.6,7850.6,-2.81783,-2.81783
462|9,5.7,556,7,9,159668,643.492,0.736861,1533.77,1208.51,1208.51,1208.51,-1.64779,-1.64779
462|9,28.5,492,8,9,159668,643.492,0.736861,531.563,518.026,518.026,518.026,-0.15333,-0.15333
462|10,0.0003648,102838,1,10,159668,643.492,0.736861,110961,113466,113466,113466,-0.285864,-0.285864
462|10,0.001824,109527,2,10,159668,643.492,0.736861,139614,140580,140580,140580,-0.674133,-0.674133
462|10,0.00912,75302,3,10,159668,643.492,0.736861,148785,148552,148552,148552,-1.50484,-1.50484
462|10,0.0456,30834,4,10,159668,643.492,0.736861,139209,132846,132846,132846,-2.34351,-2.34351
462|10,0.228,1866,5,10,159668,643.492,0.736861,71201,55469.8,55469.8,55469.8,-2.94919,-2.94919
462|10,1.14,542,6,10,159668,643.492,0.736861,11152.4,7662.81,7662.81,7662.81,-2.83599,-2.83599
462|10,5.7,526,7,10,159668,643.492,0.736861,1492.21,1177.63,1177.63,1177.63,-1.68871,-1.68871
462|10,28.5,550,8,10,159668,643.492,0.736861,513.552,501.707,501.707,501.707,0.293766,0.293766
462|7,0.0000768,94296,1,7,159668,643.492,0.736861,116726,118938,118938,118938,-0.632298,-0.632298
462|7,0.000384,117953,2,7,159668,643.492,0.736861,145473,146198,146198,146198,-0.589603,-0.589603
462|7,0.00192,127709,3,7,159668,643.492,0.736861,155760,155881,155881,155881,-0.551559,-0.551559
462|7,0.0096,104166,4,7,159668,643.492,0.736861,157719,156919,156919,156919,-1.02597,-1.02597
462|7,0.048,34555,5,7,159668,643.492,0.736861,143358,136072,136072,136072,-2.27684,-2.27684
462|7,0.24,2124,6,7,159668,643.492,0.736861,69334.8,53555.2,53555.2,53555.2,-2.93081,-2.93081
462|7,1.2,604,7,7,159668,643.492,0.736861,10096.5,6951.21,6951.21,6951.21,-2.78667,-2.78667
462|7,6,570,8,7,159668,643.492,0.736861,1189.27,956.968,956.968,956.968,-1.23407,-1.23407
462|8,0.0000768,101781,1,8,159668,643.492,0.736861,116269,118505,118505,118505,-0.430697,-0.430697
462|8,0.000384,127577,2,8,159668,643.492,0.736861,145016,145765,145765,145765,-0.380793,-0.380793
462|8,0.00192,127445,3,8,159668,643.492,0.736861,155304,155449,155449,155449,-0.549786,-0.549786
462|8,0.0096,110699,4,8,159668,643.492,0.736861,157267,156492,156492,156492,-0.89304,-0.89304
462|8,0.048,35462,5,8,159668,643.492,0.736861,142947,135702,135702,135702,-2.25433,-2.25433
462|8,0.24,2200,6,8,159668,643.492,0.736861,69131.8,53406.6,53406.6,53406.6,-2.92613,-2.92613
462|8,1.2,518,7,8,159668,643.492,0.736861,10064.8,6930.63,6930.63,6930.63,-2.82375,-2.82375
462|8,6,538,8,8,159668,643.492,0.736861,1184.61,953.484,953.484,953.484,-1.32985,-1.32985
462|11,0.0003712,100654,1,11,159668,643.492,0.736861,100359,103411,103411,103411,-0.0813768,-0.0813768
462|11,0.001856,107033,2,11,159668,643.492,0.736861,129018,130533,130533,130533,-0.549423,-0.549423
462|11,0.00928,111878,3,11,159668,643.492,0.736861,138245,138584,138584,138584,-0.588107,-0.588107
462|11,0.0464,96908,4,11,159668,643.492,0.736861,129276,123714,123714,123714,-0.661274,-0.661274
462|11,0.2319999999999999,62831,5,11,159668,643.492,0.736861,65357.6,50984.6,50984.6,50984.6,0.709102,0.709102
462|11,1.16,11954,6,11,159668,643.492,0.736861,10128.8,6988.79,6988.79,6988.79,2.1682,2.1682
462|11,5.8,712,7,11,159668,643.492,0.736861,1356.94,1078.92,1078.92,1078.92,-1.03788,-1.03788
462|11,29,526,8,11,159668,643.492,0.736861,462.952,456.22,456.22,456.22,0.466786,0.466786
462|12,0.0003712,92444,1,12,159668,643.492,0.736861,71533.7,76072.5,76072.5,76072.5,0.656787,0.656787
462|12,0.001856,89758,2,12,159668,643.492,0.736861,100214,103225,103225,103225,-0.398162,-0.398162
462|12,0.00928,86511,3,12,159668,643.492,0.736861,109684,111629,111629,111629,-0.686701,-0.686701
462|12,0.0464,76016,4,12,159668,643.492,0.736861,103198,100187,100187,100187,-0.736286,-0.736286
462|12,0.2319999999999999,48569,5,12,159668,643.492,0.736861,52173.6,41288.6,41288.6,41288.6,0.538127,0.538127
462|12,1.16,9584,6,12,159668,643.492,0.736861,8036.2,5629.44,5629.44,5629.44,2.14386,2.14386
462|12,5.8,838,7,12,159668,643.492,0.736861,1054,853.214,853.214,853.214,-0.0544185,-0.0544185
462|12,29,604,8,12,159668,643.492,0.736861,329.981,335.609,335.609,335.609,2.4406,2.4406
1159|8,0.0016767999999999,99593,1,8,155907,645.636,0.580691,121968,122733,122733,122733,-0.575384,-0.575384
1159|8,0.0083839999999999,116325,2,8,155907,645.636,0.580691,143338,143411,143411,143411,-0.576404,-0.576404
1159|8,0.04192,106706,3,8,155907,645.636,0.580691,139943,138121,138121,138121,-0.694135,-0.694135
1159|8,0.2096,68255,4,8,155907,645.636,0.580691,76900,71018.8,71018.8,71018.8,-0.118767,-0.118767
1159|8,1.048,14589,5,8,155907,645.636,0.580691,12904.2,11286.6,11286.6,11286.6,0.892967,0.892967
1159|8,5.24,848,6,8,155907,645.636,0.580691,1782.6,1620.57,1620.57,1620.57,-1.4549,-1.4549
1159|8,26.2,548,7,8,155907,645.636,0.580691,696.257,682.834,682.834,682.834,-0.602627,-0.602627
1159|8,131,584,8,8,155907,645.636,0.580691,513.484,514.941,514.941,514.941,0.409283,0.409283
1159|7,0.0016767999999999,101433,1,7,155907,645.636,0.580691,122324,123080,123080,123080,-0.536756,-0.536756
1159|7,0.0083839999999999,119429,2,7,155907,645.636,0.580691,143692,143756,143756,143756,-0.516444,-0.516444
1159|7,0.04192,110627,3,7,155907,645.636,0.580691,140270,138436,138436,138436,-0.613057,-0.613057
1159|7,0.2096,72057,4,7,155907,645.636,0.580691,77076.4,71178,71178,71178,0.0376902,0.0376902
1159|7,1.048,16805,5,7,155907,645.636,0.580691,12933.8,11311.9,11311.9,11311.9,1.48201,1.48201
1159|7,5.24,794,6,7,155907,645.636,0.580691,1786.76,1624.26,1624.26,1624.26,-1.55999,-1.55999
1159|7,26.2,548,7,7,155907,645.636,0.580691,697.973,684.476,684.476,684.476,-0.6085,-0.6085
1159|7,131,586,8,7,155907,645.636,0.580691,514.982,516.4,516.4,516.4,0.411327,0.411327
1159|5,0.0004351999999999,97161,1,5,155907,645.636,0.580691,122043,122821,122821,122821,-0.637591,-0.637591
1159|5,0.0021759999999999,125765,2,5,155907,645.636,0.580691,144335,144573,144573,144573,-0.397022,-0.397022
1159|5,0.0108799999999999,136220,3,5,155907,645.636,0.580691,150819,150602,150602,150602,-0.291449,-0.291449
1159|5,0.0543999999999999,114517,4,5,155907,645.636,0.580691,136897,134292,134292,134292,-0.449392,-0.449392
1159|5,0.2719999999999999,61943,5,5,155907,645.636,0.580691,61958.8,56408.6,56408.6,56408.6,0.299425,0.299425
1159|5,1.36,9970,6,5,155907,645.636,0.580691,8986.87,7862.27,7862.27,7862.27,0.818143,0.818143
1159|5,6.8,728,7,5,155907,645.636,0.580691,1336.09,1233.45,1233.45,1233.45,-1.2506,-1.2506
1159|5,34,602,8,5,155907,645.636,0.580691,561.567,556.477,556.477,556.477,0.24966,0.24966
1159|6,0.0004351999999999,95565,1,6,155907,645.636,0.580691,122399,123169,123169,123169,-0.683956,-0.683956
1159|6,0.0021759999999999,128566,2,6,155907,645.636,0.580691,144691,144920,144920,144920,-0.344402,-0.344402
1159|6,0.0108799999999999,138726,3,6,155907,645.636,0.580691,151171,150946,150946,150946,-0.247058,-0.247058
1159|6,0.0543999999999999,118728,4,6,155907,645.636,0.580691,137211,134593,134593,134593,-0.359728,-0.359728
1159|6,0.2719999999999999,63450,5,6,155907,645.636,0.580691,62101,56535,56535,56535,0.373282,0.373282
1159|6,1.36,9870,6,6,155907,645.636,0.580691,9007.84,7880.19,7880.19,7880.19,0.770616,0.770616
1159|6,6.8,754,7,6,155907,645.636,0.580691,1339.38,1236.42,1236.42,1236.42,-1.19075,-1.19075
1159|6,34,622,8,6,155907,645.636,0.580691,563.205,558.053,558.053,558.053,0.349709,0.349709
1159|11,0.0014272,100576,1,11,155907,645.636,0.580691,109588,110643,110643,110643,-0.277671,-0.277671
1159|11,0.007136,102398,2,11,155907,645.636,0.580691,131257,131666,131666,131666,-0.678399,-0.678399
1159|11,0.03568,72564,3,11,155907,645.636,0.580691,130909,129827,129827,129827,-1.34608,-1.34608
1159|11,0.1784,17511,4,11,155907,645.636,0.580691,79360.4,74110.5,74110.5,74110.5,-2.33075,-2.33075
1159|11,0.892,1002,5,11,155907,645.636,0.580691,14666.8,12870.3,12870.3,12870.3,-2.81425,-2.81425
1159|11,4.46,496,6,11,155907,645.636,0.580691,1925.2,1739.94,1739.94,1739.94,-2.18187,-2.18187
1159|11,22.3,576,7,11,155907,645.636,0.580691,660.826,646.652,646.652,646.652,-0.333438,-0.333438
1159|11,111.5,544,8,11,155907,645.636,0.580691,463.087,465.687,465.687,465.687,0.513221,0.513221
1159|12,0.0014272,84673,1,12,155907,645.636,0.580691,87113.8,88687.8,88687.8,88687.8,-0.138155,-0.138155
1159|12,0.007136,82237,2,12,155907,645.636,0.580691,108910,109857,109857,109857,-0.767283,-0.767283
1159|12,0.03568,57156,3,12,155907,645.636,0.580691,109913,109536,109536,109536,-1.45939,-1.45939
1159|12,0.1784,11396,4,12,155907,645.636,0.580691,66866.4,62735.6,62735.6,62735.6,-2.49748,-2.49748
1159|12,0.892,752,5,12,155907,645.636,0.580691,12357.7,10894.9,10894.9,10894.9,-2.8412,-2.8412
1159|12,4.46,502,6,12,155907,645.636,0.580691,1616.42,1468,1468,1468,-2.00823,-2.00823
1159|12,22.3,554,7,12,155907,645.636,0.580691,548.32,539.539,539.539,539.539,0.0817986,0.0817986
1159|12,111.5,626,8,12,155907,645.636,0.580691,368.116,373.28,373.28,373.28,2.06618,2.06618
1159|9,0.0004479999999999,95841,1,9,155907,645.636,0.580691,120943,121746,121746,121746,-0.649377,-0.649377
1159|9,0.00224,110983,2,9,155907,645.636,0.580691,143230,143492,143492,143492,-0.691423,-0.691423
1159|9,0.0111999999999999,117579,3,9,155907,645.636,0.580691,149654,149452,149452,149452,-0.65086,-0.65086
1159|9,0.0559999999999999,86107,4,9,155907,645.636,0.580691,135215,132564,132564,132564,-1.06953,-1.06953
1159|9,0.2799999999999999,21584,5,9,155907,645.636,0.580691,59923.3,54481.8,54481.8,54481.8,-1.8428,-1.8428
1159|9,1.4,1152,6,9,155907,645.636,0.580691,8586.41,7514.18,7514.18,7514.18,-2.58397,-2.58397
1159|9,7,622,7,9,155907,645.636,0.580691,1294.83,1197.52,1197.52,1197.52,-1.4667,-1.4667
1159|9,35,558,8,9,155907,645.636,0.580691,554.167,549.588,549.588,549.588,0.0467111,0.0467111
1159|10,0.0004479999999999,85632,1,10,155907,645.636,0.580691,117908,118781,118781,118781,-0.851695,-0.851695
1159|10,0.00224,112052,2,10,155907,645.636,0.580691,140198,140530,140530,140530,-0.618454,-0.618454
1159|10,0.0111999999999999,106618,3,10,155907,645.636,0.580691,146656,146529,146529,146529,-0.831244,-0.831244
1159|10,0.0559999999999999,72910,4,10,155907,645.636,0.580691,132551,130014,130014,130014,-1.34042,-1.34042
1159|10,0.2799999999999999,19961,5,10,155907,645.636,0.580691,58743,53433.7,53433.7,53433.7,-1.91178,-1.91178
1159|10,1.4,1398,6,10,155907,645.636,0.580691,8414.36,7367.18,7367.18,7367.18,-2.47273,-2.47273
1159|10,7,482,7,10,155907,645.636,0.580691,1267.42,1172.8,1172.8,1172.8,-1.79759,-1.79759
1159|10,35,578,8,10,155907,645.636,0.580691,540.258,536.201,536.201,536.201,0.237906,0.237906
1159|4,0.0010624,112128,1,4,155907,645.636,0.580691,120912,121710,121710,121710,-0.240256,-0.240256
1159|4,0.005312,130767,2,4,155907,645.636,0.580691,142812,143005,143005,143005,-0.261164,-0.261164
1159|4,0.02656,137610,3,4,155907,645.636,0.580691,144914,143976,143976,143976,-0.134941,-0.134941
1159|4,0.1328,112132,4,4,155907,645.636,0.580691,101858,96493.6,96493.6,96493.6,0.494605,0.494605
1159|4,0.664,38749,5,4,155907,645.636,0.580691,23090.3,20321,20321,20321,2.76754,2.76754
1159|4,3.32,2926,6,4,155907,645.636,0.580691,2881.57,2567.12,2567.12,2567.12,0.426648,0.426648
1159|4,16.6,542,7,4,155907,645.636,0.580691,786.012,759.538,759.538,759.538,-0.874076,-0.874076
1159|4,83,574,8,4,155907,645.636,0.580691,515.968,516.581,516.581,516.581,0.339216,0.339216
1159|3,0.0010624,108512,1,3,155907,645.636,0.580691,117877,118745,118745,118745,-0.262993,-0.262993
1159|3,0.005312,131884,2,3,155907,645.636,0.580691,139789,140053,140053,140053,-0.178,-0.178
1159|3,0.02656,133282,3,3,155907,645.636,0.580691,142010,141159,141159,141159,-0.17031,-0.17031
1159|3,0.1328,105629,4,3,155907,645.636,0.580691,99851.6,94637.3,94637.3,94637.3,0.354458,0.354458
1159|3,0.664,36126,5,3,155907,645.636,0.580691,22635.5,19930.1,19930.1,19930.1,2.48003,2.48003
1159|3,3.32,2310,6,3,155907,645.636,0.580691,2823.83,2516.9,2516.9,2516.9,-0.250872,-0.250872
1159|3,16.6,688,7,3,155907,645.636,0.580691,769.37,743.859,743.859,743.859,-0.229173,-0.229173
1159|3,83,592,8,3,155907,645.636,0.580691,503.018,503.998,503.998,503.998,0.532877,0.532877
1197|7,0.0016767999999999,74837,1,7,122610,645.636,0.646954,93387,92830.5,92830.5,92830.5,-0.591545,-0.591545
1197|7,0.0083839999999999,71977,2,7,122610,645.636,0.646954,112082,91548.6,91548.6,91548.6,-0.652436,-0.652436
1197|7,0.04192,42847,3,7,122610,645.636,0.646954,110097,32784.2,32784.2,32784.2,0.936732,0.936732
1197|7,0.2096,5272,4,7,122610,645.636,0.646954,60672.1,4482.03,4482.03,4482.03,0.537898,0.537898
1197|7,1.048,660,5,7,122610,645.636,0.646954,10296.3,993.93,993.93,993.93,-1.02533,-1.02533
1197|7,5.24,592,6,7,122610,645.636,0.646954,1536.46,663.237,663.237,663.237,-0.327792,-0.327792
1197|7,26.2,544,7,7,122610,645.636,0.646954,671.596,599.803,599.803,599.803,-0.283929,-0.283929
1197|7,131,580,8,7,122610,645.636,0.646954,498.413,499.359,499.359,499.359,0.492837,0.492837
1197|8,0.0016767999999999,74846,1,8,122610,645.636,0.646954,93077.2,92540.9,92540.9,92540.9,-0.583549,-0.583549
1197|8,0.0083839999999999,76735,2,8,122610,645.636,0.646954,111775,91309.9,91309.9,91309.9,-0.487137,-0.487137
1197|8,0.04192,41404,3,8,122610,645.636,0.646954,109813,32703.6,32703.6,32703.6,0.811913,0.811913
1197|8,0.2096,5378,4,8,122610,645.636,0.646954,60518.3,4471.2,4471.2,4471.2,0.618947,0.618947
1197|8,1.048,706,5,8,122610,645.636,0.646954,10270.2,991.528,991.528,991.528,-0.878833,-0.878833
1197|8,5.24,542,6,8,122610,645.636,0.646954,1532.5,661.604,661.604,661.604,-0.551711,-0.551711
1197|8,26.2,550,7,8,122610,645.636,0.646954,669.753,598.239,598.239,598.239,-0.246085,-0.246085
1197|8,131,550,8,8,122610,645.636,0.646954,496.76,497.802,497.802,497.802,0.32001,0.32001
1197|6,0.0004351999999999,82107,1,6,122610,645.636,0.646954,93444.5,94533.2,94533.2,94533.2,-0.40116,-0.40116
1197|6,0.0021759999999999,94216,2,6,122610,645.636,0.646954,112861,109975,109975,109975,-0.437328,-0.437328
1197|6,0.0108799999999999,78272,3,6,122610,645.636,0.646954,118643,88774.3,88774.3,88774.3,-0.361046,-0.361046
1197|6,0.0543999999999999,33061,4,6,122610,645.636,0.646954,107900,24865.7,24865.7,24865.7,1.00583,1.00583
1197|6,0.2719999999999999,2724,5,6,122610,645.636,0.646954,48910.8,3262.63,3262.63,3262.63,-0.503829,-0.503829
1197|6,1.36,578,6,6,122610,645.636,0.646954,7197.27,864.881,864.881,864.881,-1.0123,-1.0123
1197|6,6.8,604,7,6,122610,645.636,0.646954,1171.34,616.679,616.679,616.679,-0.0627453,-0.0627453
1197|6,34,546,8,6,122610,645.636,0.646954,535.187,500.608,500.608,500.608,0.276724,0.276724
1197|5,0.0004351999999999,85902,1,5,122610,645.636,0.646954,93134.5,94238.3,94238.3,94238.3,-0.269967,-0.269967
1197|5,0.0021759999999999,97095,2,5,122610,645.636,0.646954,112551,109689,109689,109689,-0.350391,-0.350391
1197|5,0.0108799999999999,87358,3,5,122610,645.636,0.646954,118336,88555.9,88555.9,88555.9,-0.0412817,-0.0412817
1197|5,0.0543999999999999,36940,4,5,122610,645.636,0.646954,107627,24805.6,24805.6,24805.6,1.4929,1.4929
1197|5,0.2719999999999999,2878,5,5,122610,645.636,0.646954,48786.8,3254.74,3254.74,3254.74,-0.353256,-0.353256
1197|5,1.36,646,6,5,122610,645.636,0.646954,7178.68,862.753,862.753,862.753,-0.766729,-0.766729
1197|5,6.8,580,7,5,122610,645.636,0.646954,1168.12,615.071,615.071,615.071,-0.174014,-0.174014
1197|5,34,628,8,5,122610,645.636,0.646954,533.412,499.046,499.046,499.046,0.788601,0.788601
1197|12,0.0014272,64032,1,12,122610,645.636,0.646954,62736.6,63836.2,63836.2,63836.2,0.00935839,0.00935839
1197|12,0.007136,55335,2,12,122610,645.636,0.646954,81784.2,64795,64795,64795,-0.445568,-0.445568
1197|12,0.03568,22894,3,12,122610,645.636,0.646954,83449.7,21030.8,21030.8,21030.8,0.27038,0.27038
1197|12,0.1784,2488,4,12,122610,645.636,0.646954,50971.9,2839.24,2839.24,2839.24,-0.377542,-0.377542
1197|12,0.892,422,5,12,122610,645.636,0.646954,9504.76,702.944,702.944,702.944,-1.21973,-1.21973
1197|12,4.46,484,6,12,122610,645.636,0.646954,1326.83,497.071,497.071,497.071,-0.0802493,-0.0802493
1197|12,22.3,418,7,12,122610,645.636,0.646954,504.365,444.643,444.643,444.643,-0.182865,-0.182865
1197|12,111.5,586,8,12,122610,645.636,0.646954,335.803,345.151,345.151,345.151,2.12961,2.12961
1197|10,0.0004479999999999,78110,1,10,122610,645.636,0.646954,89535.2,90647.3,90647.3,90647.3,-0.422097,-0.422097
1197|10,0.00224,84573,2,10,122610,645.636,0.646954,108951,104251,104251,104251,-0.576044,-0.576044
1197|10,0.0111999999999999,58621,3,10,122610,645.636,0.646954,114719,73308.6,73308.6,73308.6,-0.611448,-0.611448
1197|10,0.0559999999999999,24817,4,10,122610,645.636,0.646954,103905,15940.3,15940.3,15940.3,1.69949,1.69949
1197|10,0.2799999999999999,1870,5,10,122610,645.636,0.646954,46122.3,2161.79,2161.79,2161.79,-0.411927,-0.411927
1197|10,1.4,510,6,10,122610,645.636,0.646954,6705.83,748.253,748.253,748.253,-0.971747,-0.971747
1197|10,7,484,7,10,122610,645.636,0.646954,1107.18,588.896,588.896,588.896,-0.543606,-0.543606
1197|10,111.5,602,8,10,122610,645.636,0.646954,479.025,479.678,479.678,479.678,0.778247,0.778247
1197|9,0.0004479999999999,78594,1,9,122610,645.636,0.646954,92177.5,93156.6,93156.6,93156.6,-0.477077,-0.477077
1197|9,0.00224,83899,2,9,122610,645.636,0.646954,111590,106646,106646,106646,-0.650951,-0.650951
1197|9,0.0111999999999999,69732,3,9,122610,645.636,0.646954,117329,74895.8,74895.8,74895.8,-0.210414,-0.210414
1197|9,0.0559999999999999,27611,4,9,122610,645.636,0.646954,106223,16279,16279,16279,2.12441,2.12441
1197|9,0.2799999999999999,1566,5,9,122610,645.636,0.646954,47151.5,2207.73,2207.73,2207.73,-0.887096,-0.887096
1197|9,1.4,560,6,9,122610,645.636,0.646954,6858.41,764.453,764.453,764.453,-0.816218,-0.816218
1197|9,7,566,7,9,122610,645.636,0.646954,1134.01,602.43,602.43,602.43,-0.18455,-0.18455
1197|9,35,568,8,9,122610,645.636,0.646954,526.149,493.659,493.659,493.659,0.45958,0.45958
1197|3,0.0010624,83416,1,3,122610,645.636,0.646954,89512,90107.1,90107.1,90107.1,-0.226622,-0.226622
1197|3,0.005312,89383,2,3,122610,645.636,0.646954,108633,97922.1,97922.1,97922.1,-0.266132,-0.266132
1197|3,0.02656,58909,3,3,122610,645.636,0.646954,111089,49556.5,49556.5,49556.5,0.575956,0.575956
1197|3,0.1328,9266,4,3,122610,645.636,0.646954,78305.1,7801.94,7801.94,7801.94,0.57269,0.57269
1197|3,0.664,850,5,3,122610,645.636,0.646954,17854.7,1297.92,1297.92,1297.92,-1.05321,-1.05321
1197|3,3.32,606,6,3,122610,645.636,0.646954,2337.73,672.785,672.785,672.785,-0.302947,-0.302947
1197|3,16.6,578,7,3,122610,645.636,0.646954,720.578,583.413,583.413,583.413,-0.0283152,-0.0283152
1197|3,83,552,8,3,122610,645.636,0.646954,482.82,480.638,480.638,480.638,0.453117,0.453117
1197|4,0.0010624,79953,1,4,122610,645.636,0.646954,92153.6,92601.5,92601.5,92601.5,-0.416854,-0.416854
1197|4,0.005312,90004,2,4,122610,645.636,0.646954,111265,100173,100173,100173,-0.309794,-0.309794
1197|4,0.02656,58715,3,4,122610,645.636,0.646954,113617,50629.4,50629.4,50629.4,0.487383,0.487383
1197|4,0.1328,7962,4,4,122610,645.636,0.646954,80052.4,7967.74,7967.74,7967.74,-0.00219991,-0.00219991
1197|4,0.664,770,5,4,122610,645.636,0.646954,18253.1,1325.5,1325.5,1325.5,-1.27899,-1.27899
1197|4,3.32,568,6,4,122610,645.636,0.646954,2390.92,687.351,687.351,687.351,-0.529921,-0.529921
1197|4,16.6,564,7,4,122610,645.636,0.646954,738.037,596.821,596.821,596.821,-0.167829,-0.167829
1197|4,83,596,8,4,122610,645.636,0.646954,497.069,493.943,493.943,493.943,0.630562,0.630562
1197|11,0.0014272,67698,1,11,122610,645.636,0.646954,82299.5,82027.2,82027.2,82027.2,-0.533122,-0.533122
1197|11,0.007136,59779,2,11,122610,645.636,0.646954,101236,79172.2,79172.2,79172.2,-0.747549,-0.747549
1197|11,0.03568,23906,3,11,122610,645.636,0.646954,101727,25351,25351,25351,-0.173956,-0.173956
1197|11,0.1784,2906,4,11,122610,645.636,0.646954,61857.1,3408.8,3408.8,3408.8,-0.450148,-0.450148
1197|11,0.892,526,5,11,122610,645.636,0.646954,11534.5,843.956,843.956,843.956,-1.14977,-1.14977
1197|11,4.46,512,6,11,122610,645.636,0.646954,1617.44,599.181,599.181,599.181,-0.444046,-0.444046
1197|11,22.3,520,7,11,122610,645.636,0.646954,624.323,543.303,543.303,543.303,-0.130899,-0.130899
1197|11,35,602,8,11,122610,645.636,0.646954,469.981,444.138,444.138,444.138,1.08473,1.08473
