id,L_SAEM,m_SAEM,e_SAEM,alpha_SAEM,k_SAEM,L_mode,m_mode,e_mode,alpha_mode,k_mode,goes_down,mab_virus,run_id
8|84|cc|1|1|162,271.644,0.61032,6.26469,17850.6,11.899,271.644,0.61032,6.26469,17850.6,11.899,False,69.0|162,84
8|84|cc|2|1|162,271.644,0.61032,6.26469,17850.6,11.899,271.644,0.61032,6.26469,17850.6,11.899,False,69.0|162,84
8|84|cc|3|1|162,271.644,0.61032,6.26469,17850.6,11.899,271.644,0.61032,6.26469,17850.6,11.899,False,69.0|162,84
8|84|cc|4|1|162,271.644,0.61032,6.26469,17850.6,11.899,271.644,0.61032,6.26469,17850.6,11.899,False,69.0|162,84
8|84|cc|5|1|162,271.644,0.61032,6.26469,17850.6,11.899,271.644,0.61032,6.26469,17850.6,11.899,False,69.0|162,84
8|84|cc|6|1|162,271.644,0.61032,6.26469,17850.6,11.899,271.644,0.61032,6.26469,17850.6,11.899,False,69.0|162,84
8|84|cc|7|1|162,271.644,0.61032,6.26469,17850.6,11.899,271.644,0.61032,6.26469,17850.6,11.899,False,69.0|162,84
8|84|cc|8|1|162,271.644,0.61032,6.26469,17850.6,11.899,271.644,0.61032,6.26469,17850.6,11.899,False,69.0|162,84
8|84|sample|10|162,270.995,0.61031,6.26472,17850.6,11.899,270.995,0.61031,6.26472,17850.6,11.899,True,32.0|162,84
8|84|sample|11|162,276.216,0.61031,6.26472,17850.6,11.899,276.216,0.61031,6.26472,17850.6,11.899,True,22.0|162,84
8|84|sample|12|162,276.216,0.61031,6.26472,17850.6,11.899,276.216,0.61031,6.26472,17850.6,11.899,True,22.0|162,84
8|84|sample|3|162,279.018,0.61031,6.26472,17850.6,11.899,279.018,0.61031,6.26472,17850.6,11.899,True,55.0|162,84
8|84|sample|4|162,279.018,0.61031,6.26472,17850.6,11.899,279.018,0.61031,6.26472,17850.6,11.899,True,55.0|162,84
8|84|sample|5|162,279.018,0.61031,6.26472,17850.6,11.899,279.018,0.61031,6.26472,17850.6,11.899,True,55.0|162,84
8|84|sample|6|162,279.018,0.61031,6.26472,17850.6,11.899,279.018,0.61031,6.26472,17850.6,11.899,True,55.0|162,84
8|84|sample|7|162,270.995,0.61031,6.26472,17850.6,11.899,270.995,0.61031,6.26472,17850.6,11.899,True,32.0|162,84
8|84|sample|8|162,270.995,0.61031,6.26472,17850.6,11.899,270.995,0.61031,6.26472,17850.6,11.899,True,32.0|162,84
8|84|sample|9|162,270.995,0.61031,6.26472,17850.6,11.899,270.995,0.61031,6.26472,17850.6,11.899,True,32.0|162,84
8|84|vc|1|2|162,271.644,0.61032,6.26469,17850.6,11.899,271.644,0.61032,6.26469,17850.6,11.899,False,69.0|162,84
8|84|vc|2|2|162,271.644,0.61032,6.26469,17850.6,11.899,271.644,0.61032,6.26469,17850.6,11.899,False,69.0|162,84
8|84|vc|3|2|162,271.644,0.61032,6.26469,17850.6,11.899,271.644,0.61032,6.26469,17850.6,11.899,False,69.0|162,84
8|84|vc|4|2|162,271.644,0.61032,6.26469,17850.6,11.899,271.644,0.61032,6.26469,17850.6,11.899,False,69.0|162,84
8|84|vc|5|2|162,271.644,0.61032,6.26469,17850.6,11.899,271.644,0.61032,6.26469,17850.6,11.899,False,69.0|162,84
8|84|vc|6|2|162,271.644,0.61032,6.26469,17850.6,11.899,271.644,0.61032,6.26469,17850.6,11.899,False,69.0|162,84
8|84|vc|7|2|162,271.644,0.61032,6.26469,17850.6,11.899,271.644,0.61032,6.26469,17850.6,11.899,False,69.0|162,84
8|84|vc|8|2|162,271.644,0.61032,6.26469,17850.6,11.899,271.644,0.61032,6.26469,17850.6,11.899,False,69.0|162,84
8|719|cc|1|1|274,271.405,0.61032,6.26469,17850.6,11.8265,271.405,0.61032,6.26469,17850.6,11.8265,False,69.0|274,719
8|719|cc|2|1|274,271.405,0.61032,6.26469,17850.6,11.8265,271.405,0.61032,6.26469,17850.6,11.8265,False,69.0|274,719
8|719|cc|3|1|274,271.405,0.61032,6.26469,17850.6,11.8265,271.405,0.61032,6.26469,17850.6,11.8265,False,69.0|274,719
8|719|cc|4|1|274,271.405,0.61032,6.26469,17850.6,11.8265,271.405,0.61032,6.26469,17850.6,11.8265,False,69.0|274,719
8|719|cc|5|1|274,271.405,0.61032,6.26469,17850.6,11.8265,271.405,0.61032,6.26469,17850.6,11.8265,False,69.0|274,719
8|719|cc|6|1|274,271.405,0.61032,6.26469,17850.6,11.8265,271.405,0.61032,6.26469,17850.6,11.8265,False,69.0|274,719
8|719|cc|7|1|274,271.405,0.61032,6.26469,17850.6,11.8265,271.405,0.61032,6.26469,17850.6,11.8265,False,69.0|274,719
8|719|cc|8|1|274,271.405,0.61032,6.26469,17850.6,11.8265,271.405,0.61032,6.26469,17850.6,11.8265,False,69.0|274,719
8|719|sample|10|274,273.823,0.61031,6.26472,17850.6,11.8265,273.823,0.61031,6.26472,17850.6,11.8265,True,32.0|274,719
8|719|sample|11|274,273.702,0.61031,6.26472,17850.6,11.8265,273.702,0.61031,6.26472,17850.6,11.8265,True,22.0|274,719
8|719|sample|12|274,273.702,0.61031,6.26472,17850.6,11.8265,273.702,0.61031,6.26472,17850.6,11.8265,True,22.0|274,719
8|719|sample|3|274,268.458,0.61031,6.26472,17850.6,11.8265,268.458,0.61031,6.26472,17850.6,11.8265,True,55.0|274,719
8|719|sample|4|274,268.458,0.61031,6.26472,17850.6,11.8265,268.458,0.61031,6.26472,17850.6,11.8265,True,55.0|274,719
8|719|sample|5|274,268.458,0.61031,6.26472,17850.6,11.8265,268.458,0.61031,6.26472,17850.6,11.8265,True,55.0|274,719
8|719|sample|6|274,268.458,0.61031,6.26472,17850.6,11.8265,268.458,0.61031,6.26472,17850.6,11.8265,True,55.0|274,719
8|719|sample|7|274,273.823,0.61031,6.26472,17850.6,11.8265,273.823,0.61031,6.26472,17850.6,11.8265,True,32.0|274,719
8|719|sample|8|274,273.823,0.61031,6.26472,17850.6,11.8265,273.823,0.61031,6.26472,17850.6,11.8265,True,32.0|274,719
8|719|sample|9|274,273.823,0.61031,6.26472,17850.6,11.8265,273.823,0.61031,6.26472,17850.6,11.8265,True,32.0|274,719
8|719|vc|1|2|274,271.405,0.61032,6.26469,17850.6,11.8265,271.405,0.61032,6.26469,17850.6,11.8265,False,69.0|274,719
8|719|vc|2|2|274,271.405,0.61032,6.26469,17850.6,11.8265,271.405,0.61032,6.26469,17850.6,11.8265,False,69.0|274,719
8|719|vc|3|2|274,271.405,0.61032,6.26469,17850.6,11.8265,271.405,0.61032,6.26469,17850.6,11.8265,False,69.0|274,719
8|719|vc|4|2|274,271.405,0.61032,6.26469,17850.6,11.8265,271.405,0.61032,6.26469,17850.6,11.8265,False,69.0|274,719
8|719|vc|5|2|274,271.405,0.61032,6.26469,17850.6,11.8265,271.405,0.61032,6.26469,17850.6,11.8265,False,69.0|274,719
8|719|vc|6|2|274,271.405,0.61032,6.26469,17850.6,11.8265,271.405,0.61032,6.26469,17850.6,11.8265,False,69.0|274,719
8|719|vc|7|2|274,271.405,0.61032,6.26469,17850.6,11.8265,271.405,0.61032,6.26469,17850.6,11.8265,False,69.0|274,719
8|719|vc|8|2|274,271.405,0.61032,6.26469,17850.6,11.8265,271.405,0.61032,6.26469,17850.6,11.8265,False,69.0|274,719
8|488|cc|1|1|322,272.511,0.61032,6.26469,17850.6,29.623,272.511,0.61032,6.26469,17850.6,29.623,False,69.0|322,488
8|488|cc|2|1|322,272.511,0.61032,6.26469,17850.6,29.623,272.511,0.61032,6.26469,17850.6,29.623,False,69.0|322,488
8|488|cc|3|1|322,272.511,0.61032,6.26469,17850.6,29.623,272.511,0.61032,6.26469,17850.6,29.623,False,69.0|322,488
8|488|cc|4|1|322,272.511,0.61032,6.26469,17850.6,29.623,272.511,0.61032,6.26469,17850.6,29.623,False,69.0|322,488
8|488|cc|5|1|322,272.511,0.61032,6.26469,17850.6,29.623,272.511,0.61032,6.26469,17850.6,29.623,False,69.0|322,488
8|488|cc|6|1|322,272.511,0.61032,6.26469,17850.6,29.623,272.511,0.61032,6.26469,17850.6,29.623,False,69.0|322,488
8|488|cc|7|1|322,272.511,0.61032,6.26469,17850.6,29.623,272.511,0.61032,6.26469,17850.6,29.623,False,69.0|322,488
8|488|cc|8|1|322,272.511,0.61032,6.26469,17850.6,29.623,272.511,0.61032,6.26469,17850.6,29.623,False,69.0|322,488
8|488|sample|10|322,279.061,0.61031,6.26472,17850.6,29.623,279.061,0.61031,6.26472,17850.6,29.623,True,32.0|322,488
8|488|sample|11|322,269.339,0.61031,6.26472,17850.6,29.623,269.339,0.61031,6.26472,17850.6,29.623,True,22.0|322,488
8|488|sample|12|322,269.339,0.61031,6.26472,17850.6,29.623,269.339,0.61031,6.26472,17850.6,29.623,True,22.0|322,488
8|488|sample|3|322,277.66,0.61031,6.26472,17850.6,29.623,277.66,0.61031,6.26472,17850.6,29.623,True,55.0|322,488
8|488|sample|4|322,277.66,0.61031,6.26472,17850.6,29.623,277.66,0.61031,6.26472,17850.6,29.623,True,55.0|322,488
8|488|sample|5|322,277.66,0.61031,6.26472,17850.6,29.623,277.66,0.61031,6.26472,17850.6,29.623,True,55.0|322,488
8|488|sample|6|322,277.66,0.61031,6.26472,17850.6,29.623,277.66,0.61031,6.26472,17850.6,29.623,True,55.0|322,488
8|488|sample|7|322,279.061,0.61031,6.26472,17850.6,29.623,279.061,0.61031,6.26472,17850.6,29.623,True,32.0|322,488
8|488|sample|8|322,279.061,0.61031,6.26472,17850.6,29.623,279.061,0.61031,6.26472,17850.6,29.623,True,32.0|322,488
8|488|sample|9|322,279.061,0.61031,6.26472,17850.6,29.623,279.061,0.61031,6.26472,17850.6,29.623,True,32.0|322,488
8|488|vc|1|2|322,272.511,0.61032,6.26469,17850.6,29.623,272.511,0.61032,6.26469,17850.6,29.623,False,69.0|322,488
8|488|vc|2|2|322,272.511,0.61032,6.26469,17850.6,29.623,272.511,0.61032,6.26469,17850.6,29.623,False,69.0|322,488
8|488|vc|3|2|322,272.511,0.61032,6.26469,17850.6,29.623,272.511,0.61032,6.26469,17850.6,29.623,False,69.0|322,488
8|488|vc|4|2|322,272.511,0.61032,6.26469,17850.6,29.623,272.511,0.61032,6.26469,17850.6,29.623,False,69.0|322,488
8|488|vc|5|2|322,272.511,0.61032,6.26469,17850.6,29.623,272.511,0.61032,6.26469,17850.6,29.623,False,69.0|322,488
8|488|vc|6|2|322,272.511,0.61032,6.26469,17850.6,29.623,272.511,0.61032,6.26469,17850.6,29.623,False,69.0|322,488
8|488|vc|7|2|322,272.511,0.61032,6.26469,17850.6,29.623,272.511,0.61032,6.26469,17850.6,29.623,False,69.0|322,488
8|488|vc|8|2|322,272.511,0.61032,6.26469,17850.6,29.623,272.511,0.61032,6.26469,17850.6,29.623,False,69.0|322,488
8|847|cc|1|1|69,271.041,0.61032,6.26469,17850.6,11.8266,271.041,0.61032,6.26469,17850.6,11.8266,False,69.0|69,847
8|847|cc|2|1|69,271.041,0.61032,6.26469,17850.6,11.8266,271.041,0.61032,6.26469,17850.6,11.8266,False,69.0|69,847
8|847|cc|3|1|69,271.041,0.61032,6.26469,17850.6,11.8266,271.041,0.61032,6.26469,17850.6,11.8266,False,69.0|69,847
8|847|cc|4|1|69,271.041,0.61032,6.26469,17850.6,11.8266,271.041,0.61032,6.26469,17850.6,11.8266,False,69.0|69,847
8|847|cc|5|1|69,271.041,0.61032,6.26469,17850.6,11.8266,271.041,0.61032,6.26469,17850.6,11.8266,False,69.0|69,847
8|847|cc|6|1|69,271.041,0.61032,6.26469,17850.6,11.8266,271.041,0.61032,6.26469,17850.6,11.8266,False,69.0|69,847
8|847|cc|7|1|69,271.041,0.61032,6.26469,17850.6,11.8266,271.041,0.61032,6.26469,17850.6,11.8266,False,69.0|69,847
8|847|cc|8|1|69,271.041,0.61032,6.26469,17850.6,11.8266,271.041,0.61032,6.26469,17850.6,11.8266,False,69.0|69,847
8|847|sample|10|69,275.816,0.61031,6.26472,17850.6,11.8266,275.816,0.61031,6.26472,17850.6,11.8266,True,32.0|69,847
8|847|sample|11|69,273.45,0.61031,6.26472,17850.6,11.8266,273.45,0.61031,6.26472,17850.6,11.8266,True,22.0|69,847
8|847|sample|12|69,273.45,0.61031,6.26472,17850.6,11.8266,273.45,0.61031,6.26472,17850.6,11.8266,True,22.0|69,847
8|847|sample|3|69,276.187,0.61031,6.26472,17850.6,11.8266,276.187,0.61031,6.26472,17850.6,11.8266,True,55.0|69,847
8|847|sample|4|69,276.187,0.61031,6.26472,17850.6,11.8266,276.187,0.61031,6.26472,17850.6,11.8266,True,55.0|69,847
8|847|sample|5|69,276.187,0.61031,6.26472,17850.6,11.8266,276.187,0.61031,6.26472,17850.6,11.8266,True,55.0|69,847
8|847|sample|6|69,276.187,0.61031,6.26472,17850.6,11.8266,276.187,0.61031,6.26472,17850.6,11.8266,True,55.0|69,847
8|847|sample|7|69,275.816,0.61031,6.26472,17850.6,11.8266,275.816,0.61031,6.26472,17850.6,11.8266,True,32.0|69,847
8|847|sample|8|69,275.816,0.61031,6.26472,17850.6,11.8266,275.816,0.61031,6.26472,17850.6,11.8266,True,32.0|69,847
8|847|sample|9|69,275.816,0.61031,6.26472,17850.6,11.8266,275.816,0.61031,6.26472,17850.6,11.8266,True,32.0|69,847
8|847|vc|1|2|69,271.041,0.61032,6.26469,17850.6,11.8266,271.041,0.61032,6.26469,17850.6,11.8266,False,69.0|69,847
8|847|vc|2|2|69,271.041,0.61032,6.26469,17850.6,11.8266,271.041,0.61032,6.26469,17850.6,11.8266,False,69.0|69,847
8|847|vc|3|2|69,271.041,0.61032,6.26469,17850.6,11.8266,271.041,0.61032,6.26469,17850.6,11.8266,False,69.0|69,847
8|847|vc|4|2|69,271.041,0.61032,6.26469,17850.6,11.8266,271.041,0.61032,6.26469,17850.6,11.8266,False,69.0|69,847
8|847|vc|5|2|69,271.041,0.61032,6.26469,17850.6,11.8266,271.041,0.61032,6.26469,17850.6,11.8266,False,69.0|69,847
8|847|vc|6|2|69,271.041,0.61032,6.26469,17850.6,11.8266,271.041,0.61032,6.26469,17850.6,11.8266,False,69.0|69,847
8|847|vc|7|2|69,271.041,0.61032,6.26469,17850.6,11.8266,271.041,0.61032,6.26469,17850.6,11.8266,False,69.0|69,847
8|847|vc|8|2|69,271.041,0.61032,6.26469,17850.6,11.8266,271.041,0.61032,6.26469,17850.6,11.8266,False,69.0|69,847
8|474|cc|1|1|276,271.162,0.61032,6.26469,17850.6,11.8266,271.162,0.61032,6.26469,17850.6,11.8266,False,69.0|276,474
8|474|cc|2|1|276,271.162,0.61032,6.26469,17850.6,11.8266,271.162,0.61032,6.26469,17850.6,11.8266,False,69.0|276,474
8|474|cc|3|1|276,271.162,0.61032,6.26469,17850.6,11.8266,271.162,0.61032,6.26469,17850.6,11.8266,False,69.0|276,474
8|474|cc|4|1|276,271.162,0.61032,6.26469,17850.6,11.8266,271.162,0.61032,6.26469,17850.6,11.8266,False,69.0|276,474
8|474|cc|5|1|276,271.162,0.61032,6.26469,17850.6,11.8266,271.162,0.61032,6.26469,17850.6,11.8266,False,69.0|276,474
8|474|cc|6|1|276,271.162,0.61032,6.26469,17850.6,11.8266,271.162,0.61032,6.26469,17850.6,11.8266,False,69.0|276,474
8|474|cc|7|1|276,271.162,0.61032,6.26469,17850.6,11.8266,271.162,0.61032,6.26469,17850.6,11.8266,False,69.0|276,474
8|474|cc|8|1|276,271.162,0.61032,6.26469,17850.6,11.8266,271.162,0.61032,6.26469,17850.6,11.8266,False,69.0|276,474
8|474|sample|10|276,268.653,0.61031,6.26472,17850.6,11.8266,268.653,0.61031,6.26472,17850.6,11.8266,True,32.0|276,474
8|474|sample|11|276,273.37,0.61031,6.26472,17850.6,11.8266,273.37,0.61031,6.26472,17850.6,11.8266,True,22.0|276,474
8|474|sample|12|276,273.37,0.61031,6.26472,17850.6,11.8266,273.37,0.61031,6.26472,17850.6,11.8266,True,22.0|276,474
8|474|sample|3|276,277.814,0.61031,6.26472,17850.6,11.8266,277.814,0.61031,6.26472,17850.6,11.8266,True,55.0|276,474
8|474|sample|4|276,277.814,0.61031,6.26472,17850.6,11.8266,277.814,0.61031,6.26472,17850.6,11.8266,True,55.0|276,474
8|474|sample|5|276,277.814,0.61031,6.26472,17850.6,11.8266,277.814,0.61031,6.26472,17850.6,11.8266,True,55.0|276,474
8|474|sample|6|276,277.814,0.61031,6.26472,17850.6,11.8266,277.814,0.61031,6.26472,17850.6,11.8266,True,55.0|276,474
8|474|sample|7|276,268.653,0.61031,6.26472,17850.6,11.8266,268.653,0.61031,6.26472,17850.6,11.8266,True,32.0|276,474
8|474|sample|8|276,268.653,0.61031,6.26472,17850.6,11.8266,268.653,0.61031,6.26472,17850.6,11.8266,True,32.0|276,474
8|474|sample|9|276,268.653,0.61031,6.26472,17850.6,11.8266,268.653,0.61031,6.26472,17850.6,11.8266,True,32.0|276,474
8|474|vc|1|2|276,271.162,0.61032,6.26469,17850.6,11.8266,271.162,0.61032,6.26469,17850.6,11.8266,False,69.0|276,474
8|474|vc|2|2|276,271.162,0.61032,6.26469,17850.6,11.8266,271.162,0.61032,6.26469,17850.6,11.8266,False,69.0|276,474
8|474|vc|3|2|276,271.162,0.61032,6.26469,17850.6,11.8266,271.162,0.61032,6.26469,17850.6,11.8266,False,69.0|276,474
8|474|vc|4|2|276,271.162,0.61032,6.26469,17850.6,11.8266,271.162,0.61032,6.26469,17850.6,11.8266,False,69.0|276,474
8|474|vc|5|2|276,271.162,0.61032,6.26469,17850.6,11.8266,271.162,0.61032,6.26469,17850.6,11.8266,False,69.0|276,474
8|474|vc|6|2|276,271.162,0.61032,6.26469,17850.6,11.8266,271.162,0.61032,6.26469,17850.6,11.8266,False,69.0|276,474
8|474|vc|7|2|276,271.162,0.61032,6.26469,17850.6,11.8266,271.162,0.61032,6.26469,17850.6,11.8266,False,69.0|276,474
8|474|vc|8|2|276,271.162,0.61032,6.26469,17850.6,11.8266,271.162,0.61032,6.26469,17850.6,11.8266,False,69.0|276,474
8|462|cc|1|1|292,272.721,0.61032,6.26469,17850.6,11.8266,272.721,0.61032,6.26469,17850.6,11.8266,False,69.0|292,462
8|462|cc|2|1|292,272.721,0.61032,6.26469,17850.6,11.8266,272.721,0.61032,6.26469,17850.6,11.8266,False,69.0|292,462
8|462|cc|3|1|292,272.721,0.61032,6.26469,17850.6,11.8266,272.721,0.61032,6.26469,17850.6,11.8266,False,69.0|292,462
8|462|cc|4|1|292,272.721,0.61032,6.26469,17850.6,11.8266,272.721,0.61032,6.26469,17850.6,11.8266,False,69.0|292,462
8|462|cc|5|1|292,272.721,0.61032,6.26469,17850.6,11.8266,272.721,0.61032,6.26469,17850.6,11.8266,False,69.0|292,462
8|462|cc|6|1|292,272.721,0.61032,6.26469,17850.6,11.8266,272.721,0.61032,6.26469,17850.6,11.8266,False,69.0|292,462
8|462|cc|7|1|292,272.721,0.61032,6.26469,17850.6,11.8266,272.721,0.61032,6.26469,17850.6,11.8266,False,69.0|292,462
8|462|cc|8|1|292,272.721,0.61032,6.26469,17850.6,11.8266,272.721,0.61032,6.26469,17850.6,11.8266,False,69.0|292,462
8|462|sample|10|292,270.527,0.61031,6.26472,17850.6,11.8266,270.527,0.61031,6.26472,17850.6,11.8266,True,32.0|292,462
8|462|sample|11|292,268.312,0.61031,6.26472,17850.6,11.8266,268.312,0.61031,6.26472,17850.6,11.8266,True,22.0|292,462
8|462|sample|12|292,268.312,0.61031,6.26472,17850.6,11.8266,268.312,0.61031,6.26472,17850.6,11.8266,True,22.0|292,462
8|462|sample|3|292,280.914,0.61031,6.26472,17850.6,11.8266,280.914,0.61031,6.26472,17850.6,11.8266,True,55.0|292,462
8|462|sample|4|292,280.914,0.61031,6.26472,17850.6,11.8266,280.914,0.61031,6.26472,17850.6,11.8266,True,55.0|292,462
8|462|sample|5|292,280.914,0.61031,6.26472,17850.6,11.8266,280.914,0.61031,6.26472,17850.6,11.8266,True,55.0|292,462
8|462|sample|6|292,280.914,0.61031,6.26472,17850.6,11.8266,280.914,0.61031,6.26472,17850.6,11.8266,True,55.0|292,462
8|462|sample|7|292,270.527,0.61031,6.26472,17850.6,11.8266,270.527,0.61031,6.26472,17850.6,11.8266,True,32.0|292,462
8|462|sample|8|292,270.527,0.61031,6.26472,17850.6,11.8266,270.527,0.61031,6.26472,17850.6,11.8266,True,32.0|292,462
8|462|sample|9|292,270.527,0.61031,6.26472,17850.6,11.8266,270.527,0.61031,6.26472,17850.6,11.8266,True,32.0|292,462
8|462|vc|1|2|292,272.721,0.61032,6.26469,17850.6,11.8266,272.721,0.61032,6.26469,17850.6,11.8266,False,69.0|292,462
8|462|vc|2|2|292,272.721,0.61032,6.26469,17850.6,11.8266,272.721,0.61032,6.26469,17850.6,11.8266,False,69.0|292,462
8|462|vc|3|2|292,272.721,0.61032,6.26469,17850.6,11.8266,272.721,0.61032,6.26469,17850.6,11.8266,False,69.0|292,462
8|462|vc|4|2|292,272.721,0.61032,6.26469,17850.6,11.8266,272.721,0.61032,6.26469,17850.6,11.8266,False,69.0|292,462
8|462|vc|5|2|292,272.721,0.61032,6.26469,17850.6,11.8266,272.721,0.61032,6.26469,17850.6,11.8266,False,69.0|292,462
8|462|vc|6|2|292,272.721,0.61032,6.26469,17850.6,11.8266,272.721,0.61032,6.26469,17850.6,11.8266,False,69.0|292,462
8|462|vc|7|2|292,272.721,0.61032,6.26469,17850.6,11.8266,272.721,0.61032,6.26469,17850.6,11.8266,False,69.0|292,462
8|462|vc|8|2|292,272.721,0.61032,6.26469,17850.6,11.8266,272.721,0.61032,6.26469,17850.6,11.8266,False,69.0|292,462
8|75|cc|1|1|65,271.272,0.61032,6.26469,17850.6,11.8266,271.272,0.61032,6.26469,17850.6,11.8266,False,69.0|65,75
8|75|cc|2|1|65,271.272,0.61032,6.26469,17850.6,11.8266,271.272,0.61032,6.26469,17850.6,11.8266,False,69.0|65,75
8|75|cc|3|1|65,271.272,0.61032,6.26469,17850.6,11.8266,271.272,0.61032,6.26469,17850.6,11.8266,False,69.0|65,75
8|75|cc|4|1|65,271.272,0.61032,6.26469,17850.6,11.8266,271.272,0.61032,6.26469,17850.6,11.8266,False,69.0|65,75
8|75|cc|5|1|65,271.272,0.61032,6.26469,17850.6,11.8266,271.272,0.61032,6.26469,17850.6,11.8266,False,69.0|65,75
8|75|cc|6|1|65,271.272,0.61032,6.26469,17850.6,11.8266,271.272,0.61032,6.26469,17850.6,11.8266,False,69.0|65,75
8|75|cc|7|1|65,271.272,0.61032,6.26469,17850.6,11.8266,271.272,0.61032,6.26469,17850.6,11.8266,False,69.0|65,75
8|75|cc|8|1|65,271.272,0.61032,6.26469,17850.6,11.8266,271.272,0.61032,6.26469,17850.6,11.8266,False,69.0|65,75
8|75|sample|10|65,269.076,0.61031,6.26472,17850.6,11.8266,269.076,0.61031,6.26472,17850.6,11.8266,True,32.0|65,75
8|75|sample|11|65,277.357,0.61031,6.26472,17850.6,11.8266,277.357,0.61031,6.26472,17850.6,11.8266,True,22.0|65,75
8|75|sample|12|65,277.357,0.61031,6.26472,17850.6,11.8266,277.357,0.61031,6.26472,17850.6,11.8266,True,22.0|65,75
8|75|sample|3|65,269.91,0.61031,6.26472,17850.6,11.8266,269.91,0.61031,6.26472,17850.6,11.8266,True,55.0|65,75
8|75|sample|4|65,269.91,0.61031,6.26472,17850.6,11.8266,269.91,0.61031,6.26472,17850.6,11.8266,True,55.0|65,75
8|75|sample|5|65,269.91,0.61031,6.26472,17850.6,11.8266,269.91,0.61031,6.26472,17850.6,11.8266,True,55.0|65,75
8|75|sample|6|65,269.91,0.61031,6.26472,17850.6,11.8266,269.91,0.61031,6.26472,17850.6,11.8266,True,55.0|65,75
8|75|sample|7|65,269.076,0.61031,6.26472,17850.6,11.8266,269.076,0.61031,6.26472,17850.6,11.8266,True,32.0|65,75
8|75|sample|8|65,269.076,0.61031,6.26472,17850.6,11.8266,269.076,0.61031,6.26472,17850.6,11.8266,True,32.0|65,75
8|75|sample|9|65,269.076,0.61031,6.26472,17850.6,11.8266,269.076,0.61031,6.26472,17850.6,11.8266,True,32.0|65,75
8|75|vc|1|2|65,271.272,0.61032,6.26469,17850.6,11.8266,271.272,0.61032,6.26469,17850.6,11.8266,False,69.0|65,75
8|75|vc|2|2|65,271.272,0.61032,6.26469,17850.6,11.8266,271.272,0.61032,6.26469,17850.6,11.8266,False,69.0|65,75
8|75|vc|3|2|65,271.272,0.61032,6.26469,17850.6,11.8266,271.272,0.61032,6.26469,17850.6,11.8266,False,69.0|65,75
8|75|vc|4|2|65,271.272,0.61032,6.26469,17850.6,11.8266,271.272,0.61032,6.26469,17850.6,11.8266,False,69.0|65,75
8|75|vc|5|2|65,271.272,0.61032,6.26469,17850.6,11.8266,271.272,0.61032,6.26469,17850.6,11.8266,False,69.0|65,75
8|75|vc|6|2|65,271.272,0.61032,6.26469,17850.6,11.8266,271.272,0.61032,6.26469,17850.6,11.8266,False,69.0|65,75
8|75|vc|7|2|65,271.272,0.61032,6.26469,17850.6,11.8266,271.272,0.61032,6.26469,17850.6,11.8266,False,69.0|65,75
8|75|vc|8|2|65,271.272,0.61032,6.26469,17850.6,11.8266,271.272,0.61032,6.26469,17850.6,11.8266,False,69.0|65,75
8|291|cc|1|1|103,271.095,0.61032,6.26469,17850.6,11.8266,271.095,0.61032,6.26469,17850.6,11.8266,False,69.0|103,291
8|291|cc|2|1|103,271.095,0.61032,6.26469,17850.6,11.8266,271.095,0.61032,6.26469,17850.6,11.8266,False,69.0|103,291
8|291|cc|3|1|103,271.095,0.61032,6.26469,17850.6,11.8266,271.095,0.61032,6.26469,17850.6,11.8266,False,69.0|103,291
8|291|cc|4|1|103,271.095,0.61032,6.26469,17850.6,11.8266,271.095,0.61032,6.26469,17850.6,11.8266,False,69.0|103,291
8|291|cc|5|1|103,271.095,0.61032,6.26469,17850.6,11.8266,271.095,0.61032,6.26469,17850.6,11.8266,False,69.0|103,291
8|291|cc|6|1|103,271.095,0.61032,6.26469,17850.6,11.8266,271.095,0.61032,6.26469,17850.6,11.8266,False,69.0|103,291
8|291|cc|7|1|103,271.095,0.61032,6.26469,17850.6,11.8266,271.095,0.61032,6.26469,17850.6,11.8266,False,69.0|103,291
8|291|cc|8|1|103,271.095,0.61032,6.26469,17850.6,11.8266,271.095,0.61032,6.26469,17850.6,11.8266,False,69.0|103,291
8|291|sample|10|103,272.11,0.61031,6.26472,17850.6,11.8266,272.11,0.61031,6.26472,17850.6,11.8266,True,32.0|103,291
8|291|sample|11|103,270.464,0.61031,6.26472,17850.6,11.8266,270.464,0.61031,6.26472,17850.6,11.8266,True,22.0|103,291
8|291|sample|12|103,270.464,0.61031,6.26472,17850.6,11.8266,270.464,0.61031,6.26472,17850.6,11.8266,True,22.0|103,291
8|291|sample|3|103,276.936,0.61031,6.26472,17850.6,11.8266,276.936,0.61031,6.26472,17850.6,11.8266,True,55.0|103,291
8|291|sample|4|103,276.936,0.61031,6.26472,17850.6,11.8266,276.936,0.61031,6.26472,17850.6,11.8266,True,55.0|103,291
8|291|sample|5|103,276.936,0.61031,6.26472,17850.6,11.8266,276.936,0.61031,6.26472,17850.6,11.8266,True,55.0|103,291
8|291|sample|6|103,276.936,0.61031,6.26472,17850.6,11.8266,276.936,0.61031,6.26472,17850.6,11.8266,True,55.0|103,291
8|291|sample|7|103,272.11,0.61031,6.26472,17850.6,11.8266,272.11,0.61031,6.26472,17850.6,11.8266,True,32.0|103,291
8|291|sample|8|103,272.11,0.61031,6.26472,17850.6,11.8266,272.11,0.61031,6.26472,17850.6,11.8266,True,32.0|103,291
8|291|sample|9|103,272.11,0.61031,6.26472,17850.6,11.8266,272.11,0.61031,6.26472,17850.6,11.8266,True,32.0|103,291
8|291|vc|1|2|103,271.095,0.61032,6.26469,17850.6,11.8266,271.095,0.61032,6.26469,17850.6,11.8266,False,69.0|103,291
8|291|vc|2|2|103,271.095,0.61032,6.26469,17850.6,11.8266,271.095,0.61032,6.26469,17850.6,11.8266,False,69.0|103,291
8|291|vc|3|2|103,271.095,0.61032,6.26469,17850.6,11.8266,271.095,0.61032,6.26469,17850.6,11.8266,False,69.0|103,291
8|291|vc|4|2|103,271.095,0.61032,6.26469,17850.6,11.8266,271.095,0.61032,6.26469,17850.6,11.8266,False,69.0|103,291
8|291|vc|5|2|103,271.095,0.61032,6.26469,17850.6,11.8266,271.095,0.61032,6.26469,17850.6,11.8266,False,69.0|103,291
8|291|vc|6|2|103,271.095,0.61032,6.26469,17850.6,11.8266,271.095,0.61032,6.26469,17850.6,11.8266,False,69.0|103,291
8|291|vc|7|2|103,271.095,0.61032,6.26469,17850.6,11.8266,271.095,0.61032,6.26469,17850.6,11.8266,False,69.0|103,291
8|291|vc|8|2|103,271.095,0.61032,6.26469,17850.6,11.8266,271.095,0.61032,6.26469,17850.6,11.8266,False,69.0|103,291
8|77|cc|1|1|218,273.148,0.61032,6.26469,17850.6,9.1922,273.148,0.61032,6.26469,17850.6,9.1922,False,69.0|218,77
8|77|cc|2|1|218,273.148,0.61032,6.26469,17850.6,9.1922,273.148,0.61032,6.26469,17850.6,9.1922,False,69.0|218,77
8|77|cc|3|1|218,273.148,0.61032,6.26469,17850.6,9.1922,273.148,0.61032,6.26469,17850.6,9.1922,False,69.0|218,77
8|77|cc|4|1|218,273.148,0.61032,6.26469,17850.6,9.1922,273.148,0.61032,6.26469,17850.6,9.1922,False,69.0|218,77
8|77|cc|5|1|218,273.148,0.61032,6.26469,17850.6,9.1922,273.148,0.61032,6.26469,17850.6,9.1922,False,69.0|218,77
8|77|cc|6|1|218,273.148,0.61032,6.26469,17850.6,9.1922,273.148,0.61032,6.26469,17850.6,9.1922,False,69.0|218,77
8|77|cc|7|1|218,273.148,0.61032,6.26469,17850.6,9.1922,273.148,0.61032,6.26469,17850.6,9.1922,False,69.0|218,77
8|77|cc|8|1|218,273.148,0.61032,6.26469,17850.6,9.1922,273.148,0.61032,6.26469,17850.6,9.1922,False,69.0|218,77
8|77|sample|10|218,271.241,0.61031,6.26472,17850.6,9.1922,271.241,0.61031,6.26472,17850.6,9.1922,True,32.0|218,77
8|77|sample|11|218,272.737,0.61031,6.26472,17850.6,9.1922,272.737,0.61031,6.26472,17850.6,9.1922,True,22.0|218,77
8|77|sample|12|218,272.737,0.61031,6.26472,17850.6,9.1922,272.737,0.61031,6.26472,17850.6,9.1922,True,22.0|218,77
8|77|sample|3|218,268.054,0.61031,6.26472,17850.6,9.1922,268.054,0.61031,6.26472,17850.6,9.1922,True,55.0|218,77
8|77|sample|4|218,268.054,0.61031,6.26472,17850.6,9.1922,268.054,0.61031,6.26472,17850.6,9.1922,True,55.0|218,77
8|77|sample|5|218,268.054,0.61031,6.26472,17850.6,9.1922,268.054,0.61031,6.26472,17850.6,9.1922,True,55.0|218,77
8|77|sample|6|218,268.054,0.61031,6.26472,17850.6,9.1922,268.054,0.61031,6.26472,17850.6,9.1922,True,55.0|218,77
8|77|sample|7|218,271.241,0.61031,6.26472,17850.6,9.1922,271.241,0.61031,6.26472,17850.6,9.1922,True,32.0|218,77
8|77|sample|8|218,271.241,0.61031,6.26472,17850.6,9.1922,271.241,0.61031,6.26472,17850.6,9.1922,True,32.0|218,77
8|77|sample|9|218,271.241,0.61031,6.26472,17850.6,9.1922,271.241,0.61031,6.26472,17850.6,9.1922,True,32.0|218,77
8|77|vc|1|2|218,273.148,0.61032,6.26469,17850.6,9.1922,273.148,0.61032,6.26469,17850.6,9.1922,False,69.0|218,77
8|77|vc|2|2|218,273.148,0.61032,6.26469,17850.6,9.1922,273.148,0.61032,6.26469,17850.6,9.1922,False,69.0|218,77
8|77|vc|3|2|218,273.148,0.61032,6.26469,17850.6,9.1922,273.148,0.61032,6.26469,17850.6,9.1922,False,69.0|218,77
8|77|vc|4|2|218,273.148,0.61032,6.26469,17850.6,9.1922,273.148,0.61032,6.26469,17850.6,9.1922,False,69.0|218,77
8|77|vc|5|2|218,273.148,0.61032,6.26469,17850.6,9.1922,273.148,0.61032,6.26469,17850.6,9.1922,False,69.0|218,77
8|77|vc|6|2|218,273.148,0.61032,6.26469,17850.6,9.1922,273.148,0.61032,6.26469,17850.6,9.1922,False,69.0|218,77
8|77|vc|7|2|218,273.148,0.61032,6.26469,17850.6,9.1922,273.148,0.61032,6.26469,17850.6,9.1922,False,69.0|218,77
8|77|vc|8|2|218,273.148,0.61032,6.26469,17850.6,9.1922,273.148,0.61032,6.26469,17850.6,9.1922,False,69.0|218,77
8|322|cc|1|1|174,270.141,0.61032,6.26469,17850.6,11.8266,270.141,0.61032,6.26469,17850.6,11.8266,False,69.0|174,322
8|322|cc|2|1|174,270.141,0.61032,6.26469,17850.6,11.8266,270.141,0.61032,6.26469,17850.6,11.8266,False,69.0|174,322
8|322|cc|3|1|174,270.141,0.61032,6.26469,17850.6,11.8266,270.141,0.61032,6.26469,17850.6,11.8266,False,69.0|174,322
8|322|cc|4|1|174,270.141,0.61032,6.26469,17850.6,11.8266,270.141,0.61032,6.26469,17850.6,11.8266,False,69.0|174,322
8|322|cc|5|1|174,270.141,0.61032,6.26469,17850.6,11.8266,270.141,0.61032,6.26469,17850.6,11.8266,False,69.0|174,322
8|322|cc|6|1|174,270.141,0.61032,6.26469,17850.6,11.8266,270.141,0.61032,6.26469,17850.6,11.8266,False,69.0|174,322
8|322|cc|7|1|174,270.141,0.61032,6.26469,17850.6,11.8266,270.141,0.61032,6.26469,17850.6,11.8266,False,69.0|174,322
8|322|cc|8|1|174,270.141,0.61032,6.26469,17850.6,11.8266,270.141,0.61032,6.26469,17850.6,11.8266,False,69.0|174,322
8|322|sample|10|174,268.177,0.61031,6.26472,17850.6,11.8266,268.177,0.61031,6.26472,17850.6,11.8266,True,32.0|174,322
8|322|sample|11|174,268.271,0.61031,6.26472,17850.6,11.8266,268.271,0.61031,6.26472,17850.6,11.8266,True,22.0|174,322
8|322|sample|12|174,268.271,0.61031,6.26472,17850.6,11.8266,268.271,0.61031,6.26472,17850.6,11.8266,True,22.0|174,322
8|322|sample|3|174,271.68,0.61031,6.26472,17850.6,11.8266,271.68,0.61031,6.26472,17850.6,11.8266,True,55.0|174,322
8|322|sample|4|174,271.68,0.61031,6.26472,17850.6,11.8266,271.68,0.61031,6.26472,17850.6,11.8266,True,55.0|174,322
8|322|sample|5|174,271.68,0.61031,6.26472,17850.6,11.8266,271.68,0.61031,6.26472,17850.6,11.8266,True,55.0|174,322
8|322|sample|6|174,271.68,0.61031,6.26472,17850.6,11.8266,271.68,0.61031,6.26472,17850.6,11.8266,True,55.0|174,322
8|322|sample|7|174,268.177,0.61031,6.26472,17850.6,11.8266,268.177,0.61031,6.26472,17850.6,11.8266,True,32.0|174,322
8|322|sample|8|174,268.177,0.61031,6.26472,17850.6,11.8266,268.177,0.61031,6.26472,17850.6,11.8266,True,32.0|174,322
8|322|sample|9|174,268.177,0.61031,6.26472,17850.6,11.8266,268.177,0.61031,6.26472,17850.6,11.8266,True,32.0|174,322
8|322|vc|1|2|174,270.141,0.61032,6.26469,17850.6,11.8266,270.141,0.61032,6.26469,17850.6,11.8266,False,69.0|174,322
8|322|vc|2|2|174,270.141,0.61032,6.26469,17850.6,11.8266,270.141,0.61032,6.26469,17850.6,11.8266,False,69.0|174,322
8|322|vc|3|2|174,270.141,0.61032,6.26469,17850.6,11.8266,270.141,0.61032,6.26469,17850.6,11.8266,False,69.0|174,322
8|322|vc|4|2|174,270.141,0.61032,6.26469,17850.6,11.8266,270.141,0.61032,6.26469,17850.6,11.8266,False,69.0|174,322
8|322|vc|5|2|174,270.141,0.61032,6.26469,17850.6,11.8266,270.141,0.61032,6.26469,17850.6,11.8266,False,69.0|174,322
8|322|vc|6|2|174,270.141,0.61032,6.26469,17850.6,11.8266,270.141,0.61032,6.26469,17850.6,11.8266,False,69.0|174,322
8|322|vc|7|2|174,270.141,0.61032,6.26469,17850.6,11.8266,270.141,0.61032,6.26469,17850.6,11.8266,False,69.0|174,322
8|322|vc|8|2|174,270.141,0.61032,6.26469,17850.6,11.8266,270.141,0.61032,6.26469,17850.6,11.8266,False,69.0|174,322
8|963|cc|1|1|319,271.627,0.61032,6.26469,17850.6,11.8266,271.627,0.61032,6.26469,17850.6,11.8266,False,69.0|319,963
8|963|cc|2|1|319,271.627,0.61032,6.26469,17850.6,11.8266,271.627,0.61032,6.26469,17850.6,11.8266,False,69.0|319,963
8|963|cc|3|1|319,271.627,0.61032,6.26469,17850.6,11.8266,271.627,0.61032,6.26469,17850.6,11.8266,False,69.0|319,963
8|963|cc|4|1|319,271.627,0.61032,6.26469,17850.6,11.8266,271.627,0.61032,6.26469,17850.6,11.8266,False,69.0|319,963
8|963|cc|5|1|319,271.627,0.61032,6.26469,17850.6,11.8266,271.627,0.61032,6.26469,17850.6,11.8266,False,69.0|319,963
8|963|cc|6|1|319,271.627,0.61032,6.26469,17850.6,11.8266,271.627,0.61032,6.26469,17850.6,11.8266,False,69.0|319,963
8|963|cc|7|1|319,271.627,0.61032,6.26469,17850.6,11.8266,271.627,0.61032,6.26469,17850.6,11.8266,False,69.0|319,963
8|963|cc|8|1|319,271.627,0.61032,6.26469,17850.6,11.8266,271.627,0.61032,6.26469,17850.6,11.8266,False,69.0|319,963
8|963|sample|10|319,280.959,0.61031,6.26472,17850.6,11.8266,280.959,0.61031,6.26472,17850.6,11.8266,True,32.0|319,963
8|963|sample|11|319,274.864,0.61031,6.26472,17850.6,11.8266,274.864,0.61031,6.26472,17850.6,11.8266,True,22.0|319,963
8|963|sample|12|319,274.864,0.61031,6.26472,17850.6,11.8266,274.864,0.61031,6.26472,17850.6,11.8266,True,22.0|319,963
8|963|sample|3|319,268.729,0.61031,6.26472,17850.6,11.8266,268.729,0.61031,6.26472,17850.6,11.8266,True,55.0|319,963
8|963|sample|4|319,268.729,0.61031,6.26472,17850.6,11.8266,268.729,0.61031,6.26472,17850.6,11.8266,True,55.0|319,963
8|963|sample|5|319,268.729,0.61031,6.26472,17850.6,11.8266,268.729,0.61031,6.26472,17850.6,11.8266,True,55.0|319,963
8|963|sample|6|319,268.729,0.61031,6.26472,17850.6,11.8266,268.729,0.61031,6.26472,17850.6,11.8266,True,55.0|319,963
8|963|sample|7|319,280.959,0.61031,6.26472,17850.6,11.8266,280.959,0.61031,6.26472,17850.6,11.8266,True,32.0|319,963
8|963|sample|8|319,280.959,0.61031,6.26472,17850.6,11.8266,280.959,0.61031,6.26472,17850.6,11.8266,True,32.0|319,963
8|963|sample|9|319,280.959,0.61031,6.26472,17850.6,11.8266,280.959,0.61031,6.26472,17850.6,11.8266,True,32.0|319,963
8|963|vc|1|2|319,271.627,0.61032,6.26469,17850.6,11.8266,271.627,0.61032,6.26469,17850.6,11.8266,False,69.0|319,963
8|963|vc|2|2|319,271.627,0.61032,6.26469,17850.6,11.8266,271.627,0.61032,6.26469,17850.6,11.8266,False,69.0|319,963
8|963|vc|3|2|319,271.627,0.61032,6.26469,17850.6,11.8266,271.627,0.61032,6.26469,17850.6,11.8266,False,69.0|319,963
8|963|vc|4|2|319,271.627,0.61032,6.26469,17850.6,11.8266,271.627,0.61032,6.26469,17850.6,11.8266,False,69.0|319,963
8|963|vc|5|2|319,271.627,0.61032,6.26469,17850.6,11.8266,271.627,0.61032,6.26469,17850.6,11.8266,False,69.0|319,963
8|963|vc|6|2|319,271.627,0.61032,6.26469,17850.6,11.8266,271.627,0.61032,6.26469,17850.6,11.8266,False,69.0|319,963
8|963|vc|7|2|319,271.627,0.61032,6.26469,17850.6,11.8266,271.627,0.61032,6.26469,17850.6,11.8266,False,69.0|319,963
8|963|vc|8|2|319,271.627,0.61032,6.26469,17850.6,11.8266,271.627,0.61032,6.26469,17850.6,11.8266,False,69.0|319,963
8|1241|cc|1|1|69,271.041,0.61032,6.26469,17850.6,11.8266,271.041,0.61032,6.26469,17850.6,11.8266,False,69.0|69,1241
8|1241|cc|2|1|69,271.041,0.61032,6.26469,17850.6,11.8266,271.041,0.61032,6.26469,17850.6,11.8266,False,69.0|69,1241
8|1241|cc|3|1|69,271.041,0.61032,6.26469,17850.6,11.8266,271.041,0.61032,6.26469,17850.6,11.8266,False,69.0|69,1241
8|1241|cc|4|1|69,271.041,0.61032,6.26469,17850.6,11.8266,271.041,0.61032,6.26469,17850.6,11.8266,False,69.0|69,1241
8|1241|cc|5|1|69,271.041,0.61032,6.26469,17850.6,11.8266,271.041,0.61032,6.26469,17850.6,11.8266,False,69.0|69,1241
8|1241|cc|6|1|69,271.041,0.61032,6.26469,17850.6,11.8266,271.041,0.61032,6.26469,17850.6,11.8266,False,69.0|69,1241
8|1241|cc|7|1|69,271.041,0.61032,6.26469,17850.6,11.8266,271.041,0.61032,6.26469,17850.6,11.8266,False,69.0|69,1241
8|1241|cc|8|1|69,271.041,0.61032,6.26469,17850.6,11.8266,271.041,0.61032,6.26469,17850.6,11.8266,False,69.0|69,1241
8|1241|sample|3|69,273.45,0.61031,6.26472,17850.6,11.8266,273.45,0.61031,6.26472,17850.6,11.8266,True,22.0|69,1241
8|1241|sample|4|69,273.45,0.61031,6.26472,17850.6,11.8266,273.45,0.61031,6.26472,17850.6,11.8266,True,22.0|69,1241
8|1241|sample|8|69,273.45,0.61031,6.26472,17850.6,11.8266,273.45,0.61031,6.26472,17850.6,11.8266,True,22.0|69,1241
8|1241|vc|1|2|69,271.041,0.61032,6.26469,17850.6,11.8266,271.041,0.61032,6.26469,17850.6,11.8266,False,69.0|69,1241
8|1241|vc|2|2|69,271.041,0.61032,6.26469,17850.6,11.8266,271.041,0.61032,6.26469,17850.6,11.8266,False,69.0|69,1241
8|1241|vc|3|2|69,271.041,0.61032,6.26469,17850.6,11.8266,271.041,0.61032,6.26469,17850.6,11.8266,False,69.0|69,1241
8|1241|vc|4|2|69,271.041,0.61032,6.26469,17850.6,11.8266,271.041,0.61032,6.26469,17850.6,11.8266,False,69.0|69,1241
8|1241|vc|5|2|69,271.041,0.61032,6.26469,17850.6,11.8266,271.041,0.61032,6.26469,17850.6,11.8266,False,69.0|69,1241
8|1241|vc|6|2|69,271.041,0.61032,6.26469,17850.6,11.8266,271.041,0.61032,6.26469,17850.6,11.8266,False,69.0|69,1241
8|1241|vc|7|2|69,271.041,0.61032,6.26469,17850.6,11.8266,271.041,0.61032,6.26469,17850.6,11.8266,False,69.0|69,1241
8|1241|vc|8|2|69,271.041,0.61032,6.26469,17850.6,11.8266,271.041,0.61032,6.26469,17850.6,11.8266,False,69.0|69,1241
8|1056|cc|1|1|276,271.162,0.61032,6.26469,17850.6,11.8266,271.162,0.61032,6.26469,17850.6,11.8266,False,69.0|276,1056
8|1056|cc|2|1|276,271.162,0.61032,6.26469,17850.6,11.8266,271.162,0.61032,6.26469,17850.6,11.8266,False,69.0|276,1056
8|1056|cc|3|1|276,271.162,0.61032,6.26469,17850.6,11.8266,271.162,0.61032,6.26469,17850.6,11.8266,False,69.0|276,1056
8|1056|cc|4|1|276,271.162,0.61032,6.26469,17850.6,11.8266,271.162,0.61032,6.26469,17850.6,11.8266,False,69.0|276,1056
8|1056|cc|5|1|276,271.162,0.61032,6.26469,17850.6,11.8266,271.162,0.61032,6.26469,17850.6,11.8266,False,69.0|276,1056
8|1056|cc|6|1|276,271.162,0.61032,6.26469,17850.6,11.8266,271.162,0.61032,6.26469,17850.6,11.8266,False,69.0|276,1056
8|1056|cc|7|1|276,271.162,0.61032,6.26469,17850.6,11.8266,271.162,0.61032,6.26469,17850.6,11.8266,False,69.0|276,1056
8|1056|cc|8|1|276,271.162,0.61032,6.26469,17850.6,11.8266,271.162,0.61032,6.26469,17850.6,11.8266,False,69.0|276,1056
8|1056|sample|3|276,273.37,0.61031,6.26472,17850.6,11.8266,273.37,0.61031,6.26472,17850.6,11.8266,True,22.0|276,1056
8|1056|sample|4|276,273.37,0.61031,6.26472,17850.6,11.8266,273.37,0.61031,6.26472,17850.6,11.8266,True,22.0|276,1056
8|1056|vc|1|2|276,271.162,0.61032,6.26469,17850.6,11.8266,271.162,0.61032,6.26469,17850.6,11.8266,False,69.0|276,1056
8|1056|vc|2|2|276,271.162,0.61032,6.26469,17850.6,11.8266,271.162,0.61032,6.26469,17850.6,11.8266,False,69.0|276,1056
8|1056|vc|3|2|276,271.162,0.61032,6.26469,17850.6,11.8266,271.162,0.61032,6.26469,17850.6,11.8266,False,69.0|276,1056
8|1056|vc|4|2|276,271.162,0.61032,6.26469,17850.6,11.8266,271.162,0.61032,6.26469,17850.6,11.8266,False,69.0|276,1056
8|1056|vc|5|2|276,271.162,0.61032,6.26469,17850.6,11.8266,271.162,0.61032,6.26469,17850.6,11.8266,False,69.0|276,1056
8|1056|vc|6|2|276,271.162,0.61032,6.26469,17850.6,11.8266,271.162,0.61032,6.26469,17850.6,11.8266,False,69.0|276,1056
8|1056|vc|7|2|276,271.162,0.61032,6.26469,17850.6,11.8266,271.162,0.61032,6.26469,17850.6,11.8266,False,69.0|276,1056
8|1056|vc|8|2|276,271.162,0.61032,6.26469,17850.6,11.8266,271.162,0.61032,6.26469,17850.6,11.8266,False,69.0|276,1056
8|1159|cc|1|1|292,272.721,0.61032,6.26469,17850.6,11.8266,272.721,0.61032,6.26469,17850.6,11.8266,False,69.0|292,1159
8|1159|cc|2|1|292,272.721,0.61032,6.26469,17850.6,11.8266,272.721,0.61032,6.26469,17850.6,11.8266,False,69.0|292,1159
8|1159|cc|3|1|292,272.721,0.61032,6.26469,17850.6,11.8266,272.721,0.61032,6.26469,17850.6,11.8266,False,69.0|292,1159
8|1159|cc|4|1|292,272.721,0.61032,6.26469,17850.6,11.8266,272.721,0.61032,6.26469,17850.6,11.8266,False,69.0|292,1159
8|1159|cc|5|1|292,272.721,0.61032,6.26469,17850.6,11.8266,272.721,0.61032,6.26469,17850.6,11.8266,False,69.0|292,1159
8|1159|cc|6|1|292,272.721,0.61032,6.26469,17850.6,11.8266,272.721,0.61032,6.26469,17850.6,11.8266,False,69.0|292,1159
8|1159|cc|7|1|292,272.721,0.61032,6.26469,17850.6,11.8266,272.721,0.61032,6.26469,17850.6,11.8266,False,69.0|292,1159
8|1159|cc|8|1|292,272.721,0.61032,6.26469,17850.6,11.8266,272.721,0.61032,6.26469,17850.6,11.8266,False,69.0|292,1159
8|1159|sample|3|292,268.312,0.61031,6.26472,17850.6,11.8266,268.312,0.61031,6.26472,17850.6,11.8266,True,22.0|292,1159
8|1159|sample|4|292,268.312,0.61031,6.26472,17850.6,11.8266,268.312,0.61031,6.26472,17850.6,11.8266,True,22.0|292,1159
8|1159|vc|1|2|292,272.721,0.61032,6.26469,17850.6,11.8266,272.721,0.61032,6.26469,17850.6,11.8266,False,69.0|292,1159
8|1159|vc|2|2|292,272.721,0.61032,6.26469,17850.6,11.8266,272.721,0.61032,6.26469,17850.6,11.8266,False,69.0|292,1159
8|1159|vc|3|2|292,272.721,0.61032,6.26469,17850.6,11.8266,272.721,0.61032,6.26469,17850.6,11.8266,False,69.0|292,1159
8|1159|vc|4|2|292,272.721,0.61032,6.26469,17850.6,11.8266,272.721,0.61032,6.26469,17850.6,11.8266,False,69.0|292,1159
8|1159|vc|5|2|292,272.721,0.61032,6.26469,17850.6,11.8266,272.721,0.61032,6.26469,17850.6,11.8266,False,69.0|292,1159
8|1159|vc|6|2|292,272.721,0.61032,6.26469,17850.6,11.8266,272.721,0.61032,6.26469,17850.6,11.8266,False,69.0|292,1159
8|1159|vc|7|2|292,272.721,0.61032,6.26469,17850.6,11.8266,272.721,0.61032,6.26469,17850.6,11.8266,False,69.0|292,1159
8|1159|vc|8|2|292,272.721,0.61032,6.26469,17850.6,11.8266,272.721,0.61032,6.26469,17850.6,11.8266,False,69.0|292,1159
8|1017|cc|1|1|65,271.272,0.61032,6.26469,17850.6,11.8266,271.272,0.61032,6.26469,17850.6,11.8266,False,69.0|65,1017
8|1017|cc|2|1|65,271.272,0.61032,6.26469,17850.6,11.8266,271.272,0.61032,6.26469,17850.6,11.8266,False,69.0|65,1017
8|1017|cc|3|1|65,271.272,0.61032,6.26469,17850.6,11.8266,271.272,0.61032,6.26469,17850.6,11.8266,False,69.0|65,1017
8|1017|cc|4|1|65,271.272,0.61032,6.26469,17850.6,11.8266,271.272,0.61032,6.26469,17850.6,11.8266,False,69.0|65,1017
8|1017|cc|5|1|65,271.272,0.61032,6.26469,17850.6,11.8266,271.272,0.61032,6.26469,17850.6,11.8266,False,69.0|65,1017
8|1017|cc|6|1|65,271.272,0.61032,6.26469,17850.6,11.8266,271.272,0.61032,6.26469,17850.6,11.8266,False,69.0|65,1017
8|1017|cc|7|1|65,271.272,0.61032,6.26469,17850.6,11.8266,271.272,0.61032,6.26469,17850.6,11.8266,False,69.0|65,1017
8|1017|cc|8|1|65,271.272,0.61032,6.26469,17850.6,11.8266,271.272,0.61032,6.26469,17850.6,11.8266,False,69.0|65,1017
8|1017|sample|3|65,277.357,0.61031,6.26472,17850.6,11.8266,277.357,0.61031,6.26472,17850.6,11.8266,True,22.0|65,1017
8|1017|sample|4|65,277.357,0.61031,6.26472,17850.6,11.8266,277.357,0.61031,6.26472,17850.6,11.8266,True,22.0|65,1017
8|1017|sample|8|65,277.357,0.61031,6.26472,17850.6,11.8266,277.357,0.61031,6.26472,17850.6,11.8266,True,22.0|65,1017
8|1017|vc|1|2|65,271.272,0.61032,6.26469,17850.6,11.8266,271.272,0.61032,6.26469,17850.6,11.8266,False,69.0|65,1017
8|1017|vc|2|2|65,271.272,0.61032,6.26469,17850.6,11.8266,271.272,0.61032,6.26469,17850.6,11.8266,False,69.0|65,1017
8|1017|vc|3|2|65,271.272,0.61032,6.26469,17850.6,11.8266,271.272,0.61032,6.26469,17850.6,11.8266,False,69.0|65,1017
8|1017|vc|4|2|65,271.272,0.61032,6.26469,17850.6,11.8266,271.272,0.61032,6.26469,17850.6,11.8266,False,69.0|65,1017
8|1017|vc|5|2|65,271.272,0.61032,6.26469,17850.6,11.8266,271.272,0.61032,6.26469,17850.6,11.8266,False,69.0|65,1017
8|1017|vc|6|2|65,271.272,0.61032,6.26469,17850.6,11.8266,271.272,0.61032,6.26469,17850.6,11.8266,False,69.0|65,1017
8|1017|vc|7|2|65,271.272,0.61032,6.26469,17850.6,11.8266,271.272,0.61032,6.26469,17850.6,11.8266,False,69.0|65,1017
8|1017|vc|8|2|65,271.272,0.61032,6.26469,17850.6,11.8266,271.272,0.61032,6.26469,17850.6,11.8266,False,69.0|65,1017
8|1197|cc|1|1|103,271.095,0.61032,6.26469,17850.6,11.8265,271.095,0.61032,6.26469,17850.6,11.8265,False,69.0|103,1197
8|1197|cc|2|1|103,271.095,0.61032,6.26469,17850.6,11.8265,271.095,0.61032,6.26469,17850.6,11.8265,False,69.0|103,1197
8|1197|cc|3|1|103,271.095,0.61032,6.26469,17850.6,11.8265,271.095,0.61032,6.26469,17850.6,11.8265,False,69.0|103,1197
8|1197|cc|4|1|103,271.095,0.61032,6.26469,17850.6,11.8265,271.095,0.61032,6.26469,17850.6,11.8265,False,69.0|103,1197
8|1197|cc|5|1|103,271.095,0.61032,6.26469,17850.6,11.8265,271.095,0.61032,6.26469,17850.6,11.8265,False,69.0|103,1197
8|1197|cc|6|1|103,271.095,0.61032,6.26469,17850.6,11.8265,271.095,0.61032,6.26469,17850.6,11.8265,False,69.0|103,1197
8|1197|cc|7|1|103,271.095,0.61032,6.26469,17850.6,11.8265,271.095,0.61032,6.26469,17850.6,11.8265,False,69.0|103,1197
8|1197|cc|8|1|103,271.095,0.61032,6.26469,17850.6,11.8265,271.095,0.61032,6.26469,17850.6,11.8265,False,69.0|103,1197
8|1197|sample|3|103,270.464,0.61031,6.26472,17850.6,11.8265,270.464,0.61031,6.26472,17850.6,11.8265,True,22.0|103,1197
8|1197|sample|4|103,270.464,0.61031,6.26472,17850.6,11.8265,270.464,0.61031,6.26472,17850.6,11.8265,True,22.0|103,1197
8|1197|vc|1|2|103,271.095,0.61032,6.26469,17850.6,11.8265,271.095,0.61032,6.26469,17850.6,11.8265,False,69.0|103,1197
8|1197|vc|2|2|103,271.095,0.61032,6.26469,17850.6,11.8265,271.095,0.61032,6.26469,17850.6,11.8265,False,69.0|103,1197
8|1197|vc|3|2|103,271.095,0.61032,6.26469,17850.6,11.8265,271.095,0.61032,6.26469,17850.6,11.8265,False,69.0|103,1197
8|1197|vc|4|2|103,271.095,0.61032,6.26469,17850.6,11.8265,271.095,0.61032,6.26469,17850.6,11.8265,False,69.0|103,1197
8|1197|vc|5|2|103,271.095,0.61032,6.26469,17850.6,11.8265,271.095,0.61032,6.26469,17850.6,11.8265,False,69.0|103,1197
8|1197|vc|6|2|103,271.095,0.61032,6.26469,17850.6,11.8265,271.095,0.61032,6.26469,17850.6,11.8265,False,69.0|103,1197
8|1197|vc|7|2|103,271.095,0.61032,6.26469,17850.6,11.8265,271.095,0.61032,6.26469,17850.6,11.8265,False,69.0|103,1197
8|1197|vc|8|2|103,271.095,0.61032,6.26469,17850.6,11.8265,271.095,0.61032,6.26469,17850.6,11.8265,False,69.0|103,1197
8|745|cc|1|1|218,273.148,0.61032,6.26469,17850.6,11.7124,273.148,0.61032,6.26469,17850.6,11.7124,False,69.0|218,745
8|745|cc|2|1|218,273.148,0.61032,6.26469,17850.6,11.7124,273.148,0.61032,6.26469,17850.6,11.7124,False,69.0|218,745
8|745|cc|3|1|218,273.148,0.61032,6.26469,17850.6,11.7124,273.148,0.61032,6.26469,17850.6,11.7124,False,69.0|218,745
8|745|cc|4|1|218,273.148,0.61032,6.26469,17850.6,11.7124,273.148,0.61032,6.26469,17850.6,11.7124,False,69.0|218,745
8|745|cc|5|1|218,273.148,0.61032,6.26469,17850.6,11.7124,273.148,0.61032,6.26469,17850.6,11.7124,False,69.0|218,745
8|745|cc|6|1|218,273.148,0.61032,6.26469,17850.6,11.7124,273.148,0.61032,6.26469,17850.6,11.7124,False,69.0|218,745
8|745|cc|7|1|218,273.148,0.61032,6.26469,17850.6,11.7124,273.148,0.61032,6.26469,17850.6,11.7124,False,69.0|218,745
8|745|cc|8|1|218,273.148,0.61032,6.26469,17850.6,11.7124,273.148,0.61032,6.26469,17850.6,11.7124,False,69.0|218,745
8|745|sample|3|218,272.737,0.61031,6.26472,17850.6,11.7124,272.737,0.61031,6.26472,17850.6,11.7124,True,22.0|218,745
8|745|sample|4|218,272.737,0.61031,6.26472,17850.6,11.7124,272.737,0.61031,6.26472,17850.6,11.7124,True,22.0|218,745
8|745|sample|5|218,272.737,0.61031,6.26472,17850.6,11.7124,272.737,0.61031,6.26472,17850.6,11.7124,True,22.0|218,745
8|745|vc|1|2|218,273.148,0.61032,6.26469,17850.6,11.7124,273.148,0.61032,6.26469,17850.6,11.7124,False,69.0|218,745
8|745|vc|2|2|218,273.148,0.61032,6.26469,17850.6,11.7124,273.148,0.61032,6.26469,17850.6,11.7124,False,69.0|218,745
8|745|vc|3|2|218,273.148,0.61032,6.26469,17850.6,11.7124,273.148,0.61032,6.26469,17850.6,11.7124,False,69.0|218,745
8|745|vc|4|2|218,273.148,0.61032,6.26469,17850.6,11.7124,273.148,0.61032,6.26469,17850.6,11.7124,False,69.0|218,745
8|745|vc|5|2|218,273.148,0.61032,6.26469,17850.6,11.7124,273.148,0.61032,6.26469,17850.6,11.7124,False,69.0|218,745
8|745|vc|6|2|218,273.148,0.61032,6.26469,17850.6,11.7124,273.148,0.61032,6.26469,17850.6,11.7124,False,69.0|218,745
8|745|vc|7|2|218,273.148,0.61032,6.26469,17850.6,11.7124,273.148,0.61032,6.26469,17850.6,11.7124,False,69.0|218,745
8|745|vc|8|2|218,273.148,0.61032,6.26469,17850.6,11.7124,273.148,0.61032,6.26469,17850.6,11.7124,False,69.0|218,745
8|1043|cc|1|1|174,270.141,0.61032,6.26469,17850.6,11.8266,270.141,0.61032,6.26469,17850.6,11.8266,False,69.0|174,1043
8|1043|cc|2|1|174,270.141,0.61032,6.26469,17850.6,11.8266,270.141,0.61032,6.26469,17850.6,11.8266,False,69.0|174,1043
8|1043|cc|3|1|174,270.141,0.61032,6.26469,17850.6,11.8266,270.141,0.61032,6.26469,17850.6,11.8266,False,69.0|174,1043
8|1043|cc|4|1|174,270.141,0.61032,6.26469,17850.6,11.8266,270.141,0.61032,6.26469,17850.6,11.8266,False,69.0|174,1043
8|1043|cc|5|1|174,270.141,0.61032,6.26469,17850.6,11.8266,270.141,0.61032,6.26469,17850.6,11.8266,False,69.0|174,1043
8|1043|cc|6|1|174,270.141,0.61032,6.26469,17850.6,11.8266,270.141,0.61032,6.26469,17850.6,11.8266,False,69.0|174,1043
8|1043|cc|7|1|174,270.141,0.61032,6.26469,17850.6,11.8266,270.141,0.61032,6.26469,17850.6,11.8266,False,69.0|174,1043
8|1043|cc|8|1|174,270.141,0.61032,6.26469,17850.6,11.8266,270.141,0.61032,6.26469,17850.6,11.8266,False,69.0|174,1043
8|1043|sample|3|174,268.271,0.61031,6.26472,17850.6,11.8266,268.271,0.61031,6.26472,17850.6,11.8266,True,22.0|174,1043
8|1043|sample|4|174,268.271,0.61031,6.26472,17850.6,11.8266,268.271,0.61031,6.26472,17850.6,11.8266,True,22.0|174,1043
8|1043|vc|1|2|174,270.141,0.61032,6.26469,17850.6,11.8266,270.141,0.61032,6.26469,17850.6,11.8266,False,69.0|174,1043
8|1043|vc|2|2|174,270.141,0.61032,6.26469,17850.6,11.8266,270.141,0.61032,6.26469,17850.6,11.8266,False,69.0|174,1043
8|1043|vc|3|2|174,270.141,0.61032,6.26469,17850.6,11.8266,270.141,0.61032,6.26469,17850.6,11.8266,False,69.0|174,1043
8|1043|vc|4|2|174,270.141,0.61032,6.26469,17850.6,11.8266,270.141,0.61032,6.26469,17850.6,11.8266,False,69.0|174,1043
8|1043|vc|5|2|174,270.141,0.61032,6.26469,17850.6,11.8266,270.141,0.61032,6.26469,17850.6,11.8266,False,69.0|174,1043
8|1043|vc|6|2|174,270.141,0.61032,6.26469,17850.6,11.8266,270.141,0.61032,6.26469,17850.6,11.8266,False,69.0|174,1043
8|1043|vc|7|2|174,270.141,0.61032,6.26469,17850.6,11.8266,270.141,0.61032,6.26469,17850.6,11.8266,False,69.0|174,1043
8|1043|vc|8|2|174,270.141,0.61032,6.26469,17850.6,11.8266,270.141,0.61032,6.26469,17850.6,11.8266,False,69.0|174,1043
8|1260|cc|1|1|319,271.627,0.61032,6.26469,17850.6,11.8266,271.627,0.61032,6.26469,17850.6,11.8266,False,69.0|319,1260
8|1260|cc|2|1|319,271.627,0.61032,6.26469,17850.6,11.8266,271.627,0.61032,6.26469,17850.6,11.8266,False,69.0|319,1260
8|1260|cc|3|1|319,271.627,0.61032,6.26469,17850.6,11.8266,271.627,0.61032,6.26469,17850.6,11.8266,False,69.0|319,1260
8|1260|cc|4|1|319,271.627,0.61032,6.26469,17850.6,11.8266,271.627,0.61032,6.26469,17850.6,11.8266,False,69.0|319,1260
8|1260|cc|5|1|319,271.627,0.61032,6.26469,17850.6,11.8266,271.627,0.61032,6.26469,17850.6,11.8266,False,69.0|319,1260
8|1260|cc|6|1|319,271.627,0.61032,6.26469,17850.6,11.8266,271.627,0.61032,6.26469,17850.6,11.8266,False,69.0|319,1260
8|1260|cc|7|1|319,271.627,0.61032,6.26469,17850.6,11.8266,271.627,0.61032,6.26469,17850.6,11.8266,False,69.0|319,1260
8|1260|cc|8|1|319,271.627,0.61032,6.26469,17850.6,11.8266,271.627,0.61032,6.26469,17850.6,11.8266,False,69.0|319,1260
8|1260|sample|3|319,274.864,0.61031,6.26472,17850.6,11.8266,274.864,0.61031,6.26472,17850.6,11.8266,True,22.0|319,1260
8|1260|sample|4|319,274.864,0.61031,6.26472,17850.6,11.8266,274.864,0.61031,6.26472,17850.6,11.8266,True,22.0|319,1260
8|1260|vc|1|2|319,271.627,0.61032,6.26469,17850.6,11.8266,271.627,0.61032,6.26469,17850.6,11.8266,False,69.0|319,1260
8|1260|vc|2|2|319,271.627,0.61032,6.26469,17850.6,11.8266,271.627,0.61032,6.26469,17850.6,11.8266,False,69.0|319,1260
8|1260|vc|3|2|319,271.627,0.61032,6.26469,17850.6,11.8266,271.627,0.61032,6.26469,17850.6,11.8266,False,69.0|319,1260
8|1260|vc|4|2|319,271.627,0.61032,6.26469,17850.6,11.8266,271.627,0.61032,6.26469,17850.6,11.8266,False,69.0|319,1260
8|1260|vc|5|2|319,271.627,0.61032,6.26469,17850.6,11.8266,271.627,0.61032,6.26469,17850.6,11.8266,False,69.0|319,1260
8|1260|vc|6|2|319,271.627,0.61032,6.26469,17850.6,11.8266,271.627,0.61032,6.26469,17850.6,11.8266,False,69.0|319,1260
8|1260|vc|7|2|319,271.627,0.61032,6.26469,17850.6,11.8266,271.627,0.61032,6.26469,17850.6,11.8266,False,69.0|319,1260
8|1260|vc|8|2|319,271.627,0.61032,6.26469,17850.6,11.8266,271.627,0.61032,6.26469,17850.6,11.8266,False,69.0|319,1260
8|1042|cc|1|1|162,271.644,0.61032,6.26469,17850.6,11.8266,271.644,0.61032,6.26469,17850.6,11.8266,False,69.0|162,1042
8|1042|cc|2|1|162,271.644,0.61032,6.26469,17850.6,11.8266,271.644,0.61032,6.26469,17850.6,11.8266,False,69.0|162,1042
8|1042|cc|3|1|162,271.644,0.61032,6.26469,17850.6,11.8266,271.644,0.61032,6.26469,17850.6,11.8266,False,69.0|162,1042
8|1042|cc|4|1|162,271.644,0.61032,6.26469,17850.6,11.8266,271.644,0.61032,6.26469,17850.6,11.8266,False,69.0|162,1042
8|1042|cc|5|1|162,271.644,0.61032,6.26469,17850.6,11.8266,271.644,0.61032,6.26469,17850.6,11.8266,False,69.0|162,1042
8|1042|cc|6|1|162,271.644,0.61032,6.26469,17850.6,11.8266,271.644,0.61032,6.26469,17850.6,11.8266,False,69.0|162,1042
8|1042|cc|7|1|162,271.644,0.61032,6.26469,17850.6,11.8266,271.644,0.61032,6.26469,17850.6,11.8266,False,69.0|162,1042
8|1042|cc|8|1|162,271.644,0.61032,6.26469,17850.6,11.8266,271.644,0.61032,6.26469,17850.6,11.8266,False,69.0|162,1042
8|1042|sample|3|162,276.216,0.61031,6.26472,17850.6,11.8266,276.216,0.61031,6.26472,17850.6,11.8266,True,22.0|162,1042
8|1042|sample|4|162,276.216,0.61031,6.26472,17850.6,11.8266,276.216,0.61031,6.26472,17850.6,11.8266,True,22.0|162,1042
8|1042|vc|1|2|162,271.644,0.61032,6.26469,17850.6,11.8266,271.644,0.61032,6.26469,17850.6,11.8266,False,69.0|162,1042
8|1042|vc|2|2|162,271.644,0.61032,6.26469,17850.6,11.8266,271.644,0.61032,6.26469,17850.6,11.8266,False,69.0|162,1042
8|1042|vc|3|2|162,271.644,0.61032,6.26469,17850.6,11.8266,271.644,0.61032,6.26469,17850.6,11.8266,False,69.0|162,1042
8|1042|vc|4|2|162,271.644,0.61032,6.26469,17850.6,11.8266,271.644,0.61032,6.26469,17850.6,11.8266,False,69.0|162,1042
8|1042|vc|5|2|162,271.644,0.61032,6.26469,17850.6,11.8266,271.644,0.61032,6.26469,17850.6,11.8266,False,69.0|162,1042
8|1042|vc|6|2|162,271.644,0.61032,6.26469,17850.6,11.8266,271.644,0.61032,6.26469,17850.6,11.8266,False,69.0|162,1042
8|1042|vc|7|2|162,271.644,0.61032,6.26469,17850.6,11.8266,271.644,0.61032,6.26469,17850.6,11.8266,False,69.0|162,1042
8|1042|vc|8|2|162,271.644,0.61032,6.26469,17850.6,11.8266,271.644,0.61032,6.26469,17850.6,11.8266,False,69.0|162,1042
8|863|cc|1|1|274,271.405,0.61032,6.26469,17850.6,11.8265,271.405,0.61032,6.26469,17850.6,11.8265,False,69.0|274,863
8|863|cc|2|1|274,271.405,0.61032,6.26469,17850.6,11.8265,271.405,0.61032,6.26469,17850.6,11.8265,False,69.0|274,863
8|863|cc|3|1|274,271.405,0.61032,6.26469,17850.6,11.8265,271.405,0.61032,6.26469,17850.6,11.8265,False,69.0|274,863
8|863|cc|4|1|274,271.405,0.61032,6.26469,17850.6,11.8265,271.405,0.61032,6.26469,17850.6,11.8265,False,69.0|274,863
8|863|cc|5|1|274,271.405,0.61032,6.26469,17850.6,11.8265,271.405,0.61032,6.26469,17850.6,11.8265,False,69.0|274,863
8|863|cc|6|1|274,271.405,0.61032,6.26469,17850.6,11.8265,271.405,0.61032,6.26469,17850.6,11.8265,False,69.0|274,863
8|863|cc|7|1|274,271.405,0.61032,6.26469,17850.6,11.8265,271.405,0.61032,6.26469,17850.6,11.8265,False,69.0|274,863
8|863|cc|8|1|274,271.405,0.61032,6.26469,17850.6,11.8265,271.405,0.61032,6.26469,17850.6,11.8265,False,69.0|274,863
8|863|sample|3|274,273.702,0.61031,6.26472,17850.6,11.8265,273.702,0.61031,6.26472,17850.6,11.8265,True,22.0|274,863
8|863|sample|4|274,273.702,0.61031,6.26472,17850.6,11.8265,273.702,0.61031,6.26472,17850.6,11.8265,True,22.0|274,863
8|863|vc|1|2|274,271.405,0.61032,6.26469,17850.6,11.8265,271.405,0.61032,6.26469,17850.6,11.8265,False,69.0|274,863
8|863|vc|2|2|274,271.405,0.61032,6.26469,17850.6,11.8265,271.405,0.61032,6.26469,17850.6,11.8265,False,69.0|274,863
8|863|vc|3|2|274,271.405,0.61032,6.26469,17850.6,11.8265,271.405,0.61032,6.26469,17850.6,11.8265,False,69.0|274,863
8|863|vc|4|2|274,271.405,0.61032,6.26469,17850.6,11.8265,271.405,0.61032,6.26469,17850.6,11.8265,False,69.0|274,863
8|863|vc|5|2|274,271.405,0.61032,6.26469,17850.6,11.8265,271.405,0.61032,6.26469,17850.6,11.8265,False,69.0|274,863
8|863|vc|6|2|274,271.405,0.61032,6.26469,17850.6,11.8265,271.405,0.61032,6.26469,17850.6,11.8265,False,69.0|274,863
8|863|vc|7|2|274,271.405,0.61032,6.26469,17850.6,11.8265,271.405,0.61032,6.26469,17850.6,11.8265,False,69.0|274,863
8|863|vc|8|2|274,271.405,0.61032,6.26469,17850.6,11.8265,271.405,0.61032,6.26469,17850.6,11.8265,False,69.0|274,863
8|152|cc|1|1|322,272.511,0.61032,6.26469,17850.6,11.8266,272.511,0.61032,6.26469,17850.6,11.8266,False,69.0|322,152
8|152|cc|2|1|322,272.511,0.61032,6.26469,17850.6,11.8266,272.511,0.61032,6.26469,17850.6,11.8266,False,69.0|322,152
8|152|cc|3|1|322,272.511,0.61032,6.26469,17850.6,11.8266,272.511,0.61032,6.26469,17850.6,11.8266,False,69.0|322,152
8|152|cc|4|1|322,272.511,0.61032,6.26469,17850.6,11.8266,272.511,0.61032,6.26469,17850.6,11.8266,False,69.0|322,152
8|152|cc|5|1|322,272.511,0.61032,6.26469,17850.6,11.8266,272.511,0.61032,6.26469,17850.6,11.8266,False,69.0|322,152
8|152|cc|6|1|322,272.511,0.61032,6.26469,17850.6,11.8266,272.511,0.61032,6.26469,17850.6,11.8266,False,69.0|322,152
8|152|cc|7|1|322,272.511,0.61032,6.26469,17850.6,11.8266,272.511,0.61032,6.26469,17850.6,11.8266,False,69.0|322,152
8|152|cc|8|1|322,272.511,0.61032,6.26469,17850.6,11.8266,272.511,0.61032,6.26469,17850.6,11.8266,False,69.0|322,152
8|152|sample|3|322,269.339,0.61031,6.26472,17850.6,11.8266,269.339,0.61031,6.26472,17850.6,11.8266,True,22.0|322,152
8|152|sample|4|322,269.339,0.61031,6.26472,17850.6,11.8266,269.339,0.61031,6.26472,17850.6,11.8266,True,22.0|322,152
8|152|vc|1|2|322,272.511,0.61032,6.26469,17850.6,11.8266,272.511,0.61032,6.26469,17850.6,11.8266,False,69.0|322,152
8|152|vc|2|2|322,272.511,0.61032,6.26469,17850.6,11.8266,272.511,0.61032,6.26469,17850.6,11.8266,False,69.0|322,152
8|152|vc|3|2|322,272.511,0.61032,6.26469,17850.6,11.8266,272.511,0.61032,6.26469,17850.6,11.8266,False,69.0|322,152
8|152|vc|4|2|322,272.511,0.61032,6.26469,17850.6,11.8266,272.511,0.61032,6.26469,17850.6,11.8266,False,69.0|322,152
8|152|vc|5|2|322,272.511,0.61032,6.26469,17850.6,11.8266,272.511,0.61032,6.26469,17850.6,11.8266,False,69.0|322,152
8|152|vc|6|2|322,272.511,0.61032,6.26469,17850.6,11.8266,272.511,0.61032,6.26469,17850.6,11.8266,False,69.0|322,152
8|152|vc|7|2|322,272.511,0.61032,6.26469,17850.6,11.8266,272.511,0.61032,6.26469,17850.6,11.8266,False,69.0|322,152
8|152|vc|8|2|322,272.511,0.61032,6.26469,17850.6,11.8266,272.511,0.61032,6.26469,17850.6,11.8266,False,69.0|322,152
9|411|cc|1|1|274,271.405,0.61032,6.26469,17850.6,11.8266,271.405,0.61032,6.26469,17850.6,11.8266,False,69.0|274,411
9|411|cc|2|1|274,271.405,0.61032,6.26469,17850.6,11.8266,271.405,0.61032,6.26469,17850.6,11.8266,False,69.0|274,411
9|411|cc|3|1|274,271.405,0.61032,6.26469,17850.6,11.8266,271.405,0.61032,6.26469,17850.6,11.8266,False,69.0|274,411
9|411|cc|4|1|274,271.405,0.61032,6.26469,17850.6,11.8266,271.405,0.61032,6.26469,17850.6,11.8266,False,69.0|274,411
9|411|cc|5|1|274,271.405,0.61032,6.26469,17850.6,11.8266,271.405,0.61032,6.26469,17850.6,11.8266,False,69.0|274,411
9|411|cc|6|1|274,271.405,0.61032,6.26469,17850.6,11.8266,271.405,0.61032,6.26469,17850.6,11.8266,False,69.0|274,411
9|411|cc|7|1|274,271.405,0.61032,6.26469,17850.6,11.8266,271.405,0.61032,6.26469,17850.6,11.8266,False,69.0|274,411
9|411|cc|8|1|274,271.405,0.61032,6.26469,17850.6,11.8266,271.405,0.61032,6.26469,17850.6,11.8266,False,69.0|274,411
9|411|sample|10|274,272.08,0.61031,6.26472,17850.6,11.8266,272.08,0.61031,6.26472,17850.6,11.8266,True,70.0|274,411
9|411|sample|11|274,272.08,0.61031,6.26472,17850.6,11.8266,272.08,0.61031,6.26472,17850.6,11.8266,True,70.0|274,411
9|411|sample|12|274,272.08,0.61031,6.26472,17850.6,11.8266,272.08,0.61031,6.26472,17850.6,11.8266,True,70.0|274,411
9|411|sample|3|274,272.08,0.61031,6.26472,17850.6,11.8266,272.08,0.61031,6.26472,17850.6,11.8266,True,70.0|274,411
9|411|sample|4|274,272.08,0.61031,6.26472,17850.6,11.8266,272.08,0.61031,6.26472,17850.6,11.8266,True,70.0|274,411
9|411|sample|5|274,272.08,0.61031,6.26472,17850.6,11.8266,272.08,0.61031,6.26472,17850.6,11.8266,True,70.0|274,411
9|411|sample|6|274,272.08,0.61031,6.26472,17850.6,11.8266,272.08,0.61031,6.26472,17850.6,11.8266,True,70.0|274,411
9|411|sample|7|274,272.08,0.61031,6.26472,17850.6,11.8266,272.08,0.61031,6.26472,17850.6,11.8266,True,70.0|274,411
9|411|sample|8|274,272.08,0.61031,6.26472,17850.6,11.8266,272.08,0.61031,6.26472,17850.6,11.8266,True,70.0|274,411
9|411|sample|9|274,272.08,0.61031,6.26472,17850.6,11.8266,272.08,0.61031,6.26472,17850.6,11.8266,True,70.0|274,411
9|411|vc|1|2|274,271.405,0.61032,6.26469,17850.6,11.8266,271.405,0.61032,6.26469,17850.6,11.8266,False,69.0|274,411
9|411|vc|2|2|274,271.405,0.61032,6.26469,17850.6,11.8266,271.405,0.61032,6.26469,17850.6,11.8266,False,69.0|274,411
9|411|vc|3|2|274,271.405,0.61032,6.26469,17850.6,11.8266,271.405,0.61032,6.26469,17850.6,11.8266,False,69.0|274,411
9|411|vc|4|2|274,271.405,0.61032,6.26469,17850.6,11.8266,271.405,0.61032,6.26469,17850.6,11.8266,False,69.0|274,411
9|411|vc|5|2|274,271.405,0.61032,6.26469,17850.6,11.8266,271.405,0.61032,6.26469,17850.6,11.8266,False,69.0|274,411
9|411|vc|6|2|274,271.405,0.61032,6.26469,17850.6,11.8266,271.405,0.61032,6.26469,17850.6,11.8266,False,69.0|274,411
9|411|vc|7|2|274,271.405,0.61032,6.26469,17850.6,11.8266,271.405,0.61032,6.26469,17850.6,11.8266,False,69.0|274,411
9|411|vc|8|2|274,271.405,0.61032,6.26469,17850.6,11.8266,271.405,0.61032,6.26469,17850.6,11.8266,False,69.0|274,411
