id,eta_L_SAEM,eta_m_SAEM,eta_e_SAEM,eta_alpha_SAEM,eta_k_SAEM,eta_L_mode,eta_m_mode,eta_e_mode,eta_alpha_mode,eta_k_mode,goes_down,mab_virus,run_id
8|84|cc|1|1|162,0.274864,-2.53311e-06,1.04142e-06,0,0,-3.40642e-08,1.13243e-13,5.19584e-13,0,0,False,69.0|162,84
8|84|cc|2|1|162,-0.441187,8.65922e-07,-1.11836e-07,0,0,-4.65225e-07,-3.10862e-13,3.9635e-14,0,0,False,69.0|162,84
8|84|cc|3|1|162,0.000860286,-1.12918e-06,-1.52943e-06,0,0,-4.28099e-07,-7.83817e-13,6.90614e-13,0,0,False,69.0|162,84
8|84|cc|4|1|162,0.112582,7.78487e-07,-3.74858e-07,0,0,1.46335e-08,6.91891e-13,1.02554e-12,0,0,False,69.0|162,84
8|84|cc|5|1|162,0.485079,-9.60526e-09,1.54718e-07,0,0,8.97238e-07,-2.21601e-13,1.05738e-12,0,0,False,69.0|162,84
8|84|cc|6|1|162,-1.20249,1.83576e-06,-2.13869e-06,0,0,-3.11971e-07,-2.35589e-13,3.85914e-13,0,0,False,69.0|162,84
8|84|cc|7|1|162,-0.805163,1.21145e-06,1.29491e-06,0,0,2.78604e-07,-1.56319e-13,-3.04201e-14,0,0,False,69.0|162,84
8|84|cc|8|1|162,-0.656913,2.37864e-06,1.60102e-06,0,0,1.11059e-07,3.55715e-13,8.23619e-13,0,0,False,69.0|162,84
8|84|sample|10|162,0.39823,-5.75234e-07,7.00659e-07,0,0,0.00736458,2.67693e-10,-2.5851e-10,0,0,True,32.0|162,84
8|84|sample|11|162,0.0148142,-6.2822e-07,-1.30326e-06,0,0,-0.0170143,1.83154e-10,-3.23531e-10,0,0,True,22.0|162,84
8|84|sample|12|162,0.275645,3.84761e-08,8.15808e-07,0,0,-0.0217296,6.27212e-10,-9.18807e-11,0,0,True,22.0|162,84
8|84|sample|3|162,0.231409,-1.16216e-07,3.93482e-07,0,0,0.0124212,4.62283e-10,2.30751e-10,0,0,True,55.0|162,84
8|84|sample|4|162,0.246222,9.37293e-07,7.56269e-08,0,0,0.0117253,6.53613e-10,2.17518e-10,0,0,True,55.0|162,84
8|84|sample|5|162,0.513717,-2.20813e-06,-1.52366e-06,0,0,0.0042609,-2.0613e-10,8.33298e-11,0,0,True,55.0|162,84
8|84|sample|6|162,-0.301307,-5.6132e-07,1.08907e-06,0,0,0.00414955,-2.4931e-10,8.2828e-11,0,0,True,55.0|162,84
8|84|sample|7|162,-1.25997,-8.41456e-07,-2.56696e-06,0,0,0.0125466,-8.28747e-10,-3.61553e-10,0,0,True,32.0|162,84
8|84|sample|8|162,-0.119591,-1.54227e-06,-2.79617e-06,0,0,0.0121952,-8.14424e-10,-3.51481e-10,0,0,True,32.0|162,84
8|84|sample|9|162,0.273574,-5.8486e-07,6.6461e-07,0,0,0.0102208,-1.38915e-10,-3.34478e-10,0,0,True,32.0|162,84
8|84|vc|1|2|162,-0.525297,1.56966e-06,-1.39987e-06,0,0,-3.59368e-07,-3.47278e-13,1.34365e-12,0,0,False,69.0|162,84
8|84|vc|2|2|162,1.06276,6.54809e-07,-3.31947e-07,0,0,6.59305e-07,-6.3638e-13,-1.91369e-12,0,0,False,69.0|162,84
8|84|vc|3|2|162,0.242191,1.4246e-06,-7.78624e-07,0,0,2.83856e-07,3.00204e-13,9.12687e-13,0,0,False,69.0|162,84
8|84|vc|4|2|162,-0.0226501,-6.03538e-07,4.139e-08,0,0,-1.51215e-07,1.57208e-13,1.08275e-12,0,0,False,69.0|162,84
8|84|vc|5|2|162,-0.0323736,1.88968e-06,-1.506e-07,0,0,3.81809e-07,-4.69402e-13,4.32293e-13,0,0,False,69.0|162,84
8|84|vc|6|2|162,0.619068,1.39803e-06,-7.79249e-07,0,0,4.47654e-07,-4.00568e-13,5.62772e-13,0,0,False,69.0|162,84
8|84|vc|7|2|162,0.775972,1.40618e-07,-8.76614e-07,0,0,4.10762e-07,-3.66152e-13,-4.92884e-13,0,0,False,69.0|162,84
8|84|vc|8|2|162,-1.11502,-1.81327e-06,1.22717e-06,0,0,-1.99468e-07,5.32907e-15,4.7351e-14,0,0,False,69.0|162,84
8|719|cc|1|1|274,-0.274164,-1.20873e-06,1.25748e-06,0,0,1.65253e-07,-8.63754e-14,-1.51434e-13,0,0,False,69.0|274,719
8|719|cc|2|1|274,0.231118,-1.32155e-06,2.35108e-07,0,0,2.10362e-07,6.1906e-13,3.48832e-13,0,0,False,69.0|274,719
8|719|cc|3|1|274,-0.177104,9.94815e-08,5.04913e-08,0,0,-2.45868e-07,3.13527e-13,1.01585e-12,0,0,False,69.0|274,719
8|719|cc|4|1|274,0.733483,1.58571e-06,1.33579e-06,0,0,-2.09566e-07,1.76303e-13,7.51621e-14,0,0,False,69.0|274,719
8|719|cc|5|1|274,0.896896,-7.59314e-07,2.48873e-06,0,0,-1.99014e-06,-3.86802e-13,4.07108e-12,0,0,False,69.0|274,719
8|719|cc|6|1|274,-0.362987,-8.23909e-08,1.35811e-06,0,0,3.44773e-08,-7.88258e-14,-5.17586e-13,0,0,False,69.0|274,719
8|719|cc|7|1|274,-0.270924,1.033e-06,2.34492e-07,0,0,9.64644e-07,-1.72307e-13,-3.45723e-13,0,0,False,69.0|274,719
8|719|cc|8|1|274,-0.988833,-3.25865e-06,-2.03821e-07,0,0,-2.18562e-08,7.56728e-13,8.51097e-13,0,0,False,69.0|274,719
8|719|sample|10|274,-0.216148,1.24162e-06,5.23298e-07,0,0,-0.0282722,1.53935e-09,-1.7678e-10,0,0,True,32.0|274,719
8|719|sample|11|274,-0.127223,1.43765e-06,-6.51973e-07,0,0,-0.00464405,-1.02792e-10,-2.40048e-10,0,0,True,22.0|274,719
8|719|sample|12|274,0.243207,3.64817e-07,1.0244e-06,0,0,-0.015517,1.33163e-10,-2.53366e-11,0,0,True,22.0|274,719
8|719|sample|3|274,-0.869503,7.06516e-08,-1.04515e-06,0,0,0.0103921,4.45417e-10,2.07462e-10,0,0,True,55.0|274,719
8|719|sample|4|274,-1.3556,2.40789e-09,-1.43252e-06,0,0,0.0103985,6.44676e-10,2.08072e-10,0,0,True,55.0|274,719
8|719|sample|5|274,-0.448418,1.21468e-08,2.58174e-06,0,0,0.00438866,-7.54618e-10,9.71738e-11,0,0,True,55.0|274,719
8|719|sample|6|274,0.638272,5.91938e-07,2.28553e-06,0,0,0.00512502,-1.1139e-09,1.13886e-10,0,0,True,55.0|274,719
8|719|sample|7|274,0.52434,2.10939e-06,6.08006e-08,0,0,-0.0101772,8.86176e-10,-1.80881e-10,0,0,True,32.0|274,719
8|719|sample|8|274,0.0774745,-2.50852e-06,-1.3183e-06,0,0,-0.0105885,8.93694e-10,-1.49062e-10,0,0,True,32.0|274,719
8|719|sample|9|274,0.43082,5.38395e-07,-9.32372e-07,0,0,-0.0285335,1.55484e-09,-1.52518e-10,0,0,True,32.0|274,719
8|719|vc|1|2|274,0.212207,-1.09001e-06,2.49948e-06,0,0,-5.09635e-07,-2.52243e-13,5.89973e-13,0,0,False,69.0|274,719
8|719|vc|2|2|274,0.266125,3.60059e-07,-5.4736e-07,0,0,-2.4449e-07,5.62661e-13,7.41185e-13,0,0,False,69.0|274,719
8|719|vc|3|2|274,-0.414004,8.98214e-07,-2.19988e-06,0,0,-5.63368e-07,-8.84626e-13,5.21361e-13,0,0,False,69.0|274,719
8|719|vc|4|2|274,0.39497,2.48611e-07,8.56345e-09,0,0,-2.8435e-07,1.02673e-12,-3.85914e-13,0,0,False,69.0|274,719
8|719|vc|5|2|274,0.287634,5.70001e-07,-1.03557e-07,0,0,-3.76606e-08,-9.37028e-14,-9.19709e-13,0,0,False,69.0|274,719
8|719|vc|6|2|274,0.763066,-4.70944e-08,8.47946e-07,0,0,-1.37228e-07,4.56968e-13,-9.77773e-13,0,0,False,69.0|274,719
8|719|vc|7|2|274,-0.191936,3.65378e-08,-1.5761e-06,0,0,2.30546e-07,-1.1835e-13,6.52367e-13,0,0,False,69.0|274,719
8|719|vc|8|2|274,-0.105441,-1.03932e-06,3.34375e-07,0,0,2.08623e-08,-5.53335e-13,-1.16329e-12,0,0,False,69.0|274,719
8|488|cc|1|1|322,-0.708613,1.7639e-06,-2.44752e-06,0,0,9.27477e-08,5.87086e-13,1.20126e-13,0,0,False,69.0|322,488
8|488|cc|2|1|322,-0.765342,-1.62408e-06,-1.00327e-06,0,0,-1.3904e-07,2.70894e-14,-1.06026e-12,0,0,False,69.0|322,488
8|488|cc|3|1|322,0.10624,2.49501e-07,1.47115e-08,0,0,-2.48123e-07,-7.35856e-13,-7.96252e-13,0,0,False,69.0|322,488
8|488|cc|4|1|322,-0.865711,8.38293e-07,1.2497e-07,0,0,2.00142e-07,8.34888e-14,1.35381e-12,0,0,False,69.0|322,488
8|488|cc|5|1|322,0.242975,6.66592e-08,5.77002e-07,0,0,-3.79094e-07,-4.95159e-13,2.89546e-13,0,0,False,69.0|322,488
8|488|cc|6|1|322,0.765455,-2.39811e-06,-2.07703e-06,0,0,3.30782e-08,1.44973e-12,-1.57652e-14,0,0,False,69.0|322,488
8|488|cc|7|1|322,0.890848,4.36626e-07,-8.48796e-07,0,0,-1.48496e-07,-1.4837e-12,1.28719e-12,0,0,False,69.0|322,488
8|488|cc|8|1|322,0.452135,-5.62849e-07,9.6452e-07,0,0,9.92983e-08,1.14264e-12,-3.89244e-13,0,0,False,69.0|322,488
8|488|sample|10|322,-0.426623,1.77167e-07,-1.36518e-06,0,0,-0.000124143,1.55191e-09,-6.66844e-12,0,0,True,32.0|322,488
8|488|sample|11|322,-1.07562,8.78678e-07,4.84103e-07,0,0,-0.0268189,5.9542e-10,-1.69749e-11,0,0,True,22.0|322,488
8|488|sample|12|322,1.08936,3.74196e-07,-8.56743e-07,0,0,-0.0216763,9.38215e-10,1.49792e-10,0,0,True,22.0|322,488
8|488|sample|3|322,-0.579709,-1.14674e-06,-1.10686e-07,0,0,0.0108394,1.1699e-09,4.75101e-10,0,0,True,55.0|322,488
8|488|sample|4|322,-0.0877569,1.43184e-06,-1.36785e-06,0,0,0.010231,9.45574e-10,4.58865e-10,0,0,True,55.0|322,488
8|488|sample|5|322,0.324901,6.34109e-08,1.18616e-08,0,0,0.00231594,-4.61901e-10,1.31582e-10,0,0,True,55.0|322,488
8|488|sample|6|322,0.119365,1.34278e-06,2.07811e-07,0,0,0.00223853,-4.10962e-10,1.2804e-10,0,0,True,55.0|322,488
8|488|sample|7|322,-0.453849,-3.31967e-07,1.04418e-06,0,0,0.00206523,-1.32845e-10,4.52083e-11,0,0,True,32.0|322,488
8|488|sample|8|322,-0.507328,-1.18841e-06,-1.15584e-06,0,0,0.00214153,-9.63402e-11,4.70237e-11,0,0,True,32.0|322,488
8|488|sample|9|322,1.05493,-2.66526e-07,-1.92731e-06,0,0,0.000190614,1.2903e-09,1.1724e-12,0,0,True,32.0|322,488
8|488|vc|1|2|322,0.228877,-1.61295e-07,1.19906e-06,0,0,-3.15979e-07,7.99805e-13,-3.9968e-13,0,0,False,69.0|322,488
8|488|vc|2|2|322,0.389302,4.37619e-07,5.31624e-07,0,0,2.38217e-08,-1.11733e-12,7.64944e-14,0,0,False,69.0|322,488
8|488|vc|3|2|322,-0.389305,-3.24806e-07,-1.4496e-06,0,0,1.83741e-07,8.30447e-13,-9.46576e-13,0,0,False,69.0|322,488
8|488|vc|4|2|322,0.668184,-4.21368e-08,4.49773e-07,0,0,3.1131e-07,2.48246e-13,1.11577e-13,0,0,False,69.0|322,488
8|488|vc|5|2|322,-0.465569,-5.49022e-07,5.26768e-07,0,0,4.67108e-07,-1.55431e-15,1.31517e-12,0,0,False,69.0|322,488
8|488|vc|6|2|322,-0.457115,1.40834e-07,3.11825e-07,0,0,1.29239e-07,3.11973e-13,1.24034e-12,0,0,False,69.0|322,488
8|488|vc|7|2|322,0.0152572,-8.80132e-07,2.3614e-06,0,0,-2.97404e-07,-1.24345e-13,-2.24931e-13,0,0,False,69.0|322,488
8|488|vc|8|2|322,-0.984061,-9.45737e-07,-1.76598e-08,0,0,-4.58978e-08,-2.24265e-13,1.60449e-12,0,0,False,69.0|322,488
8|847|cc|1|1|69,0.418046,1.39576e-06,-7.19195e-08,0,0,-4.13098e-07,-8.14904e-13,6.22835e-14,0,0,False,69.0|69,847
8|847|cc|2|1|69,1.71384,7.40832e-07,5.22996e-07,0,0,1.18062e-07,6.54365e-13,-4.62463e-13,0,0,False,69.0|69,847
8|847|cc|3|1|69,-0.316689,-8.38844e-07,-2.91446e-07,0,0,-7.69082e-08,-4.74509e-13,-1.22624e-12,0,0,False,69.0|69,847
8|847|cc|4|1|69,0.638107,8.90657e-07,1.72252e-06,0,0,6.65112e-08,-1.12488e-12,-8.68194e-14,0,0,False,69.0|69,847
8|847|cc|5|1|69,-0.213555,2.5187e-07,-4.14504e-07,0,0,6.9062e-08,-9.08607e-13,-8.28226e-14,0,0,False,69.0|69,847
8|847|cc|6|1|69,-0.538856,9.82687e-07,2.23173e-07,0,0,-2.00496e-07,-1.35714e-12,-2.16271e-13,0,0,False,69.0|69,847
8|847|cc|7|1|69,0.165896,-1.06411e-06,-6.64752e-07,0,0,3.7184e-07,8.60423e-13,-9.17544e-13,0,0,False,69.0|69,847
8|847|cc|8|1|69,-0.214691,-1.3524e-06,-6.32497e-07,0,0,-3.29501e-07,6.21725e-15,-1.37668e-14,0,0,False,69.0|69,847
8|847|sample|10|69,0.972188,-5.41424e-07,5.60268e-07,0,0,-0.0373755,6.05598e-10,1.73347e-10,0,0,True,32.0|69,847
8|847|sample|11|69,-0.284866,7.18448e-07,-2.13263e-06,0,0,-0.0252888,3.21907e-10,2.07224e-10,0,0,True,22.0|69,847
8|847|sample|12|69,0.485127,-2.01015e-06,1.33828e-07,0,0,-0.0319045,3.68214e-10,2.15842e-10,0,0,True,22.0|69,847
8|847|sample|3|69,-0.627651,-6.94314e-08,-2.2902e-07,0,0,0.00698946,-1.38028e-09,-3.30402e-12,0,0,True,55.0|69,847
8|847|sample|4|69,0.514004,-1.94642e-06,5.44635e-07,0,0,0.0066915,-1.03672e-09,-2.38032e-12,0,0,True,55.0|69,847
8|847|sample|5|69,-0.117778,1.46556e-06,1.22556e-07,0,0,0.00299447,5.39523e-10,-6.91003e-13,0,0,True,55.0|69,847
8|847|sample|6|69,-0.353403,-1.33231e-06,1.73769e-06,0,0,0.00212249,1.2024e-09,5.27578e-13,0,0,True,55.0|69,847
8|847|sample|7|69,0.384143,-1.65468e-06,1.1375e-06,0,0,-0.0232116,-1.54506e-10,-4.11476e-10,0,0,True,32.0|69,847
8|847|sample|8|69,-0.119725,1.80635e-06,-1.43688e-06,0,0,-0.0260496,5.51652e-11,-2.55541e-10,0,0,True,32.0|69,847
8|847|sample|9|69,0.34215,-2.7225e-08,-1.44285e-06,0,0,-0.0302456,4.2232e-10,3.28861e-11,0,0,True,32.0|69,847
8|847|vc|1|2|69,-0.646852,-1.0673e-06,7.34987e-07,0,0,1.23627e-07,-4.11005e-13,8.37885e-13,0,0,False,69.0|69,847
8|847|vc|2|2|69,0.3584,-2.03087e-07,1.11716e-06,0,0,1.37615e-07,1.1422e-12,8.89178e-13,0,0,False,69.0|69,847
8|847|vc|3|2|69,-0.650603,7.76546e-07,-1.71523e-06,0,0,2.22901e-07,5.84865e-13,-9.32587e-15,0,0,False,69.0|69,847
8|847|vc|4|2|69,-0.380425,1.70915e-06,2.69962e-07,0,0,-4.23427e-07,1.29763e-12,2.30926e-14,0,0,False,69.0|69,847
8|847|vc|5|2|69,-0.0414209,2.14919e-07,1.08203e-06,0,0,-3.49077e-07,-3.15303e-13,7.74214e-13,0,0,False,69.0|69,847
8|847|vc|6|2|69,0.09415,-1.43539e-06,-7.06142e-07,0,0,-7.21475e-07,-2.98428e-13,4.23384e-13,0,0,False,69.0|69,847
8|847|vc|7|2|69,1.00207,1.23294e-07,-8.89408e-07,0,0,7.29039e-07,6.37268e-13,8.19178e-13,0,0,False,69.0|69,847
8|847|vc|8|2|69,0.624876,9.00355e-07,-2.91977e-06,0,0,-8.08704e-08,1.35669e-12,-1.06481e-12,0,0,False,69.0|69,847
8|474|cc|1|1|276,-0.237182,1.54686e-06,1.35367e-06,0,0,5.87581e-07,-1.37845e-12,-8.35332e-13,0,0,False,69.0|276,474
8|474|cc|2|1|276,-0.249239,4.20514e-07,1.67842e-06,0,0,-2.77695e-07,9.86766e-13,1.87383e-12,0,0,False,69.0|276,474
8|474|cc|3|1|276,0.501583,9.41491e-07,1.35613e-07,0,0,-1.25984e-07,-1.05338e-12,1.03895e-12,0,0,False,69.0|276,474
8|474|cc|4|1|276,0.297746,-4.33191e-08,1.59509e-06,0,0,-1.1365e-07,-1.79234e-12,5.41123e-13,0,0,False,69.0|276,474
8|474|cc|5|1|276,-0.0548593,-6.66224e-07,-7.80954e-07,0,0,2.60283e-07,-4.94271e-13,4.23661e-13,0,0,False,69.0|276,474
8|474|cc|6|1|276,-1.10576,-5.12982e-07,-1.48582e-06,0,0,4.10244e-07,-3.0731e-13,2.15827e-13,0,0,False,69.0|276,474
8|474|cc|7|1|276,-0.0738737,5.35303e-07,1.8937e-06,0,0,4.11254e-07,-8.37552e-13,2.38254e-13,0,0,False,69.0|276,474
8|474|cc|8|1|276,-0.519303,2.70953e-07,3.32702e-07,0,0,5.8427e-08,-8.91287e-13,2.7911e-13,0,0,False,69.0|276,474
8|474|sample|10|276,0.606978,9.3198e-07,5.74066e-07,0,0,0.00629585,4.91212e-10,1.72067e-10,0,0,True,32.0|276,474
8|474|sample|11|276,0.193604,-1.35739e-07,-8.5402e-07,0,0,0.0137901,-1.52126e-10,-3.05752e-10,0,0,True,22.0|276,474
8|474|sample|12|276,0.0431574,6.7623e-08,1.07018e-06,0,0,0.00985232,-3.04974e-11,-6.02074e-11,0,0,True,22.0|276,474
8|474|sample|3|276,0.0223289,-1.95929e-07,1.24032e-07,0,0,0.00583267,-7.24413e-11,2.3207e-10,0,0,True,55.0|276,474
8|474|sample|4|276,0.584197,2.52032e-07,-2.9166e-07,0,0,0.00551871,-6.81454e-11,2.19593e-10,0,0,True,55.0|276,474
8|474|sample|5|276,0.305638,1.62646e-06,-9.31723e-07,0,0,0.00168716,-3.89051e-10,7.4456e-11,0,0,True,55.0|276,474
8|474|sample|6|276,-0.0525394,6.74751e-07,9.16889e-07,0,0,0.0015655,-1.45031e-10,6.65512e-11,0,0,True,55.0|276,474
8|474|sample|7|276,-0.458151,1.58359e-07,-9.21284e-07,0,0,-0.00677667,2.20595e-10,-2.65352e-11,0,0,True,32.0|276,474
8|474|sample|8|276,0.134166,6.07841e-07,-5.40899e-08,0,0,-0.0103584,1.50634e-10,-9.93463e-11,0,0,True,32.0|276,474
8|474|sample|9|276,-0.298999,-2.98224e-06,-1.27978e-06,0,0,0.0108192,5.38191e-10,1.91674e-10,0,0,True,32.0|276,474
8|474|vc|1|2|276,-0.0246951,7.37483e-07,-4.51401e-07,0,0,-9.54826e-07,-1.08713e-12,1.1946e-13,0,0,False,69.0|276,474
8|474|vc|2|2|276,0.374269,-1.30489e-06,-1.6965e-06,0,0,-3.27658e-07,9.10827e-13,-3.78142e-13,0,0,False,69.0|276,474
8|474|vc|3|2|276,-0.201076,-4.28341e-07,1.10579e-06,0,0,5.13349e-08,3.57936e-13,9.30145e-13,0,0,False,69.0|276,474
8|474|vc|4|2|276,0.167223,9.67815e-07,1.42015e-06,0,0,-6.89281e-08,-5.67546e-13,7.1243e-13,0,0,False,69.0|276,474
8|474|vc|5|2|276,-0.0112403,-4.38721e-07,8.85965e-07,0,0,-3.19463e-07,1.12088e-12,-1.57652e-14,0,0,False,69.0|276,474
8|474|vc|6|2|276,-0.386079,2.21867e-06,-1.21342e-06,0,0,1.88048e-07,-6.34159e-13,8.43992e-13,0,0,False,69.0|276,474
8|474|vc|7|2|276,0.481362,1.13181e-06,1.38586e-07,0,0,7.46815e-07,-1.68843e-12,-2.42739e-12,0,0,False,69.0|276,474
8|474|vc|8|2|276,-0.638316,-6.70501e-07,4.65283e-08,0,0,-7.74705e-08,7.60281e-13,-7.53841e-13,0,0,False,69.0|276,474
8|462|cc|1|1|292,0.114862,9.48257e-07,1.43373e-06,0,0,-5.54165e-08,-2.17026e-12,8.9706e-13,0,0,False,69.0|292,462
8|462|cc|2|1|292,-0.299999,-2.98253e-07,-2.27572e-07,0,0,-1.69865e-07,8.41993e-13,9.84768e-13,0,0,False,69.0|292,462
8|462|cc|3|1|292,0.578228,-1.24676e-06,7.80049e-07,0,0,-2.00301e-07,-3.89688e-13,-4.81615e-13,0,0,False,69.0|292,462
8|462|cc|4|1|292,-0.900953,1.48405e-06,-7.38934e-07,0,0,6.29987e-07,4.9738e-14,2.50799e-13,0,0,False,69.0|292,462
8|462|cc|5|1|292,-0.561143,-1.65791e-08,-4.73813e-07,0,0,4.00823e-07,-3.31291e-13,3.4861e-13,0,0,False,69.0|292,462
8|462|cc|6|1|292,0.336745,-1.04724e-06,3.99622e-07,0,0,-2.28578e-07,2.23821e-13,-6.25056e-13,0,0,False,69.0|292,462
8|462|cc|7|1|292,0.559918,-2.11623e-07,1.8439e-06,0,0,3.55151e-07,-2.7689e-13,9.38472e-13,0,0,False,69.0|292,462
8|462|cc|8|1|292,0.239153,1.06143e-06,2.97661e-06,0,0,-2.97509e-07,-1.5099e-13,4.79394e-13,0,0,False,69.0|292,462
8|462|sample|10|292,0.734444,8.36116e-07,-8.65457e-07,0,0,-0.0230971,2.34627e-10,1.13639e-10,0,0,True,32.0|292,462
8|462|sample|11|292,0.612506,4.91352e-07,-8.485e-07,0,0,-0.031473,5.24466e-10,2.60188e-10,0,0,True,22.0|292,462
8|462|sample|12|292,-0.190749,4.72205e-07,6.72437e-07,0,0,-0.0272537,5.16457e-10,3.36206e-10,0,0,True,22.0|292,462
8|462|sample|3|292,-0.385334,8.78828e-07,1.68506e-06,0,0,0.00245935,-4.82544e-10,9.26477e-11,0,0,True,55.0|292,462
8|462|sample|4|292,0.167826,-2.33853e-06,-1.73434e-07,0,0,0.00236924,-6.52866e-10,9.08607e-11,0,0,True,55.0|292,462
8|462|sample|5|292,0.449329,1.52108e-06,1.02784e-06,0,0,0.000483893,4.80037e-10,1.7085e-11,0,0,True,55.0|292,462
8|462|sample|6|292,-0.30738,4.08136e-07,-1.3803e-06,0,0,0.000258722,8.5985e-10,7.74136e-12,0,0,True,55.0|292,462
8|462|sample|7|292,0.0664075,-4.81222e-07,-1.02694e-06,0,0,-0.0144503,-3.10316e-11,-2.95815e-10,0,0,True,32.0|292,462
8|462|sample|8|292,-0.24241,-3.54029e-07,-2.44872e-06,0,0,-0.0206541,-5.75295e-11,-3.7323e-10,0,0,True,32.0|292,462
8|462|sample|9|292,-0.32099,9.69794e-07,1.7539e-06,0,0,-0.0232131,2.95e-10,9.01741e-11,0,0,True,32.0|292,462
8|462|vc|1|2|292,-0.487693,7.55651e-07,2.50185e-07,0,0,-6.51488e-09,-1.54099e-13,-2.22045e-14,0,0,False,69.0|292,462
8|462|vc|2|2|292,-0.137369,-2.03808e-06,2.03556e-06,0,0,-2.58733e-07,-1.1191e-13,8.03468e-13,0,0,False,69.0|292,462
8|462|vc|3|2|292,0.0239681,4.81996e-07,-2.73271e-07,0,0,5.87439e-08,3.94351e-13,9.19487e-13,0,0,False,69.0|292,462
8|462|vc|4|2|292,-0.785698,-1.31975e-06,-6.30929e-07,0,0,1.33721e-07,-5.15366e-13,7.84928e-13,0,0,False,69.0|292,462
8|462|vc|5|2|292,-1.02335,-1.31794e-06,-1.15121e-06,0,0,8.7659e-07,1.24034e-12,6.30607e-13,0,0,False,69.0|292,462
8|462|vc|6|2|292,0.549555,1.91861e-06,1.05328e-06,0,0,-2.57042e-07,-6.83675e-13,-9.99756e-13,0,0,False,69.0|292,462
8|462|vc|7|2|292,0.554935,6.50625e-07,-1.38486e-06,0,0,9.11155e-08,1.82832e-12,2.4869e-13,0,0,False,69.0|292,462
8|462|vc|8|2|292,-0.670158,-7.47077e-07,-6.27916e-07,0,0,2.83531e-07,-7.40963e-13,1.35669e-13,0,0,False,69.0|292,462
8|75|cc|1|1|65,-1.01191,-7.23232e-07,-2.72573e-07,0,0,-8.95311e-08,-3.20854e-13,1.69509e-12,0,0,False,69.0|65,75
8|75|cc|2|1|65,0.635236,3.9407e-07,2.24118e-07,0,0,2.98037e-07,-5.85754e-13,3.24629e-13,0,0,False,69.0|65,75
8|75|cc|3|1|65,-0.21949,-3.19208e-07,2.02294e-06,0,0,-2.11849e-07,-1.61959e-12,7.1676e-13,0,0,False,69.0|65,75
8|75|cc|4|1|65,0.883397,5.0124e-07,1.4697e-06,0,0,7.89171e-08,7.31415e-13,-2.34035e-13,0,0,False,69.0|65,75
8|75|cc|5|1|65,-0.989522,2.53956e-07,1.56192e-06,0,0,7.5451e-07,-2.52243e-13,2.10498e-13,0,0,False,69.0|65,75
8|75|cc|6|1|65,-0.168853,3.01139e-06,-3.24508e-07,0,0,4.37907e-07,1.86962e-13,-6.73683e-13,0,0,False,69.0|65,75
8|75|cc|7|1|65,-0.533511,-2.06744e-06,-8.45703e-07,0,0,-1.85392e-07,6.11067e-13,-7.14984e-14,0,0,False,69.0|65,75
8|75|cc|8|1|65,1.14139,-2.56402e-06,7.7985e-07,0,0,-4.51148e-07,7.87814e-13,-9.88098e-13,0,0,False,69.0|65,75
8|75|sample|10|65,0.0725765,8.98302e-07,-1.83825e-07,0,0,-0.00575427,4.09046e-11,3.02514e-11,0,0,True,32.0|65,75
8|75|sample|11|65,-0.488297,2.35876e-06,8.59696e-08,0,0,-0.00448924,1.12855e-10,-1.3743e-10,0,0,True,22.0|65,75
8|75|sample|12|65,0.149738,-1.78184e-06,1.31572e-06,0,0,-0.0113617,2.51857e-10,-7.7391e-11,0,0,True,22.0|65,75
8|75|sample|3|65,-0.677305,1.70757e-07,1.09355e-06,0,0,-0.000341395,4.63212e-10,-1.96311e-10,0,0,True,55.0|65,75
8|75|sample|4|65,0.157152,-2.65952e-07,1.86048e-06,0,0,-0.00464124,4.51279e-10,-1.97179e-10,0,0,True,55.0|65,75
8|75|sample|5|65,-0.0762923,6.17022e-07,-2.28625e-06,0,0,0.00218773,2.48394e-10,-8.43166e-11,0,0,True,55.0|65,75
8|75|sample|6|65,0.235689,-3.38038e-07,-2.09484e-07,0,0,0.00366138,3.07196e-10,-1.058e-10,0,0,True,55.0|65,75
8|75|sample|7|65,0.738488,-1.95795e-07,1.99533e-07,0,0,-0.00183041,3.31558e-10,5.4996e-12,0,0,True,32.0|65,75
8|75|sample|8|65,0.357403,-1.75726e-06,1.61087e-06,0,0,-0.00237022,1.69078e-10,1.07576e-11,0,0,True,32.0|65,75
8|75|sample|9|65,-0.272708,-1.56823e-06,-3.59174e-07,0,0,-0.00541402,6.66362e-11,2.90168e-11,0,0,True,32.0|65,75
8|75|vc|1|2|65,0.0247601,-9.14283e-07,-1.17957e-06,0,0,-8.84885e-08,-3.3995e-13,-9.05498e-13,0,0,False,69.0|65,75
8|75|vc|2|2|65,0.500768,1.86318e-06,-1.32771e-06,0,0,1.76023e-07,5.01599e-13,1.17772e-12,0,0,False,69.0|65,75
8|75|vc|3|2|65,0.188123,-8.08744e-07,8.4732e-07,0,0,5.96447e-08,7.74492e-13,8.51319e-13,0,0,False,69.0|65,75
8|75|vc|4|2|65,-0.456527,-9.70391e-07,-3.57303e-06,0,0,-6.60078e-08,6.18616e-13,1.27587e-12,0,0,False,69.0|65,75
8|75|vc|5|2|65,0.11585,1.80781e-07,1.26893e-06,0,0,2.39903e-07,4.09894e-13,3.01537e-13,0,0,False,69.0|65,75
8|75|vc|6|2|65,0.309957,-7.13377e-07,-1.94364e-07,0,0,1.41021e-07,9.69891e-13,-1.45439e-12,0,0,False,69.0|65,75
8|75|vc|7|2|65,0.686614,-1.01404e-06,6.07497e-07,0,0,-3.40821e-07,3.35287e-13,5.52003e-13,0,0,False,69.0|65,75
8|75|vc|8|2|65,-0.174732,3.09333e-06,1.06541e-06,0,0,4.4749e-07,-5.0937e-13,-6.7546e-13,0,0,False,69.0|65,75
8|291|cc|1|1|103,-0.23441,2.15433e-06,-1.57647e-06,0,0,5.23941e-08,-3.94351e-13,-1.84341e-12,0,0,False,69.0|103,291
8|291|cc|2|1|103,-0.020071,-4.68001e-07,9.5975e-07,0,0,-1.56527e-07,-1.73284e-12,6.35048e-14,0,0,False,69.0|103,291
8|291|cc|3|1|103,-1.34931,5.23711e-07,-2.67579e-06,0,0,-3.15245e-07,-2.22045e-15,-1.1891e-12,0,0,False,69.0|103,291
8|291|cc|4|1|103,-0.658255,-5.61405e-07,-1.05608e-07,0,0,-3.12052e-07,4.35207e-13,-4.95159e-14,0,0,False,69.0|103,291
8|291|cc|5|1|103,0.25434,1.01218e-07,1.15303e-06,0,0,-4.25611e-07,-2.61702e-12,-3.44169e-14,0,0,False,69.0|103,291
8|291|cc|6|1|103,0.494539,-1.67203e-07,2.95779e-07,0,0,4.55119e-07,3.64597e-13,6.1301e-13,0,0,False,69.0|103,291
8|291|cc|7|1|103,-0.0102867,-1.01451e-06,8.49525e-07,0,0,-6.9922e-08,2.16716e-13,-9.22373e-13,0,0,False,69.0|103,291
8|291|cc|8|1|103,-0.57625,-1.66273e-06,1.17432e-06,0,0,5.28662e-07,1.20748e-12,-1.43438e-12,0,0,False,69.0|103,291
8|291|sample|10|103,-0.161978,3.00597e-07,-1.88296e-06,0,0,-0.0248795,3.21916e-11,-1.39782e-10,0,0,True,32.0|103,291
8|291|sample|11|103,0.390674,-3.98741e-07,9.30195e-08,0,0,-0.0338628,5.15044e-10,4.84282e-10,0,0,True,22.0|103,291
8|291|sample|12|103,0.0225359,2.18841e-07,-1.49457e-07,0,0,-0.0289373,2.74559e-10,2.21158e-10,0,0,True,22.0|103,291
8|291|sample|3|103,0.79699,8.71747e-07,5.4124e-07,0,0,0.0101352,-3.65895e-10,-3.58474e-10,0,0,True,55.0|103,291
8|291|sample|4|103,0.135033,-1.5563e-06,-1.65518e-06,0,0,0.00939209,8.80077e-11,-3.43647e-10,0,0,True,55.0|103,291
8|291|sample|5|103,0.868611,-5.74186e-07,2.0448e-06,0,0,0.00659785,2.8885e-10,-2.74822e-10,0,0,True,55.0|103,291
8|291|sample|6|103,1.08487,6.47874e-07,1.00007e-07,0,0,0.00481348,8.943e-10,-2.23702e-10,0,0,True,55.0|103,291
8|291|sample|7|103,0.00576937,3.79134e-07,-6.9877e-07,0,0,-0.0130764,9.91029e-12,-2.24002e-10,0,0,True,32.0|103,291
8|291|sample|8|103,-1.02874,8.31101e-08,-7.8367e-07,0,0,-0.0203978,-3.88754e-10,-6.10088e-10,0,0,True,32.0|103,291
8|291|sample|9|103,0.213281,3.02637e-07,1.8339e-06,0,0,-0.0268026,-1.38006e-10,-3.43674e-10,0,0,True,32.0|103,291
8|291|vc|1|2|103,0.206196,9.59968e-07,3.5933e-07,0,0,-9.37627e-09,-1.39844e-12,2.36478e-13,0,0,False,69.0|103,291
8|291|vc|2|2|103,-0.267557,-6.15398e-08,-1.24207e-06,0,0,2.97969e-07,-1.42641e-12,-6.83897e-14,0,0,False,69.0|103,291
8|291|vc|3|2|103,0.376885,-1.23639e-06,6.84745e-07,0,0,1.34491e-06,1.53388e-12,-1.44695e-12,0,0,False,69.0|103,291
8|291|vc|4|2|103,0.357316,7.28792e-07,-1.68273e-06,0,0,-1.61647e-07,1.1271e-12,-1.76897e-12,0,0,False,69.0|103,291
8|291|vc|5|2|103,-0.692735,4.0687e-09,-4.62384e-07,0,0,-4.3569e-07,-1.46105e-13,3.96405e-13,0,0,False,69.0|103,291
8|291|vc|6|2|103,0.264415,1.24234e-06,-1.70594e-07,0,0,2.29399e-07,-3.65485e-13,-8.28559e-13,0,0,False,69.0|103,291
8|291|vc|7|2|103,-0.0477375,-2.73795e-06,-1.45305e-06,0,0,-3.24253e-07,-5.24913e-13,4.67348e-13,0,0,False,69.0|103,291
8|291|vc|8|2|103,0.554818,-1.65925e-07,1.07916e-06,0,0,2.96697e-07,7.68274e-13,1.74527e-13,0,0,False,69.0|103,291
8|77|cc|1|1|218,0.0102952,5.20281e-08,-1.15076e-07,0,0,3.98426e-07,1.08358e-12,1.61871e-13,0,0,False,69.0|218,77
8|77|cc|2|1|218,-0.730487,4.01821e-07,9.52476e-07,0,0,4.34166e-07,1.44151e-12,-1.25899e-12,0,0,False,69.0|218,77
8|77|cc|3|1|218,0.239091,-2.93549e-08,-9.85901e-07,0,0,-2.34658e-07,-1.5099e-13,-5.35572e-13,0,0,False,69.0|218,77
8|77|cc|4|1|218,-0.442004,3.26356e-07,1.11844e-06,0,0,5.12857e-08,-1.18705e-12,1.22613e-12,0,0,False,69.0|218,77
8|77|cc|5|1|218,-0.619364,1.39231e-06,2.07892e-08,0,0,-2.79853e-07,-3.61489e-13,-4.8983e-13,0,0,False,69.0|218,77
8|77|cc|6|1|218,-0.0995825,5.54078e-07,6.36448e-07,0,0,-6.06179e-08,-4.76064e-13,-6.21725e-15,0,0,False,69.0|218,77
8|77|cc|7|1|218,0.388486,-4.16944e-07,-5.36631e-08,0,0,-1.57324e-07,4.88498e-13,7.43849e-13,0,0,False,69.0|218,77
8|77|cc|8|1|218,-0.123106,-9.63456e-07,-8.54679e-07,0,0,3.96409e-07,2.25642e-12,4.61187e-13,0,0,False,69.0|218,77
8|77|sample|10|218,0.266417,-5.48242e-07,2.93477e-07,0,0,-0.0288911,1.53103e-09,-1.78748e-10,0,0,True,32.0|218,77
8|77|sample|11|218,0.426319,-6.33765e-07,8.74515e-07,0,0,-0.0317048,1.08247e-10,1.93316e-11,0,0,True,22.0|218,77
8|77|sample|12|218,-0.549522,3.6809e-08,1.63409e-06,0,0,-0.0289654,6.99774e-11,-1.23149e-10,0,0,True,22.0|218,77
8|77|sample|3|218,0.363234,1.52001e-06,4.83716e-08,0,0,0.0770786,-1.01121e-10,-8.6283e-11,0,0,True,55.0|218,77
8|77|sample|4|218,0.169779,3.27493e-07,-2.77694e-07,0,0,0.0424852,-1.17385e-10,-1.79925e-10,0,0,True,55.0|218,77
8|77|sample|5|218,0.16078,-1.06038e-06,-5.88176e-07,0,0,0.135496,-6.71232e-11,2.28564e-11,0,0,True,55.0|218,77
8|77|sample|6|218,0.434503,2.39728e-07,-5.34382e-07,0,0,0.0861933,4.82414e-12,8.8674e-11,0,0,True,55.0|218,77
8|77|sample|7|218,0.0741,2.459e-07,8.00915e-07,0,0,0.0063238,-1.38717e-09,-5.00012e-10,0,0,True,32.0|218,77
8|77|sample|8|218,0.644467,-1.64294e-07,1.22164e-06,0,0,0.00393891,-1.04032e-09,-4.85278e-10,0,0,True,32.0|218,77
8|77|sample|9|218,-0.153582,1.03663e-06,1.22236e-06,0,0,-0.0327286,1.83528e-09,-1.54174e-10,0,0,True,32.0|218,77
8|77|vc|1|2|218,0.505731,-1.03015e-06,6.65592e-07,0,0,-2.05762e-07,5.80425e-13,1.06937e-12,0,0,False,69.0|218,77
8|77|vc|2|2|218,-0.101419,1.11292e-06,-4.97418e-07,0,0,1.4084e-07,-5.30687e-13,-9.9365e-13,0,0,False,69.0|218,77
8|77|vc|3|2|218,-0.634548,2.45125e-07,1.99046e-06,0,0,1.34028e-07,6.56364e-13,8.4599e-13,0,0,False,69.0|218,77
8|77|vc|4|2|218,-0.147293,-1.40842e-06,4.74032e-07,0,0,-6.25932e-08,7.89147e-13,1.35314e-12,0,0,False,69.0|218,77
8|77|vc|5|2|218,0.128793,7.14517e-07,1.47027e-06,0,0,1.65226e-07,-1.63958e-12,-8.63087e-13,0,0,False,69.0|218,77
8|77|vc|6|2|218,0.667368,-2.09863e-08,5.93683e-07,0,0,4.69465e-07,8.74856e-14,3.2685e-13,0,0,False,69.0|218,77
8|77|vc|7|2|218,0.0530515,1.81457e-07,-1.92924e-06,0,0,-3.32994e-07,-2.30926e-13,-6.81677e-13,0,0,False,69.0|218,77
8|77|vc|8|2|218,-0.320057,9.04296e-07,1.4076e-06,0,0,-1.90119e-07,-2.32969e-12,3.29514e-13,0,0,False,69.0|218,77
8|322|cc|1|1|174,-0.234969,2.87918e-07,7.05359e-07,0,0,2.44e-07,-2.53131e-14,-1.22485e-12,0,0,False,69.0|174,322
8|322|cc|2|1|174,0.433143,3.60812e-07,-1.65773e-06,0,0,-3.09304e-07,1.07914e-13,6.80067e-13,0,0,False,69.0|174,322
8|322|cc|3|1|174,-0.419426,-7.6603e-07,1.37877e-06,0,0,8.62429e-08,1.06137e-12,1.20426e-12,0,0,False,69.0|174,322
8|322|cc|4|1|174,-0.562503,-8.80545e-07,4.01922e-07,0,0,1.24316e-07,9.34364e-13,-1.31939e-12,0,0,False,69.0|174,322
8|322|cc|5|1|174,-0.424841,-3.40245e-07,1.46794e-06,0,0,-2.71767e-08,4.60076e-13,1.18849e-12,0,0,False,69.0|174,322
8|322|cc|6|1|174,0.446715,3.32654e-07,-2.01543e-06,0,0,1.72788e-07,6.63913e-13,-3.99347e-13,0,0,False,69.0|174,322
8|322|cc|7|1|174,0.129321,-1.18137e-06,-4.38653e-07,0,0,9.02173e-08,8.91731e-13,2.33513e-12,0,0,False,69.0|174,322
8|322|cc|8|1|174,-0.0236765,-1.61314e-07,8.96988e-07,0,0,5.4648e-07,1.02851e-12,-4.4198e-13,0,0,False,69.0|174,322
8|322|sample|10|174,-0.646138,-1.87482e-06,-7.57549e-07,0,0,-0.0367362,3.33675e-10,3.57564e-10,0,0,True,32.0|174,322
8|322|sample|11|174,-0.457022,1.22228e-06,5.22169e-08,0,0,-0.0254237,1.48233e-10,2.12039e-10,0,0,True,22.0|174,322
8|322|sample|12|174,0.0879185,3.09511e-07,-3.62313e-07,0,0,-0.0212822,1.34038e-10,2.69012e-10,0,0,True,22.0|174,322
8|322|sample|3|174,-1.4725,-8.02799e-07,-9.19658e-07,0,0,0.00444165,3.77004e-10,-1.04309e-10,0,0,True,55.0|174,322
8|322|sample|4|174,1.07245,-5.08401e-07,-3.34526e-06,0,0,0.0225224,-2.22991e-10,-5.01881e-10,0,0,True,55.0|174,322
8|322|sample|5|174,-0.640101,-3.15902e-08,7.53681e-07,0,0,0.0523408,3.27927e-11,-1.93587e-10,0,0,True,55.0|174,322
8|322|sample|6|174,-0.159397,-8.55361e-08,-3.00953e-09,0,0,0.0438728,-1.25533e-11,-2.70758e-10,0,0,True,55.0|174,322
8|322|sample|7|174,-0.115043,1.91414e-06,2.10147e-06,0,0,-0.0263934,1.54873e-10,6.98259e-11,0,0,True,32.0|174,322
8|322|sample|8|174,-0.324666,-4.96495e-07,-6.65692e-07,0,0,-0.0186687,8.13931e-11,-1.54463e-11,0,0,True,32.0|174,322
8|322|sample|9|174,-0.16312,1.10365e-06,-1.69398e-06,0,0,-0.0309293,1.67473e-10,1.21889e-10,0,0,True,32.0|174,322
8|322|vc|1|2|174,0.662626,1.82577e-06,6.47364e-07,0,0,3.90474e-07,-5.40012e-13,-5.94191e-13,0,0,False,69.0|174,322
8|322|vc|2|2|174,-0.300208,-1.00824e-06,1.57523e-06,0,0,9.54314e-08,1.00719e-12,-7.68163e-13,0,0,False,69.0|174,322
8|322|vc|3|2|174,-0.529859,-4.13984e-07,1.50373e-06,0,0,2.50499e-07,-1.10134e-13,-1.03229e-12,0,0,False,69.0|174,322
8|322|vc|4|2|174,-0.165461,-3.57408e-07,-2.70398e-07,0,0,-2.01843e-07,1.12266e-12,-1.18483e-12,0,0,False,69.0|174,322
8|322|vc|5|2|174,0.559855,-4.50446e-07,1.43489e-07,0,0,-2.60248e-07,7.53175e-13,2.40918e-13,0,0,False,69.0|174,322
8|322|vc|6|2|174,-0.164172,-2.5612e-06,-7.01977e-08,0,0,3.69132e-07,-3.37508e-14,-2.498e-14,0,0,False,69.0|174,322
8|322|vc|7|2|174,0.556548,-6.0666e-07,2.30074e-06,0,0,-4.05504e-07,9.81437e-13,2.61346e-13,0,0,False,69.0|174,322
8|322|vc|8|2|174,-0.540709,7.47908e-07,-1.73126e-06,0,0,8.01033e-07,8.03801e-13,-7.86593e-13,0,0,False,69.0|174,322
8|963|cc|1|1|319,-0.565503,9.34461e-07,-9.28468e-08,0,0,-4.73029e-07,5.36016e-13,1.43219e-14,0,0,False,69.0|319,963
8|963|cc|2|1|319,-0.656424,3.06977e-07,3.28118e-07,0,0,-2.93722e-07,2.95319e-13,-1.61504e-12,0,0,False,69.0|319,963
8|963|cc|3|1|319,0.443554,-7.85931e-07,-1.85632e-07,0,0,-2.59964e-07,3.57492e-13,6.71352e-13,0,0,False,69.0|319,963
8|963|cc|4|1|319,-0.0266071,-2.13228e-07,2.63945e-07,0,0,-3.12372e-07,-9.36584e-13,4.46865e-14,0,0,False,69.0|319,963
8|963|cc|5|1|319,-0.129752,-2.05425e-06,4.93511e-07,0,0,3.24181e-07,1.08669e-12,1.14841e-12,0,0,False,69.0|319,963
8|963|cc|6|1|319,0.138732,-4.77985e-07,1.81745e-06,0,0,-2.11914e-07,-1.20504e-12,-8.46545e-13,0,0,False,69.0|319,963
8|963|cc|7|1|319,-0.745399,4.70788e-07,1.0689e-07,0,0,-9.4202e-07,-1.00453e-12,-1.31595e-12,0,0,False,69.0|319,963
8|963|cc|8|1|319,-0.539285,1.12264e-06,-2.39049e-06,0,0,-1.04171e-07,1.25411e-12,2.08333e-13,0,0,False,69.0|319,963
8|963|sample|10|319,0.407504,5.51395e-07,1.80363e-07,0,0,-0.0418802,2.18981e-10,-1.04837e-10,0,0,True,32.0|319,963
8|963|sample|11|319,0.318583,-1.15769e-06,-1.45732e-06,0,0,-0.0317695,-8.32034e-11,-1.9946e-10,0,0,True,22.0|319,963
8|963|sample|12|319,-0.344529,2.14256e-07,1.04262e-06,0,0,-0.00472031,-5.44747e-10,-5.66085e-10,0,0,True,22.0|319,963
8|963|sample|3|319,-0.655707,-2.64074e-07,-1.41055e-07,0,0,0.0353725,-1.2123e-10,-1.5055e-10,0,0,True,55.0|319,963
8|963|sample|4|319,-0.174947,2.47805e-07,2.12117e-06,0,0,0.0385235,-3.21827e-11,-7.47313e-12,0,0,True,55.0|319,963
8|963|sample|5|319,-0.0122517,8.15438e-07,-5.05199e-07,0,0,0.0401575,-3.96643e-11,9.88312e-11,0,0,True,55.0|319,963
8|963|sample|6|319,-0.15062,2.31508e-06,2.11594e-07,0,0,0.0137186,1.82681e-10,2.90425e-10,0,0,True,55.0|319,963
8|963|sample|7|319,-1.14451,-4.62183e-08,2.44311e-06,0,0,-0.0243004,2.15061e-10,1.06898e-10,0,0,True,32.0|319,963
8|963|sample|8|319,-0.612693,-6.2116e-07,6.29328e-09,0,0,-0.0171075,-1.24264e-10,-3.3361e-10,0,0,True,32.0|319,963
8|963|sample|9|319,0.309204,-2.19704e-07,-6.8685e-07,0,0,-0.0323916,3.24507e-10,3.27773e-11,0,0,True,32.0|319,963
8|963|vc|1|2|319,-0.660316,1.27238e-06,-7.02321e-07,0,0,-1.4097e-07,-6.48814e-13,-1.24117e-12,0,0,False,69.0|319,963
8|963|vc|2|2|319,-0.812807,1.23511e-07,-1.79455e-06,0,0,8.15523e-07,-1.42419e-12,-2.09266e-12,0,0,False,69.0|319,963
8|963|vc|3|2|319,0.814863,6.53874e-07,-1.01904e-06,0,0,7.07257e-08,-3.21965e-13,-1.4877e-12,0,0,False,69.0|319,963
8|963|vc|4|2|319,-0.309768,-2.56359e-06,6.85182e-07,0,0,-2.17025e-07,-1.59872e-14,9.12326e-13,0,0,False,69.0|319,963
8|963|vc|5|2|319,1.01502,3.82101e-07,1.76249e-07,0,0,-1.91976e-07,6.14842e-13,-3.83138e-13,0,0,False,69.0|319,963
8|963|vc|6|2|319,0.421323,9.82963e-07,1.49243e-06,0,0,3.96203e-07,-1.17772e-12,-1.81044e-12,0,0,False,69.0|319,963
8|963|vc|7|2|319,0.817975,3.58053e-06,5.65287e-07,0,0,8.06641e-08,1.82077e-13,1.28597e-12,0,0,False,69.0|319,963
8|963|vc|8|2|319,0.133603,8.44166e-07,-2.57607e-07,0,0,3.85911e-07,-1.19993e-12,-2.42517e-12,0,0,False,69.0|319,963
8|1241|cc|1|1|69,-0.382583,-4.59818e-07,-5.02661e-07,0,0,4.19889e-07,2.15827e-13,1.21098e-13,0,0,False,69.0|69,1241
8|1241|cc|2|1|69,-0.825077,1.30132e-06,-9.88029e-07,0,0,-8.9068e-08,5.77316e-13,3.29348e-13,0,0,False,69.0|69,1241
8|1241|cc|3|1|69,-0.559342,-1.04818e-06,-1.69341e-07,0,0,1.18325e-07,1.59872e-13,-6.2364e-13,0,0,False,69.0|69,1241
8|1241|cc|4|1|69,-0.805628,2.45922e-07,5.77787e-07,0,0,-1.17987e-07,6.91225e-13,6.7224e-14,0,0,False,69.0|69,1241
8|1241|cc|5|1|69,0.546726,-7.3782e-07,-6.46595e-07,0,0,8.64029e-08,-1.00897e-12,2.85882e-13,0,0,False,69.0|69,1241
8|1241|cc|6|1|69,-0.0676615,-8.44128e-07,8.44573e-07,0,0,-6.3587e-07,-2.10276e-12,-5.99854e-13,0,0,False,69.0|69,1241
8|1241|cc|7|1|69,-0.303119,1.67902e-08,5.34931e-07,0,0,-2.45518e-07,1.26565e-13,4.03122e-13,0,0,False,69.0|69,1241
8|1241|cc|8|1|69,0.684065,8.74844e-07,-1.34505e-06,0,0,2.495e-07,1.18905e-12,1.53769e-12,0,0,False,69.0|69,1241
8|1241|sample|3|69,0.586655,5.47401e-07,-1.32725e-06,0,0,0.0174985,-5.1492e-10,-8.33202e-10,0,0,True,22.0|69,1241
8|1241|sample|4|69,1.0422,3.52029e-07,8.55722e-08,0,0,-0.00715658,-3.34092e-10,-7.93204e-10,0,0,True,22.0|69,1241
8|1241|sample|8|69,-0.519416,-1.14514e-07,-1.47959e-06,0,0,-0.0168378,1.40127e-10,4.23919e-11,0,0,True,22.0|69,1241
8|1241|vc|1|2|69,-0.501064,3.32341e-07,1.60184e-06,0,0,-2.63009e-08,1.16707e-12,1.30446e-12,0,0,False,69.0|69,1241
8|1241|vc|2|2|69,-0.494089,4.32633e-07,2.47386e-07,0,0,3.72349e-07,-1.44285e-12,1.29774e-12,0,0,False,69.0|69,1241
8|1241|vc|3|2|69,-0.863192,-1.04637e-06,-1.29213e-06,0,0,-7.81796e-07,-7.07434e-13,9.34697e-13,0,0,False,69.0|69,1241
8|1241|vc|4|2|69,0.202449,-4.47765e-07,5.18347e-07,0,0,1.3685e-07,-1.05294e-12,2.48634e-13,0,0,False,69.0|69,1241
8|1241|vc|5|2|69,-0.287072,-1.83e-06,3.55261e-07,0,0,-6.40419e-07,-1.45217e-13,2.15661e-14,0,0,False,69.0|69,1241
8|1241|vc|6|2|69,-0.0736641,7.67305e-07,5.36356e-07,0,0,4.55965e-07,-1.8896e-13,-2.85891e-12,0,0,False,69.0|69,1241
8|1241|vc|7|2|69,-0.0180774,-2.06094e-06,-2.53001e-06,0,0,-3.29334e-07,-1.05915e-13,1.24928e-12,0,0,False,69.0|69,1241
8|1241|vc|8|2|69,0.269431,-5.60943e-07,-1.87222e-06,0,0,-3.19014e-07,1.59872e-14,5.28244e-13,0,0,False,69.0|69,1241
8|1056|cc|1|1|276,0.186528,1.03188e-08,-1.421e-06,0,0,1.52968e-07,8.18012e-13,-4.67071e-13,0,0,False,69.0|276,1056
8|1056|cc|2|1|276,0.105953,-6.74396e-07,-3.4574e-07,0,0,5.96921e-08,1.08891e-12,-1.87517e-13,0,0,False,69.0|276,1056
8|1056|cc|3|1|276,0.446985,1.14427e-06,7.27655e-08,0,0,-3.34823e-07,-4.56524e-13,-4.66738e-13,0,0,False,69.0|276,1056
8|1056|cc|4|1|276,-0.171379,2.35843e-07,-4.80585e-07,0,0,-2.63517e-07,1.4122e-12,1.92957e-13,0,0,False,69.0|276,1056
8|1056|cc|5|1|276,0.784262,-4.52605e-07,6.60006e-07,0,0,2.11075e-07,7.10543e-15,7.77267e-13,0,0,False,69.0|276,1056
8|1056|cc|6|1|276,-0.322501,8.57589e-07,4.99478e-07,0,0,-3.811e-07,-1.26832e-12,1.0838e-12,0,0,False,69.0|276,1056
8|1056|cc|7|1|276,0.833171,2.27508e-07,1.89702e-08,0,0,-1.72576e-07,8.94396e-13,-3.37286e-13,0,0,False,69.0|276,1056
8|1056|cc|8|1|276,-0.0752601,-1.9494e-06,8.40476e-07,0,0,-3.32684e-07,2.37144e-13,-7.24976e-14,0,0,False,69.0|276,1056
8|1056|sample|3|276,-1.00797,3.28393e-07,-1.51687e-06,0,0,0.0548797,-1.72715e-10,-2.50735e-10,0,0,True,22.0|276,1056
8|1056|sample|4|276,0.292713,-6.52149e-07,9.6689e-07,0,0,0.0743471,-5.35885e-10,-5.88836e-10,0,0,True,22.0|276,1056
8|1056|vc|1|2|276,-0.0738522,1.01741e-06,1.00547e-06,0,0,-4.72761e-07,1.54943e-12,-5.3979e-13,0,0,False,69.0|276,1056
8|1056|vc|2|2|276,-0.974943,2.11112e-06,-1.40421e-06,0,0,-2.68329e-07,1.65024e-12,-2.35367e-14,0,0,False,69.0|276,1056
8|1056|vc|3|2|276,-0.117893,-1.63142e-06,-8.15497e-07,0,0,-4.50059e-07,-6.94556e-13,3.82139e-13,0,0,False,69.0|276,1056
8|1056|vc|4|2|276,-0.207574,-1.16936e-06,1.53374e-06,0,0,2.49551e-07,4.54747e-13,8.10574e-13,0,0,False,69.0|276,1056
8|1056|vc|5|2|276,0.498682,8.31175e-07,-9.40535e-08,0,0,-2.3098e-07,2.71783e-13,7.95031e-13,0,0,False,69.0|276,1056
8|1056|vc|6|2|276,0.520506,7.48132e-07,6.312e-08,0,0,-2.46412e-07,2.07834e-13,1.14053e-12,0,0,False,69.0|276,1056
8|1056|vc|7|2|276,0.829294,1.02185e-06,-1.55869e-06,0,0,4.32948e-07,3.78364e-13,2.29927e-13,0,0,False,69.0|276,1056
8|1056|vc|8|2|276,0.0568564,6.57046e-07,9.57484e-07,0,0,-5.39754e-08,-1.20481e-12,-3.39617e-13,0,0,False,69.0|276,1056
8|1159|cc|1|1|292,0.701157,3.10118e-06,6.29097e-07,0,0,-1.83069e-07,-8.9706e-13,-2.77556e-14,0,0,False,69.0|292,1159
8|1159|cc|2|1|292,0.0444883,-3.57676e-07,7.98684e-07,0,0,-3.37568e-07,1.74083e-13,-3.5616e-13,0,0,False,69.0|292,1159
8|1159|cc|3|1|292,0.0852851,1.3912e-06,6.07277e-07,0,0,-3.63741e-07,5.40679e-13,-3.32401e-13,0,0,False,69.0|292,1159
8|1159|cc|4|1|292,-0.143856,3.47816e-07,-2.84487e-07,0,0,3.16579e-07,-9.61009e-13,-2.47136e-13,0,0,False,69.0|292,1159
8|1159|cc|5|1|292,-0.968536,-4.56708e-08,-4.34423e-07,0,0,-2.8533e-07,8.42437e-13,-1.28009e-13,0,0,False,69.0|292,1159
8|1159|cc|6|1|292,0.413993,1.50208e-06,4.2938e-07,0,0,-4.48726e-07,-1.20348e-13,-3.7792e-13,0,0,False,69.0|292,1159
8|1159|cc|7|1|292,-0.252826,9.51693e-07,-2.07532e-06,0,0,-6.27386e-08,1.64335e-12,7.39631e-13,0,0,False,69.0|292,1159
8|1159|cc|8|1|292,0.437522,8.80144e-07,1.77494e-06,0,0,5.34715e-07,-9.59233e-14,1.13842e-12,0,0,False,69.0|292,1159
8|1159|sample|3|292,-0.149628,1.17776e-06,-2.62749e-07,0,0,-0.0189112,5.95066e-11,-2.98951e-10,0,0,True,22.0|292,1159
8|1159|sample|4|292,0.974226,-1.4004e-06,-1.98369e-06,0,0,-0.0217186,-1.05246e-10,-4.94464e-10,0,0,True,22.0|292,1159
8|1159|vc|1|2|292,0.239086,8.76129e-07,-1.99713e-06,0,0,1.89244e-07,-1.29363e-12,8.02691e-14,0,0,False,69.0|292,1159
8|1159|vc|2|2|292,-0.246764,5.42077e-07,-1.23689e-06,0,0,2.29593e-07,4.92495e-13,-1.07025e-13,0,0,False,69.0|292,1159
8|1159|vc|3|2|292,-0.167613,-1.39215e-06,1.12105e-06,0,0,-6.56178e-08,7.10543e-14,1.55964e-12,0,0,False,69.0|292,1159
8|1159|vc|4|2|292,-0.390414,1.4032e-06,-5.99291e-07,0,0,-3.26776e-07,1.22169e-12,-1.91358e-12,0,0,False,69.0|292,1159
8|1159|vc|5|2|292,0.467445,-8.93752e-07,-4.80185e-07,0,0,5.70418e-07,-5.57332e-13,-2.20823e-13,0,0,False,69.0|292,1159
8|1159|vc|6|2|292,0.430247,2.90954e-06,-1.93262e-06,0,0,1.39606e-07,5.32907e-15,7.93809e-13,0,0,False,69.0|292,1159
8|1159|vc|7|2|292,0.658564,1.42821e-07,1.89388e-06,0,0,5.08843e-08,-1.15441e-12,1.52822e-12,0,0,False,69.0|292,1159
8|1159|vc|8|2|292,0.356177,1.97904e-07,7.77347e-07,0,0,2.65055e-07,6.39933e-13,5.7554e-13,0,0,False,69.0|292,1159
8|1017|cc|1|1|65,-0.0691626,3.40097e-07,1.55964e-06,0,0,-2.72269e-07,8.42881e-13,-5.2669e-13,0,0,False,69.0|65,1017
8|1017|cc|2|1|65,0.253856,9.06154e-07,-4.21527e-07,0,0,1.35081e-07,-5.77316e-13,-7.49178e-13,0,0,False,69.0|65,1017
8|1017|cc|3|1|65,-0.409405,1.35839e-06,-6.91733e-07,0,0,-1.57052e-07,-3.16414e-13,-2.07701e-12,0,0,False,69.0|65,1017
8|1017|cc|4|1|65,0.897051,7.45152e-07,1.95333e-06,0,0,-1.32213e-07,8.76632e-13,-1.21236e-13,0,0,False,69.0|65,1017
8|1017|cc|5|1|65,0.111556,6.71881e-08,7.84874e-07,0,0,2.0479e-07,1.5361e-12,-1.53211e-13,0,0,False,69.0|65,1017
8|1017|cc|6|1|65,-0.552053,2.06333e-07,5.30929e-08,0,0,3.81741e-07,4.92495e-13,1.06271e-12,0,0,False,69.0|65,1017
8|1017|cc|7|1|65,0.178332,8.60233e-08,2.89561e-07,0,0,-1.85773e-08,-1.3971e-12,-1.09246e-13,0,0,False,69.0|65,1017
8|1017|cc|8|1|65,-0.240138,-6.34204e-07,2.2627e-07,0,0,-3.63356e-07,-1.54543e-13,-2.45581e-13,0,0,False,69.0|65,1017
8|1017|sample|3|65,-0.319345,4.84813e-07,1.89996e-06,0,0,-0.032417,3.36184e-10,6.78937e-11,0,0,True,22.0|65,1017
8|1017|sample|4|65,0.395655,3.53434e-07,9.65473e-07,0,0,-0.0280418,2.38584e-10,-6.56528e-11,0,0,True,22.0|65,1017
8|1017|sample|8|65,-1.04223,2.58602e-07,9.82655e-07,0,0,0.00016612,4.52527e-13,-7.75824e-13,0,0,True,22.0|65,1017
8|1017|vc|1|2|65,0.324218,7.31922e-07,-1.17512e-06,0,0,3.85228e-08,7.82929e-13,5.74207e-13,0,0,False,69.0|65,1017
8|1017|vc|2|2|65,0.790157,-1.74944e-07,-8.6473e-07,0,0,4.13751e-07,-1.37046e-12,-2.15028e-12,0,0,False,69.0|65,1017
8|1017|vc|3|2|65,-0.0995116,5.79882e-08,1.70966e-07,0,0,6.33404e-07,8.19789e-13,9.59233e-14,0,0,False,69.0|65,1017
8|1017|vc|4|2|65,0.527543,1.06512e-07,-9.60635e-07,0,0,-8.07975e-08,9.55458e-13,7.20313e-13,0,0,False,69.0|65,1017
8|1017|vc|5|2|65,-0.688493,1.07998e-06,2.53452e-07,0,0,-2.14129e-07,-6.39488e-13,-2.45892e-12,0,0,False,69.0|65,1017
8|1017|vc|6|2|65,0.23514,3.52934e-07,3.2682e-07,0,0,2.47306e-07,-3.5083e-14,-5.19584e-14,0,0,False,69.0|65,1017
8|1017|vc|7|2|65,-0.303983,1.60312e-06,-2.34081e-06,0,0,-7.95152e-08,-6.78124e-13,-7.57172e-13,0,0,False,69.0|65,1017
8|1017|vc|8|2|65,0.743197,-8.40012e-07,-1.06557e-06,0,0,2.9549e-07,2.32925e-13,2.95763e-13,0,0,False,69.0|65,1017
8|1197|cc|1|1|103,1.0723,-1.04452e-06,9.72821e-08,0,0,1.21924e-07,4.63629e-13,-1.10278e-12,0,0,False,69.0|103,1197
8|1197|cc|2|1|103,-0.24564,1.22318e-06,1.40778e-06,0,0,4.93969e-07,2.3892e-13,-5.64854e-13,0,0,False,69.0|103,1197
8|1197|cc|3|1|103,1.45425,8.64957e-07,-5.16896e-08,0,0,3.18933e-07,6.68798e-13,-3.60406e-13,0,0,False,69.0|103,1197
8|1197|cc|4|1|103,0.00516056,-1.03656e-06,-9.37861e-07,0,0,-1.33756e-07,1.48592e-12,1.06137e-13,0,0,False,69.0|103,1197
8|1197|cc|5|1|103,-0.119964,-6.52764e-07,5.13207e-07,0,0,-3.25987e-07,-1.87406e-13,-1.07245e-12,0,0,False,69.0|103,1197
8|1197|cc|6|1|103,-0.101661,9.97089e-07,3.53775e-07,0,0,-2.04639e-07,-2.12275e-13,1.36002e-14,0,0,False,69.0|103,1197
8|1197|cc|7|1|103,0.870547,8.04391e-07,1.10468e-07,0,0,-3.24537e-07,-9.87654e-13,-5.06151e-13,0,0,False,69.0|103,1197
8|1197|cc|8|1|103,-0.581077,1.84194e-06,-4.59068e-07,0,0,8.0074e-08,-1.43174e-12,3.07088e-13,0,0,False,69.0|103,1197
8|1197|sample|3|103,0.99622,3.22299e-07,-1.56387e-06,0,0,-0.000530487,1.43752e-12,-2.00114e-10,0,0,True,22.0|103,1197
8|1197|sample|4|103,-0.567675,-7.29388e-07,8.37424e-07,0,0,-0.00563725,1.84481e-10,-6.78164e-11,0,0,True,22.0|103,1197
8|1197|vc|1|2|103,0.539364,6.83407e-07,7.16039e-08,0,0,6.34822e-08,-7.4607e-14,1.13146e-12,0,0,False,69.0|103,1197
8|1197|vc|2|2|103,-1.17069,8.57794e-07,1.04483e-06,0,0,-1.64714e-07,4.96492e-13,1.39877e-12,0,0,False,69.0|103,1197
8|1197|vc|3|2|103,0.416201,-1.76773e-06,2.30448e-07,0,0,-3.0965e-07,-1.57252e-12,2.81664e-13,0,0,False,69.0|103,1197
8|1197|vc|4|2|103,-0.304748,-1.83417e-06,-1.63056e-06,0,0,-2.55294e-07,-7.41629e-13,-3.46889e-13,0,0,False,69.0|103,1197
8|1197|vc|5|2|103,0.233317,3.44484e-07,-2.05069e-07,0,0,1.39682e-07,8.9706e-14,-9.07829e-13,0,0,False,69.0|103,1197
8|1197|vc|6|2|103,0.401921,-5.3387e-07,2.57233e-06,0,0,2.84359e-07,8.81961e-13,3.49054e-13,0,0,False,69.0|103,1197
8|1197|vc|7|2|103,-0.471149,1.64472e-06,-9.43924e-07,0,0,-9.42503e-08,-1.11289e-12,3.68122e-13,0,0,False,69.0|103,1197
8|1197|vc|8|2|103,-0.75502,-1.02809e-06,-1.2371e-06,0,0,3.85852e-07,7.90479e-14,-3.24241e-13,0,0,False,69.0|103,1197
8|745|cc|1|1|218,0.227469,-1.35691e-06,-6.30994e-07,0,0,-4.01841e-07,-2.04281e-13,5.75984e-13,0,0,False,69.0|218,745
8|745|cc|2|1|218,0.220183,7.42805e-07,-2.88124e-07,0,0,-1.47593e-08,3.73035e-14,1.41109e-12,0,0,False,69.0|218,745
8|745|cc|3|1|218,-0.395203,-3.73578e-07,-4.42277e-07,0,0,-2.54643e-07,5.97744e-13,4.4742e-13,0,0,False,69.0|218,745
8|745|cc|4|1|218,-0.123254,7.16058e-07,1.63299e-07,0,0,-2.0456e-07,1.17328e-12,1.23235e-13,0,0,False,69.0|218,745
8|745|cc|5|1|218,0.0235483,2.10067e-06,8.19623e-07,0,0,2.59638e-07,5.6577e-13,8.07132e-13,0,0,False,69.0|218,745
8|745|cc|6|1|218,-0.117939,-2.89604e-06,2.70747e-07,0,0,-3.16537e-07,-5.50671e-13,-1.11688e-12,0,0,False,69.0|218,745
8|745|cc|7|1|218,-0.100324,6.85712e-07,-1.43166e-06,0,0,5.44597e-07,-2.04281e-14,7.72715e-13,0,0,False,69.0|218,745
8|745|cc|8|1|218,0.29833,1.65804e-06,-7.9366e-07,0,0,-6.67018e-09,9.15712e-13,1.44773e-12,0,0,False,69.0|218,745
8|745|sample|3|218,0.460922,-4.29964e-07,-2.05349e-06,0,0,-0.0120226,-2.89342e-11,-1.52227e-10,0,0,True,22.0|218,745
8|745|sample|4|218,-0.000408789,-9.27673e-07,-3.0234e-07,0,0,-0.0216444,-2.00043e-10,-2.62029e-10,0,0,True,22.0|218,745
8|745|sample|5|218,-0.291644,6.81116e-07,1.38994e-06,0,0,-0.012612,3.36005e-11,8.22942e-12,0,0,True,22.0|218,745
8|745|vc|1|2|218,0.0191929,-3.07991e-07,3.18276e-07,0,0,8.61115e-09,2.91323e-13,-1.47082e-12,0,0,False,69.0|218,745
8|745|vc|2|2|218,-0.190649,-1.53026e-06,-5.17729e-07,0,0,3.73862e-07,4.94715e-13,6.84786e-13,0,0,False,69.0|218,745
8|745|vc|3|2|218,0.893995,9.52675e-07,2.52288e-07,0,0,-3.70391e-07,1.9007e-13,-6.95444e-13,0,0,False,69.0|218,745
8|745|vc|4|2|218,0.470239,1.06218e-06,-5.17289e-07,0,0,-1.33908e-07,6.7768e-13,-6.8523e-13,0,0,False,69.0|218,745
8|745|vc|5|2|218,-0.142786,-2.11481e-06,5.37911e-07,0,0,-2.858e-07,3.6593e-13,-7.58948e-13,0,0,False,69.0|218,745
8|745|vc|6|2|218,0.366577,-4.88669e-08,-2.24075e-07,0,0,-5.16642e-08,7.05658e-13,2.18447e-12,0,0,False,69.0|218,745
8|745|vc|7|2|218,0.829904,1.91085e-07,3.11957e-06,0,0,-3.68605e-07,-1.92735e-13,-4.53193e-13,0,0,False,69.0|218,745
8|745|vc|8|2|218,0.400468,-2.2663e-06,1.01683e-06,0,0,-4.06531e-07,2.03393e-13,-1.84608e-12,0,0,False,69.0|218,745
8|1043|cc|1|1|174,-0.0542501,4.04868e-07,1.20595e-07,0,0,-1.1724e-06,-8.7752e-13,-2.00362e-12,0,0,False,69.0|174,1043
8|1043|cc|2|1|174,-0.641419,5.92618e-07,-3.06597e-07,0,0,1.15745e-07,-3.47278e-13,1.56142e-12,0,0,False,69.0|174,1043
8|1043|cc|3|1|174,-0.458414,3.55177e-07,1.67672e-06,0,0,2.19454e-07,3.19744e-13,-6.84897e-13,0,0,False,69.0|174,1043
8|1043|cc|4|1|174,0.258276,-1.3117e-07,-1.88636e-06,0,0,1.47531e-07,-7.93143e-13,4.16778e-13,0,0,False,69.0|174,1043
8|1043|cc|5|1|174,0.951054,2.79216e-06,-7.74023e-07,0,0,-3.00703e-07,-1.89626e-13,2.86104e-13,0,0,False,69.0|174,1043
8|1043|cc|6|1|174,0.902855,1.84091e-07,-7.98354e-07,0,0,-3.01575e-07,-4.93383e-13,2.23954e-12,0,0,False,69.0|174,1043
8|1043|cc|7|1|174,-0.543889,-2.10468e-06,4.78476e-07,0,0,1.07689e-07,-1.41887e-12,-3.11084e-13,0,0,False,69.0|174,1043
8|1043|cc|8|1|174,0.821842,-4.51051e-07,2.4503e-07,0,0,-1.01451e-07,2.30038e-13,-9.81992e-14,0,0,False,69.0|174,1043
8|1043|sample|3|174,-0.0612376,-5.09344e-07,2.65373e-06,0,0,-0.0181785,-1.29712e-10,-1.08974e-10,0,0,True,22.0|174,1043
8|1043|sample|4|174,-0.604383,-1.51704e-06,-2.56301e-06,0,0,-0.0065262,5.91083e-12,2.1823e-11,0,0,True,22.0|174,1043
8|1043|vc|1|2|174,0.400343,-2.00637e-08,1.05795e-06,0,0,2.30994e-07,8.57092e-13,-1.3074e-12,0,0,False,69.0|174,1043
8|1043|vc|2|2|174,-0.259342,-1.95252e-06,-1.06874e-06,0,0,-1.8167e-07,-6.4837e-13,7.57228e-13,0,0,False,69.0|174,1043
8|1043|vc|3|2|174,0.0416593,8.83482e-07,-6.47869e-08,0,0,9.09609e-08,-2.75335e-14,1.74105e-12,0,0,False,69.0|174,1043
8|1043|vc|4|2|174,0.0693665,-3.90237e-07,-2.59844e-07,0,0,3.99705e-07,-1.12088e-12,-5.93081e-13,0,0,False,69.0|174,1043
8|1043|vc|5|2|174,0.0417839,8.9326e-07,-4.54084e-08,0,0,-1.14142e-07,1.02363e-12,3.55271e-15,0,0,False,69.0|174,1043
8|1043|vc|6|2|174,-0.333768,-1.23685e-06,-2.78022e-06,0,0,-9.40929e-10,-2.60236e-13,7.52731e-13,0,0,False,69.0|174,1043
8|1043|vc|7|2|174,-0.391013,1.52251e-06,7.72931e-08,0,0,-3.16487e-07,-1.78524e-13,6.48703e-13,0,0,False,69.0|174,1043
8|1043|vc|8|2|174,-0.664722,-2.00731e-06,3.85367e-07,0,0,-3.13902e-07,1.19638e-12,-1.09968e-12,0,0,False,69.0|174,1043
8|1260|cc|1|1|319,-0.298285,8.10711e-07,1.44991e-06,0,0,2.32278e-06,-4.16978e-12,-7.17548e-12,0,0,False,69.0|319,1260
8|1260|cc|2|1|319,0.0698015,-1.25158e-06,-2.49984e-07,0,0,1.66505e-06,-3.17657e-12,2.88103e-13,0,0,False,69.0|319,1260
8|1260|cc|3|1|319,0.388387,3.32977e-07,2.58911e-07,0,0,5.28158e-07,-4.52971e-14,-3.4206e-13,0,0,False,69.0|319,1260
8|1260|cc|4|1|319,-0.0144169,7.7313e-08,-8.43945e-07,0,0,-2.84111e-07,4.2677e-13,-4.00957e-13,0,0,False,69.0|319,1260
8|1260|cc|5|1|319,0.571277,-1.80906e-06,-4.88441e-07,0,0,4.88409e-07,6.55476e-13,-1.8715e-12,0,0,False,69.0|319,1260
8|1260|cc|6|1|319,0.183507,2.86507e-07,1.51529e-06,0,0,-1.03364e-07,8.15348e-13,1.27376e-12,0,0,False,69.0|319,1260
8|1260|cc|7|1|319,0.965849,2.1123e-06,-1.9318e-06,0,0,-5.67518e-07,-3.7792e-13,-4.56912e-13,0,0,False,69.0|319,1260
8|1260|cc|8|1|319,1.02469,2.91942e-07,1.36585e-06,0,0,-3.77576e-07,6.39044e-13,8.1013e-13,0,0,False,69.0|319,1260
8|1260|sample|3|319,0.448518,-1.11897e-06,-5.40077e-07,0,0,-0.0200831,-3.01558e-10,-3.34117e-10,0,0,True,22.0|319,1260
8|1260|sample|4|319,0.377253,1.89611e-07,-1.04952e-06,0,0,-0.0186914,-8.41578e-11,-1.88652e-10,0,0,True,22.0|319,1260
8|1260|vc|1|2|319,-0.345542,-1.82315e-06,3.9365e-07,0,0,1.00494e-07,-1.59828e-12,-9.43912e-13,0,0,False,69.0|319,1260
8|1260|vc|2|2|319,0.448977,-1.15649e-06,-8.22638e-07,0,0,-7.20235e-08,1.4444e-12,-6.82121e-13,0,0,False,69.0|319,1260
8|1260|vc|3|2|319,0.000305686,-2.10147e-06,2.40237e-07,0,0,4.08664e-07,-1.84741e-13,-1.25011e-13,0,0,False,69.0|319,1260
8|1260|vc|4|2|319,0.578092,9.16668e-08,-1.893e-06,0,0,1.49839e-07,-8.71747e-13,-2.12275e-13,0,0,False,69.0|319,1260
8|1260|vc|5|2|319,-0.323975,-2.28732e-07,-1.78874e-06,0,0,3.22778e-07,7.14095e-13,9.53737e-13,0,0,False,69.0|319,1260
8|1260|vc|6|2|319,-0.700991,-9.12567e-07,-1.93714e-07,0,0,-9.37461e-08,-2.51466e-12,2.07612e-14,0,0,False,69.0|319,1260
8|1260|vc|7|2|319,-0.17738,-6.82993e-07,-1.13384e-06,0,0,-1.2655e-07,1.11022e-14,-1.3044e-12,0,0,False,69.0|319,1260
8|1260|vc|8|2|319,-0.28894,1.62973e-06,1.08001e-06,0,0,1.14486e-07,1.20814e-12,2.12136e-12,0,0,False,69.0|319,1260
8|1042|cc|1|1|162,0.123967,-1.63226e-07,-1.30148e-06,0,0,-7.16338e-08,-7.6783e-13,-4.80616e-13,0,0,False,69.0|162,1042
8|1042|cc|2|1|162,-0.460772,-1.53196e-06,-1.32912e-07,0,0,-3.01917e-07,7.03881e-14,9.50351e-13,0,0,False,69.0|162,1042
8|1042|cc|3|1|162,0.201816,-1.49779e-06,1.47377e-07,0,0,-2.88406e-07,-8.60201e-13,-3.5158e-13,0,0,False,69.0|162,1042
8|1042|cc|4|1|162,0.444348,-3.7196e-08,-1.01501e-07,0,0,1.68714e-07,8.08242e-13,-4.515e-13,0,0,False,69.0|162,1042
8|1042|cc|5|1|162,-0.539182,-1.13494e-06,1.58161e-06,0,0,1.42203e-07,-3.19744e-13,1.87406e-13,0,0,False,69.0|162,1042
8|1042|cc|6|1|162,0.196707,6.02594e-07,1.65876e-08,0,0,-6.3551e-08,-7.32747e-13,-5.58276e-13,0,0,False,69.0|162,1042
8|1042|cc|7|1|162,0.519495,8.74842e-07,-1.84695e-07,0,0,1.72016e-07,-1.13243e-13,-1.26099e-12,0,0,False,69.0|162,1042
8|1042|cc|8|1|162,-0.0286498,1.41468e-06,7.94461e-07,0,0,-4.57394e-07,3.36398e-13,-1.78746e-13,0,0,False,69.0|162,1042
8|1042|sample|3|162,0.392798,-3.82209e-07,9.41802e-07,0,0,-0.0238115,5.65669e-11,-5.578e-10,0,0,True,22.0|162,1042
8|1042|sample|4|162,-0.876033,-9.10666e-07,6.2558e-07,0,0,-0.0210982,-2.675e-10,-6.44523e-10,0,0,True,22.0|162,1042
8|1042|vc|1|2|162,-0.156355,1.0152e-06,-8.65494e-07,0,0,9.28487e-07,-1.16085e-12,4.7129e-14,0,0,False,69.0|162,1042
8|1042|vc|2|2|162,0.0272643,-1.34524e-07,-4.15008e-07,0,0,-1.0826e-07,-2.74003e-13,6.54199e-14,0,0,False,69.0|162,1042
8|1042|vc|3|2|162,0.191423,3.39148e-08,-1.96113e-06,0,0,3.99395e-07,1.1724e-13,1.05527e-13,0,0,False,69.0|162,1042
8|1042|vc|4|2|162,-0.225601,1.53008e-07,-1.01728e-06,0,0,4.19481e-07,-6.43929e-14,1.09968e-13,0,0,False,69.0|162,1042
8|1042|vc|5|2|162,-0.539783,-1.37621e-06,1.19948e-06,0,0,8.7043e-08,4.00346e-13,8.08215e-13,0,0,False,69.0|162,1042
8|1042|vc|6|2|162,0.0357993,-4.97719e-07,-2.53258e-07,0,0,8.82209e-07,-2.03793e-12,8.39939e-13,0,0,False,69.0|162,1042
8|1042|vc|7|2|162,0.873548,-1.1272e-06,-3.60755e-07,0,0,2.88634e-07,-2.12941e-13,-1.29208e-12,0,0,False,69.0|162,1042
8|1042|vc|8|2|162,-0.376448,-1.08188e-06,6.10795e-07,0,0,-3.03589e-07,-7.84484e-13,1.74361e-13,0,0,False,69.0|162,1042
8|863|cc|1|1|274,-0.57201,-3.94635e-07,-5.8267e-08,0,0,-1.58211e-07,-1.18971e-12,-7.61835e-13,0,0,False,69.0|274,863
8|863|cc|2|1|274,-0.500276,1.03105e-06,-2.67949e-06,0,0,-3.09731e-07,-3.05977e-13,4.86278e-14,0,0,False,69.0|274,863
8|863|cc|3|1|274,0.35003,8.03708e-07,-6.31469e-07,0,0,-5.44001e-07,1.34204e-12,1.21925e-12,0,0,False,69.0|274,863
8|863|cc|4|1|274,-0.686142,2.09995e-06,5.14235e-08,0,0,-1.3562e-07,8.5798e-13,-9.16489e-13,0,0,False,69.0|274,863
8|863|cc|5|1|274,-0.428354,-8.83067e-07,-1.86217e-06,0,0,2.51451e-07,1.77991e-12,-1.99396e-13,0,0,False,69.0|274,863
8|863|cc|6|1|274,-0.415529,-1.98276e-06,-5.37507e-07,0,0,-2.9728e-07,1.30562e-13,-4.44866e-13,0,0,False,69.0|274,863
8|863|cc|7|1|274,-0.411557,9.64896e-08,1.30365e-06,0,0,-1.23839e-07,-3.2907e-13,1.73195e-13,0,0,False,69.0|274,863
8|863|cc|8|1|274,-0.227801,1.78916e-06,-5.74143e-07,0,0,-8.20771e-08,-1.672e-12,6.46372e-13,0,0,False,69.0|274,863
8|863|sample|3|274,-0.735856,-4.26195e-07,3.71905e-08,0,0,0.00705576,-7.82905e-11,-1.42781e-10,0,0,True,22.0|274,863
8|863|sample|4|274,-0.00368357,6.42624e-07,2.57791e-06,0,0,0.0247384,-4.80967e-10,-5.135e-10,0,0,True,22.0|274,863
8|863|vc|1|2|274,-0.267883,-6.83735e-07,-7.06532e-07,0,0,2.4744e-07,6.72795e-13,3.61933e-13,0,0,False,69.0|274,863
8|863|vc|2|2|274,0.912676,-6.07282e-07,-1.02133e-06,0,0,1.86793e-07,3.14415e-13,9.54792e-13,0,0,False,69.0|274,863
8|863|vc|3|2|274,0.0411186,2.97061e-06,2.78305e-07,0,0,-6.20277e-07,-3.54827e-13,-1.39e-13,0,0,False,69.0|274,863
8|863|vc|4|2|274,0.0433123,9.89559e-07,1.5488e-06,0,0,-5.63458e-08,3.7037e-13,1.11e-12,0,0,False,69.0|274,863
8|863|vc|5|2|274,0.497373,1.12933e-06,-2.74838e-06,0,0,7.38092e-08,2.84883e-13,-1.35492e-12,0,0,False,69.0|274,863
8|863|vc|6|2|274,0.167981,1.38515e-06,1.65754e-07,0,0,5.91898e-07,-1.49658e-13,-5.54889e-13,0,0,False,69.0|274,863
8|863|vc|7|2|274,0.116888,1.93637e-06,-4.11387e-07,0,0,-5.5325e-08,-5.8975e-13,1.02729e-12,0,0,False,69.0|274,863
8|863|vc|8|2|274,0.60076,1.4752e-06,1.19452e-06,0,0,1.22116e-07,-3.85469e-13,-1.38911e-12,0,0,False,69.0|274,863
8|152|cc|1|1|322,0.328374,1.39417e-06,1.99066e-06,0,0,-2.56956e-07,-4.44089e-16,-6.72351e-13,0,0,False,69.0|322,152
8|152|cc|2|1|322,0.00324826,-3.53224e-08,-1.24273e-06,0,0,-2.23981e-07,2.62457e-13,6.51701e-13,0,0,False,69.0|322,152
8|152|cc|3|1|322,-0.053272,-4.20931e-07,8.46787e-07,0,0,3.71964e-07,-6.39488e-13,-1.112e-12,0,0,False,69.0|322,152
8|152|cc|4|1|322,1.01174,1.16752e-06,-8.42943e-07,0,0,-3.27543e-07,6.65024e-13,7.50289e-13,0,0,False,69.0|322,152
8|152|cc|5|1|322,0.02819,-6.328e-07,1.93286e-06,0,0,-3.28864e-07,-1.35447e-13,-2.7689e-13,0,0,False,69.0|322,152
8|152|cc|6|1|322,-0.151483,-2.16593e-06,-1.81685e-06,0,0,-3.57249e-07,-1.81366e-12,-1.17795e-12,0,0,False,69.0|322,152
8|152|cc|7|1|322,-0.234335,-9.6782e-07,-3.20026e-07,0,0,1.37869e-07,-2.14939e-13,6.81788e-13,0,0,False,69.0|322,152
8|152|cc|8|1|322,0.941041,-4.15626e-08,-4.17111e-07,0,0,1.42559e-08,4.25748e-12,-5.40235e-13,0,0,False,69.0|322,152
8|152|sample|3|322,-0.060092,8.21533e-07,-2.66094e-06,0,0,-0.0123652,-2.41375e-11,-2.62902e-10,0,0,True,22.0|322,152
8|152|sample|4|322,0.261578,-9.19015e-07,-1.65888e-06,0,0,-0.00709154,-5.78744e-10,-4.62272e-10,0,0,True,22.0|322,152
8|152|vc|1|2|322,-0.0118878,1.5681e-06,-1.79587e-08,0,0,-3.28727e-07,6.68354e-13,4.68736e-13,0,0,False,69.0|322,152
8|152|vc|2|2|322,-0.316035,2.75041e-06,1.33252e-06,0,0,-5.59959e-07,2.22267e-13,5.72431e-13,0,0,False,69.0|322,152
8|152|vc|3|2|322,0.743913,-6.96634e-07,-2.41317e-06,0,0,1.30948e-07,-1.19016e-13,1.13354e-13,0,0,False,69.0|322,152
8|152|vc|4|2|322,-0.297159,-8.66654e-07,3.59587e-06,0,0,8.69338e-08,5.94413e-13,1.18061e-12,0,0,False,69.0|322,152
8|152|vc|5|2|322,-0.122513,-1.00533e-06,3.93681e-07,0,0,1.4679e-07,-2.77778e-13,6.38822e-13,0,0,False,69.0|322,152
8|152|vc|6|2|322,0.417595,-2.2349e-06,-5.69556e-07,0,0,9.37024e-08,9.32587e-13,-2.88436e-13,0,0,False,69.0|322,152
8|152|vc|7|2|322,1.42596,-6.32822e-08,2.98196e-07,0,0,-2.05906e-08,7.0921e-13,1.11877e-12,0,0,False,69.0|322,152
8|152|vc|8|2|322,0.154213,-4.50997e-07,3.18572e-07,0,0,-1.24263e-07,-1.77636e-13,1.10423e-12,0,0,False,69.0|322,152
9|411|cc|1|1|274,-1.29655,-2.68839e-06,4.24022e-07,0,0,2.22878e-07,-5.58442e-13,1.35336e-12,0,0,False,69.0|274,411
9|411|cc|2|1|274,0.54064,-1.18104e-06,-8.92792e-07,0,0,-4.96678e-08,-1.10001e-12,2.1434e-12,0,0,False,69.0|274,411
9|411|cc|3|1|274,-0.421106,-3.47394e-07,-2.11804e-07,0,0,-3.14438e-07,-5.9508e-14,-8.02247e-13,0,0,False,69.0|274,411
9|411|cc|4|1|274,0.0047085,9.89562e-07,4.42478e-07,0,0,4.6689e-07,-4.12559e-13,9.95648e-13,0,0,False,69.0|274,411
9|411|cc|5|1|274,-0.0289073,-1.70414e-06,1.68941e-06,0,0,-1.63204e-07,5.28244e-13,7.25753e-13,0,0,False,69.0|274,411
9|411|cc|6|1|274,-0.752029,-9.23e-07,1.10657e-06,0,0,1.72044e-07,1.07137e-12,-1.17983e-12,0,0,False,69.0|274,411
9|411|cc|7|1|274,-0.94637,2.45656e-06,3.41924e-07,0,0,5.82736e-07,-2.58016e-13,7.16094e-14,0,0,False,69.0|274,411
9|411|cc|8|1|274,-0.0754787,-1.77828e-06,-1.32735e-07,0,0,-1.53335e-07,-6.65024e-13,-7.17981e-13,0,0,False,69.0|274,411
9|411|sample|10|274,0.147926,-3.56062e-07,-2.36538e-07,0,0,0.0114955,-6.35608e-10,-5.4374e-10,0,0,True,70.0|274,411
9|411|sample|11|274,0.82882,-9.87624e-07,2.1591e-07,0,0,-0.0119163,5.28954e-10,1.96063e-10,0,0,True,70.0|274,411
9|411|sample|12|274,-0.11383,2.82589e-07,4.37443e-08,0,0,-0.0140481,5.50724e-10,2.04741e-10,0,0,True,70.0|274,411
9|411|sample|3|274,1.06246,1.00312e-06,-2.70269e-06,0,0,-0.00820785,7.99181e-10,4.0096e-10,0,0,True,70.0|274,411
9|411|sample|4|274,0.11306,-6.64819e-07,1.22329e-06,0,0,0.00803074,5.16875e-12,-2.28783e-10,0,0,True,70.0|274,411
9|411|sample|5|274,0.020354,9.91904e-07,2.01818e-07,0,0,0.00710202,-4.81308e-10,-4.25977e-10,0,0,True,70.0|274,411
9|411|sample|6|274,-0.151968,2.2505e-06,-5.64885e-07,0,0,0.0153542,-5.99477e-10,-4.8768e-10,0,0,True,70.0|274,411
9|411|sample|7|274,0.120555,-5.7008e-07,-2.89818e-07,0,0,-0.00888569,6.22567e-10,2.30417e-10,0,0,True,70.0|274,411
9|411|sample|8|274,0.620485,1.02312e-06,4.11777e-07,0,0,-0.0157343,5.59019e-10,1.8302e-10,0,0,True,70.0|274,411
9|411|sample|9|274,0.0712108,-1.01869e-06,2.47369e-07,0,0,0.00196719,-1.3909e-10,-2.39797e-10,0,0,True,70.0|274,411
9|411|vc|1|2|274,-0.9384,-7.0562e-07,2.71354e-06,0,0,1.23037e-07,1.11422e-12,2.53908e-13,0,0,False,69.0|274,411
9|411|vc|2|2|274,-0.429089,-2.25983e-07,4.92221e-07,0,0,6.86683e-07,4.96936e-13,4.04121e-13,0,0,False,69.0|274,411
9|411|vc|3|2|274,0.251073,1.57015e-06,-1.2609e-06,0,0,-4.00348e-09,3.33067e-13,-1.64757e-12,0,0,False,69.0|274,411
9|411|vc|4|2|274,0.5135,1.23155e-06,-3.12582e-09,0,0,-7.03674e-08,-4.48752e-13,1.19327e-12,0,0,False,69.0|274,411
9|411|vc|5|2|274,-0.144177,3.31366e-07,1.05226e-06,0,0,4.10931e-07,1.19016e-13,1.36557e-14,0,0,False,69.0|274,411
9|411|vc|6|2|274,-0.0711235,9.28293e-09,4.03055e-07,0,0,3.17637e-07,7.16316e-13,2.67564e-13,0,0,False,69.0|274,411
9|411|vc|7|2|274,-0.00781612,-6.77519e-07,-5.80388e-07,0,0,-3.43826e-07,2.83329e-13,7.5584e-13,0,0,False,69.0|274,411
9|411|vc|8|2|274,-0.0742853,-7.43726e-08,1.36958e-06,0,0,1.70476e-07,1.25011e-13,1.22746e-12,0,0,False,69.0|274,411
