id,time,rlu,plate_row,plate_col,binary_vc,binary_cc,binary_sample,U_estimate,L_estimate,alpha_estimate,popPred_medianCOV,popPred,indivPred_SAEM,indivPred_mode,indWRes_SAEM,indWRes_mode
9|411|9|411|sample|4|274|4|274|70.0,0.0457247370827617,53482,1,4,0,0,1,60744.9,910.018,0.183344,40061.4,55424.5,55768.4,55719,-0.24262,-0.237584
9|411|9|411|sample|4|274|4|274|70.0,0.1371742112482853,45186,2,4,0,0,1,60744.9,910.018,0.183344,17959,52341.8,54050.7,53802.1,-0.970287,-0.947394
9|411|9|411|sample|4|274|4|274|70.0,0.411522633744856,36004,3,4,0,0,1,60744.9,910.018,0.183344,4909.57,34400.9,38850.5,38157.6,-0.431976,-0.332692
9|411|9|411|sample|4|274|4|274|70.0,1.23456790123457,15537,4,4,0,0,1,60744.9,910.018,0.183344,1655.05,11956.1,15054.6,14525.5,0.185357,0.402346
9|411|9|411|sample|4|274|4|274|70.0,3.7037037037037,4302,5,4,0,0,1,60744.9,910.018,0.183344,1039.56,3194.57,3990.26,3849.95,0.416252,0.62315
9|411|9|411|sample|4|274|4|274|70.0,11.1111111111111,1258,6,4,0,0,1,60744.9,910.018,0.183344,925.614,1314.73,1464.17,1437.86,-0.632988,-0.559779
9|411|9|411|sample|4|274|4|274|70.0,33.3333333333333,948,7,4,0,0,1,60744.9,910.018,0.183344,892.423,960.025,986.123,981.571,-0.155215,-0.137107
9|411|9|411|sample|4|274|4|274|70.0,100,850,8,4,0,0,1,60744.9,910.018,0.183344,850.387,861.741,866.119,865.364,-0.0714784,-0.0681681
9|411|9|411|sample|3|274|3|274|70.0,0.0457247370827617,58138,1,3,0,0,1,60744.9,910.018,0.183344,39814.4,55082.8,54111.1,54019.3,0.440281,0.451068
9|411|9|411|sample|3|274|3|274|70.0,0.1371742112482853,40956,2,3,0,0,1,60744.9,910.018,0.183344,17853.1,52033.2,47641.8,47264.6,-0.829262,-0.788658
9|411|9|411|sample|3|274|3|274|70.0,0.411522633744856,25675,3,3,0,0,1,60744.9,910.018,0.183344,4881.07,34201.2,25683.3,25106.4,-0.00189454,0.132635
9|411|9|411|sample|3|274|3|274|70.0,1.23456790123457,7926,4,3,0,0,1,60744.9,910.018,0.183344,1645.49,11887.1,7584.2,7352.72,0.252985,0.43686
9|411|9|411|sample|3|274|3|274|70.0,3.7037037037037,2156,5,3,0,0,1,60744.9,910.018,0.183344,1033.56,3176.12,2193.19,2144.81,-0.0830473,0.025445
9|411|9|411|sample|3|274|3|274|70.0,11.1111111111111,986,6,3,0,0,1,60744.9,910.018,0.183344,920.241,1307.09,1126.56,1117.96,-0.522257,-0.492924
9|411|9|411|sample|3|274|3|274|70.0,33.3333333333333,960,7,3,0,0,1,60744.9,910.018,0.183344,887.162,954.365,922.887,921.417,0.157914,0.16434
9|411|9|411|sample|3|274|3|274|70.0,100,882,8,3,0,0,1,60744.9,910.018,0.183344,845.145,856.429,851.136,850.894,0.138403,0.139515
9|411|9|411|sample|5|274|5|274|70.0,0.002286236854138,55169,1,5,0,0,1,60744.9,910.018,0.183344,56640.4,56834.6,56839,56838.7,-0.173899,-0.173866
9|411|9|411|sample|5|274|5|274|70.0,0.0068587105624142,55989,2,5,0,0,1,60744.9,910.018,0.183344,58224,59361,59387,59385,-0.338774,-0.338593
9|411|9|411|sample|5|274|5|274|70.0,0.0205761316872428,54885,3,5,0,0,1,60744.9,910.018,0.183344,53999.7,59969.4,60118.5,60107.6,-0.515478,-0.514493
9|411|9|411|sample|5|274|5|274|70.0,0.0617283950617284,49434,4,5,0,0,1,60744.9,910.018,0.183344,36406.6,58470.4,59282.1,59222.7,-0.983572,-0.978613
9|411|9|411|sample|5|274|5|274|70.0,0.1851851851851852,45208,5,5,0,0,1,60744.9,910.018,0.183344,13113.5,49986,53539.8,53269.6,-0.920584,-0.895208
9|411|9|411|sample|5|274|5|274|70.0,0.5555555555555556,30556,6,5,0,0,1,60744.9,910.018,0.183344,3465.79,27438.9,34448.2,33836.7,-0.665122,-0.570608
9|411|9|411|sample|5|274|5|274|70.0,1.66666666666667,13064,7,5,0,0,1,60744.9,910.018,0.183344,1348.94,8140.47,11715.9,11358,0.65976,0.860168
9|411|9|411|sample|5|274|5|274|70.0,5,2918,8,5,0,0,1,60744.9,910.018,0.183344,929.062,2206.42,2993.47,2911.66,-0.129691,0.0111653
9|411|9|411|sample|6|274|6|274|70.0,0.002286236854138,62015,1,6,0,0,1,60744.9,910.018,0.183344,56681.3,56875.6,56880.3,56880.5,0.534292,0.534277
9|411|9|411|sample|6|274|6|274|70.0,0.0068587105624142,61528,2,6,0,0,1,60744.9,910.018,0.183344,58264.2,59401.9,59429.8,59430.7,0.209037,0.20895
9|411|9|411|sample|6|274|6|274|70.0,0.0205761316872428,61845,3,6,0,0,1,60744.9,910.018,0.183344,54036.4,60010.2,60170.1,60175.1,0.164829,0.16432
9|411|9|411|sample|6|274|6|274|70.0,0.0617283950617284,54318,4,6,0,0,1,60744.9,910.018,0.183344,36431.3,58509.9,59381.5,59410.1,-0.504872,-0.507484
9|411|9|411|sample|6|274|6|274|70.0,0.1851851851851852,48773,5,6,0,0,1,60744.9,910.018,0.183344,13122.4,50019.8,53852.1,53990,-0.557963,-0.571663
9|411|9|411|sample|6|274|6|274|70.0,0.5555555555555556,29602,6,6,0,0,1,60744.9,910.018,0.183344,3468.14,27457.6,35123.7,35465.4,-0.925665,-0.973615
9|411|9|411|sample|6|274|6|274|70.0,1.66666666666667,12240,7,6,0,0,1,60744.9,910.018,0.183344,1349.87,8146.09,12124.3,12345.4,0.0548047,-0.0490597
9|411|9|411|sample|6|274|6|274|70.0,5,3840,8,6,0,0,1,60744.9,910.018,0.183344,929.732,2208.01,3089.71,3143.6,1.25457,1.14712
9|411|9|411|sample|8|274|8|274|70.0,0.0457247370827617,49844,1,8,0,0,1,60744.9,910.018,0.183344,40150.8,55548.1,55368.7,55361.7,-0.590438,-0.589761
9|411|9|411|sample|8|274|8|274|70.0,0.1371742112482853,46084,2,8,0,0,1,60744.9,910.018,0.183344,17997.3,52453.5,51591.3,51562.4,-0.631272,-0.628313
9|411|9|411|sample|8|274|8|274|70.0,0.411522633744856,29492,3,8,0,0,1,60744.9,910.018,0.183344,4919.88,34473.2,32499.9,32446.3,-0.544364,-0.535546
9|411|9|411|sample|8|274|8|274|70.0,1.23456790123457,12168,4,8,0,0,1,60744.9,910.018,0.183344,1658.51,11981.1,10817.4,10792.8,0.71354,0.728158
9|411|9|411|sample|8|274|8|274|70.0,3.7037037037037,3114,5,8,0,0,1,60744.9,910.018,0.183344,1041.73,3201.25,2920.95,2916.37,0.33882,0.347323
9|411|9|411|sample|8|274|8|274|70.0,11.1111111111111,1024,6,8,0,0,1,60744.9,910.018,0.183344,927.559,1317.49,1265.3,1264.68,-0.825275,-0.823449
9|411|9|411|sample|8|274|8|274|70.0,33.3333333333333,882,7,8,0,0,1,60744.9,910.018,0.183344,894.328,962.075,952.925,952.857,-0.295457,-0.295187
9|411|9|411|sample|8|274|8|274|70.0,100,778,8,8,0,0,1,60744.9,910.018,0.183344,852.285,863.664,862.119,862.114,-0.374131,-0.374113
9|411|9|411|sample|7|274|7|274|70.0,0.0457247370827617,51443,1,7,0,0,1,60744.9,910.018,0.183344,40179.7,55588.2,55219.1,55230.1,-0.404649,-0.405744
9|411|9|411|sample|7|274|7|274|70.0,0.1371742112482853,47489,2,7,0,0,1,60744.9,910.018,0.183344,18009.7,52489.7,50745,50800,-0.379386,-0.385379
9|411|9|411|sample|7|274|7|274|70.0,0.411522633744856,28239,3,7,0,0,1,60744.9,910.018,0.183344,4923.23,34496.6,30678.7,30798.5,-0.467338,-0.488406
9|411|9|411|sample|7|274|7|274|70.0,1.23456790123457,11458,4,7,0,0,1,60744.9,910.018,0.183344,1659.63,11989.2,9840.52,9906.67,0.935452,0.891477
9|411|9|411|sample|7|274|7|274|70.0,3.7037037037037,2676,5,7,0,0,1,60744.9,910.018,0.183344,1042.44,3203.42,2694.99,2711.18,-0.0356924,-0.0658083
9|411|9|411|sample|7|274|7|274|70.0,11.1111111111111,1026,6,7,0,0,1,60744.9,910.018,0.183344,928.189,1318.38,1224.23,1227.41,-0.694324,-0.704124
9|411|9|411|sample|7|274|7|274|70.0,33.3333333333333,928,7,7,0,0,1,60744.9,910.018,0.183344,894.945,962.739,946.278,946.866,-0.076498,-0.0789261
9|411|9|411|sample|7|274|7|274|70.0,100,848,8,7,0,0,1,60744.9,910.018,0.183344,852.9,864.287,861.514,861.619,-0.0601329,-0.0605957
9|411|9|411|sample|9|274|9|274|70.0,0.002286236854138,52761,1,9,0,0,1,60744.9,910.018,0.183344,56514.3,56708.1,56711.4,56711,-0.412277,-0.412236
9|411|9|411|sample|9|274|9|274|70.0,0.0068587105624142,58591,2,9,0,0,1,60744.9,910.018,0.183344,58100,59234.5,59254.3,59251.8,-0.0662757,-0.0660289
9|411|9|411|sample|9|274|9|274|70.0,0.0205761316872428,53528,3,9,0,0,1,60744.9,910.018,0.183344,53886.4,59843.7,59956.8,59942.7,-0.634906,-0.633655
9|411|9|411|sample|9|274|9|274|70.0,0.0617283950617284,55935,4,9,0,0,1,60744.9,910.018,0.183344,36330.7,58348.4,58962.6,58885.9,-0.304001,-0.296688
9|411|9|411|sample|9|274|9|274|70.0,0.1851851851851852,49128,5,9,0,0,1,60744.9,910.018,0.183344,13086.2,49881.7,52532.2,52192.9,-0.383281,-0.347297
9|411|9|411|sample|9|274|9|274|70.0,0.5555555555555556,28450,6,9,0,0,1,60744.9,910.018,0.183344,3458.52,27381.4,32380,31677.7,-0.713845,-0.599078
9|411|9|411|sample|9|274|9|274|70.0,1.66666666666667,10662,7,9,0,0,1,60744.9,910.018,0.183344,1346.07,8123.13,10545.8,10174.2,0.0629007,0.273292
9|411|9|411|sample|9|274|9|274|70.0,5,3030,8,9,0,0,1,60744.9,910.018,0.183344,926.993,2201.51,2724.49,2642.55,0.569059,0.740623
9|411|9|411|sample|10|274|10|274|70.0,0.002286236854138,53166,1,10,0,0,1,60744.9,910.018,0.183344,56165.9,56358.5,56363.2,56363.2,-0.335718,-0.335712
9|411|9|411|sample|10|274|10|274|70.0,0.0068587105624142,61628,2,10,0,0,1,60744.9,910.018,0.183344,57757.4,58885.3,58913.4,58913.1,0.272803,0.272835
9|411|9|411|sample|10|274|10|274|70.0,0.0205761316872428,54148,3,10,0,0,1,60744.9,910.018,0.183344,53573.7,59496.3,59657.4,59655.8,-0.546812,-0.546669
9|411|9|411|sample|10|274|10|274|70.0,0.0617283950617284,54949,4,10,0,0,1,60744.9,910.018,0.183344,36120.9,58011.4,58889.4,58881.5,-0.39615,-0.395403
9|411|9|411|sample|10|274|10|274|70.0,0.1851851851851852,46394,5,10,0,0,1,60744.9,910.018,0.183344,13010.6,49593.6,53458.2,53424.7,-0.781706,-0.778482
9|411|9|411|sample|10|274|10|274|70.0,0.5555555555555556,30684,6,10,0,0,1,60744.9,910.018,0.183344,3438.45,27222.5,34978.9,34907.3,-0.722951,-0.71234
9|411|9|411|sample|10|274|10|274|70.0,1.66666666666667,13846,7,10,0,0,1,60744.9,910.018,0.183344,1338.13,8075.24,12116.6,12077.3,0.819435,0.840681
9|411|9|411|sample|10|274|10|274|70.0,5,3124,8,10,0,0,1,60744.9,910.018,0.183344,921.279,2187.94,3084.78,3076.81,0.0656629,0.0791906
9|411|9|411|sample|12|274|12|274|70.0,0.0457247370827617,47309,1,12,0,0,1,60744.9,910.018,0.183344,37312.5,51621.5,51309.7,51197.9,-0.461074,-0.449163
9|411|9|411|sample|12|274|12|274|70.0,0.1371742112482853,39899,2,12,0,0,1,60744.9,910.018,0.183344,16780.4,48906.8,47424.1,46916.1,-0.937603,-0.883681
9|411|9|411|sample|12|274|12|274|70.0,0.411522633744856,26409,3,12,0,0,1,60744.9,910.018,0.183344,4592.37,32178.3,28905.8,27907,-0.50713,-0.314967
9|411|9|411|sample|12|274|12|274|70.0,1.23456790123457,9114,4,12,0,0,1,60744.9,910.018,0.183344,1548.65,11187.5,9331.14,8830.46,-0.1321,0.181771
9|411|9|411|sample|12|274|12|274|70.0,3.7037037037037,2878,5,12,0,0,1,60744.9,910.018,0.183344,972.733,2989.21,2548.75,2435.95,0.648865,0.904867
9|411|9|411|sample|12|274|12|274|70.0,11.1111111111111,968,6,12,0,0,1,60744.9,910.018,0.183344,865.812,1229.78,1148.19,1127.71,-0.66061,-0.592981
9|411|9|411|sample|12|274|12|274|70.0,33.3333333333333,796,7,12,0,0,1,60744.9,910.018,0.183344,833.856,897.022,882.77,879.239,-0.380073,-0.365553
9|411|9|411|sample|12|274|12|274|70.0,100,796,8,12,0,0,1,60744.9,910.018,0.183344,792.037,802.612,800.219,799.633,-0.0196699,-0.0169455
9|411|9|411|sample|11|274|11|274|70.0,0.0457247370827617,54260,1,11,0,0,1,60744.9,910.018,0.183344,39141.7,54152.1,54056.1,54026.1,0.0223169,0.0256098
9|411|9|411|sample|11|274|11|274|70.0,0.1371742112482853,45084,2,11,0,0,1,60744.9,910.018,0.183344,17564.7,51192.6,50726.2,50587.3,-0.657663,-0.643218
9|411|9|411|sample|11|274|11|274|70.0,0.411522633744856,27045,3,11,0,0,1,60744.9,910.018,0.183344,4803.44,33657.3,32565,32261.5,-0.997044,-0.950949
9|411|9|411|sample|11|274|11|274|70.0,1.23456790123457,12392,4,11,0,0,1,60744.9,910.018,0.183344,1619.45,11699,11038.5,10868.3,0.701338,0.801427
9|411|9|411|sample|11|274|11|274|70.0,3.7037037037037,3032,5,11,0,0,1,60744.9,910.018,0.183344,1017.2,3125.87,2964.98,2925.64,0.116126,0.186414
9|411|9|411|sample|11|274|11|274|70.0,11.1111111111111,1264,6,11,0,0,1,60744.9,910.018,0.183344,905.606,1286.31,1256.2,1249.15,0.0268065,0.0512487
9|411|9|411|sample|11|274|11|274|70.0,33.3333333333333,860,7,11,0,0,1,60744.9,910.018,0.183344,872.829,938.947,933.651,932.463,-0.310998,-0.306236
9|411|9|411|sample|11|274|11|274|70.0,100,802,8,11,0,0,1,60744.9,910.018,0.183344,830.865,841.958,841.062,840.869,-0.176503,-0.175659
9|411|9|411|cc|1|1|274|1|274|69.0,0,868,1,1,0,1,0,60744.9,910.018,0.183344,791.411,791.411,791.411,791.411,0.359588,0.359588
9|411|9|411|cc|2|1|274|1|274|69.0,0,912,2,1,0,1,0,60744.9,910.018,0.183344,830.114,830.114,830.114,830.114,0.373099,0.373099
9|411|9|411|cc|3|1|274|1|274|69.0,0,846,3,1,0,1,0,60744.9,910.018,0.183344,844.126,844.126,844.126,844.126,0.00844838,0.00844838
9|411|9|411|cc|4|1|274|1|274|69.0,0,900,4,1,0,1,0,60744.9,910.018,0.183344,848.666,848.666,848.666,848.666,0.230627,0.230627
9|411|9|411|cc|5|1|274|1|274|69.0,0,962,5,1,0,1,0,60744.9,910.018,0.183344,848.666,848.666,848.666,848.666,0.509173,0.509173
9|411|9|411|cc|6|1|274|1|274|69.0,0,886,6,1,0,1,0,60744.9,910.018,0.183344,844.126,844.126,844.126,844.126,0.188772,0.188772
9|411|9|411|cc|7|1|274|1|274|69.0,0,922,7,1,0,1,0,60744.9,910.018,0.183344,830.114,830.114,830.114,830.114,0.418662,0.418662
9|411|9|411|cc|8|1|274|1|274|69.0,0,984,8,1,0,1,0,60744.9,910.018,0.183344,791.411,791.411,791.411,791.411,0.904211,0.904211
9|411|9|411|vc|1|2|274|2|274|69.0,0,57888,1,2,1,0,0,60744.9,910.018,0.183344,55417.5,55417.5,55417.5,55417.5,0.263797,0.263797
9|411|9|411|vc|2|2|274|2|274|69.0,0,57026,2,2,1,0,0,60744.9,910.018,0.183344,58001,58001,58001,58001,-0.099508,-0.099508
9|411|9|411|vc|3|2|274|2|274|69.0,0,62361,3,2,1,0,0,60744.9,910.018,0.183344,58936.3,58936.3,58936.3,58936.3,0.34403,0.34403
9|411|9|411|vc|4|2|274|2|274|69.0,0,58423,4,2,1,0,0,60744.9,910.018,0.183344,59239.4,59239.4,59239.4,59239.4,-0.0815919,-0.0815919
9|411|9|411|vc|5|2|274|2|274|69.0,0,61789,5,2,1,0,0,60744.9,910.018,0.183344,59239.4,59239.4,59239.4,59239.4,0.254825,0.254825
9|411|9|411|vc|6|2|274|2|274|69.0,0,57424,6,2,1,0,0,60744.9,910.018,0.183344,58936.3,58936.3,58936.3,58936.3,-0.151918,-0.151918
9|411|9|411|vc|7|2|274|2|274|69.0,0,54022,7,2,1,0,0,60744.9,910.018,0.183344,58001,58001,58001,58001,-0.406102,-0.406102
9|411|9|411|vc|8|2|274|2|274|69.0,0,54322,8,2,1,0,0,60744.9,910.018,0.183344,55417.5,55417.5,55417.5,55417.5,-0.116977,-0.116977
8|152|8|152|sample|8|322|8|322|65.0,0.0016767999999999,93531,1,8,0,0,1,96485.2,695.259,0.10151,92848.6,93021.4,93036.6,93035.8,0.031554,0.0316033
8|152|8|152|sample|8|322|8|322|65.0,0.0083839999999999,89173,2,8,0,0,1,96485.2,695.259,0.10151,92669.7,94868.6,95066.7,95056.9,-0.368173,-0.367599
8|152|8|152|sample|8|322|8|322|65.0,0.04192,74809,3,8,0,0,1,96485.2,695.259,0.10151,70360.3,90532.5,92873.1,92757.5,-1.15496,-1.14899
8|152|8|152|sample|8|322|8|322|65.0,0.2096,45160,4,8,0,0,1,96485.2,695.259,0.10151,17367.9,53845.9,66445.3,65720.2,-1.89831,-1.85373
8|152|8|152|sample|8|322|8|322|65.0,1.048,15135,5,8,0,0,1,96485.2,695.259,0.10151,2245.69,9197.51,14682.3,14280.2,0.178215,0.345662
8|152|8|152|sample|8|322|8|322|65.0,5.24,2264,6,8,0,0,1,96485.2,695.259,0.10151,815.447,1413.98,1950.43,1909.94,0.770111,0.884274
8|152|8|152|sample|8|322|8|322|65.0,26.2,818,7,8,0,0,1,96485.2,695.259,0.10151,696.427,743.142,785.385,782.265,0.153858,0.168991
8|152|8|152|sample|8|322|8|322|65.0,131,656,8,8,0,0,1,96485.2,695.259,0.10151,671.278,674.841,678.058,677.827,-0.113702,-0.112534
8|152|8|152|sample|7|322|7|322|65.0,0.0016767999999999,91095,1,7,0,0,1,96485.2,695.259,0.10151,92884.5,93057.4,93076.3,93075.2,-0.126403,-0.126331
8|152|8|152|sample|7|322|7|322|65.0,0.0083839999999999,90851,2,7,0,0,1,96485.2,695.259,0.10151,92704.8,94904.5,95150.3,95135.3,-0.268334,-0.267445
8|152|8|152|sample|7|322|7|322|65.0,0.04192,78819,3,7,0,0,1,96485.2,695.259,0.10151,70386.7,90566.5,93487.9,93307.8,-0.931742,-0.922068
8|152|8|152|sample|7|322|7|322|65.0,0.2096,44579,4,7,0,0,1,96485.2,695.259,0.10151,17374.4,53866,70445.2,69183.6,-2.17676,-2.10809
8|152|8|152|sample|7|322|7|322|65.0,1.048,16869,5,7,0,0,1,96485.2,695.259,0.10151,2246.53,9200.95,17262.5,16394.7,-0.132388,0.167752
8|152|8|152|sample|7|322|7|322|65.0,5.24,2542,6,7,0,0,1,96485.2,695.259,0.10151,815.753,1414.51,2226.59,2133.26,0.695597,0.933595
8|152|8|152|sample|7|322|7|322|65.0,26.2,990,7,7,0,0,1,96485.2,695.259,0.10151,696.69,743.423,807.571,800.245,0.845759,0.884757
8|152|8|152|sample|7|322|7|322|65.0,131,662,8,7,0,0,1,96485.2,695.259,0.10151,671.538,675.102,679.992,679.441,-0.0925877,-0.089793
8|152|8|152|sample|6|322|6|322|65.0,0.0004351999999999,97021,1,6,0,0,1,96485.2,695.259,0.10151,93068.1,93088.5,93090.8,93090.9,0.250698,0.250692
8|152|8|152|sample|6|322|6|322|65.0,0.0021759999999999,93823,2,6,0,0,1,96485.2,695.259,0.10151,95042.8,95310.1,95340.1,95341.4,-0.0945016,-0.0945803
8|152|8|152|sample|6|322|6|322|65.0,0.0108799999999999,90270,3,6,0,0,1,96485.2,695.259,0.10151,92190.4,95487.6,95871.3,95888.1,-0.346984,-0.347963
8|152|8|152|sample|6|322|6|322|65.0,0.0543999999999999,68233,4,6,0,0,1,96485.2,695.259,0.10151,62100.9,88185,92546.5,92749.9,-1.55998,-1.5696
8|152|8|152|sample|6|322|6|322|65.0,0.2719999999999999,39599,5,6,0,0,1,96485.2,695.259,0.10151,12423.3,44017,62663,63890.2,-2.18016,-2.25238
8|152|8|152|sample|6|322|6|322|65.0,1.36,10738,6,6,0,0,1,96485.2,695.259,0.10151,1722.59,6480.06,12644.8,13259.3,-0.867157,-1.09532
8|152|8|152|sample|6|322|6|322|65.0,6.8,2696,7,6,0,0,1,96485.2,695.259,0.10151,767.681,1161.69,1732.21,1794.3,2.60052,2.36657
8|152|8|152|sample|6|322|6|322|65.0,34,918,8,6,0,0,1,96485.2,695.259,0.10151,676.954,707.149,751.275,756.119,0.808296,0.781737
8|152|8|152|sample|5|322|5|322|65.0,0.0004351999999999,94324,1,5,0,0,1,96485.2,695.259,0.10151,93032,93052.4,93054.1,93054.3,0.0810341,0.0810203
8|152|8|152|sample|5|322|5|322|65.0,0.0021759999999999,94458,2,5,0,0,1,96485.2,695.259,0.10151,95006.8,95274,95296,95298.9,-0.0522257,-0.0524
8|152|8|152|sample|5|322|5|322|65.0,0.0108799999999999,93359,3,5,0,0,1,96485.2,695.259,0.10151,92155.8,95451.8,95732.5,95769,-0.147241,-0.149452
8|152|8|152|sample|5|322|5|322|65.0,0.0543999999999999,70654,4,5,0,0,1,96485.2,695.259,0.10151,62077.6,88152,91301.6,91732.4,-1.34274,-1.36435
8|152|8|152|sample|5|322|5|322|65.0,0.2719999999999999,40370,5,5,0,0,1,96485.2,695.259,0.10151,12418.7,44000.5,56225,58389.9,-1.66887,-1.827
8|152|8|152|sample|5|322|5|322|65.0,1.36,8986,6,5,0,0,1,96485.2,695.259,0.10151,1721.94,6477.63,9980.28,10803.5,-0.567344,-0.961437
8|152|8|152|sample|5|322|5|322|65.0,6.8,2416,7,5,0,0,1,96485.2,695.259,0.10151,767.391,1161.25,1476.07,1554.33,2.86824,2.52827
8|152|8|152|sample|5|322|5|322|65.0,34,924,8,5,0,0,1,96485.2,695.259,0.10151,676.692,706.875,731.164,737.232,0.950413,0.915918
8|152|8|152|sample|12|322|12|322|28.0,0.0014272,79697,1,12,0,0,1,96485.2,695.259,0.10151,89367.6,89496.5,89459,89452,-0.647841,-0.647426
8|152|8|152|sample|12|322|12|322|28.0,0.007136,67002,2,12,0,0,1,96485.2,695.259,0.10151,89798.8,91451.2,90964,90874.2,-1.56403,-1.5597
8|152|8|152|sample|12|322|12|322|28.0,0.03568,48627,3,12,0,0,1,96485.2,695.259,0.10151,72125.3,88368.5,82918.5,81990.3,-2.45418,-2.41462
8|152|8|152|sample|12|322|12|322|28.0,0.1784,20494,4,12,0,0,1,96485.2,695.259,0.10151,20404.2,57576,37385.5,35160.5,-2.66259,-2.45619
8|152|8|152|sample|12|322|12|322|28.0,0.892,5710,5,12,0,0,1,96485.2,695.259,0.10151,2589,10977.1,5194.88,4779.89,0.541797,1.05547
8|152|8|152|sample|12|322|12|322|28.0,4.46,1250,6,12,0,0,1,96485.2,695.259,0.10151,819.775,1562.13,1036.1,1001.14,0.84218,1.00292
8|152|8|152|sample|12|322|12|322|28.0,22.3,570,7,12,0,0,1,96485.2,695.259,0.10151,673.271,731.33,690.073,687.376,-0.612579,-0.600201
8|152|8|152|sample|12|322|12|322|28.0,111.5,678,8,12,0,0,1,96485.2,695.259,0.10151,645.988,650.413,647.266,647.063,0.16275,0.163856
8|152|8|152|sample|11|322|11|322|28.0,0.0014272,86935,1,11,0,0,1,96485.2,695.259,0.10151,91641.2,91773.3,91736.5,91736.6,-0.310775,-0.310783
8|152|8|152|sample|11|322|11|322|28.0,0.007136,80844,2,11,0,0,1,96485.2,695.259,0.10151,92026.7,93720.2,93242.1,93244.5,-0.789568,-0.789704
8|152|8|152|sample|11|322|11|322|28.0,0.03568,56954,3,11,0,0,1,96485.2,695.259,0.10151,73898.9,90541.5,85181.1,85215.1,-1.9668,-1.96839
8|152|8|152|sample|11|322|11|322|28.0,0.1784,26467,4,11,0,0,1,96485.2,695.259,0.10151,20904.5,58987.8,38878.9,38988.7,-1.88223,-1.8936
8|152|8|152|sample|11|322|11|322|28.0,0.892,6328,5,11,0,0,1,96485.2,695.259,0.10151,2652.48,11246.2,5435.57,5461.56,0.900456,0.870414
8|152|8|152|sample|11|322|11|322|28.0,4.46,1324,6,11,0,0,1,96485.2,695.259,0.10151,839.934,1600.55,1071.26,1073.84,0.972548,0.961017
8|152|8|152|sample|11|322|11|322|28.0,22.3,672,7,11,0,0,1,96485.2,695.259,0.10151,689.976,749.475,707.949,708.178,-0.18064,-0.181758
8|152|8|152|sample|11|322|11|322|28.0,111.5,632,8,11,0,0,1,96485.2,695.259,0.10151,662.423,666.96,663.79,663.81,-0.165911,-0.166013
8|152|8|152|sample|10|322|10|322|28.0,0.0004479999999999,91021,1,10,0,0,1,96485.2,695.259,0.10151,92612.2,92633.5,92626,92626.5,-0.102892,-0.102923
8|152|8|152|sample|10|322|10|322|28.0,0.00224,88793,2,10,0,0,1,96485.2,695.259,0.10151,94574.5,94852.9,94755.2,94761.7,-0.37367,-0.374052
8|152|8|152|sample|10|322|10|322|28.0,0.0111999999999999,78376,3,10,0,0,1,96485.2,695.259,0.10151,91575.6,95003.6,93772.1,93854.8,-0.974986,-0.97936
8|152|8|152|sample|10|322|10|322|28.0,0.0559999999999999,50978,4,10,0,0,1,96485.2,695.259,0.10151,60794.6,87417.2,75740,76446.6,-1.93908,-1.97609
8|152|8|152|sample|10|322|10|322|28.0,0.2799999999999999,18817,5,10,0,0,1,96485.2,695.259,0.10151,11902.4,42727.6,22059.3,22828,-0.858601,-1.02713
8|152|8|152|sample|10|322|10|322|28.0,1.4,3464,6,10,0,0,1,96485.2,695.259,0.10151,1668.92,6205.88,2785.22,2883.12,1.24082,1.03096
8|152|8|152|sample|10|322|10|322|28.0,7,1220,7,10,0,0,1,96485.2,695.259,0.10151,760.426,1135.05,849.329,857.382,1.66448,1.61851
8|152|8|152|sample|10|322|10|322|28.0,35,690,8,10,0,0,1,96485.2,695.259,0.10151,673.372,702.071,680.154,680.779,0.0506591,0.047418
8|152|8|152|sample|9|322|9|322|28.0,0.0004479999999999,92933,1,9,0,0,1,96485.2,695.259,0.10151,92919.6,92940.9,92938.2,92937.7,-0.000331718,-0.000301801
8|152|8|152|sample|9|322|9|322|28.0,0.00224,84649,2,9,0,0,1,96485.2,695.259,0.10151,94880.9,95160.2,95124.1,95118.1,-0.653975,-0.653639
8|152|8|152|sample|9|322|9|322|28.0,0.0111999999999999,78182,3,9,0,0,1,96485.2,695.259,0.10151,91869.7,95308.7,94850,94774.8,-1.0436,-1.03971
8|152|8|152|sample|9|322|9|322|28.0,0.0559999999999999,55239,4,9,0,0,1,96485.2,695.259,0.10151,60989.4,87697.2,82978.5,82261.5,-1.98384,-1.9493
8|152|8|152|sample|9|322|9|322|28.0,0.2799999999999999,20004,5,9,0,0,1,96485.2,695.259,0.10151,11940.5,42864.4,31774.3,30524.3,-2.17811,-2.02528
8|152|8|152|sample|9|322|9|322|28.0,1.4,4986,6,9,0,0,1,96485.2,695.259,0.10151,1674.28,6225.81,4144.71,3952.67,1.0858,1.39144
8|152|8|152|sample|9|322|9|322|28.0,7,1028,7,9,0,0,1,96485.2,695.259,0.10151,762.89,1138.73,962.381,946.755,0.271561,0.339913
8|152|8|152|sample|9|322|9|322|28.0,35,722,8,9,0,0,1,96485.2,695.259,0.10151,675.607,704.401,690.845,689.667,0.158841,0.16501
8|152|8|152|sample|3|322|3|322|22.0,0.0010624,87858,1,3,0,0,1,96485.2,695.259,0.10151,92537.2,92620.8,92623.3,92624.1,-0.305493,-0.305544
8|152|8|152|sample|3|322|3|322|22.0,0.005312,88455,2,3,0,0,1,96485.2,695.259,0.10151,93606.3,94687,94719.3,94730.4,-0.392748,-0.393399
8|152|8|152|sample|3|322|3|322|22.0,0.02656,77137,3,3,0,0,1,96485.2,695.259,0.10151,81258.5,92932.8,93326.7,93466.1,-1.03011,-1.03743
8|152|8|152|sample|3|322|3|322|22.0,0.1328,46188,4,3,0,0,1,96485.2,695.259,0.10151,29566.3,69323.2,72196.4,73288.2,-2.13598,-2.19271
8|152|8|152|sample|3|322|3|322|22.0,0.664,17047,5,3,0,0,1,96485.2,695.259,0.10151,3820.1,16635.2,18786.5,19728.5,-0.538898,-0.791999
8|152|8|152|sample|3|322|3|322|22.0,3.32,3062,6,3,0,0,1,96485.2,695.259,0.10151,941.025,2157.64,2396.36,2506.7,1.38133,1.10977
8|152|8|152|sample|3|322|3|322|22.0,16.6,1382,7,3,0,0,1,96485.2,695.259,0.10151,703.4,799.173,818.292,827.076,2.59182,2.53429
8|152|8|152|sample|3|322|3|322|22.0,83,840,8,3,0,0,1,96485.2,695.259,0.10151,669.022,676.33,677.959,678.462,0.835332,0.832378
8|152|8|152|sample|4|322|4|322|22.0,0.0010624,92432,1,4,0,0,1,96485.2,695.259,0.10151,92844.3,92928.2,92934.5,92934.1,-0.0321069,-0.0320839
8|152|8|152|sample|4|322|4|322|22.0,0.005312,90579,2,4,0,0,1,96485.2,695.259,0.10151,93909.6,94993.7,95075.7,95071.1,-0.280879,-0.280605
8|152|8|152|sample|4|322|4|322|22.0,0.02656,76034,3,4,0,0,1,96485.2,695.259,0.10151,81519.5,93231.3,94242.2,94186.4,-1.14735,-1.1445
8|152|8|152|sample|4|322|4|322|22.0,0.1328,50378,4,4,0,0,1,96485.2,695.259,0.10151,29661,69545.3,77410.5,76947.6,-2.07148,-2.04818
8|152|8|152|sample|4|322|4|322|22.0,0.664,19217,5,4,0,0,1,96485.2,695.259,0.10151,3832.34,16688.4,23692.2,23183.8,-1.10504,-1.00055
8|152|8|152|sample|4|322|4|322|22.0,3.32,3728,6,4,0,0,1,96485.2,695.259,0.10151,944.047,2164.57,2991.03,2928.15,1.26732,1.40084
8|152|8|152|sample|4|322|4|322|22.0,16.6,1054,7,4,0,0,1,96485.2,695.259,0.10151,705.678,801.762,867.973,863.051,0.823788,0.848683
8|152|8|152|sample|4|322|4|322|22.0,83,902,8,4,0,0,1,96485.2,695.259,0.10151,671.242,678.575,683.624,683.26,1.12026,1.12248
8|152|8|152|cc|1|1|322|1|322|69.0,0,712,1,1,0,1,0,96485.2,695.259,0.10151,645.088,645.088,645.088,645.088,0.355014,0.355014
8|152|8|152|cc|2|1|322|1|322|69.0,0,712,2,1,0,1,0,96485.2,695.259,0.10151,661.46,661.46,661.46,661.46,0.264306,0.264306
8|152|8|152|cc|3|1|322|1|322|69.0,0,642,3,1,0,1,0,96485.2,695.259,0.10151,667.387,667.387,667.387,667.387,-0.132077,-0.132077
8|152|8|152|cc|4|1|322|1|322|69.0,0,720,4,1,0,1,0,96485.2,695.259,0.10151,669.307,669.307,669.307,669.307,0.263293,0.263293
8|152|8|152|cc|5|1|322|1|322|69.0,0,666,5,1,0,1,0,96485.2,695.259,0.10151,669.307,669.307,669.307,669.307,-0.0171777,-0.0171777
8|152|8|152|cc|6|1|322|1|322|69.0,0,674,6,1,0,1,0,96485.2,695.259,0.10151,667.387,667.387,667.387,667.387,0.0344059,0.0344059
8|152|8|152|cc|7|1|322|1|322|69.0,0,722,7,1,0,1,0,96485.2,695.259,0.10151,661.46,661.46,661.46,661.46,0.316602,0.316602
8|152|8|152|cc|8|1|322|1|322|69.0,0,714,8,1,0,1,0,96485.2,695.259,0.10151,645.088,645.088,645.088,645.088,0.365625,0.365625
8|152|8|152|vc|1|2|322|2|322|69.0,0,94260,1,2,1,0,0,96485.2,695.259,0.10151,91800.2,91800.2,91800.2,91800.2,0.159099,0.159099
8|152|8|152|vc|2|2|322|2|322|69.0,0,95803,2,2,1,0,0,96485.2,695.259,0.10151,94072.2,94072.2,94072.2,94072.2,0.109261,0.109261
8|152|8|152|vc|3|2|322|2|322|69.0,0,99229,3,2,1,0,0,96485.2,695.259,0.10151,94894.7,94894.7,94894.7,94894.7,0.271247,0.271247
8|152|8|152|vc|4|2|322|2|322|69.0,0,96260,4,2,1,0,0,96485.2,695.259,0.10151,95161.2,95161.2,95161.2,95161.2,0.068572,0.068572
8|152|8|152|vc|5|2|322|2|322|69.0,0,93357,5,2,1,0,0,96485.2,695.259,0.10151,95161.2,95161.2,95161.2,95161.2,-0.112595,-0.112595
8|152|8|152|vc|6|2|322|2|322|69.0,0,92328,6,2,1,0,0,96485.2,695.259,0.10151,94894.7,94894.7,94894.7,94894.7,-0.160627,-0.160627
8|152|8|152|vc|7|2|322|2|322|69.0,0,91784,7,2,1,0,0,96485.2,695.259,0.10151,94072.2,94072.2,94072.2,94072.2,-0.144442,-0.144442
8|152|8|152|vc|8|2|322|2|322|69.0,0,89680,8,2,1,0,0,96485.2,695.259,0.10151,91800.2,91800.2,91800.2,91800.2,-0.137135,-0.137135
8|1056|8|1056|sample|8|276|8|276|65.0,0.0016767999999999,118740,1,8,0,0,1,122610,713.746,0.0353313,120822,120822,120955,120950,-0.108882,-0.108637
8|1056|8|1056|sample|8|276|8|276|65.0,0.0083839999999999,113636,2,8,0,0,1,122610,713.746,0.0353313,118688,118688,120335,120273,-0.330952,-0.328054
8|1056|8|1056|sample|8|276|8|276|65.0,0.04192,84503,3,8,0,0,1,122610,713.746,0.0353313,89568.2,89568.2,103112,102549,-1.07219,-1.04544
8|1056|8|1056|sample|8|276|8|276|65.0,0.2096,42717,4,8,0,0,1,122610,713.746,0.0353313,21940.4,21940.4,36322.2,35489.5,1.03713,1.1993
8|1056|8|1056|sample|8|276|8|276|65.0,1.048,4102,5,8,0,0,1,122610,713.746,0.0353313,2688.07,2688.07,4515.69,4398.33,-0.494275,-0.362574
8|1056|8|1056|sample|8|276|8|276|65.0,5.24,716,6,8,0,0,1,122610,713.746,0.0353313,869.246,869.246,1017.98,1008.56,-1.20334,-1.1732
8|1056|8|1056|sample|8|276|8|276|65.0,26.2,656,7,8,0,0,1,122610,713.746,0.0353313,722.956,722.956,734.553,733.839,-0.386074,-0.38279
8|1056|8|1056|sample|8|276|8|276|65.0,131,828,8,8,0,0,1,122610,713.746,0.0353313,705.863,705.863,706.759,706.706,0.609839,0.610134
8|1056|8|1056|sample|7|276|7|276|65.0,0.0016767999999999,121659,1,7,0,0,1,122610,713.746,0.0353313,120838,120838,120972,120962,0.0337612,0.0342706
8|1056|8|1056|sample|7|276|7|276|65.0,0.0083839999999999,115654,2,7,0,0,1,122610,713.746,0.0353313,118704,118704,120361,120233,-0.2325,-0.226425
8|1056|8|1056|sample|7|276|7|276|65.0,0.04192,88699,3,7,0,0,1,122610,713.746,0.0353313,89579.9,89579.9,103224,102053,-0.835967,-0.777343
8|1056|8|1056|sample|7|276|7|276|65.0,0.2096,41994,4,7,0,0,1,122610,713.746,0.0353313,21943.3,21943.3,36479.8,34746.2,0.890497,1.22805
8|1056|8|1056|sample|7|276|7|276|65.0,1.048,3906,5,7,0,0,1,122610,713.746,0.0353313,2688.42,2688.42,4538.66,4292.19,-0.752436,-0.483023
8|1056|8|1056|sample|7|276|7|276|65.0,5.24,700,6,7,0,0,1,122610,713.746,0.0353313,869.36,869.36,1019.96,999.894,-1.27331,-1.20964
8|1056|8|1056|sample|7|276|7|276|65.0,26.2,682,7,7,0,0,1,122610,713.746,0.0353313,723.05,723.05,734.793,733.246,-0.259419,-0.252139
8|1056|8|1056|sample|7|276|7|276|65.0,131,978,8,7,0,0,1,122610,713.746,0.0353313,705.956,705.956,706.863,706.745,1.36369,1.36442
8|1056|8|1056|sample|6|276|6|276|65.0,0.0004351999999999,124775,1,6,0,0,1,122610,713.746,0.0353313,121077,121077,121092,121093,0.180803,0.180779
8|1056|8|1056|sample|6|276|6|276|65.0,0.0021759999999999,126207,2,6,0,0,1,122610,713.746,0.0353313,121702,121702,121893,121899,0.210413,0.210097
8|1056|8|1056|sample|6|276|6|276|65.0,0.0108799999999999,119281,3,6,0,0,1,122610,713.746,0.0353313,117382,117382,119692,119772,-0.0204119,-0.0243537
8|1056|8|1056|sample|6|276|6|276|65.0,0.0543999999999999,96692,4,6,0,0,1,122610,713.746,0.0353313,78871.5,78871.5,94455.9,95112.9,0.140587,0.0985989
8|1056|8|1056|sample|6|276|6|276|65.0,0.2719999999999999,31741,5,6,0,0,1,122610,713.746,0.0353313,15641.5,15641.5,25854.1,26489.1,1.33427,1.16233
8|1056|8|1056|sample|6|276|6|276|65.0,1.36,2592,6,6,0,0,1,122610,713.746,0.0353313,2025.67,2025.67,3132.43,3210.59,-0.892959,-1.00046
8|1056|8|1056|sample|6|276|6|276|65.0,6.8,696,7,6,0,0,1,122610,713.746,0.0353313,814.081,814.081,902.554,909.048,-0.891808,-0.915546
8|1056|8|1056|sample|6|276|6|276|65.0,34,792,8,6,0,0,1,122610,713.746,0.0353313,713.011,713.011,719.864,720.382,0.358878,0.356146
8|1056|8|1056|sample|5|276|5|276|65.0,0.0004351999999999,127222,1,5,0,0,1,122610,713.746,0.0353313,121061,121061,121077,121076,0.301736,0.301786
8|1056|8|1056|sample|5|276|5|276|65.0,0.0021759999999999,128464,2,5,0,0,1,122610,713.746,0.0353313,121686,121686,121884,121872,0.320968,0.321599
8|1056|8|1056|sample|5|276|5|276|65.0,0.0108799999999999,127679,3,5,0,0,1,122610,713.746,0.0353313,117367,117367,119760,119611,0.393109,0.40099
8|1056|8|1056|sample|5|276|5|276|65.0,0.0543999999999999,99273,4,5,0,0,1,122610,713.746,0.0353313,78861.2,78861.2,95110.8,93946.5,0.259889,0.336687
8|1056|8|1056|sample|5|276|5|276|65.0,0.2719999999999999,30808,5,5,0,0,1,122610,713.746,0.0353313,15639.5,15639.5,26476.8,25416.4,0.959008,1.24266
8|1056|8|1056|sample|5|276|5|276|65.0,1.36,2194,6,5,0,0,1,122610,713.746,0.0353313,2025.41,2025.41,3206.85,3082.75,-1.63977,-1.48898
8|1056|8|1056|sample|5|276|5|276|65.0,6.8,672,7,5,0,0,1,122610,713.746,0.0353313,813.974,813.974,908.478,898.634,-1.01665,-0.981287
8|1056|8|1056|sample|5|276|5|276|65.0,34,838,8,5,0,0,1,122610,713.746,0.0353313,712.917,712.917,720.238,719.488,0.585687,0.589786
8|1056|8|1056|sample|12|276|12|276|28.0,0.0014272,103621,1,12,0,0,1,122610,713.746,0.0353313,119323,119323,118578,118524,-0.749821,-0.747476
8|1056|8|1056|sample|12|276|12|276|28.0,0.007136,90392,2,12,0,0,1,122610,713.746,0.0353313,117911,117911,109285,108722,-1.02736,-1.00185
8|1056|8|1056|sample|12|276|12|276|28.0,0.03568,45926,3,12,0,0,1,122610,713.746,0.0353313,94112.5,94112.5,52331.7,50771.2,-0.723959,-0.564265
8|1056|8|1056|sample|12|276|12|276|28.0,0.1784,8166,4,12,0,0,1,122610,713.746,0.0353313,26452.7,26452.7,7379.29,7057.27,0.59747,0.878
8|1056|8|1056|sample|12|276|12|276|28.0,0.892,754,5,12,0,0,1,122610,713.746,0.0353313,3209.11,3209.11,1253.25,1225.9,-1.71936,-1.65122
8|1056|8|1056|sample|12|276|12|276|28.0,4.46,634,6,12,0,0,1,122610,713.746,0.0353313,902.987,902.987,746.736,744.625,-0.548576,-0.539231
8|1056|8|1056|sample|12|276|12|276|28.0,22.3,642,7,12,0,0,1,122610,713.746,0.0353313,717.2,717.2,705.011,704.85,-0.317409,-0.316641
8|1056|8|1056|sample|12|276|12|276|28.0,111.5,824,8,12,0,0,1,122610,713.746,0.0353313,697.023,697.023,696.078,696.066,0.649288,0.649354
8|1056|8|1056|sample|11|276|11|276|28.0,0.0014272,105151,1,11,0,0,1,122610,713.746,0.0353313,120329,120329,119822,119796,-0.727896,-0.726737
8|1056|8|1056|sample|11|276|11|276|28.0,0.007136,95978,2,11,0,0,1,122610,713.746,0.0353313,118896,118896,112902,112611,-0.890922,-0.877831
8|1056|8|1056|sample|11|276|11|276|28.0,0.03568,58120,3,11,0,0,1,122610,713.746,0.0353313,94896.7,94896.7,61697.4,60640.9,-0.343409,-0.246175
8|1056|8|1056|sample|11|276|11|276|28.0,0.1784,10642,4,11,0,0,1,122610,713.746,0.0353313,26672.9,26672.9,9594.42,9318.93,0.620652,0.805914
8|1056|8|1056|sample|11|276|11|276|28.0,0.892,906,5,11,0,0,1,122610,713.746,0.0353313,3235.82,3235.82,1453.57,1429.56,-1.69039,-1.63661
8|1056|8|1056|sample|11|276|11|276|28.0,4.46,610,6,11,0,0,1,122610,713.746,0.0353313,910.51,910.51,767.903,766.064,-0.755328,-0.747632
8|1056|8|1056|sample|11|276|11|276|28.0,22.3,712,7,11,0,0,1,122610,713.746,0.0353313,723.194,723.194,712.066,711.927,-0.000329415,0.000364791
8|1056|8|1056|sample|11|276|11|276|28.0,111.5,888,8,11,0,0,1,122610,713.746,0.0353313,702.897,702.897,702.034,702.024,0.939142,0.9392
8|1056|8|1056|sample|10|276|10|276|28.0,0.0004479999999999,119885,1,10,0,0,1,122610,713.746,0.0353313,120875,120875,120849,120846,-0.047434,-0.0472957
8|1056|8|1056|sample|10|276|10|276|28.0,0.00224,122847,2,10,0,0,1,122610,713.746,0.0353313,121482,121482,121154,121118,0.0830797,0.0848446
8|1056|8|1056|sample|10|276|10|276|28.0,0.0111999999999999,100100,3,10,0,0,1,122610,713.746,0.0353313,116960,116960,113188,112802,-0.687258,-0.669265
8|1056|8|1056|sample|10|276|10|276|28.0,0.0559999999999999,61989,4,10,0,0,1,122610,713.746,0.0353313,77448.3,77448.3,60482.6,59142.2,0.147484,0.284991
8|1056|8|1056|sample|10|276|10|276|28.0,0.2799999999999999,9934,5,10,0,0,1,122610,713.746,0.0353313,15025.5,15025.5,9234.7,8898.76,0.429655,0.658839
8|1056|8|1056|sample|10|276|10|276|28.0,1.4,774,6,10,0,0,1,122610,713.746,0.0353313,1964.12,1964.12,1421.83,1392.62,-2.03329,-1.97189
8|1056|8|1056|sample|10|276|10|276|28.0,7,638,7,10,0,0,1,122610,713.746,0.0353313,808.117,808.117,765.213,762.966,-0.609836,-0.600147
8|1056|8|1056|sample|10|276|10|276|28.0,35,822,8,10,0,0,1,122610,713.746,0.0353313,711.468,711.468,708.138,707.968,0.57206,0.572994
8|1056|8|1056|sample|9|276|9|276|28.0,0.0004479999999999,120198,1,9,0,0,1,122610,713.746,0.0353313,121011,121011,120989,120989,-0.038867,-0.0388885
8|1056|8|1056|sample|9|276|9|276|28.0,0.00224,115424,2,9,0,0,1,122610,713.746,0.0353313,121617,121617,121338,121344,-0.28977,-0.290063
8|1056|8|1056|sample|9|276|9|276|28.0,0.0111999999999999,104040,3,9,0,0,1,122610,713.746,0.0353313,117090,117090,113863,113940,-0.512745,-0.516453
8|1056|8|1056|sample|9|276|9|276|28.0,0.0559999999999999,62803,4,9,0,0,1,122610,713.746,0.0353313,77534.3,77534.3,62591.6,62918.7,0.0200071,-0.0108914
8|1056|8|1056|sample|9|276|9|276|28.0,0.2799999999999999,11416,5,9,0,0,1,122610,713.746,0.0353313,15042.2,15042.2,9792.52,9891.02,0.94331,0.877658
8|1056|8|1056|sample|9|276|9|276|28.0,1.4,788,6,9,0,0,1,122610,713.746,0.0353313,1966.31,1966.31,1472.4,1481.96,-2.09242,-2.11132
8|1056|8|1056|sample|9|276|9|276|28.0,7,614,7,9,0,0,1,122610,713.746,0.0353313,809.019,809.019,769.919,770.728,-0.744635,-0.748012
8|1056|8|1056|sample|9|276|9|276|28.0,35,832,8,9,0,0,1,122610,713.746,0.0353313,712.269,712.269,709.232,709.3,0.616233,0.61586
8|1056|8|1056|sample|4|276|4|276|22.0,0.0010624,123910,1,4,0,0,1,122610,713.746,0.0353313,120913,120913,120962,120955,0.144912,0.14522
8|1056|8|1056|sample|4|276|4|276|22.0,0.005312,126950,2,4,0,0,1,122610,713.746,0.0353313,120371,120371,120988,120912,0.292946,0.296904
8|1056|8|1056|sample|4|276|4|276|22.0,0.02656,105914,3,4,0,0,1,122610,713.746,0.0353313,103880,103880,110050,109256,-0.223356,-0.181779
8|1056|8|1056|sample|4|276|4|276|22.0,0.1328,55539,4,4,0,0,1,122610,713.746,0.0353313,37619.5,37619.5,50446.4,48440.2,0.596869,0.866113
8|1056|8|1056|sample|4|276|4|276|22.0,0.664,6766,5,4,0,0,1,122610,713.746,0.0353313,4711.81,4711.81,6934.81,6547.04,-0.135889,0.185989
8|1056|8|1056|sample|4|276|4|276|22.0,3.32,686,6,4,0,0,1,122610,713.746,0.0353313,1034.25,1034.25,1221.43,1188.69,-1.87847,-1.7982
8|1056|8|1056|sample|4|276|4|276|22.0,16.6,742,7,4,0,0,1,122610,713.746,0.0353313,735.583,735.583,750.211,747.68,-0.0398407,-0.0276162
8|1056|8|1056|sample|4|276|4|276|22.0,83,876,8,4,0,0,1,122610,713.746,0.0353313,706.576,706.576,707.706,707.514,0.845836,0.846943
8|1056|8|1056|sample|3|276|3|276|22.0,0.0010624,130132,1,3,0,0,1,122610,713.746,0.0353313,120777,120777,120808,120807,0.458829,0.458918
8|1056|8|1056|sample|3|276|3|276|22.0,0.005312,127154,2,3,0,0,1,122610,713.746,0.0353313,120237,120237,120632,120612,0.321402,0.322449
8|1056|8|1056|sample|3|276|3|276|22.0,0.02656,111063,3,3,0,0,1,122610,713.746,0.0353313,103764,103764,107637,107445,0.189115,0.200093
8|1056|8|1056|sample|3|276|3|276|22.0,0.1328,53602,4,3,0,0,1,122610,713.746,0.0353313,37577.8,37577.8,44878.9,44487.6,1.14785,1.20979
8|1056|8|1056|sample|3|276|3|276|22.0,0.664,5384,5,3,0,0,1,122610,713.746,0.0353313,4706.59,4706.59,5890.86,5826.71,-0.474872,-0.418988
8|1056|8|1056|sample|3|276|3|276|22.0,3.32,738,6,3,0,0,1,122610,713.746,0.0353313,1033.1,1033.1,1131.87,1126.83,-1.45859,-1.44446
8|1056|8|1056|sample|3|276|3|276|22.0,16.6,690,7,3,0,0,1,122610,713.746,0.0353313,734.763,734.763,742.466,742.102,-0.256193,-0.25449
8|1056|8|1056|sample|3|276|3|276|22.0,83,842,8,3,0,0,1,122610,713.746,0.0353313,705.783,705.783,706.377,706.351,0.682399,0.682544
8|1056|8|1056|cc|1|1|276|1|276|69.0,0,686,1,1,0,1,0,122610,713.746,0.0353313,695.819,695.819,695.819,695.819,-0.049851,-0.049851
8|1056|8|1056|cc|2|1|276|1|276|69.0,0,688,2,1,0,1,0,122610,713.746,0.0353313,701.669,701.669,701.669,701.669,-0.0690513,-0.0690513
8|1056|8|1056|cc|3|1|276|1|276|69.0,0,708,3,1,0,1,0,122610,713.746,0.0353313,703.787,703.787,703.787,703.787,0.0212449,0.0212449
8|1056|8|1056|cc|4|1|276|1|276|69.0,0,700,4,1,0,1,0,122610,713.746,0.0353313,704.473,704.473,704.473,704.473,-0.0225432,-0.0225432
8|1056|8|1056|cc|5|1|276|1|276|69.0,0,734,5,1,0,1,0,122610,713.746,0.0353313,704.473,704.473,704.473,704.473,0.148806,0.148806
8|1056|8|1056|cc|6|1|276|1|276|69.0,0,694,6,1,0,1,0,122610,713.746,0.0353313,703.787,703.787,703.787,703.787,-0.0493514,-0.0493514
8|1056|8|1056|cc|7|1|276|1|276|69.0,0,744,7,1,0,1,0,122610,713.746,0.0353313,701.669,701.669,701.669,701.669,0.21384,0.21384
8|1056|8|1056|cc|8|1|276|1|276|69.0,0,756,8,1,0,1,0,122610,713.746,0.0353313,695.819,695.819,695.819,695.819,0.305523,0.305523
8|1056|8|1056|vc|1|2|276|2|276|69.0,0,125929,1,2,1,0,0,122610,713.746,0.0353313,120538,120538,120538,120538,0.265895,0.265895
8|1056|8|1056|vc|2|2|276|2|276|69.0,0,128067,2,2,1,0,0,122610,713.746,0.0353313,121543,121543,121543,121543,0.319132,0.319132
8|1056|8|1056|vc|3|2|276|2|276|69.0,0,126059,3,2,1,0,0,122610,713.746,0.0353313,121907,121907,121907,121907,0.202513,0.202513
8|1056|8|1056|vc|4|2|276|2|276|69.0,0,129668,4,2,1,0,0,122610,713.746,0.0353313,122024,122024,122024,122024,0.372412,0.372412
8|1056|8|1056|vc|5|2|276|2|276|69.0,0,124889,5,2,1,0,0,122610,713.746,0.0353313,122024,122024,122024,122024,0.139569,0.139569
8|1056|8|1056|vc|6|2|276|2|276|69.0,0,120436,6,2,1,0,0,122610,713.746,0.0353313,121907,121907,121907,121907,-0.0717158,-0.0717158
8|1056|8|1056|vc|7|2|276|2|276|69.0,0,119889,7,2,1,0,0,122610,713.746,0.0353313,121543,121543,121543,121543,-0.0808905,-0.0808905
8|1056|8|1056|vc|8|2|276|2|276|69.0,0,107836,8,2,1,0,0,122610,713.746,0.0353313,120538,120538,120538,120538,-0.626462,-0.626462
8|462|8|462|sample|6|292|6|292|55.0,0.0006144,102350,1,6,0,0,1,159668,643.492,0.736861,118861,118847,118907,118905,-0.827755,-0.82767
8|462|8|462|sample|6|292|6|292|55.0,0.003072,113884,2,6,0,0,1,159668,643.492,0.736861,145354,145134,146077,146046,-1.31108,-1.3101
8|462|8|462|sample|6|292|6|292|55.0,0.01536,121365,3,6,0,0,1,159668,643.492,0.736861,145183,142591,154330,153922,-1.27097,-1.25854
8|462|8|462|sample|6|292|6|292|55.0,0.0768,98102,4,6,0,0,1,159668,643.492,0.736861,81332,72180.6,139715,135920,-1.77162,-1.65486
8|462|8|462|sample|6|292|6|292|55.0,0.384,76259,5,6,0,0,1,159668,643.492,0.736861,12504.9,10202.2,72846.5,66736.1,0.277775,0.845614
8|462|8|462|sample|6|292|6|292|55.0,1.92,51729,6,6,0,0,1,159668,643.492,0.736861,1603.93,1403.57,40608.5,38127.2,1.61542,2.10285
8|462|8|462|sample|6|292|6|292|55.0,9.6,27657,7,6,0,0,1,159668,643.492,0.736861,660.958,646.15,34882.8,33057.4,-1.2196,-0.961109
8|462|8|462|sample|6|292|6|292|55.0,48,13804,8,6,0,0,1,159668,643.492,0.736861,483.808,482.866,28164.9,26713.6,-2.99236,-2.83352
8|462|8|462|sample|5|292|5|292|55.0,0.0006144,100518,1,5,0,0,1,159668,643.492,0.736861,118428,118414,118457,118463,-0.900258,-0.900501
8|462|8|462|sample|5|292|5|292|55.0,0.003072,130424,2,5,0,0,1,159668,643.492,0.736861,144923,144704,145388,145478,-0.612298,-0.615587
8|462|8|462|sample|5|292|5|292|55.0,0.01536,129379,3,5,0,0,1,159668,643.492,0.736861,144780,142195,150605,151733,-0.83855,-0.876568
8|462|8|462|sample|5|292|5|292|55.0,0.0768,104544,4,5,0,0,1,159668,643.492,0.736861,81110.8,71984.3,116558,122440,-0.612703,-0.868995
8|462|8|462|sample|5|292|5|292|55.0,0.384,71521,5,5,0,0,1,159668,643.492,0.736861,12470.9,10174.5,62213,59776,0.886167,1.1634
8|462|8|462|sample|5|292|5|292|55.0,1.92,57664,6,5,0,0,1,159668,643.492,0.736861,1599.48,1399.68,50410.6,43502.1,0.850715,1.92188
8|462|8|462|sample|5|292|5|292|55.0,9.6,30300,7,5,0,0,1,159668,643.492,0.736861,658.999,644.235,46346.6,39452,-2.04535,-1.36796
8|462|8|462|sample|5|292|5|292|55.0,48,15085,8,5,0,0,1,159668,643.492,0.736861,482.045,481.107,37614.3,31983,-3.52993,-3.10689
8|462|8|462|sample|4|292|4|292|55.0,0.000064,104240,1,4,0,0,1,159668,643.492,0.736861,117143,117143,117144,117144,-0.654806,-0.654803
8|462|8|462|sample|4|292|4|292|55.0,0.00032,128947,2,4,0,0,1,159668,643.492,0.736861,144413,144407,144428,144427,-0.637664,-0.637625
8|462|8|462|sample|4|292|4|292|55.0,0.0016,136467,3,4,0,0,1,159668,643.492,0.736861,153996,153912,154206,154191,-0.684456,-0.683965
8|462|8|462|sample|4|292|4|292|55.0,0.008,138746,4,4,0,0,1,159668,643.492,0.736861,153419,152386,156076,155894,-0.660697,-0.654523
8|462|8|462|sample|4|292|4|292|55.0,0.04,119405,5,4,0,0,1,159668,643.492,0.736861,117390,110101,141474,139751,-0.927914,-0.865979
8|462|8|462|sample|4|292|4|292|55.0,0.2,86679,6,4,0,0,1,159668,643.492,0.736861,29074.9,24095.4,79664.6,76686.8,0.522389,0.772875
8|462|8|462|sample|4|292|4|292|55.0,1,49742,7,4,0,0,1,159668,643.492,0.736861,3089.45,2578.73,45679.8,44882.9,0.52526,0.639347
8|462|8|462|sample|4|292|4|292|55.0,5,30602,8,4,0,0,1,159668,643.492,0.736861,633.494,600.197,34379.5,33999.1,-0.646784,-0.588081
8|462|8|462|sample|3|292|3|292|55.0,0.000064,108562,1,3,0,0,1,159668,643.492,0.736861,113450,113449,113451,113450,-0.256111,-0.256101
8|462|8|462|sample|3|292|3|292|55.0,0.00032,130392,2,3,0,0,1,159668,643.492,0.736861,140720,140714,140734,140731,-0.437137,-0.437022
8|462|8|462|sample|3|292|3|292|55.0,0.0016,132645,3,3,0,0,1,159668,643.492,0.736861,150310,150228,150506,150466,-0.706055,-0.704664
8|462|8|462|sample|3|292|3|292|55.0,0.008,136907,4,3,0,0,1,159668,643.492,0.736861,149821,148813,152301,151797,-0.601379,-0.583642
8|462|8|462|sample|3|292|3|292|55.0,0.04,113528,5,3,0,0,1,159668,643.492,0.736861,114638,107520,137034,132708,-1.02026,-0.859534
8|462|8|462|sample|3|292|3|292|55.0,0.2,82203,6,3,0,0,1,159668,643.492,0.736861,28379,23518.7,75509.9,72589.6,0.525712,0.785273
8|462|8|462|sample|3|292|3|292|55.0,1,54160,7,3,0,0,1,159668,643.492,0.736861,3010.45,2512.79,43480.9,47669.2,1.44993,0.804609
8|462|8|462|sample|3|292|3|292|55.0,5,30876,8,3,0,0,1,159668,643.492,0.736861,613.52,581.273,32616.8,36770.3,-0.313942,-0.944454
8|462|8|462|sample|9|292|9|292|32.0,0.0003648,110763,1,9,0,0,1,159668,643.492,0.736861,117121,117115,116852,116841,-0.309767,-0.309239
8|462|8|462|sample|9|292|9|292|32.0,0.001824,99793,2,9,0,0,1,159668,643.492,0.736861,144066,143970,139949,139790,-1.70675,-1.70192
8|462|8|462|sample|9|292|9|292|32.0,0.00912,104612,3,9,0,0,1,159668,643.492,0.736861,149403,148175,109412,108291,-0.260716,-0.201894
8|462|8|462|sample|9|292|9|292|32.0,0.0456,29106,4,9,0,0,1,159668,643.492,0.736861,110884,102965,25571.9,24865.2,0.809696,0.998706
8|462|8|462|sample|9|292|9|292|32.0,0.228,1898,5,9,0,0,1,159668,643.492,0.736861,25081.8,20677.3,2914.22,2840.9,-1.78708,-1.69474
8|462|8|462|sample|9|292|9|292|32.0,1.14,602,6,9,0,0,1,159668,643.492,0.736861,2805.73,2359.75,798.494,792.897,-0.917432,-0.89522
8|462|8|462|sample|9|292|9|292|32.0,5.7,556,7,9,0,0,1,159668,643.492,0.736861,743.822,710.449,595.012,594.614,-0.216629,-0.2145
8|462|8|462|sample|9|292|9|292|32.0,28.5,492,8,9,0,0,1,159668,643.492,0.736861,482.367,480.25,472.932,472.908,0.119449,0.119603
8|462|8|462|sample|10|292|10|292|32.0,0.0003648,102838,1,10,0,0,1,159668,643.492,0.736861,113428,113423,113184,113170,-0.543303,-0.54261
8|462|8|462|sample|10|292|10|292|32.0,0.001824,109527,2,10,0,0,1,159668,643.492,0.736861,140382,140289,136615,136401,-1.17933,-1.17183
8|462|8|462|sample|10|292|10|292|32.0,0.00912,75302,3,10,0,0,1,159668,643.492,0.736861,145827,144629,108615,107047,-1.82259,-1.76211
8|462|8|462|sample|10|292|10|292|32.0,0.0456,30834,4,10,0,0,1,159668,643.492,0.736861,108284,100551,26215,25159.2,1.03276,1.32107
8|462|8|462|sample|10|292|10|292|32.0,0.228,1866,5,10,0,0,1,159668,643.492,0.736861,24493.7,20192.4,2980.16,2867.97,-1.92197,-1.78636
8|462|8|462|sample|10|292|10|292|32.0,1.14,542,6,10,0,0,1,159668,643.492,0.736861,2738.57,2303.27,789.928,781.276,-1.16539,-1.13244
8|462|8|462|sample|10|292|10|292|32.0,5.7,526,7,10,0,0,1,159668,643.492,0.736861,724.801,692.281,580.567,579.947,-0.30713,-0.303818
8|462|8|462|sample|10|292|10|292|32.0,28.5,550,8,10,0,0,1,159668,643.492,0.736861,467.159,465.108,458.069,458.031,0.585016,0.585282
8|462|8|462|sample|7|292|7|292|32.0,0.0000768,94296,1,7,0,0,1,159668,643.492,0.736861,118913,118913,118895,118895,-1.22994,-1.22993
8|462|8|462|sample|7|292|7|292|32.0,0.000384,117953,2,7,0,0,1,159668,643.492,0.736861,146175,146167,145891,145886,-1.13925,-1.13909
8|462|8|462|sample|7|292|7|292|32.0,0.00192,127709,3,7,0,0,1,159668,643.492,0.736861,155654,155541,151875,151813,-0.94672,-0.944686
8|462|8|462|sample|7|292|7|292|32.0,0.0096,104166,4,7,0,0,1,159668,643.492,0.736861,153802,152436,117546,117114,-0.67666,-0.657193
8|462|8|462|sample|7|292|7|292|32.0,0.048,34555,5,7,0,0,1,159668,643.492,0.736861,109393,101163,29087.7,28783.2,1.10366,1.17724
8|462|8|462|sample|7|292|7|292|32.0,0.24,2124,6,7,0,0,1,159668,643.492,0.736861,23238.1,19123.7,3234.18,3203.17,-1.78412,-1.74889
8|462|8|462|sample|7|292|7|292|32.0,1.2,604,7,7,0,0,1,159668,643.492,0.736861,2498.89,2108.56,782.589,780.429,-0.844342,-0.835556
8|462|8|462|sample|7|292|7|292|32.0,6,570,8,7,0,0,1,159668,643.492,0.736861,602.011,576.675,491.533,491.407,0.482132,0.482968
8|462|8|462|sample|8|292|8|292|32.0,0.0000768,101781,1,8,0,0,1,159668,643.492,0.736861,118480,118479,118463,118462,-0.83711,-0.83709
8|462|8|462|sample|8|292|8|292|32.0,0.000384,127577,2,8,0,0,1,159668,643.492,0.736861,145742,145734,145472,145465,-0.731821,-0.731573
8|462|8|462|sample|8|292|8|292|32.0,0.00192,127445,3,8,0,0,1,159668,643.492,0.736861,155222,155110,151628,151541,-0.94892,-0.946069
8|462|8|462|sample|8|292|8|292|32.0,0.0096,110699,4,8,0,0,1,159668,643.492,0.736861,153384,152021,118550,117920,-0.393663,-0.363999
8|462|8|462|sample|8|292|8|292|32.0,0.048,35462,5,8,0,0,1,159668,643.492,0.736861,109096,100888,30037.3,29562.9,1.06099,1.17199
8|462|8|462|sample|8|292|8|292|32.0,0.24,2200,6,8,0,0,1,159668,643.492,0.736861,23173.6,19070.6,3338.88,3288.66,-1.78006,-1.72424
8|462|8|462|sample|8|292|8|292|32.0,1.2,518,7,8,0,0,1,159668,643.492,0.736861,2491.49,2102.31,788.844,785.237,-1.27419,-1.26081
8|462|8|462|sample|8|292|8|292|32.0,6,538,8,8,0,0,1,159668,643.492,0.736861,599.817,574.574,490.287,490.07,0.293543,0.294947
8|462|8|462|sample|11|292|11|292|22.0,0.0003712,100654,1,11,0,0,1,159668,643.492,0.736861,103368,103363,103385,103385,-0.156966,-0.156953
8|462|8|462|sample|11|292|11|292|22.0,0.001856,107033,2,11,0,0,1,159668,643.492,0.736861,130337,130248,130615,130611,-1.07368,-1.07354
8|462|8|462|sample|11|292|11|292|22.0,0.00928,111878,3,11,0,0,1,159668,643.492,0.736861,135965,134817,139657,139605,-1.18314,-1.18138
8|462|8|462|sample|11|292|11|292|22.0,0.0464,96908,4,11,0,0,1,159668,643.492,0.736861,100372,93075.3,132737,132166,-1.60529,-1.5865
8|462|8|462|sample|11|292|11|292|22.0,0.2319999999999999,62831,5,11,0,0,1,159668,643.492,0.736861,22377.5,18436.5,69765.7,67840,-0.589229,-0.437606
8|462|8|462|sample|11|292|11|292|22.0,1.16,11954,6,11,0,0,1,159668,643.492,0.736861,2502.32,2106.86,10083.3,9623.84,1.05704,1.37652
8|462|8|462|sample|11|292|11|292|22.0,5.8,712,7,11,0,0,1,159668,643.492,0.736861,669.013,639.637,1263.04,1225.88,-1.88707,-1.79814
8|462|8|462|sample|11|292|11|292|22.0,29,526,8,11,0,0,1,159668,643.492,0.736861,425.482,423.664,462.365,460.088,0.403103,0.418538
8|462|8|462|sample|12|292|12|292|22.0,0.0003712,92444,1,12,0,0,1,159668,643.492,0.736861,76015.6,76011.5,76028.3,76028.2,1.28065,1.28066
8|462|8|462|sample|12|292|12|292|22.0,0.001856,89758,2,12,0,0,1,159668,643.492,0.736861,103051,102980,103271,103269,-0.777404,-0.777296
8|462|8|462|sample|12|292|12|292|22.0,0.00928,86511,3,12,0,0,1,159668,643.492,0.736861,109501,108577,112482,112453,-1.37227,-1.37108
8|462|8|462|sample|12|292|12|292|22.0,0.0464,76016,4,12,0,0,1,159668,643.492,0.736861,81271.5,75363,107566,107241,-1.74289,-1.73015
8|462|8|462|sample|12|292|12|292|22.0,0.2319999999999999,48569,5,12,0,0,1,159668,643.492,0.736861,18119,14928,56804.2,55698.1,-0.858056,-0.757437
8|462|8|462|sample|12|292|12|292|22.0,1.16,9584,6,12,0,0,1,159668,643.492,0.736861,2015.28,1696.79,8198.78,7934.14,0.952672,1.17037
8|462|8|462|sample|12|292|12|292|22.0,5.8,838,7,12,0,0,1,159668,643.492,0.736861,528.954,505.728,1004.95,984.046,-0.671118,-0.59546
8|462|8|462|sample|12|292|12|292|22.0,29,604,8,12,0,0,1,159668,643.492,0.736861,312.893,311.557,340.384,339.202,1.91824,1.92963
8|462|8|462|cc|1|1|292|1|292|69.0,0,566,1,1,0,1,0,159668,643.492,0.736861,306.42,306.42,306.42,306.42,1.97047,1.97047
8|462|8|462|cc|2|1|292|1|292|69.0,0,562,2,1,0,1,0,159668,643.492,0.736861,416.411,416.411,416.411,416.411,0.969539,0.969539
8|462|8|462|cc|3|1|292|1|292|69.0,0,584,3,1,0,1,0,159668,643.492,0.736861,456.232,456.232,456.232,456.232,0.814666,0.814666
8|462|8|462|cc|4|1|292|1|292|69.0,0,656,4,1,0,1,0,159668,643.492,0.736861,469.135,469.135,469.135,469.135,1.17528,1.17528
8|462|8|462|cc|5|1|292|1|292|69.0,0,696,5,1,0,1,0,159668,643.492,0.736861,469.135,469.135,469.135,469.135,1.42685,1.42685
8|462|8|462|cc|6|1|292|1|292|69.0,0,706,6,1,0,1,0,159668,643.492,0.736861,456.232,456.232,456.232,456.232,1.59256,1.59256
8|462|8|462|cc|7|1|292|1|292|69.0,0,668,7,1,0,1,0,159668,643.492,0.736861,416.411,416.411,416.411,416.411,1.67544,1.67544
8|462|8|462|cc|8|1|292|1|292|69.0,0,710,8,1,0,1,0,159668,643.492,0.736861,306.42,306.42,306.42,306.42,3.06357,3.06357
8|462|8|462|vc|1|2|292|2|292|69.0,0,109457,1,2,1,0,0,159668,643.492,0.736861,103390,103390,103390,103390,0.348654,0.348654
8|462|8|462|vc|2|2|292|2|292|69.0,0,135900,2,2,1,0,0,159668,643.492,0.736861,130681,130681,130681,130681,0.237484,0.237484
8|462|8|462|vc|3|2|292|2|292|69.0,0,145948,3,2,1,0,0,159668,643.492,0.736861,140562,140562,140562,140562,0.227928,0.227928
8|462|8|462|vc|4|2|292|2|292|69.0,0,141437,4,2,1,0,0,159668,643.492,0.736861,143764,143764,143764,143764,-0.0962714,-0.0962714
8|462|8|462|vc|5|2|292|2|292|69.0,0,134947,5,2,1,0,0,159668,643.492,0.736861,143764,143764,143764,143764,-0.364822,-0.364822
8|462|8|462|vc|6|2|292|2|292|69.0,0,143094,6,2,1,0,0,159668,643.492,0.736861,140562,140562,140562,140562,0.107152,0.107152
8|462|8|462|vc|7|2|292|2|292|69.0,0,130244,7,2,1,0,0,159668,643.492,0.736861,130681,130681,130681,130681,-0.0198998,-0.0198998
8|462|8|462|vc|8|2|292|2|292|69.0,0,95477,8,2,1,0,0,159668,643.492,0.736861,103390,103390,103390,103390,-0.454681,-0.454681
8|1159|8|1159|sample|8|292|8|292|65.0,0.0016767999999999,99593,1,8,0,0,1,155907,645.636,0.580691,123936,124106,124158,124155,-1.17637,-1.17625
8|1159|8|1159|sample|8|292|8|292|65.0,0.0083839999999999,116325,2,8,0,0,1,155907,645.636,0.580691,141153,143604,144372,144330,-1.1557,-1.15427
8|1159|8|1159|sample|8|292|8|292|65.0,0.04192,106706,3,8,0,0,1,155907,645.636,0.580691,111701,133631,142180,141685,-1.48418,-1.46856
8|1159|8|1159|sample|8|292|8|292|65.0,0.2096,68255,4,8,0,0,1,155907,645.636,0.580691,27578.3,54947.3,79402.6,77544.2,-0.83293,-0.710603
8|1159|8|1159|sample|8|292|8|292|65.0,1.048,14589,5,8,0,0,1,155907,645.636,0.580691,3148.54,6913.16,12226.4,11731.1,1.1098,1.39691
8|1159|8|1159|sample|8|292|8|292|65.0,5.24,848,6,8,0,0,1,155907,645.636,0.580691,828.295,1133.37,1588.1,1545.2,-2.13612,-2.05493
8|1159|8|1159|sample|8|292|8|292|65.0,26.2,548,7,8,0,0,1,155907,645.636,0.580691,615.88,638.611,672.584,669.431,-0.645239,-0.630631
8|1159|8|1159|sample|8|292|8|292|65.0,131,584,8,8,0,0,1,155907,645.636,0.580691,515.362,516.881,519.147,518.941,0.38747,0.388782
8|1159|8|1159|sample|7|292|7|292|65.0,0.0016767999999999,101433,1,7,0,0,1,155907,645.636,0.580691,124269,124439,124499,124496,-1.10158,-1.10146
8|1159|8|1159|sample|7|292|7|292|65.0,0.0083839999999999,119429,2,7,0,0,1,155907,645.636,0.580691,141477,143934,144824,144780,-1.04317,-1.04166
8|1159|8|1159|sample|7|292|7|292|65.0,0.04192,110627,3,7,0,0,1,155907,645.636,0.580691,111945,133923,143926,143402,-1.37632,-1.35962
8|1159|8|1159|sample|7|292|7|292|65.0,0.2096,72057,4,7,0,0,1,155907,645.636,0.580691,27637.5,55065.2,85541.7,83314.4,-0.935643,-0.801862
8|1159|8|1159|sample|7|292|7|292|65.0,1.048,16805,5,7,0,0,1,155907,645.636,0.580691,3155.3,6928,14026.3,13346.2,1.1433,1.49316
8|1159|8|1159|sample|7|292|7|292|65.0,5.24,794,6,7,0,0,1,155907,645.636,0.580691,830.103,1135.84,1750.49,1690.09,-2.55968,-2.46478
8|1159|8|1159|sample|7|292|7|292|65.0,26.2,548,7,7,0,0,1,155907,645.636,0.580691,617.294,640.077,686.06,681.595,-0.706767,-0.686539
8|1159|8|1159|sample|7|292|7|292|65.0,131,586,8,7,0,0,1,155907,645.636,0.580691,516.746,518.268,521.338,521.044,0.385486,0.387347
8|1159|8|1159|sample|5|292|5|292|65.0,0.0004351999999999,97161,1,5,0,0,1,155907,645.636,0.580691,124181,124202,124208,124208,-1.2947,-1.2947
8|1159|8|1159|sample|5|292|5|292|65.0,0.0021759999999999,125765,2,5,0,0,1,155907,645.636,0.580691,144724,145023,145117,145115,-0.793331,-0.793268
8|1159|8|1159|sample|5|292|5|292|65.0,0.0108799999999999,136220,3,5,0,0,1,155907,645.636,0.580691,146449,150271,151504,151482,-0.600246,-0.599464
8|1159|8|1159|sample|5|292|5|292|65.0,0.0543999999999999,114517,4,5,0,0,1,155907,645.636,0.580691,99806.3,127603,139751,139527,-1.07405,-1.06622
8|1159|8|1159|sample|5|292|5|292|65.0,0.2719999999999999,61943,5,5,0,0,1,155907,645.636,0.580691,19582.8,41421.9,64249.7,63688.6,-0.212696,-0.162372
8|1159|8|1159|sample|5|292|5|292|65.0,1.36,9970,6,5,0,0,1,155907,645.636,0.580691,2273.49,4772.93,8499.33,8394.93,0.977588,1.0593
8|1159|8|1159|sample|5|292|5|292|65.0,6.8,728,7,5,0,0,1,155907,645.636,0.580691,724.314,916.445,1213.67,1205.7,-1.7117,-1.69157
8|1159|8|1159|sample|5|292|5|292|65.0,34,602,8,5,0,0,1,155907,645.636,0.580691,522.611,535.479,555.411,554.912,0.2686,0.271605
8|1159|8|1159|sample|6|292|6|292|65.0,0.0004351999999999,95565,1,6,0,0,1,155907,645.636,0.580691,124515,124535,124542,124541,-1.38337,-1.38336
8|1159|8|1159|sample|6|292|6|292|65.0,0.0021759999999999,128566,2,6,0,0,1,155907,645.636,0.580691,145056,145356,145454,145449,-0.690721,-0.690524
8|1159|8|1159|sample|6|292|6|292|65.0,0.0108799999999999,138726,3,6,0,0,1,155907,645.636,0.580691,146768,150599,151885,151814,-0.515501,-0.512959
8|1159|8|1159|sample|6|292|6|292|65.0,0.0543999999999999,118728,4,6,0,0,1,155907,645.636,0.580691,100021,127877,140594,139844,-0.925135,-0.898182
8|1159|8|1159|sample|6|292|6|292|65.0,0.2719999999999999,63450,5,6,0,0,1,155907,645.636,0.580691,19624.9,41510.8,65871,63871.6,-0.217788,-0.0391064
8|1159|8|1159|sample|6|292|6|292|65.0,1.36,9870,6,6,0,0,1,155907,645.636,0.580691,2278.45,4783.34,8817.69,8422.38,0.675545,0.970585
8|1159|8|1159|sample|6|292|6|292|65.0,6.8,754,7,6,0,0,1,155907,645.636,0.580691,725.977,918.549,1241.02,1209.22,-1.68916,-1.60859
8|1159|8|1159|sample|6|292|6|292|65.0,34,622,8,6,0,0,1,155907,645.636,0.580691,524.014,536.917,558.554,556.452,0.364678,0.377524
8|1159|8|1159|sample|11|292|11|292|28.0,0.0014272,100576,1,11,0,0,1,155907,645.636,0.580691,112405,112525,112152,112114,-0.613426,-0.611645
8|1159|8|1159|sample|11|292|11|292|28.0,0.007136,102398,2,11,0,0,1,155907,645.636,0.580691,130688,132451,127078,126567,-1.15482,-1.13545
8|1159|8|1159|sample|11|292|11|292|28.0,0.03568,72564,3,11,0,0,1,155907,645.636,0.580691,109866,127070,85245.8,82579.5,-0.882972,-0.719719
8|1159|8|1159|sample|11|292|11|292|28.0,0.1784,17511,4,11,0,0,1,155907,645.636,0.580691,31214.3,59442.7,15698.3,14681.3,0.668782,1.11401
8|1159|8|1159|sample|11|292|11|292|28.0,0.892,1002,5,11,0,0,1,155907,645.636,0.580691,3573.42,7996.54,1900.2,1804.64,-2.25249,-2.09704
8|1159|8|1159|sample|11|292|11|292|28.0,4.46,496,6,11,0,0,1,155907,645.636,0.580691,817.802,1181.22,685.678,678.317,-0.971329,-0.93957
8|1159|8|1159|sample|11|292|11|292|28.0,22.3,576,7,11,0,0,1,155907,645.636,0.580691,570.511,597.506,560.721,560.184,0.0876396,0.0907678
8|1159|8|1159|sample|11|292|11|292|28.0,111.5,544,8,11,0,0,1,155907,645.636,0.580691,467.434,469.211,466.789,466.754,0.486821,0.487056
8|1159|8|1159|sample|12|292|12|292|28.0,0.0014272,84673,1,12,0,0,1,155907,645.636,0.580691,91389.6,91486.7,91069.7,91030.5,-0.417042,-0.414659
8|1159|8|1159|sample|12|292|12|292|28.0,0.007136,82237,2,12,0,0,1,155907,645.636,0.580691,110095,111580,105442,104903,-1.30761,-1.28375
8|1159|8|1159|sample|12|292|12|292|28.0,0.03568,57156,3,12,0,0,1,155907,645.636,0.580691,93486.5,108125,64556.9,62247.6,-0.679208,-0.484481
8|1159|8|1159|sample|12|292|12|292|28.0,0.1784,11396,4,12,0,0,1,155907,645.636,0.580691,26640.3,50732.4,10578.4,9893.8,0.441309,0.864319
8|1159|8|1159|sample|12|292|12|292|28.0,0.892,752,5,12,0,0,1,155907,645.636,0.580691,3049.8,6824.79,1358.04,1296.55,-1.96813,-1.82966
8|1159|8|1159|sample|12|292|12|292|28.0,4.46,502,6,12,0,0,1,155907,645.636,0.580691,695.876,1005.11,562.989,558.286,-0.349067,-0.323605
8|1159|8|1159|sample|12|292|12|292|28.0,22.3,554,7,12,0,0,1,155907,645.636,0.580691,480.613,503.354,470.87,470.529,0.521888,0.524214
8|1159|8|1159|sample|12|292|12|292|28.0,111.5,626,8,12,0,0,1,155907,645.636,0.580691,380.041,381.486,379.422,379.401,1.71275,1.71294
8|1159|8|1159|sample|9|292|9|292|28.0,0.0004479999999999,95841,1,9,0,0,1,155907,645.636,0.580691,123151,123172,123150,123149,-1.31845,-1.31841
8|1159|8|1159|sample|9|292|9|292|28.0,0.00224,110983,2,9,0,0,1,155907,645.636,0.580691,143675,143987,143659,143646,-1.35309,-1.35268
8|1159|8|1159|sample|9|292|9|292|28.0,0.0111999999999999,117579,3,9,0,0,1,155907,645.636,0.580691,145179,149143,144970,144818,-1.12402,-1.11894
8|1159|8|1159|sample|9|292|9|292|28.0,0.0559999999999999,86107,4,9,0,0,1,155907,645.636,0.580691,97511.6,125705,96311.7,95507.5,-0.629275,-0.584539
8|1159|8|1159|sample|9|292|9|292|28.0,0.2799999999999999,21584,5,9,0,0,1,155907,645.636,0.580691,18707.9,39792.5,18167.9,17839.8,1.09339,1.21988
8|1159|8|1159|sample|9|292|9|292|28.0,1.4,1152,6,9,0,0,1,155907,645.636,0.580691,2185.79,4561,2132.41,2102.37,-2.2401,-2.19671
8|1159|8|1159|sample|9|292|9|292|28.0,7,622,7,9,0,0,1,155907,645.636,0.580691,713.706,895.937,709.568,707.402,-0.439424,-0.429338
8|1159|8|1159|sample|9|292|9|292|28.0,35,558,8,9,0,0,1,155907,645.636,0.580691,517.916,530.105,517.632,517.495,0.241548,0.242403
8|1159|8|1159|sample|10|292|10|292|28.0,0.0004479999999999,85632,1,10,0,0,1,155907,645.636,0.580691,120310,120330,120308,120305,-1.71348,-1.7134
8|1159|8|1159|sample|10|292|10|292|28.0,0.00224,112052,2,10,0,0,1,155907,645.636,0.580691,140843,141149,140809,140776,-1.21482,-1.21372
8|1159|8|1159|sample|10|292|10|292|28.0,0.0111999999999999,106618,3,10,0,0,1,155907,645.636,0.580691,142460,146350,142027,141630,-1.48304,-1.47051
8|1159|8|1159|sample|10|292|10|292|28.0,0.0559999999999999,72910,4,10,0,0,1,155907,645.636,0.580691,95714.9,123389,93283.4,91210.5,-1.29691,-1.19129
8|1159|8|1159|sample|10|292|10|292|28.0,0.2799999999999999,19961,5,10,0,0,1,155907,645.636,0.580691,18363.2,39059.3,17303.2,16480,0.892042,1.22506
8|1159|8|1159|sample|10|292|10|292|28.0,1.4,1398,6,10,0,0,1,155907,645.636,0.580691,2144.86,4475.6,2041.87,1965.2,-1.52397,-1.3846
8|1159|8|1159|sample|10|292|10|292|28.0,7,482,7,10,0,0,1,155907,645.636,0.580691,699.637,878.276,691.766,686.084,-1.06862,-1.04474
8|1159|8|1159|sample|10|292|10|292|28.0,35,578,8,10,0,0,1,155907,645.636,0.580691,505.966,517.874,505.435,505.064,0.439577,0.441993
8|1159|8|1159|sample|4|292|4|292|22.0,0.0010624,112128,1,4,0,0,1,155907,645.636,0.580691,123051,123133,123168,123167,-0.532909,-0.532887
8|1159|8|1159|sample|4|292|4|292|22.0,0.005312,130767,2,4,0,0,1,155907,645.636,0.580691,142200,143406,143922,143915,-0.543752,-0.543479
8|1159|8|1159|sample|4|292|4|292|22.0,0.02656,137610,3,4,0,0,1,155907,645.636,0.580691,128770,141899,148300,148210,-0.428864,-0.42549
8|1159|8|1159|sample|4|292|4|292|22.0,0.1328,112132,4,4,0,0,1,155907,645.636,0.580691,47178.3,81633.2,118541,117843,-0.321408,-0.288069
8|1159|8|1159|sample|4|292|4|292|22.0,0.664,38749,5,4,0,0,1,155907,645.636,0.580691,5681.01,12944.8,32099.3,31493.5,1.21825,1.35443
8|1159|8|1159|sample|4|292|4|292|22.0,3.32,2926,6,4,0,0,1,155907,645.636,0.580691,1028.09,1649.52,3605.8,3538.07,-0.993109,-0.909228
8|1159|8|1159|sample|4|292|4|292|22.0,16.6,542,7,4,0,0,1,155907,645.636,0.580691,626.804,673.297,821.8,816.796,-1.283,-1.26492
8|1159|8|1159|sample|4|292|4|292|22.0,83,574,8,4,0,0,1,155907,645.636,0.580691,512.113,515.217,525.129,524.808,0.290245,0.292247
8|1159|8|1159|sample|3|292|3|292|22.0,0.0010624,108512,1,3,0,0,1,155907,645.636,0.580691,120212,120292,120326,120324,-0.583677,-0.583607
8|1159|8|1159|sample|3|292|3|292|22.0,0.005312,131884,2,3,0,0,1,155907,645.636,0.580691,139397,140579,141078,141055,-0.387659,-0.38674
8|1159|8|1159|sample|3|292|3|292|22.0,0.02656,133282,3,3,0,0,1,155907,645.636,0.580691,126358,139242,145431,145133,-0.496957,-0.48578
8|1159|8|1159|sample|3|292|3|292|22.0,0.1328,105629,4,3,0,0,1,155907,645.636,0.580691,46309,80129.1,115615,113320,-0.51342,-0.403368
8|1159|8|1159|sample|3|292|3|292|22.0,0.664,36126,5,3,0,0,1,155907,645.636,0.580691,5576.34,12706.3,30841.4,28922.4,1.00705,1.46233
8|1159|8|1159|sample|3|292|3|292|22.0,3.32,2310,6,3,0,0,1,155907,645.636,0.580691,1008.84,1618.63,3460.94,3244.89,-1.74319,-1.4981
8|1159|8|1159|sample|3|292|3|292|22.0,16.6,688,7,3,0,0,1,155907,645.636,0.580691,614.448,660.025,799.663,783.293,-0.520881,-0.45028
8|1159|8|1159|sample|3|292|3|292|22.0,83,592,8,3,0,0,1,155907,645.636,0.580691,500.298,503.33,512.617,511.539,0.4774,0.484409
8|1159|8|1159|cc|1|1|292|1|292|69.0,0,640,1,1,0,1,0,155907,645.636,0.580691,379.118,379.118,379.118,379.118,1.81275,1.81275
8|1159|8|1159|cc|2|1|292|1|292|69.0,0,616,2,1,0,1,0,155907,645.636,0.580691,466.086,466.086,466.086,466.086,0.945913,0.945913
8|1159|8|1159|cc|3|1|292|1|292|69.0,0,690,3,1,0,1,0,155907,645.636,0.580691,497.572,497.572,497.572,497.572,1.17505,1.17505
8|1159|8|1159|cc|4|1|292|1|292|69.0,0,614,4,1,0,1,0,155907,645.636,0.580691,507.774,507.774,507.774,507.774,0.641962,0.641962
8|1159|8|1159|cc|5|1|292|1|292|69.0,0,622,5,1,0,1,0,155907,645.636,0.580691,507.774,507.774,507.774,507.774,0.690309,0.690309
8|1159|8|1159|cc|6|1|292|1|292|69.0,0,654,6,1,0,1,0,155907,645.636,0.580691,497.572,497.572,497.572,497.572,0.955221,0.955221
8|1159|8|1159|cc|7|1|292|1|292|69.0,0,732,7,1,0,1,0,155907,645.636,0.580691,466.086,466.086,466.086,466.086,1.67784,1.67784
8|1159|8|1159|cc|8|1|292|1|292|69.0,0,670,8,1,0,1,0,155907,645.636,0.580691,379.118,379.118,379.118,379.118,2.02121,2.02121
8|1159|8|1159|vc|1|2|292|2|292|69.0,0,114165,1,2,1,0,0,155907,645.636,0.580691,112601,112601,112601,112601,0.0825577,0.0825577
8|1159|8|1159|vc|2|2|292|2|292|69.0,0,136148,2,2,1,0,0,155907,645.636,0.580691,133602,133602,133602,133602,0.113344,0.113344
8|1159|8|1159|vc|3|2|292|2|292|69.0,0,149475,3,2,1,0,0,155907,645.636,0.580691,141205,141205,141205,141205,0.348387,0.348387
8|1159|8|1159|vc|4|2|292|2|292|69.0,0,146290,4,2,1,0,0,155907,645.636,0.580691,143669,143669,143669,143669,0.108544,0.108544
8|1159|8|1159|vc|5|2|292|2|292|69.0,0,136813,5,2,1,0,0,155907,645.636,0.580691,143669,143669,143669,143669,-0.283865,-0.283865
8|1159|8|1159|vc|6|2|292|2|292|69.0,0,141806,6,2,1,0,0,155907,645.636,0.580691,141205,141205,141205,141205,0.02532,0.02532
8|1159|8|1159|vc|7|2|292|2|292|69.0,0,125865,7,2,1,0,0,155907,645.636,0.580691,133602,133602,133602,133602,-0.344405,-0.344405
8|1159|8|1159|vc|8|2|292|2|292|69.0,0,112168,8,2,1,0,0,155907,645.636,0.580691,112601,112601,112601,112601,-0.0228486,-0.0228486
8|1197|8|1197|sample|7|103|7|103|65.0,0.0016767999999999,74837,1,7,0,0,1,122610,645.636,0.646954,94920.9,93713.8,93947.4,93916.5,-1.20795,-1.2064
8|1197|8|1197|sample|7|103|7|103|65.0,0.0083839999999999,71977,2,7,0,0,1,122610,645.636,0.646954,110362,95094.9,97724.1,97379.9,-1.56486,-1.54937
8|1197|8|1197|sample|7|103|7|103|65.0,0.04192,42847,3,7,0,0,1,122610,645.636,0.646954,87892.7,34802.8,39368.3,38738.1,0.52106,0.625337
8|1197|8|1197|sample|7|103|7|103|65.0,0.2096,5272,4,7,0,0,1,122610,645.636,0.646954,21843.9,4331.82,5030.46,4933.22,0.261636,0.373553
8|1197|8|1197|sample|7|103|7|103|65.0,1.048,660,5,7,0,0,1,122610,645.636,0.646954,2616.26,940.495,998.216,990.424,-1.36576,-1.34137
8|1197|8|1197|sample|7|103|7|103|65.0,5.24,592,6,7,0,0,1,122610,645.636,0.646954,786.478,655.697,660.12,659.545,-0.356661,-0.353828
8|1197|8|1197|sample|7|103|7|103|65.0,26.2,544,7,7,0,0,1,122610,645.636,0.646954,609.185,599.526,599.851,599.81,-0.308742,-0.308532
8|1197|8|1197|sample|7|103|7|103|65.0,131,580,8,7,0,0,1,122610,645.636,0.646954,501.696,501.064,501.085,501.083,0.480166,0.48018
8|1197|8|1197|sample|8|103|8|103|65.0,0.0016767999999999,74846,1,8,0,0,1,122610,645.636,0.646954,94629.5,93426,93666.1,93628.2,-1.19316,-1.19124
8|1197|8|1197|sample|8|103|8|103|65.0,0.0083839999999999,76735,2,8,0,0,1,122610,645.636,0.646954,110078,94850.2,97556.5,97130.3,-1.26766,-1.24713
8|1197|8|1197|sample|8|103|8|103|65.0,0.04192,41404,3,8,0,0,1,122610,645.636,0.646954,87679.1,34718.2,39434.6,38645.9,0.294504,0.420755
8|1197|8|1197|sample|8|103|8|103|65.0,0.2096,5378,4,8,0,0,1,122610,645.636,0.646954,21791.8,4321.48,5044.64,4921.74,0.360159,0.504157
8|1197|8|1197|sample|8|103|8|103|65.0,1.048,706,5,8,0,0,1,122610,645.636,0.646954,2610.02,938.249,998.02,988.085,-1.17937,-1.14696
8|1197|8|1197|sample|8|103|8|103|65.0,5.24,542,6,8,0,0,1,122610,645.636,0.646954,784.566,654.103,658.684,657.944,-0.611701,-0.608215
8|1197|8|1197|sample|8|103|8|103|65.0,26.2,550,7,8,0,0,1,122610,645.636,0.646954,607.618,597.984,598.319,598.267,-0.26749,-0.267213
8|1197|8|1197|sample|8|103|8|103|65.0,131,550,8,8,0,0,1,122610,645.636,0.646954,500.156,499.526,499.547,499.544,0.307468,0.307486
8|1197|8|1197|sample|6|103|6|103|65.0,0.0004351999999999,82107,1,6,0,0,1,122610,645.636,0.646954,95108.8,94964.2,94978.9,94972.9,-0.80483,-0.804507
8|1197|8|1197|sample|6|103|6|103|65.0,0.0021759999999999,94216,2,6,0,0,1,122610,645.636,0.646954,113151,110993,111206,111121,-0.907978,-0.904104
8|1197|8|1197|sample|6|103|6|103|65.0,0.0108799999999999,78272,3,6,0,0,1,122610,645.636,0.646954,115192,92968,94789.5,94064,-1.03483,-0.996968
8|1197|8|1197|sample|6|103|6|103|65.0,0.0543999999999999,33061,4,6,0,0,1,122610,645.636,0.646954,78691.8,26124.9,27940,27206.7,1.07551,1.26207
8|1197|8|1197|sample|6|103|6|103|65.0,0.2719999999999999,2724,5,6,0,0,1,122610,645.636,0.646954,15551.1,3109.71,3328.69,3240.75,-0.947651,-0.828976
8|1197|8|1197|sample|6|103|6|103|65.0,1.36,578,6,6,0,0,1,122610,645.636,0.646954,1921.88,825.633,842.91,836.08,-1.19534,-1.17056
8|1197|8|1197|sample|6|103|6|103|65.0,6.8,604,7,6,0,0,1,122610,645.636,0.646954,693.867,612.081,613.344,612.854,-0.0510181,-0.048361
8|1197|8|1197|sample|6|103|6|103|65.0,34,546,8,6,0,0,1,122610,645.636,0.646954,507.242,501.886,501.967,501.936,0.267681,0.267877
8|1197|8|1197|sample|5|103|5|103|65.0,0.0004351999999999,85902,1,5,0,0,1,122610,645.636,0.646954,94816.8,94672.6,94710.7,94701.6,-0.552326,-0.551806
8|1197|8|1197|sample|5|103|5|103|65.0,0.0021759999999999,97095,2,5,0,0,1,122610,645.636,0.646954,112859,110707,111267,111133,-0.756947,-0.750721
8|1197|8|1197|sample|5|103|5|103|65.0,0.0108799999999999,87358,3,5,0,0,1,122610,645.636,0.646954,114912,92742,97693.4,96483.3,-0.628364,-0.561717
8|1197|8|1197|sample|5|103|5|103|65.0,0.0543999999999999,36940,4,5,0,0,1,122610,645.636,0.646954,78503.9,26062.5,31512.3,30047.2,1.01263,1.34769
8|1197|8|1197|sample|5|103|5|103|65.0,0.2719999999999999,2878,5,5,0,0,1,122610,645.636,0.646954,15513.9,3102.28,3788.19,3598.65,-1.27286,-1.05462
8|1197|8|1197|sample|5|103|5|103|65.0,1.36,646,6,5,0,0,1,122610,645.636,0.646954,1917.21,823.626,878.321,863.313,-1.02096,-0.965672
8|1197|8|1197|sample|5|103|5|103|65.0,6.8,580,7,5,0,0,1,122610,645.636,0.646954,692.082,610.506,614.536,613.442,-0.188353,-0.18257
8|1197|8|1197|sample|5|103|5|103|65.0,34,628,8,5,0,0,1,122610,645.636,0.646954,505.684,500.345,500.607,500.537,0.775514,0.775996
8|1197|8|1197|sample|12|103|12|103|28.0,0.0014272,64032,1,12,0,0,1,122610,645.636,0.646954,66106.2,65452.8,64849.6,64836.9,-0.0746964,-0.0735496
8|1197|8|1197|sample|12|103|12|103|28.0,0.007136,55335,2,12,0,0,1,122610,645.636,0.646954,82778,73568.5,66590.9,66470.1,-1.00167,-0.99271
8|1197|8|1197|sample|12|103|12|103|28.0,0.03568,22894,3,12,0,0,1,122610,645.636,0.646954,71047,31409.2,20684.5,20565.7,0.623118,0.660328
8|1197|8|1197|sample|12|103|12|103|28.0,0.1784,2488,4,12,0,0,1,122610,645.636,0.646954,20384.3,4095.73,2521.81,2508.63,-0.0672284,-0.0412072
8|1197|8|1197|sample|12|103|12|103|28.0,0.892,422,5,12,0,0,1,122610,645.636,0.646954,2427.04,783.857,653.639,652.716,-1.21974,-1.21587
8|1197|8|1197|sample|12|103|12|103|28.0,4.46,484,6,12,0,0,1,122610,645.636,0.646954,631.163,503,493.012,492.952,-0.0552891,-0.0549263
8|1197|8|1197|sample|12|103|12|103|28.0,22.3,418,7,12,0,0,1,122610,645.636,0.646954,456.508,447.214,446.491,446.487,-0.18357,-0.183546
8|1197|8|1197|sample|12|103|12|103|28.0,111.5,586,8,12,0,0,1,122610,645.636,0.646954,349.373,348.805,348.761,348.76,1.70886,1.70887
8|1197|8|1197|sample|10|103|10|103|28.0,0.0004479999999999,78110,1,10,0,0,1,122610,645.636,0.646954,91424.8,91279.2,91239.1,91231.8,-0.854384,-0.853977
8|1197|8|1197|sample|10|103|10|103|28.0,0.00224,84573,2,10,0,0,1,122610,645.636,0.646954,109462,107278,106688,106584,-1.23167,-1.2271
8|1197|8|1197|sample|10|103|10|103|28.0,0.0111999999999999,58621,3,10,0,0,1,122610,645.636,0.646954,111443,89170.8,84470.7,83718.6,-1.81621,-1.77912
8|1197|8|1197|sample|10|103|10|103|28.0,0.0559999999999999,24817,4,10,0,0,1,122610,645.636,0.646954,75067.4,24452.9,20639.3,20124.6,1.18069,1.35928
8|1197|8|1197|sample|10|103|10|103|28.0,0.2799999999999999,1870,5,10,0,0,1,122610,645.636,0.646954,14510.2,2910.82,2475.51,2421,-1.22288,-1.13371
8|1197|8|1197|sample|10|103|10|103|28.0,1.4,510,6,10,0,0,1,122610,645.636,0.646954,1807.47,791.955,757.346,753.178,-1.19327,-1.17713
8|1197|8|1197|sample|10|103|10|103|28.0,7,484,7,10,0,0,1,122610,645.636,0.646954,667.186,591.602,589.038,588.74,-0.586523,-0.585025
8|1197|8|1197|sample|10|103|10|103|28.0,111.5,602,8,10,0,0,1,122610,645.636,0.646954,482.476,481.692,481.665,481.662,0.746977,0.746996
8|1197|8|1197|sample|9|103|9|103|28.0,0.0004479999999999,78594,1,9,0,0,1,122610,645.636,0.646954,93914.3,93764.8,93742.1,93732.7,-0.959584,-0.959083
8|1197|8|1197|sample|9|103|9|103|28.0,0.00224,83899,2,9,0,0,1,122610,645.636,0.646954,111943,109710,109376,109241,-1.38421,-1.37859
8|1197|8|1197|sample|9|103|9|103|28.0,0.0111999999999999,69732,3,9,0,0,1,122610,645.636,0.646954,113825,91076.6,88353.4,87327.3,-1.25116,-1.19604
8|1197|8|1197|sample|9|103|9|103|28.0,0.0559999999999999,27611,4,9,0,0,1,122610,645.636,0.646954,76642.6,24966,22637.2,21860.9,1.28419,1.53622
8|1197|8|1197|sample|9|103|9|103|28.0,0.2799999999999999,1566,5,9,0,0,1,122610,645.636,0.646954,14814.7,2971.9,2701.42,2616.29,-2.13026,-2.02471
8|1197|8|1197|sample|9|103|9|103|28.0,1.4,560,6,9,0,0,1,122610,645.636,0.646954,1846.1,808.882,787.274,780.687,-1.07054,-1.04495
8|1197|8|1197|sample|9|103|9|103|28.0,7,566,7,9,0,0,1,122610,645.636,0.646954,682.31,605.013,603.405,602.93,-0.206097,-0.203566
8|1197|8|1197|sample|9|103|9|103|28.0,35,568,8,9,0,0,1,122610,645.636,0.646954,500.598,495.547,495.441,495.411,0.444047,0.444244
8|1197|8|1197|sample|3|103|3|103|22.0,0.0010624,83416,1,3,0,0,1,122610,645.636,0.646954,91350.6,90782.5,90871.3,90834.6,-0.487113,-0.484909
8|1197|8|1197|sample|3|103|3|103|22.0,0.005312,89383,2,3,0,0,1,122610,645.636,0.646954,108339,100398,101561,101082,-0.712343,-0.687532
8|1197|8|1197|sample|3|103|3|103|22.0,0.02656,58909,3,3,0,0,1,122610,645.636,0.646954,98862.2,52991.7,57087.8,55350.5,0.188823,0.380429
8|1197|8|1197|sample|3|103|3|103|22.0,0.1328,9266,4,3,0,0,1,122610,645.636,0.646954,36388.4,7765.56,8772.45,8335.13,0.318388,0.630299
8|1197|8|1197|sample|3|103|3|103|22.0,0.664,850,5,3,0,0,1,122610,645.636,0.646954,4499.62,1215.38,1303.68,1265.5,-1.51825,-1.42089
8|1197|8|1197|sample|3|103|3|103|22.0,3.32,606,6,3,0,0,1,122610,645.636,0.646954,919.839,659.004,665.793,662.883,-0.311509,-0.297107
8|1197|8|1197|sample|3|103|3|103|22.0,16.6,578,7,3,0,0,1,122610,645.636,0.646954,601.053,581.797,582.294,582.083,-0.0241269,-0.0229482
8|1197|8|1197|sample|3|103|3|103|22.0,83,552,8,3,0,0,1,122610,645.636,0.646954,483.025,481.773,481.805,481.792,0.435669,0.435757
8|1197|8|1197|sample|4|103|4|103|22.0,0.0010624,79953,1,4,0,0,1,122610,645.636,0.646954,93838.1,93254.5,93219.3,93208.5,-0.845065,-0.844475
8|1197|8|1197|sample|4|103|4|103|22.0,0.005312,90004,2,4,0,0,1,122610,645.636,0.646954,110795,102674,102210,102080,-0.709474,-0.702808
8|1197|8|1197|sample|4|103|4|103|22.0,0.02656,58715,3,4,0,0,1,122610,645.636,0.646954,100975,54124.3,52593.6,52211.7,0.68841,0.73666
8|1197|8|1197|sample|4|103|4|103|22.0,0.1328,7962,4,4,0,0,1,122610,645.636,0.646954,37152,7928.52,7572.08,7492.85,0.289034,0.351223
8|1197|8|1197|sample|4|103|4|103|22.0,0.664,770,5,4,0,0,1,122610,645.636,0.646954,4594.04,1240.88,1209.23,1202.86,-1.5521,-1.53538
8|1197|8|1197|sample|4|103|4|103|22.0,3.32,568,6,4,0,0,1,122610,645.636,0.646954,939.499,673.089,670.599,670.147,-0.53229,-0.530154
8|1197|8|1197|sample|4|103|4|103|22.0,16.6,564,7,4,0,0,1,122610,645.636,0.646954,614.678,594.986,594.799,594.769,-0.171057,-0.170896
8|1197|8|1197|sample|4|103|4|103|22.0,83,596,8,4,0,0,1,122610,645.636,0.646954,496.178,494.892,494.88,494.878,0.619194,0.619203
8|1197|8|1197|sample|11|103|11|103|28.0,0.0014272,67698,1,11,0,0,1,122610,645.636,0.646954,84519.5,83684,82671.2,82652.3,-1.07479,-1.07368
8|1197|8|1197|sample|11|103|11|103|28.0,0.007136,59779,2,11,0,0,1,122610,645.636,0.646954,100821,89604.5,78742.4,78580.1,-1.42872,-1.4194
8|1197|8|1197|sample|11|103|11|103|28.0,0.03568,23906,3,11,0,0,1,122610,645.636,0.646954,85403.2,37756,22463.2,22326.9,0.375337,0.413266
8|1197|8|1197|sample|11|103|11|103|28.0,0.1784,2906,4,11,0,0,1,122610,645.636,0.646954,24408.1,4904.22,2724.85,2710.47,0.33738,0.365815
8|1197|8|1197|sample|11|103|11|103|28.0,0.892,526,5,11,0,0,1,122610,645.636,0.646954,2906.14,938.589,758.777,757.769,-1.12169,-1.11774
8|1197|8|1197|sample|11|103|11|103|28.0,4.46,512,6,11,0,0,1,122610,645.636,0.646954,758.7,604.64,590.799,590.734,-0.439286,-0.438949
8|1197|8|1197|sample|11|103|11|103|28.0,22.3,520,7,11,0,0,1,122610,645.636,0.646954,556.014,544.695,543.679,543.675,-0.138081,-0.138059
8|1197|8|1197|sample|11|103|11|103|28.0,35,602,8,11,0,0,1,122610,645.636,0.646954,451.179,446.626,446.217,446.216,1.00403,1.00404
8|1197|8|1197|cc|1|1|103|1|103|69.0,0,606,1,1,0,1,0,122610,645.636,0.646954,348.706,348.706,348.706,348.706,1.85344,1.85344
8|1197|8|1197|cc|2|1|103|1|103|69.0,0,666,2,1,0,1,0,122610,645.636,0.646954,445.598,445.598,445.598,445.598,1.42146,1.42146
8|1197|8|1197|cc|3|1|103|1|103|69.0,0,676,3,1,0,1,0,122610,645.636,0.646954,480.676,480.676,480.676,480.676,1.21372,1.21372
8|1197|8|1197|cc|4|1|103|1|103|69.0,0,624,4,1,0,1,0,122610,645.636,0.646954,492.043,492.043,492.043,492.043,0.810375,0.810375
8|1197|8|1197|cc|5|1|103|1|103|69.0,0,566,5,1,0,1,0,122610,645.636,0.646954,492.043,492.043,492.043,492.043,0.454185,0.454185
8|1197|8|1197|cc|6|1|103|1|103|69.0,0,622,6,1,0,1,0,122610,645.636,0.646954,480.676,480.676,480.676,480.676,0.878167,0.878167
8|1197|8|1197|cc|7|1|103|1|103|69.0,0,690,7,1,0,1,0,122610,645.636,0.646954,445.598,445.598,445.598,445.598,1.57625,1.57625
8|1197|8|1197|cc|8|1|103|1|103|69.0,0,642,8,1,0,1,0,122610,645.636,0.646954,348.706,348.706,348.706,348.706,2.11277,2.11277
8|1197|8|1197|vc|1|2|103|2|103|69.0,0,87946,1,2,1,0,0,122610,645.636,0.646954,84666.5,84666.5,84666.5,84666.5,0.229892,0.229892
8|1197|8|1197|vc|2|2|103|2|103|69.0,0,107862,2,2,1,0,0,122610,645.636,0.646954,103067,103067,103067,103067,0.276404,0.276404
8|1197|8|1197|vc|3|2|103|2|103|69.0,0,103669,3,2,1,0,0,122610,645.636,0.646954,109729,109729,109729,109729,-0.32817,-0.32817
8|1197|8|1197|vc|4|2|103|2|103|69.0,0,103811,4,2,1,0,0,122610,645.636,0.646954,111887,111887,111887,111887,-0.428981,-0.428981
8|1197|8|1197|vc|5|2|103|2|103|69.0,0,109061,5,2,1,0,0,122610,645.636,0.646954,111887,111887,111887,111887,-0.150113,-0.150113
8|1197|8|1197|vc|6|2|103|2|103|69.0,0,103883,6,2,1,0,0,122610,645.636,0.646954,109729,109729,109729,109729,-0.316581,-0.316581
8|1197|8|1197|vc|7|2|103|2|103|69.0,0,108538,7,2,1,0,0,122610,645.636,0.646954,103067,103067,103067,103067,0.31537,0.31537
8|1197|8|1197|vc|8|2|103|2|103|69.0,0,81945,8,2,1,0,0,122610,645.636,0.646954,84666.5,84666.5,84666.5,84666.5,-0.190772,-0.190772
