id,time,rlu,plate_row,plate_col,binary_vc,binary_cc,binary_sample,U_estimate,L_estimate,alpha_estimate,popPred_medianCOV,popPred,indivPred_SAEM,indivPred_mode,indWRes_SAEM,indWRes_mode
9|411|9|411|sample|4|274|4|274|70.0,0.0457247370827617,53482,1,4,0,0,1,60744.9,910.018,0.183344,10013.5,48613.8,48613.7,48613.8,0.898356,0.898331
9|411|9|411|sample|4|274|4|274|70.0,0.1371742112482853,45186,2,4,0,0,1,60744.9,910.018,0.183344,2601.81,43069.4,43069.2,43069.4,0.440053,0.440012
9|411|9|411|sample|4|274|4|274|70.0,0.411522633744856,36004,3,4,0,0,1,60744.9,910.018,0.183344,964.704,31080.9,31080.7,31080.9,1.40899,1.40892
9|411|9|411|sample|4|274|4|274|70.0,1.23456790123457,15537,4,4,0,0,1,60744.9,910.018,0.183344,907.664,15571,15570.9,15571,-0.0189118,-0.0189973
9|411|9|411|sample|4|274|4|274|70.0,3.7037037037037,4302,5,4,0,0,1,60744.9,910.018,0.183344,907.562,4167.28,4167.24,4167.28,0.249812,0.249733
9|411|9|411|sample|4|274|4|274|70.0,11.1111111111111,1258,6,4,0,0,1,60744.9,910.018,0.183344,903.019,1049.09,1049.09,1049.09,1.05977,1.05976
9|411|9|411|sample|4|274|4|274|70.0,33.3333333333333,948,7,4,0,0,1,60744.9,910.018,0.183344,888.998,888.698,888.697,888.698,0.330338,0.330331
9|411|9|411|sample|4|274|4|274|70.0,100,850,8,4,0,0,1,60744.9,910.018,0.183344,850.27,849.734,849.733,849.734,0.00152329,0.00151701
9|411|9|411|sample|3|274|3|274|70.0,0.0457247370827617,58138,1,3,0,0,1,60744.9,910.018,0.183344,9951.81,48314.2,48314,48314.2,1.82391,1.82388
9|411|9|411|sample|3|274|3|274|70.0,0.1371742112482853,40956,2,3,0,0,1,60744.9,910.018,0.183344,2586.47,42815.4,42815.3,42815.4,-0.38876,-0.388797
9|411|9|411|sample|3|274|3|274|70.0,0.411522633744856,25675,3,3,0,0,1,60744.9,910.018,0.183344,959.105,30900.5,30900.3,30900.5,-1.50394,-1.50399
9|411|9|411|sample|3|274|3|274|70.0,1.23456790123457,7926,4,3,0,0,1,60744.9,910.018,0.183344,902.422,15481.1,15481,15481.1,-4.24064,-4.24068
9|411|9|411|sample|3|274|3|274|70.0,3.7037037037037,2156,5,3,0,0,1,60744.9,910.018,0.183344,902.321,4143.21,4143.17,4143.21,-3.70174,-3.70179
9|411|9|411|sample|3|274|3|274|70.0,11.1111111111111,986,6,3,0,0,1,60744.9,910.018,0.183344,897.778,1043,1043,1043,-0.290127,-0.290136
9|411|9|411|sample|3|274|3|274|70.0,33.3333333333333,960,7,3,0,0,1,60744.9,910.018,0.183344,883.757,883.459,883.458,883.459,0.427737,0.427732
9|411|9|411|sample|3|274|3|274|70.0,100,882,8,3,0,0,1,60744.9,910.018,0.183344,845.029,844.496,844.495,844.496,0.214719,0.214714
9|411|9|411|sample|5|274|5|274|70.0,0.002286236854138,55169,1,5,0,0,1,60744.9,910.018,0.183344,42755.9,55663.8,55663.7,55663.8,-0.079887,-0.0798916
9|411|9|411|sample|5|274|5|274|70.0,0.0068587105624142,55989,2,5,0,0,1,60744.9,910.018,0.183344,34078.9,56890.5,56890.4,56890.5,-0.142455,-0.142464
9|411|9|411|sample|5|274|5|274|70.0,0.0205761316872428,54885,3,5,0,0,1,60744.9,910.018,0.183344,20491.3,55131.5,55131.4,55131.5,-0.0401689,-0.040184
9|411|9|411|sample|5|274|5|274|70.0,0.0617283950617284,49434,4,5,0,0,1,60744.9,910.018,0.183344,7727.35,50258.1,50258,50258.1,-0.147147,-0.147173
9|411|9|411|sample|5|274|5|274|70.0,0.1851851851851852,45208,5,5,0,0,1,60744.9,910.018,0.183344,1774.58,41065.2,41065,41065.2,0.902543,0.902495
9|411|9|411|sample|5|274|5|274|70.0,0.5555555555555556,30556,6,5,0,0,1,60744.9,910.018,0.183344,920.734,26952.9,26952.7,26952.9,1.1849,1.18482
9|411|9|411|sample|5|274|5|274|70.0,1.66666666666667,13064,7,5,0,0,1,60744.9,910.018,0.183344,890.903,11456.7,11456.6,11456.7,1.19978,1.19968
9|411|9|411|sample|5|274|5|274|70.0,5,2918,8,5,0,0,1,60744.9,910.018,0.183344,852.167,2468.55,2468.53,2468.55,1.27341,1.27334
9|411|9|411|sample|6|274|6|274|70.0,0.002286236854138,62015,1,6,0,0,1,60744.9,910.018,0.183344,42786.7,55703.9,55703.9,55703.9,1.01832,1.01832
9|411|9|411|sample|6|274|6|274|70.0,0.0068587105624142,61528,2,6,0,0,1,60744.9,910.018,0.183344,34102.4,56929.7,56929.7,56929.7,0.726191,0.726182
9|411|9|411|sample|6|274|6|274|70.0,0.0205761316872428,61845,3,6,0,0,1,60744.9,910.018,0.183344,20505.2,55169,55168.9,55169,1.08753,1.08751
9|411|9|411|sample|6|274|6|274|70.0,0.0617283950617284,54318,4,6,0,0,1,60744.9,910.018,0.183344,7732.57,50292.1,50291.9,50292.1,0.718507,0.718479
9|411|9|411|sample|6|274|6|274|70.0,0.1851851851851852,48773,5,6,0,0,1,60744.9,910.018,0.183344,1775.78,41093,41092.8,41093,1.67201,1.67196
9|411|9|411|sample|6|274|6|274|70.0,0.5555555555555556,29602,6,6,0,0,1,60744.9,910.018,0.183344,921.359,26971.2,26971,26971.2,0.864593,0.864518
9|411|9|411|sample|6|274|6|274|70.0,1.66666666666667,12240,7,6,0,0,1,60744.9,910.018,0.183344,891.518,11464.6,11464.5,11464.6,0.578457,0.578362
9|411|9|411|sample|6|274|6|274|70.0,5,3840,8,6,0,0,1,60744.9,910.018,0.183344,852.782,2470.33,2470.31,2470.33,3.87836,3.87828
9|411|9|411|sample|8|274|8|274|70.0,0.0457247370827617,49844,1,8,0,0,1,60744.9,910.018,0.183344,10035.9,48722.3,48722.2,48722.3,0.206554,0.206531
9|411|9|411|sample|8|274|8|274|70.0,0.1371742112482853,46084,2,8,0,0,1,60744.9,910.018,0.183344,2607.37,43161.3,43161.1,43161.3,0.606349,0.606308
9|411|9|411|sample|8|274|8|274|70.0,0.411522633744856,29492,3,8,0,0,1,60744.9,910.018,0.183344,966.731,31146.2,31146,31146.2,-0.472388,-0.472446
9|411|9|411|sample|8|274|8|274|70.0,1.23456790123457,12168,4,8,0,0,1,60744.9,910.018,0.183344,909.561,15603.6,15603.4,15603.6,-1.91388,-1.91395
9|411|9|411|sample|8|274|8|274|70.0,3.7037037037037,3114,5,8,0,0,1,60744.9,910.018,0.183344,909.46,4175.99,4175.95,4175.99,-1.96505,-1.96511
9|411|9|411|sample|8|274|8|274|70.0,11.1111111111111,1024,6,8,0,0,1,60744.9,910.018,0.183344,904.917,1051.29,1051.29,1051.29,-0.138278,-0.138288
9|411|9|411|sample|8|274|8|274|70.0,33.3333333333333,882,7,8,0,0,1,60744.9,910.018,0.183344,890.896,890.595,890.594,890.595,-0.0478174,-0.047823
9|411|9|411|sample|8|274|8|274|70.0,100,778,8,8,0,0,1,60744.9,910.018,0.183344,852.167,851.631,851.63,851.631,-0.419656,-0.419661
9|411|9|411|sample|7|274|7|274|70.0,0.0457247370827617,51443,1,7,0,0,1,60744.9,910.018,0.183344,10043.1,48757.5,48757.4,48757.5,0.49415,0.494126
9|411|9|411|sample|7|274|7|274|70.0,0.1371742112482853,47489,2,7,0,0,1,60744.9,910.018,0.183344,2609.17,43191.1,43190.9,43191.1,0.89103,0.890987
9|411|9|411|sample|7|274|7|274|70.0,0.411522633744856,28239,3,7,0,0,1,60744.9,910.018,0.183344,967.388,31167.4,31167.2,31167.4,-0.835736,-0.835792
9|411|9|411|sample|7|274|7|274|70.0,1.23456790123457,11458,4,7,0,0,1,60744.9,910.018,0.183344,910.176,15614.1,15614,15614.1,-2.31381,-2.31387
9|411|9|411|sample|7|274|7|274|70.0,3.7037037037037,2676,5,7,0,0,1,60744.9,910.018,0.183344,910.075,4178.81,4178.77,4178.81,-2.77916,-2.77921
9|411|9|411|sample|7|274|7|274|70.0,11.1111111111111,1026,6,7,0,0,1,60744.9,910.018,0.183344,905.532,1052.01,1052.01,1052.01,-0.131711,-0.131722
9|411|9|411|sample|7|274|7|274|70.0,33.3333333333333,928,7,7,0,0,1,60744.9,910.018,0.183344,891.511,891.21,891.209,891.21,0.204626,0.20462
9|411|9|411|sample|7|274|7|274|70.0,100,848,8,7,0,0,1,60744.9,910.018,0.183344,852.782,852.245,852.244,852.245,-0.0241788,-0.0241852
9|411|9|411|sample|9|274|9|274|70.0,0.002286236854138,52761,1,9,0,0,1,60744.9,910.018,0.183344,42660.7,55539.8,55539.8,55539.8,-0.44968,-0.449685
9|411|9|411|sample|9|274|9|274|70.0,0.0068587105624142,58591,2,9,0,0,1,60744.9,910.018,0.183344,34006.3,56769.3,56769.3,56769.3,0.288503,0.288494
9|411|9|411|sample|9|274|9|274|70.0,0.0205761316872428,53528,3,9,0,0,1,60744.9,910.018,0.183344,20448.3,55015.9,55015.8,55015.9,-0.243029,-0.243043
9|411|9|411|sample|9|274|9|274|70.0,0.0617283950617284,55935,4,9,0,0,1,60744.9,910.018,0.183344,7711.23,50153.3,50153.1,50153.3,1.03468,1.03465
9|411|9|411|sample|9|274|9|274|70.0,0.1851851851851852,49128,5,9,0,0,1,60744.9,910.018,0.183344,1770.88,40979.5,40979.3,40979.5,1.77882,1.77876
9|411|9|411|sample|9|274|9|274|70.0,0.5555555555555556,28450,6,9,0,0,1,60744.9,910.018,0.183344,918.803,26896.4,26896.2,26896.4,0.511995,0.511923
9|411|9|411|sample|9|274|9|274|70.0,1.66666666666667,10662,7,9,0,0,1,60744.9,910.018,0.183344,889.005,11432.3,11432.2,11432.3,-0.576044,-0.576128
9|411|9|411|sample|9|274|9|274|70.0,5,3030,8,9,0,0,1,60744.9,910.018,0.183344,850.27,2463.05,2463.03,2463.05,1.60905,1.60898
9|411|9|411|sample|10|274|10|274|70.0,0.002286236854138,53166,1,10,0,0,1,60744.9,910.018,0.183344,42397.7,55197.5,55197.4,55197.5,-0.33075,-0.330754
9|411|9|411|sample|10|274|10|274|70.0,0.0068587105624142,61628,2,10,0,0,1,60744.9,910.018,0.183344,33805.8,56434.6,56434.6,56434.6,0.82728,0.827271
9|411|9|411|sample|10|274|10|274|70.0,0.0205761316872428,54148,3,10,0,0,1,60744.9,910.018,0.183344,20329.7,54696.6,54696.5,54696.6,-0.0901102,-0.0901252
9|411|9|411|sample|10|274|10|274|70.0,0.0617283950617284,54949,4,10,0,0,1,60744.9,910.018,0.183344,7666.69,49863.6,49863.5,49863.6,0.915271,0.915242
9|411|9|411|sample|10|274|10|274|70.0,0.1851851851851852,46394,5,10,0,0,1,60744.9,910.018,0.183344,1760.65,40742.9,40742.7,40742.9,1.2407,1.24065
9|411|9|411|sample|10|274|10|274|70.0,0.5555555555555556,30684,6,10,0,0,1,60744.9,910.018,0.183344,913.47,26740.3,26740.1,26740.3,1.30694,1.30686
9|411|9|411|sample|10|274|10|274|70.0,1.66666666666667,13846,7,10,0,0,1,60744.9,910.018,0.183344,883.764,11364.9,11364.8,11364.9,1.86603,1.86593
9|411|9|411|sample|10|274|10|274|70.0,5,3124,8,10,0,0,1,60744.9,910.018,0.183344,845.029,2447.87,2447.85,2447.87,1.92802,1.92795
9|411|9|411|sample|12|274|12|274|70.0,0.0457247370827617,47309,1,12,0,0,1,60744.9,910.018,0.183344,9326.45,45278.2,45278,45278.2,0.40194,0.401916
9|411|9|411|sample|12|274|12|274|70.0,0.1371742112482853,39899,2,12,0,0,1,60744.9,910.018,0.183344,2431.07,40242.9,40242.7,40242.9,-0.0763743,-0.0764125
9|411|9|411|sample|12|274|12|274|70.0,0.411522633744856,26409,3,12,0,0,1,60744.9,910.018,0.183344,902.377,29072.8,29072.6,29072.8,-0.813637,-0.813693
9|411|9|411|sample|12|274|12|274|70.0,1.23456790123457,9114,4,12,0,0,1,60744.9,910.018,0.183344,849.315,14570.1,14569.9,14570.1,-3.24459,-3.24465
9|411|9|411|sample|12|274|12|274|70.0,3.7037037037037,2878,5,12,0,0,1,60744.9,910.018,0.183344,849.221,3899.39,3899.35,3899.39,-2.00244,-2.0025
9|411|9|411|sample|12|274|12|274|70.0,11.1111111111111,968,6,12,0,0,1,60744.9,910.018,0.183344,844.677,981.311,981.308,981.311,-0.0701583,-0.0701703
9|411|9|411|sample|12|274|12|274|70.0,33.3333333333333,796,7,12,0,0,1,60744.9,910.018,0.183344,830.656,830.376,830.375,830.376,-0.198561,-0.198569
9|411|9|411|sample|12|274|12|274|70.0,100,796,8,12,0,0,1,60744.9,910.018,0.183344,791.928,791.429,791.428,791.429,0.0270809,0.0270728
9|411|9|411|sample|11|274|11|274|70.0,0.0457247370827617,54260,1,11,0,0,1,60744.9,910.018,0.183344,9783.66,47497.8,47497.7,47497.8,1.27673,1.2767
9|411|9|411|sample|11|274|11|274|70.0,0.1371742112482853,45084,2,11,0,0,1,60744.9,910.018,0.183344,2544.69,42123.7,42123.5,42123.7,0.629008,0.628967
9|411|9|411|sample|11|274|11|274|70.0,0.411522633744856,27045,3,11,0,0,1,60744.9,910.018,0.183344,943.851,30409.1,30408.9,30409.1,-0.983458,-0.983513
9|411|9|411|sample|11|274|11|274|70.0,1.23456790123457,12392,4,11,0,0,1,60744.9,910.018,0.183344,888.142,15236.1,15236,15236.1,-1.62081,-1.62089
9|411|9|411|sample|11|274|11|274|70.0,3.7037037037037,3032,5,11,0,0,1,60744.9,910.018,0.183344,888.043,4077.65,4077.61,4077.65,-1.97425,-1.97431
9|411|9|411|sample|11|274|11|274|70.0,11.1111111111111,1264,6,11,0,0,1,60744.9,910.018,0.183344,883.5,1026.41,1026.41,1026.41,1.22065,1.22064
9|411|9|411|sample|11|274|11|274|70.0,33.3333333333333,860,7,11,0,0,1,60744.9,910.018,0.183344,869.479,869.186,869.185,869.186,-0.0517807,-0.0517854
9|411|9|411|sample|11|274|11|274|70.0,100,802,8,11,0,0,1,60744.9,910.018,0.183344,830.751,830.227,830.226,830.227,-0.163062,-0.163067
9|411|9|411|cc|1|1|274|1|274|69.0,0,868,1,1,0,1,0,60744.9,910.018,0.183344,791.411,791.411,791.411,791.411,0.453616,0.453616
9|411|9|411|cc|2|1|274|1|274|69.0,0,912,2,1,0,1,0,60744.9,910.018,0.183344,830.114,830.114,830.114,830.114,0.473084,0.473084
9|411|9|411|cc|3|1|274|1|274|69.0,0,846,3,1,0,1,0,60744.9,910.018,0.183344,844.126,844.126,844.126,844.126,0.0107316,0.0107316
9|411|9|411|cc|4|1|274|1|274|69.0,0,900,4,1,0,1,0,60744.9,910.018,0.183344,848.666,848.666,848.666,848.666,0.293124,0.293124
9|411|9|411|cc|5|1|274|1|274|69.0,0,962,5,1,0,1,0,60744.9,910.018,0.183344,848.666,848.666,848.666,848.666,0.647153,0.647153
9|411|9|411|cc|6|1|274|1|274|69.0,0,886,6,1,0,1,0,60744.9,910.018,0.183344,844.126,844.126,844.126,844.126,0.23979,0.23979
9|411|9|411|cc|7|1|274|1|274|69.0,0,922,7,1,0,1,0,60744.9,910.018,0.183344,830.114,830.114,830.114,830.114,0.530857,0.530857
9|411|9|411|cc|8|1|274|1|274|69.0,0,984,8,1,0,1,0,60744.9,910.018,0.183344,791.411,791.411,791.411,791.411,1.14065,1.14065
9|411|9|411|vc|1|2|274|2|274|69.0,0,57888,1,2,1,0,0,60744.9,910.018,0.183344,55417.5,55417.5,55417.5,55417.5,0.40066,0.40066
9|411|9|411|vc|2|2|274|2|274|69.0,0,57026,2,2,1,0,0,60744.9,910.018,0.183344,58001,58001,58001,58001,-0.151166,-0.151166
9|411|9|411|vc|3|2|274|2|274|69.0,0,62361,3,2,1,0,0,60744.9,910.018,0.183344,58936.3,58936.3,58936.3,58936.3,0.522665,0.522665
9|411|9|411|vc|4|2|274|2|274|69.0,0,58423,4,2,1,0,0,60744.9,910.018,0.183344,59239.4,59239.4,59239.4,59239.4,-0.123961,-0.123961
9|411|9|411|vc|5|2|274|2|274|69.0,0,61789,5,2,1,0,0,60744.9,910.018,0.183344,59239.4,59239.4,59239.4,59239.4,0.387149,0.387149
9|411|9|411|vc|6|2|274|2|274|69.0,0,57424,6,2,1,0,0,60744.9,910.018,0.183344,58936.3,58936.3,58936.3,58936.3,-0.2308,-0.2308
9|411|9|411|vc|7|2|274|2|274|69.0,0,54022,7,2,1,0,0,60744.9,910.018,0.183344,58001,58001,58001,58001,-0.616924,-0.616924
9|411|9|411|vc|8|2|274|2|274|69.0,0,54322,8,2,1,0,0,60744.9,910.018,0.183344,55417.5,55417.5,55417.5,55417.5,-0.177666,-0.177666
8|152|8|152|sample|8|322|8|322|65.0,0.0016767999999999,93531,1,8,0,0,1,96485.2,695.259,0.10151,73358.8,91159.4,91159.5,91159.4,0.235033,0.235047
8|152|8|152|sample|8|322|8|322|65.0,0.0083839999999999,89173,2,8,0,0,1,96485.2,695.259,0.10151,50510.4,88544,88544.5,88544,0.0641178,0.0641662
8|152|8|152|sample|8|322|8|322|65.0,0.04192,74809,3,8,0,0,1,96485.2,695.259,0.10151,17880.7,74527.4,74528.4,74527.2,0.033949,0.0340951
8|152|8|152|sample|8|322|8|322|65.0,0.2096,45160,4,8,0,0,1,96485.2,695.259,0.10151,1691.08,43886,43887.2,43885.7,0.259748,0.260058
8|152|8|152|sample|8|322|8|322|65.0,1.048,15135,5,8,0,0,1,96485.2,695.259,0.10151,695.926,13932,13932,13931.5,0.746514,0.746867
8|152|8|152|sample|8|322|8|322|65.0,5.24,2264,6,8,0,0,1,96485.2,695.259,0.10151,693.444,2901.19,2901.18,2900.64,-1.59109,-1.58997
8|152|8|152|sample|8|322|8|322|65.0,26.2,818,7,8,0,0,1,96485.2,695.259,0.10151,687.512,977.292,977.559,976.728,-0.842992,-0.839004
8|152|8|152|sample|8|322|8|322|65.0,131,656,8,8,0,0,1,96485.2,695.259,0.10151,671.126,727.208,727.557,726.656,-0.442171,-0.436872
8|152|8|152|sample|7|322|7|322|65.0,0.0016767999999999,91095,1,7,0,0,1,96485.2,695.259,0.10151,73387.2,91194.7,91194.8,91194.7,-0.00988844,-0.00987715
8|152|8|152|sample|7|322|7|322|65.0,0.0083839999999999,90851,2,7,0,0,1,96485.2,695.259,0.10151,50529.5,88577.5,88577.9,88577.5,0.231793,0.231832
8|152|8|152|sample|7|322|7|322|65.0,0.04192,78819,3,7,0,0,1,96485.2,695.259,0.10151,17887.4,74555.3,74556.2,74555.3,0.515629,0.515743
8|152|8|152|sample|7|322|7|322|65.0,0.2096,44579,4,7,0,0,1,96485.2,695.259,0.10151,1691.71,43902.4,43903,43902.3,0.137898,0.138047
8|152|8|152|sample|7|322|7|322|65.0,1.048,16869,5,7,0,0,1,96485.2,695.259,0.10151,696.186,13937.2,13936.3,13937,1.81931,1.81882
8|152|8|152|sample|7|322|7|322|65.0,5.24,2542,6,7,0,0,1,96485.2,695.259,0.10151,693.704,2902.28,2901.25,2902.05,-0.897072,-0.898874
8|152|8|152|sample|7|322|7|322|65.0,26.2,990,7,7,0,0,1,96485.2,695.259,0.10151,687.772,977.661,976.907,977.432,0.0691971,0.0664029
8|152|8|152|sample|7|322|7|322|65.0,131,662,8,7,0,0,1,96485.2,695.259,0.10151,671.386,727.489,726.839,727.265,-0.400854,-0.403374
8|152|8|152|sample|6|322|6|322|65.0,0.0004351999999999,97021,1,6,0,0,1,96485.2,695.259,0.10151,83875.2,92443,92443.1,92443,0.447455,0.44746
8|152|8|152|sample|6|322|6|322|65.0,0.0021759999999999,93823,2,6,0,0,1,96485.2,695.259,0.10151,72154.4,92976.9,92977,92976.9,0.0822162,0.0822322
8|152|8|152|sample|6|322|6|322|65.0,0.0108799999999999,90270,3,6,0,0,1,96485.2,695.259,0.10151,45693.7,87858.8,87859.3,87858.8,0.247812,0.247867
8|152|8|152|sample|6|322|6|322|65.0,0.0543999999999999,68233,4,6,0,0,1,96485.2,695.259,0.10151,13528.4,70816.3,70817.5,70816.3,-0.328951,-0.328806
8|152|8|152|sample|6|322|6|322|65.0,0.2719999999999999,39599,5,6,0,0,1,96485.2,695.259,0.10151,1151.62,38149.2,38150.4,38149.4,0.339227,0.339473
8|152|8|152|sample|6|322|6|322|65.0,1.36,10738,6,6,0,0,1,96485.2,695.259,0.10151,693.777,10915.8,10915.9,10916,-0.138958,-0.139002
8|152|8|152|sample|6|322|6|322|65.0,6.8,2696,7,6,0,0,1,96485.2,695.259,0.10151,687.772,2272.48,2272.77,2272.72,1.2768,1.27697
8|152|8|152|sample|6|322|6|322|65.0,34,918,8,6,0,0,1,96485.2,695.259,0.10151,671.386,878.189,878.722,878.426,0.220137,0.221838
8|152|8|152|sample|5|322|5|322|65.0,0.0004351999999999,94324,1,5,0,0,1,96485.2,695.259,0.10151,83842.7,92407.2,92407.3,92407.2,0.187418,0.187422
8|152|8|152|sample|5|322|5|322|65.0,0.0021759999999999,94458,2,5,0,0,1,96485.2,695.259,0.10151,72127.1,92941.7,92941.9,92941.7,0.147402,0.147418
8|152|8|152|sample|5|322|5|322|65.0,0.0108799999999999,93359,3,5,0,0,1,96485.2,695.259,0.10151,45676.5,87825.9,87826.4,87825.9,0.568955,0.569013
8|152|8|152|sample|5|322|5|322|65.0,0.0543999999999999,70654,4,5,0,0,1,96485.2,695.259,0.10151,13523.4,70789.8,70791,70789.8,-0.0174471,-0.0172895
8|152|8|152|sample|5|322|5|322|65.0,0.2719999999999999,40370,5,5,0,0,1,96485.2,695.259,0.10151,1151.19,38134.9,38136.1,38135,0.523303,0.523586
8|152|8|152|sample|5|322|5|322|65.0,1.36,8986,6,5,0,0,1,96485.2,695.259,0.10151,693.517,10911.7,10911.8,10911.7,-1.50465,-1.50456
8|152|8|152|sample|5|322|5|322|65.0,6.8,2416,7,5,0,0,1,96485.2,695.259,0.10151,687.512,2271.62,2271.94,2271.68,0.434728,0.435555
8|152|8|152|sample|5|322|5|322|65.0,34,924,8,5,0,0,1,96485.2,695.259,0.10151,671.126,877.849,878.405,877.9,0.255587,0.258501
8|152|8|152|sample|12|322|12|322|28.0,0.0014272,79697,1,12,0,0,1,96485.2,695.259,0.10151,72165.2,83261.7,83262.1,83261.6,-0.386542,-0.386493
8|152|8|152|sample|12|322|12|322|28.0,0.007136,67002,2,12,0,0,1,96485.2,695.259,0.10151,51614.8,75120.3,75121.2,75120.2,-0.974772,-0.974673
8|152|8|152|sample|12|322|12|322|28.0,0.03568,48627,3,12,0,0,1,96485.2,695.259,0.10151,20107,54316.1,54317,54315.9,-0.941241,-0.941068
8|152|8|152|sample|12|322|12|322|28.0,0.1784,20494,4,12,0,0,1,96485.2,695.259,0.10151,2137.75,25250,25249.9,25249.6,-1.66637,-1.66629
8|152|8|152|sample|12|322|12|322|28.0,0.892,5710,5,12,0,0,1,96485.2,695.259,0.10151,671.513,6238.07,6236.97,6237.62,-0.687327,-0.688114
8|152|8|152|sample|12|322|12|322|28.0,4.46,1250,6,12,0,0,1,96485.2,695.259,0.10151,667.957,1306.09,1305.04,1305.62,-0.244373,-0.246898
8|152|8|152|sample|12|322|12|322|28.0,22.3,570,7,12,0,0,1,96485.2,695.259,0.10151,662.025,732.143,731.206,731.675,-0.993682,-0.996257
8|152|8|152|sample|12|322|12|322|28.0,111.5,678,8,12,0,0,1,96485.2,695.259,0.10151,645.64,675.431,674.536,674.975,0.0222053,0.0193851
8|152|8|152|sample|11|322|11|322|28.0,0.0014272,86935,1,11,0,0,1,96485.2,695.259,0.10151,74001.1,85379.9,85380.3,85379.8,0.164421,0.164471
8|152|8|152|sample|11|322|11|322|28.0,0.007136,80844,2,11,0,0,1,96485.2,695.259,0.10151,52895.4,76984.1,76984.9,76984,0.452204,0.452316
8|152|8|152|sample|11|322|11|322|28.0,0.03568,56954,3,11,0,0,1,96485.2,695.259,0.10151,20601.4,55651.7,55652.7,55651.6,0.210166,0.210349
8|152|8|152|sample|11|322|11|322|28.0,0.1784,26467,4,11,0,0,1,96485.2,695.259,0.10151,2190.16,25869.1,25869,25868.8,0.204659,0.204707
8|152|8|152|sample|11|322|11|322|28.0,0.892,6328,5,11,0,0,1,96485.2,695.259,0.10151,687.978,6391.02,6389.81,6390.67,-0.0788966,-0.0799783
8|152|8|152|sample|11|322|11|322|28.0,4.46,1324,6,11,0,0,1,96485.2,695.259,0.10151,684.383,1338.21,1337.04,1337.84,-0.0570214,-0.0604738
8|152|8|152|sample|11|322|11|322|28.0,22.3,672,7,11,0,0,1,96485.2,695.259,0.10151,678.45,750.308,749.26,749.936,-0.470484,-0.474388
8|152|8|152|sample|11|322|11|322|28.0,111.5,632,8,11,0,0,1,96485.2,695.259,0.10151,662.065,692.614,691.61,692.251,-0.377556,-0.381447
8|152|8|152|sample|10|322|10|322|28.0,0.0004479999999999,91021,1,10,0,0,1,96485.2,695.259,0.10151,83309.8,89493.8,89494.1,89493.8,0.154117,0.154147
8|152|8|152|sample|10|322|10|322|28.0,0.00224,88793,2,10,0,0,1,96485.2,695.259,0.10151,71453.3,86170.2,86170.9,86170.2,0.274784,0.274855
8|152|8|152|sample|10|322|10|322|28.0,0.0111999999999999,78376,3,10,0,0,1,96485.2,695.259,0.10151,44879.4,73437,73438.2,73437,0.606272,0.606433
8|152|8|152|sample|10|322|10|322|28.0,0.0559999999999999,50978,4,10,0,0,1,96485.2,695.259,0.10151,13015.1,47998.3,47999.8,47998.4,0.556505,0.556776
8|152|8|152|sample|10|322|10|322|28.0,0.2799999999999999,18817,5,10,0,0,1,96485.2,695.259,0.10151,1105.18,18803.5,18803.9,18803.6,0.00608995,0.00626487
8|152|8|152|sample|10|322|10|322|28.0,1.4,3464,6,10,0,0,1,96485.2,695.259,0.10151,690.481,4003.19,4003.12,4003.28,-1.0339,-1.03417
8|152|8|152|sample|10|322|10|322|28.0,7,1220,7,10,0,0,1,96485.2,695.259,0.10151,684.491,1019.87,1019.99,1019.97,1.03135,1.03144
8|152|8|152|sample|10|322|10|322|28.0,35,690,8,10,0,0,1,96485.2,695.259,0.10151,668.106,715.687,715.875,715.782,-0.161164,-0.160597
8|152|8|152|sample|9|322|9|322|28.0,0.0004479999999999,92933,1,9,0,0,1,96485.2,695.259,0.10151,83586.3,89790.9,89791.2,89790.9,0.316081,0.316115
8|152|8|152|sample|9|322|9|322|28.0,0.00224,84649,2,9,0,0,1,96485.2,695.259,0.10151,71684.8,86449.4,86450.2,86449.4,-0.18815,-0.188072
8|152|8|152|sample|9|322|9|322|28.0,0.0111999999999999,78182,3,9,0,0,1,96485.2,695.259,0.10151,45023.5,73672.8,73674.3,73672.9,0.551704,0.551895
8|152|8|152|sample|9|322|9|322|28.0,0.0559999999999999,55239,4,9,0,0,1,96485.2,695.259,0.10151,13056.8,48152.1,48154,48152.2,1.31969,1.32009
8|152|8|152|sample|9|322|9|322|28.0,0.2799999999999999,20004,5,9,0,0,1,96485.2,695.259,0.10151,1108.72,18863.7,18865,18863.8,0.528985,0.529576
8|152|8|152|sample|9|322|9|322|28.0,1.4,4986,6,9,0,0,1,96485.2,695.259,0.10151,692.698,4016.04,4017.04,4016.22,1.85279,1.85469
8|152|8|152|sample|9|322|9|322|28.0,7,1028,7,9,0,0,1,96485.2,695.259,0.10151,686.709,1023.18,1024.37,1023.35,0.0186504,0.0239127
8|152|8|152|sample|9|322|9|322|28.0,35,722,8,9,0,0,1,96485.2,695.259,0.10151,670.323,718.063,719.312,718.237,0.0167022,0.0234037
8|152|8|152|sample|3|322|3|322|22.0,0.0010624,87858,1,3,0,0,1,96485.2,695.259,0.10151,77381.3,91203.7,91203.7,91203.7,-0.331427,-0.331422
8|152|8|152|sample|3|322|3|322|22.0,0.005312,88455,2,3,0,0,1,96485.2,695.259,0.10151,58674.7,89724.4,89724.6,89724.4,-0.127822,-0.127807
8|152|8|152|sample|3|322|3|322|22.0,0.02656,77137,3,3,0,0,1,96485.2,695.259,0.10151,26650.2,78622.6,78623.1,78622.8,-0.170549,-0.170508
8|152|8|152|sample|3|322|3|322|22.0,0.1328,46188,4,3,0,0,1,96485.2,695.259,0.10151,3686.1,50899.6,50900.2,50900,-0.831052,-0.831022
8|152|8|152|sample|3|322|3|322|22.0,0.664,17047,5,3,0,0,1,96485.2,695.259,0.10151,702.323,17876.8,17876.7,17877.4,-0.405826,-0.406138
8|152|8|152|sample|3|322|3|322|22.0,3.32,3062,6,3,0,0,1,96485.2,695.259,0.10151,690.423,3541.95,3542.45,3542.66,-1.02035,-1.02074
8|152|8|152|sample|3|322|3|322|22.0,16.6,1382,7,3,0,0,1,96485.2,695.259,0.10151,684.491,1011.53,1012.63,1012.24,1.91254,1.915
8|152|8|152|sample|3|322|3|322|22.0,83,840,8,3,0,0,1,96485.2,695.259,0.10151,668.106,722.809,724.042,723.509,0.718253,0.721818
8|152|8|152|sample|4|322|4|322|22.0,0.0010624,92432,1,4,0,0,1,96485.2,695.259,0.10151,77638.2,91506.4,91506.5,91506.4,0.0913836,0.0913891
8|152|8|152|sample|4|322|4|322|22.0,0.005312,90579,2,4,0,0,1,96485.2,695.259,0.10151,58864.7,90015.1,90015.3,90015.1,0.0565722,0.0565909
8|152|8|152|sample|4|322|4|322|22.0,0.02656,76034,3,4,0,0,1,96485.2,695.259,0.10151,26735.8,78875.1,78875.7,78875.2,-0.325082,-0.32503
8|152|8|152|sample|4|322|4|322|22.0,0.1328,50378,4,4,0,0,1,96485.2,695.259,0.10151,3697.91,51062.7,51063.3,51062.9,-0.120489,-0.120407
8|152|8|152|sample|4|322|4|322|22.0,0.664,19217,5,4,0,0,1,96485.2,695.259,0.10151,704.572,17934.1,17934.3,17934.4,0.625453,0.625359
8|152|8|152|sample|4|322|4|322|22.0,3.32,3728,6,4,0,0,1,96485.2,695.259,0.10151,692.641,3553.33,3554.12,3553.76,0.368262,0.369074
8|152|8|152|sample|4|322|4|322|22.0,16.6,1054,7,4,0,0,1,96485.2,695.259,0.10151,686.709,1014.8,1016.22,1015.24,0.195231,0.200414
8|152|8|152|sample|4|322|4|322|22.0,83,902,8,4,0,0,1,96485.2,695.259,0.10151,670.323,725.208,726.742,725.632,1.08357,1.09126
8|152|8|152|cc|1|1|322|1|322|69.0,0,712,1,1,0,1,0,96485.2,695.259,0.10151,645.088,645.088,645.088,645.088,0.43797,0.43797
8|152|8|152|cc|2|1|322|1|322|69.0,0,712,2,1,0,1,0,96485.2,695.259,0.10151,661.46,661.46,661.46,661.46,0.326965,0.326965
8|152|8|152|cc|3|1|322|1|322|69.0,0,642,3,1,0,1,0,96485.2,695.259,0.10151,667.387,667.387,667.387,667.387,-0.163549,-0.163549
8|152|8|152|cc|4|1|322|1|322|69.0,0,720,4,1,0,1,0,96485.2,695.259,0.10151,669.307,669.307,669.307,669.307,0.326133,0.326133
8|152|8|152|cc|5|1|322|1|322|69.0,0,666,5,1,0,1,0,96485.2,695.259,0.10151,669.307,669.307,669.307,669.307,-0.0212776,-0.0212776
8|152|8|152|cc|6|1|322|1|322|69.0,0,674,6,1,0,1,0,96485.2,695.259,0.10151,667.387,667.387,667.387,667.387,0.0426043,0.0426043
8|152|8|152|cc|7|1|322|1|322|69.0,0,722,7,1,0,1,0,96485.2,695.259,0.10151,661.46,661.46,661.46,661.46,0.391659,0.391659
8|152|8|152|cc|8|1|322|1|322|69.0,0,714,8,1,0,1,0,96485.2,695.259,0.10151,645.088,645.088,645.088,645.088,0.451061,0.451061
8|152|8|152|vc|1|2|322|2|322|69.0,0,94260,1,2,1,0,0,96485.2,695.259,0.10151,91800.2,91800.2,91800.2,91800.2,0.242095,0.242095
8|152|8|152|vc|2|2|322|2|322|69.0,0,95803,2,2,1,0,0,96485.2,695.259,0.10151,94072.2,94072.2,94072.2,94072.2,0.16627,0.16627
8|152|8|152|vc|3|2|322|2|322|69.0,0,99229,3,2,1,0,0,96485.2,695.259,0.10151,94894.7,94894.7,94894.7,94894.7,0.412785,0.412785
8|152|8|152|vc|4|2|322|2|322|69.0,0,96260,4,2,1,0,0,96485.2,695.259,0.10151,95161.2,95161.2,95161.2,95161.2,0.104354,0.104354
8|152|8|152|vc|5|2|322|2|322|69.0,0,93357,5,2,1,0,0,96485.2,695.259,0.10151,95161.2,95161.2,95161.2,95161.2,-0.17135,-0.17135
8|152|8|152|vc|6|2|322|2|322|69.0,0,92328,6,2,1,0,0,96485.2,695.259,0.10151,94894.7,94894.7,94894.7,94894.7,-0.244443,-0.244443
8|152|8|152|vc|7|2|322|2|322|69.0,0,91784,7,2,1,0,0,96485.2,695.259,0.10151,94072.2,94072.2,94072.2,94072.2,-0.219807,-0.219807
8|152|8|152|vc|8|2|322|2|322|69.0,0,89680,8,2,1,0,0,96485.2,695.259,0.10151,91800.2,91800.2,91800.2,91800.2,-0.208674,-0.208674
8|1056|8|1056|sample|8|276|8|276|65.0,0.0016767999999999,118740,1,8,0,0,1,122610,713.746,0.0353313,95425.2,117999,117999,117999,0.0568099,0.0568124
8|1056|8|1056|sample|8|276|8|276|65.0,0.0083839999999999,113636,2,8,0,0,1,122610,713.746,0.0353313,64614.5,111703,111703,111703,0.1566,0.156608
8|1056|8|1056|sample|8|276|8|276|65.0,0.04192,84503,3,8,0,0,1,122610,713.746,0.0353313,22634.5,90213.4,90213.7,90213.4,-0.571854,-0.571828
8|1056|8|1056|sample|8|276|8|276|65.0,0.2096,42717,4,8,0,0,1,122610,713.746,0.0353313,1981.83,43107.2,43107.6,43107.2,-0.0811262,-0.0810371
8|1056|8|1056|sample|8|276|8|276|65.0,1.048,4102,5,8,0,0,1,122610,713.746,0.0353313,714.879,4031.55,4031.67,4031.55,0.134077,0.134305
8|1056|8|1056|sample|8|276|8|276|65.0,5.24,716,6,8,0,0,1,122610,713.746,0.0353313,713.479,714.171,714.222,714.171,0.0110846,0.0114071
8|1056|8|1056|sample|8|276|8|276|65.0,26.2,656,7,8,0,0,1,122610,713.746,0.0353313,711.36,711.36,711.411,711.36,-0.346196,-0.345886
8|1056|8|1056|sample|8|276|8|276|65.0,131,828,8,8,0,0,1,122610,713.746,0.0353313,705.505,705.505,705.556,705.505,0.76808,0.768428
8|1056|8|1056|sample|7|276|7|276|65.0,0.0016767999999999,121659,1,7,0,0,1,122610,713.746,0.0353313,95437.8,118015,118015,118015,0.279486,0.279489
8|1056|8|1056|sample|7|276|7|276|65.0,0.0083839999999999,115654,2,7,0,0,1,122610,713.746,0.0353313,64622.9,111717,111717,111717,0.318837,0.318846
8|1056|8|1056|sample|7|276|7|276|65.0,0.04192,88699,3,7,0,0,1,122610,713.746,0.0353313,22637.4,90225.1,90225.4,90225.1,-0.152833,-0.152805
8|1056|8|1056|sample|7|276|7|276|65.0,0.2096,41994,4,7,0,0,1,122610,713.746,0.0353313,1982.09,43112.8,43113.2,43112.8,-0.232427,-0.232342
8|1056|8|1056|sample|7|276|7|276|65.0,1.048,3906,5,7,0,0,1,122610,713.746,0.0353313,714.972,4032.07,4032.17,4032.07,-0.240499,-0.240312
8|1056|8|1056|sample|7|276|7|276|65.0,5.24,700,6,7,0,0,1,122610,713.746,0.0353313,713.572,714.264,714.298,714.264,-0.089153,-0.0889433
8|1056|8|1056|sample|7|276|7|276|65.0,26.2,682,7,7,0,0,1,122610,713.746,0.0353313,711.453,711.453,711.487,711.453,-0.184216,-0.184009
8|1056|8|1056|sample|7|276|7|276|65.0,131,978,8,7,0,0,1,122610,713.746,0.0353313,705.598,705.598,705.632,705.598,1.70846,1.70871
8|1056|8|1056|sample|6|276|6|276|65.0,0.0004351999999999,124775,1,6,0,0,1,122610,713.746,0.0353313,109101,120001,120001,120001,0.360111,0.360112
8|1056|8|1056|sample|6|276|6|276|65.0,0.0021759999999999,126207,2,6,0,0,1,122610,713.746,0.0353313,92352.2,118314,118314,118314,0.603823,0.603826
8|1056|8|1056|sample|6|276|6|276|65.0,0.0108799999999999,119281,3,6,0,0,1,122610,713.746,0.0353313,58093.4,109865,109865,109865,0.775342,0.775353
8|1056|8|1056|sample|6|276|6|276|65.0,0.0543999999999999,96692,4,6,0,0,1,122610,713.746,0.0353313,17048,84417,84417.3,84417,1.31282,1.31285
8|1056|8|1056|sample|6|276|6|276|65.0,0.2719999999999999,31741,5,6,0,0,1,122610,713.746,0.0353313,1294.65,34303.9,34304.2,34303.9,-0.666101,-0.666014
8|1056|8|1056|sample|6|276|6|276|65.0,1.36,2592,6,6,0,0,1,122610,713.746,0.0353313,713.666,2221.74,2221.76,2221.74,1.13615,1.1362
8|1056|8|1056|sample|6|276|6|276|65.0,6.8,696,7,6,0,0,1,122610,713.746,0.0353313,711.453,711.506,711.49,711.506,-0.0967716,-0.0968722
8|1056|8|1056|sample|6|276|6|276|65.0,34,792,8,6,0,0,1,122610,713.746,0.0353313,705.598,705.598,705.582,705.598,0.542083,0.541976
8|1056|8|1056|sample|5|276|5|276|65.0,0.0004351999999999,127222,1,5,0,0,1,122610,713.746,0.0353313,109087,119985,119985,119985,0.545963,0.545964
8|1056|8|1056|sample|5|276|5|276|65.0,0.0021759999999999,128464,2,5,0,0,1,122610,713.746,0.0353313,92340.1,118299,118299,118299,0.777775,0.777778
8|1056|8|1056|sample|5|276|5|276|65.0,0.0108799999999999,127679,3,5,0,0,1,122610,713.746,0.0353313,58085.9,109851,109851,109851,1.46826,1.46827
8|1056|8|1056|sample|5|276|5|276|65.0,0.0543999999999999,99273,4,5,0,0,1,122610,713.746,0.0353313,17045.7,84406,84406.4,84406,1.59024,1.59028
8|1056|8|1056|sample|5|276|5|276|65.0,0.2719999999999999,30808,5,5,0,0,1,122610,713.746,0.0353313,1294.48,34299.4,34299.8,34299.4,-0.907518,-0.907429
8|1056|8|1056|sample|5|276|5|276|65.0,1.36,2194,6,5,0,0,1,122610,713.746,0.0353313,713.573,2221.45,2221.5,2221.45,-0.0843805,-0.0842555
8|1056|8|1056|sample|5|276|5|276|65.0,6.8,672,7,5,0,0,1,122610,713.746,0.0353313,711.36,711.413,711.424,711.413,-0.246306,-0.246243
8|1056|8|1056|sample|5|276|5|276|65.0,34,838,8,5,0,0,1,122610,713.746,0.0353313,705.505,705.505,705.516,705.505,0.831088,0.831159
8|1056|8|1056|sample|12|276|12|276|28.0,0.0014272,103621,1,12,0,0,1,122610,713.746,0.0353313,96322.4,112248,112248,112248,-0.695418,-0.69539
8|1056|8|1056|sample|12|276|12|276|28.0,0.007136,90392,2,12,0,0,1,122610,713.746,0.0353313,67701.6,98940.9,98941.6,98940.9,-0.781182,-0.78112
8|1056|8|1056|sample|12|276|12|276|28.0,0.03568,45926,3,12,0,0,1,122610,713.746,0.0353313,26114.8,65111.8,65112.7,65111.8,-2.65358,-2.6535
8|1056|8|1056|sample|12|276|12|276|28.0,0.1784,8166,4,12,0,0,1,122610,713.746,0.0353313,2620.19,17734.3,17734.4,17734.3,-4.71591,-4.71588
8|1056|8|1056|sample|12|276|12|276|28.0,0.892,754,5,12,0,0,1,122610,713.746,0.0353313,707.191,977.325,977.303,977.325,-1.17994,-1.18004
8|1056|8|1056|sample|12|276|12|276|28.0,4.46,634,6,12,0,0,1,122610,713.746,0.0353313,704.373,704.374,704.379,704.374,-0.441839,-0.44181
8|1056|8|1056|sample|12|276|12|276|28.0,22.3,642,7,12,0,0,1,122610,713.746,0.0353313,702.253,702.253,702.258,702.253,-0.378856,-0.378826
8|1056|8|1056|sample|12|276|12|276|28.0,111.5,824,8,12,0,0,1,122610,713.746,0.0353313,696.399,696.399,696.404,696.399,0.80548,0.805514
8|1056|8|1056|sample|11|276|11|276|28.0,0.0014272,105151,1,11,0,0,1,122610,713.746,0.0353313,97134.1,113193,113194,113193,-0.642956,-0.642927
8|1056|8|1056|sample|11|276|11|276|28.0,0.007136,95978,2,11,0,0,1,122610,713.746,0.0353313,68267.4,99767.7,99768.5,99767.7,-0.343488,-0.343423
8|1056|8|1056|sample|11|276|11|276|28.0,0.03568,58120,3,11,0,0,1,122610,713.746,0.0353313,26332.4,65654.3,65655.2,65654.3,-1.03363,-1.03352
8|1056|8|1056|sample|11|276|11|276|28.0,0.1784,10642,4,11,0,0,1,122610,713.746,0.0353313,2642,17881.9,17882,17881.9,-3.54006,-3.54002
8|1056|8|1056|sample|11|276|11|276|28.0,0.892,906,5,11,0,0,1,122610,713.746,0.0353313,713.077,985.46,985.419,985.46,-0.417688,-0.417892
8|1056|8|1056|sample|11|276|11|276|28.0,4.46,610,6,11,0,0,1,122610,713.746,0.0353313,710.242,710.243,710.229,710.243,-0.626715,-0.626793
8|1056|8|1056|sample|11|276|11|276|28.0,22.3,712,7,11,0,0,1,122610,713.746,0.0353313,708.122,708.122,708.109,708.122,0.0243663,0.0242822
8|1056|8|1056|sample|11|276|11|276|28.0,111.5,888,8,11,0,0,1,122610,713.746,0.0353313,702.268,702.268,702.254,702.268,1.16782,1.16773
8|1056|8|1056|sample|10|276|10|276|28.0,0.0004479999999999,119885,1,10,0,0,1,122610,713.746,0.0353313,108717,117620,117620,117620,0.174272,0.174289
8|1056|8|1056|sample|10|276|10|276|28.0,0.00224,122847,2,10,0,0,1,122610,713.746,0.0353313,91740.9,111797,111798,111797,0.894266,0.894308
8|1056|8|1056|sample|10|276|10|276|28.0,0.0111999999999999,100100,3,10,0,0,1,122610,713.746,0.0353313,57232.9,93161.7,93162.6,93161.7,0.672885,0.672972
8|1056|8|1056|sample|10|276|10|276|28.0,0.0559999999999999,61989,4,10,0,0,1,122610,713.746,0.0353313,16446,52237.9,52238.6,52237.9,1.67617,1.67631
8|1056|8|1056|sample|10|276|10|276|28.0,0.2799999999999999,9934,5,10,0,0,1,122610,713.746,0.0353313,1240.17,8971.07,8971.04,8971.07,0.902616,0.902586
8|1056|8|1056|sample|10|276|10|276|28.0,1.4,774,6,10,0,0,1,122610,713.746,0.0353313,712.473,741.021,741.021,741.021,0.201942,0.201944
8|1056|8|1056|sample|10|276|10|276|28.0,7,638,7,10,0,0,1,122610,713.746,0.0353313,710.281,710.281,710.286,710.281,-0.451976,-0.451941
8|1056|8|1056|sample|10|276|10|276|28.0,35,822,8,10,0,0,1,122610,713.746,0.0353313,704.426,704.426,704.432,704.426,0.738068,0.738107
8|1056|8|1056|sample|9|276|9|276|28.0,0.0004479999999999,120198,1,9,0,0,1,122610,713.746,0.0353313,108839,117752,117753,117752,0.187967,0.187984
8|1056|8|1056|sample|9|276|9|276|28.0,0.00224,115424,2,9,0,0,1,122610,713.746,0.0353313,91843.3,111922,111922,111922,0.283092,0.283132
8|1056|8|1056|sample|9|276|9|276|28.0,0.0111999999999999,104040,3,9,0,0,1,122610,713.746,0.0353313,57296.5,93265.3,93266.2,93265.3,1.04384,1.04393
8|1056|8|1056|sample|9|276|9|276|28.0,0.0559999999999999,62803,4,9,0,0,1,122610,713.746,0.0353313,16464.3,52295.9,52296.7,52295.9,1.80415,1.80429
8|1056|8|1056|sample|9|276|9|276|28.0,0.2799999999999999,11416,5,9,0,0,1,122610,713.746,0.0353313,1241.55,8981.03,8981,8981.03,2.28006,2.28003
8|1056|8|1056|sample|9|276|9|276|28.0,1.4,788,6,9,0,0,1,122610,713.746,0.0353313,713.266,741.845,741.843,741.845,0.282478,0.282468
8|1056|8|1056|sample|9|276|9|276|28.0,7,614,7,9,0,0,1,122610,713.746,0.0353313,711.073,711.073,711.077,711.073,-0.606651,-0.606628
8|1056|8|1056|sample|9|276|9|276|28.0,35,832,8,9,0,0,1,122610,713.746,0.0353313,705.218,705.218,705.222,705.219,0.79545,0.795476
8|1056|8|1056|sample|4|276|4|276|22.0,0.0010624,123910,1,4,0,0,1,122610,713.746,0.0353313,101082,119676,119676,119676,0.320238,0.320242
8|1056|8|1056|sample|4|276|4|276|22.0,0.005312,126950,2,4,0,0,1,122610,713.746,0.0353313,75387.6,116527,116527,116527,0.80956,0.809576
8|1056|8|1056|sample|4|276|4|276|22.0,0.02656,105914,3,4,0,0,1,122610,713.746,0.0353313,33954.3,101380,101381,101380,0.404298,0.404346
8|1056|8|1056|sample|4|276|4|276|22.0,0.1328,55539,4,4,0,0,1,122610,713.746,0.0353313,4540.38,56983.4,56984.1,56983.4,-0.228005,-0.227889
8|1056|8|1056|sample|4|276|4|276|22.0,0.664,6766,5,4,0,0,1,122610,713.746,0.0353313,726.632,6005.9,6005.99,6005.9,1.02519,1.02533
8|1056|8|1056|sample|4|276|4|276|22.0,3.32,686,6,4,0,0,1,122610,713.746,0.0353313,713.193,713.599,713.581,713.599,-0.172064,-0.172173
8|1056|8|1056|sample|4|276|4|276|22.0,16.6,742,7,4,0,0,1,122610,713.746,0.0353313,711.073,711.073,711.055,711.073,0.193381,0.193268
8|1056|8|1056|sample|4|276|4|276|22.0,83,876,8,4,0,0,1,122610,713.746,0.0353313,705.218,705.218,705.201,705.219,1.07167,1.07155
8|1056|8|1056|sample|3|276|3|276|22.0,0.0010624,130132,1,3,0,0,1,122610,713.746,0.0353313,100968,119542,119542,119542,0.801924,0.801929
8|1056|8|1056|sample|3|276|3|276|22.0,0.005312,127154,2,3,0,0,1,122610,713.746,0.0353313,75303.6,116397,116397,116397,0.836415,0.836432
8|1056|8|1056|sample|3|276|3|276|22.0,0.02656,111063,3,3,0,0,1,122610,713.746,0.0353313,33916.6,101268,101268,101268,0.874537,0.874588
8|1056|8|1056|sample|3|276|3|276|22.0,0.1328,53602,4,3,0,0,1,122610,713.746,0.0353313,4535.34,56920.1,56920.9,56920.1,-0.524216,-0.524102
8|1056|8|1056|sample|3|276|3|276|22.0,0.664,5384,5,3,0,0,1,122610,713.746,0.0353313,725.825,5999.23,5999.35,5999.23,-0.83087,-0.830733
8|1056|8|1056|sample|3|276|3|276|22.0,3.32,738,6,3,0,0,1,122610,713.746,0.0353313,712.4,712.806,712.807,712.806,0.157249,0.157254
8|1056|8|1056|sample|3|276|3|276|22.0,16.6,690,7,3,0,0,1,122610,713.746,0.0353313,710.281,710.281,710.282,710.281,-0.126812,-0.126807
8|1056|8|1056|sample|3|276|3|276|22.0,83,842,8,3,0,0,1,122610,713.746,0.0353313,704.426,704.426,704.427,704.426,0.863657,0.863663
8|1056|8|1056|cc|1|1|276|1|276|69.0,0,686,1,1,0,1,0,122610,713.746,0.0353313,695.819,695.819,695.819,695.819,-0.0620125,-0.0620125
8|1056|8|1056|cc|2|1|276|1|276|69.0,0,688,2,1,0,1,0,122610,713.746,0.0353313,701.669,701.669,701.669,701.669,-0.0859755,-0.0859755
8|1056|8|1056|cc|3|1|276|1|276|69.0,0,708,3,1,0,1,0,122610,713.746,0.0353313,703.787,703.787,703.787,703.787,0.0264607,0.0264607
8|1056|8|1056|cc|4|1|276|1|276|69.0,0,700,4,1,0,1,0,122610,713.746,0.0353313,704.473,704.473,704.473,704.473,-0.0280806,-0.0280806
8|1056|8|1056|cc|5|1|276|1|276|69.0,0,734,5,1,0,1,0,122610,713.746,0.0353313,704.473,704.473,704.473,704.473,0.185358,0.185358
8|1056|8|1056|cc|6|1|276|1|276|69.0,0,694,6,1,0,1,0,122610,713.746,0.0353313,703.787,703.787,703.787,703.787,-0.0614675,-0.0614675
8|1056|8|1056|cc|7|1|276|1|276|69.0,0,744,7,1,0,1,0,122610,713.746,0.0353313,701.669,701.669,701.669,701.669,0.266252,0.266252
8|1056|8|1056|cc|8|1|276|1|276|69.0,0,756,8,1,0,1,0,122610,713.746,0.0353313,695.819,695.819,695.819,695.819,0.380057,0.380057
8|1056|8|1056|vc|1|2|276|2|276|69.0,0,125929,1,2,1,0,0,122610,713.746,0.0353313,120538,120538,120538,120538,0.404881,0.404881
8|1056|8|1056|vc|2|2|276|2|276|69.0,0,128067,2,2,1,0,0,122610,713.746,0.0353313,121543,121543,121543,121543,0.485953,0.485953
8|1056|8|1056|vc|3|2|276|2|276|69.0,0,126059,3,2,1,0,0,122610,713.746,0.0353313,121907,121907,121907,121907,0.308375,0.308375
8|1056|8|1056|vc|4|2|276|2|276|69.0,0,129668,4,2,1,0,0,122610,713.746,0.0353313,122024,122024,122024,122024,0.56709,0.56709
8|1056|8|1056|vc|5|2|276|2|276|69.0,0,124889,5,2,1,0,0,122610,713.746,0.0353313,122024,122024,122024,122024,0.212529,0.212529
8|1056|8|1056|vc|6|2|276|2|276|69.0,0,120436,6,2,1,0,0,122610,713.746,0.0353313,121907,121907,121907,121907,-0.109205,-0.109205
8|1056|8|1056|vc|7|2|276|2|276|69.0,0,119889,7,2,1,0,0,122610,713.746,0.0353313,121543,121543,121543,121543,-0.123175,-0.123175
8|1056|8|1056|vc|8|2|276|2|276|69.0,0,107836,8,2,1,0,0,122610,713.746,0.0353313,120538,120538,120538,120538,-0.953918,-0.953918
8|462|8|462|sample|6|292|6|292|55.0,0.0006144,102350,1,6,0,0,1,159668,643.492,0.736861,104504,104861,104860,104861,-0.216508,-0.216564
8|462|8|462|sample|6|292|6|292|55.0,0.003072,113884,2,6,0,0,1,159668,643.492,0.736861,103484,120273,120272,120273,-0.480795,-0.480861
8|462|8|462|sample|6|292|6|292|55.0,0.01536,121365,3,6,0,0,1,159668,643.492,0.736861,62035.9,115436,115435,115436,0.464895,0.464812
8|462|8|462|sample|6|292|6|292|55.0,0.0768,98102,4,6,0,0,1,159668,643.492,0.736861,13930.8,100269,100268,100269,-0.19531,-0.19539
8|462|8|462|sample|6|292|6|292|55.0,0.384,76259,5,6,0,0,1,159668,643.492,0.736861,861.067,78883.1,78882.5,78883.1,-0.30009,-0.300159
8|462|8|462|sample|6|292|6|292|55.0,1.92,51729,6,6,0,0,1,159668,643.492,0.736861,629.648,54556.8,54556.5,54556.8,-0.465698,-0.465744
8|462|8|462|sample|6|292|6|292|55.0,9.6,27657,7,6,0,0,1,159668,643.492,0.736861,589.786,31334.9,31334.8,31334.9,-1.0442,-1.04422
8|462|8|462|sample|6|292|6|292|55.0,48,13804,8,6,0,0,1,159668,643.492,0.736861,479.693,13231.6,13231.6,13231.6,0.373003,0.372966
8|462|8|462|sample|5|292|5|292|55.0,0.0006144,100518,1,5,0,0,1,159668,643.492,0.736861,104123,104479,104478,104479,-0.342804,-0.342859
8|462|8|462|sample|5|292|5|292|55.0,0.003072,130424,2,5,0,0,1,159668,643.492,0.736861,103178,119916,119916,119916,0.793263,0.793189
8|462|8|462|sample|5|292|5|292|55.0,0.01536,129379,3,5,0,0,1,159668,643.492,0.736861,61863.7,115116,115115,115116,1.1214,1.12131
8|462|8|462|sample|5|292|5|292|55.0,0.0768,104544,4,5,0,0,1,159668,643.492,0.736861,13892.9,99996.2,99995.3,99996.2,0.411268,0.411189
8|462|8|462|sample|5|292|5|292|55.0,0.384,71521,5,5,0,0,1,159668,643.492,0.736861,858.725,78668.5,78668,78668.5,-0.81973,-0.819787
8|462|8|462|sample|5|292|5|292|55.0,1.92,57664,6,5,0,0,1,159668,643.492,0.736861,627.9,54405.4,54405.2,54405.4,0.538214,0.538178
8|462|8|462|sample|5|292|5|292|55.0,9.6,30300,7,5,0,0,1,159668,643.492,0.736861,588.038,31242,31242,31242,-0.268234,-0.268231
8|462|8|462|sample|5|292|5|292|55.0,48,15085,8,5,0,0,1,159668,643.492,0.736861,477.946,13183.4,13183.5,13183.4,1.24338,1.24341
8|462|8|462|sample|4|292|4|292|55.0,0.000064,104240,1,4,0,0,1,159668,643.492,0.736861,113413,109504,109503,109504,-0.434829,-0.434867
8|462|8|462|sample|4|292|4|292|55.0,0.00032,128947,2,4,0,0,1,159668,643.492,0.736861,132444,130022,130021,130022,-0.0748036,-0.0748551
8|462|8|462|sample|4|292|4|292|55.0,0.0016,136467,3,4,0,0,1,159668,643.492,0.736861,122370,131047,131046,131047,0.374651,0.374584
8|462|8|462|sample|4|292|4|292|55.0,0.008,138746,4,4,0,0,1,159668,643.492,0.736861,84735.9,122296,122295,122296,1.21783,1.21775
8|462|8|462|sample|4|292|4|292|55.0,0.04,119405,5,4,0,0,1,159668,643.492,0.736861,30281.4,106697,106696,106697,1.07745,1.07737
8|462|8|462|sample|4|292|4|292|55.0,0.2,86679,6,4,0,0,1,159668,643.492,0.736861,2439.64,85180.5,85179.8,85180.5,0.158922,0.158848
8|462|8|462|sample|4|292|4|292|55.0,1,49742,7,4,0,0,1,159668,643.492,0.736861,583.818,59029.8,59029.5,59029.8,-1.41521,-1.41525
8|462|8|462|sample|4|292|4|292|55.0,5,30602,8,4,0,0,1,159668,643.492,0.736861,472.551,31195.2,31195.2,31195.2,-0.169154,-0.16917
8|462|8|462|sample|3|292|3|292|55.0,0.000064,108562,1,3,0,0,1,159668,643.492,0.736861,109837,106051,106051,106051,0.214197,0.214155
8|462|8|462|sample|3|292|3|292|55.0,0.00032,130392,2,3,0,0,1,159668,643.492,0.736861,129057,126697,126696,126697,0.264158,0.264105
8|462|8|462|sample|3|292|3|292|55.0,0.0016,132645,3,3,0,0,1,159668,643.492,0.736861,119441,127910,127910,127910,0.335257,0.33519
8|462|8|462|sample|3|292|3|292|55.0,0.008,136907,4,3,0,0,1,159668,643.492,0.736861,82749,119428,119427,119428,1.32486,1.32477
8|462|8|462|sample|3|292|3|292|55.0,0.04,113528,5,3,0,0,1,159668,643.492,0.736861,29571.4,104195,104194,104195,0.810186,0.810099
8|462|8|462|sample|3|292|3|292|55.0,0.2,82203,6,3,0,0,1,159668,643.492,0.736861,2381.25,83141.7,83141,83141.7,-0.101852,-0.101925
8|462|8|462|sample|3|292|3|292|55.0,1,54160,7,3,0,0,1,159668,643.492,0.736861,568.888,57520.3,57520,57520.3,-0.525247,-0.525297
8|462|8|462|sample|3|292|3|292|55.0,5,30876,8,3,0,0,1,159668,643.492,0.736861,457.652,30211.7,30211.6,30211.7,0.195483,0.195461
8|462|8|462|sample|9|292|9|292|32.0,0.0003648,110763,1,9,0,0,1,159668,643.492,0.736861,106644,110581,110581,110581,0.014929,0.0148699
8|462|8|462|sample|9|292|9|292|32.0,0.001824,99793,2,9,0,0,1,159668,643.492,0.736861,112340,121533,121532,121533,-1.61933,-1.61943
8|462|8|462|sample|9|292|9|292|32.0,0.00912,104612,3,9,0,0,1,159668,643.492,0.736861,78839.7,92067.8,92065.4,92067.8,1.23132,1.23105
8|462|8|462|sample|9|292|9|292|32.0,0.0456,29106,4,9,0,0,1,159668,643.492,0.736861,26443.8,33825.3,33824.2,33825.3,-1.24314,-1.24338
8|462|8|462|sample|9|292|9|292|32.0,0.228,1898,5,9,0,0,1,159668,643.492,0.736861,1920.35,2161.18,2161.09,2161.17,-0.824188,-0.824416
8|462|8|462|sample|9|292|9|292|32.0,1.14,602,6,9,0,0,1,159668,643.492,0.736861,622.984,625.136,624.963,625.133,-0.152508,-0.153618
8|462|8|462|sample|9|292|9|292|32.0,5.7,556,7,9,0,0,1,159668,643.492,0.736861,582.644,584.952,584.789,584.949,-0.196977,-0.198041
8|462|8|462|sample|9|292|9|292|32.0,28.5,492,8,9,0,0,1,159668,643.492,0.736861,472.551,474.423,474.292,474.421,0.132127,0.131151
8|462|8|462|sample|10|292|10|292|32.0,0.0003648,102838,1,10,0,0,1,159668,643.492,0.736861,103282,107095,107094,107095,-0.359473,-0.359529
8|462|8|462|sample|10|292|10|292|32.0,0.001824,109527,2,10,0,0,1,159668,643.492,0.736861,109468,118426,118424,118426,-0.680022,-0.68014
8|462|8|462|sample|10|292|10|292|32.0,0.00912,75302,3,10,0,0,1,159668,643.492,0.736861,76952.7,89864.2,89861.9,89864.2,-1.46365,-1.46385
8|462|8|462|sample|10|292|10|292|32.0,0.0456,30834,4,10,0,0,1,159668,643.492,0.736861,25823.7,33032.2,33031.2,33032.1,-0.592493,-0.59274
8|462|8|462|sample|10|292|10|292|32.0,0.228,1866,5,10,0,0,1,159668,643.492,0.736861,1875.32,2110.5,2110.47,2110.5,-0.779422,-0.7795
8|462|8|462|sample|10|292|10|292|32.0,1.14,542,6,10,0,0,1,159668,643.492,0.736861,608.073,610.174,610.056,610.171,-0.456965,-0.457697
8|462|8|462|sample|10|292|10|292|32.0,5.7,526,7,10,0,0,1,159668,643.492,0.736861,567.744,569.993,569.883,569.991,-0.303648,-0.304367
8|462|8|462|sample|10|292|10|292|32.0,28.5,550,8,10,0,0,1,159668,643.492,0.736861,457.652,459.465,459.376,459.463,0.684534,0.68383
8|462|8|462|sample|7|292|7|292|32.0,0.0000768,94296,1,7,0,0,1,159668,643.492,0.736861,114688,116568,116568,116568,-1.72922,-1.72924
8|462|8|462|sample|7|292|7|292|32.0,0.000384,117953,2,7,0,0,1,159668,643.492,0.736861,132703,137732,137731,137732,-1.30095,-1.301
8|462|8|462|sample|7|292|7|292|32.0,0.00192,127709,3,7,0,0,1,159668,643.492,0.736861,120435,130533,130531,130533,-0.195828,-0.195956
8|462|8|462|sample|7|292|7|292|32.0,0.0096,104166,4,7,0,0,1,159668,643.492,0.736861,79661.7,93307.4,93305,93307.4,1.05185,1.05158
8|462|8|462|sample|7|292|7|292|32.0,0.048,34555,5,7,0,0,1,159668,643.492,0.736861,25286.4,32404.4,32403.4,32404.5,0.59118,0.590884
8|462|8|462|sample|7|292|7|292|32.0,0.24,2124,6,7,0,0,1,159668,643.492,0.736861,1723.62,1913.35,1913.24,1913.35,0.721779,0.721369
8|462|8|462|sample|7|292|7|292|32.0,1.2,604,7,7,0,0,1,159668,643.492,0.736861,590.094,592.221,592.039,592.224,0.0813957,0.0801231
8|462|8|462|sample|7|292|7|292|32.0,6,570,8,7,0,0,1,159668,643.492,0.736861,479.693,481.594,481.445,481.596,0.656882,0.655683
8|462|8|462|sample|8|292|8|292|32.0,0.0000768,101781,1,8,0,0,1,159668,643.492,0.736861,114270,116143,116143,116143,-1.11914,-1.11917
8|462|8|462|sample|8|292|8|292|32.0,0.000384,127577,2,8,0,0,1,159668,643.492,0.736861,132310,137324,137323,137324,-0.642965,-0.643022
8|462|8|462|sample|8|292|8|292|32.0,0.00192,127445,3,8,0,0,1,159668,643.492,0.736861,120100,130171,130169,130171,-0.189527,-0.189655
8|462|8|462|sample|8|292|8|292|32.0,0.0096,110699,4,8,0,0,1,159668,643.492,0.736861,79445,93053.6,93051.2,93053.6,1.71375,1.71347
8|462|8|462|sample|8|292|8|292|32.0,0.048,35462,5,8,0,0,1,159668,643.492,0.736861,25217.7,32316.3,32315.3,32316.3,0.866913,0.866615
8|462|8|462|sample|8|292|8|292|32.0,0.24,2200,6,8,0,0,1,159668,643.492,0.736861,1718.83,1908.03,1907.95,1908.04,1.00217,1.00183
8|462|8|462|sample|8|292|8|292|32.0,1.2,518,7,8,0,0,1,159668,643.492,0.736861,588.345,590.466,590.303,590.467,-0.492653,-0.493713
8|462|8|462|sample|8|292|8|292|32.0,6,538,8,8,0,0,1,159668,643.492,0.736861,477.946,479.839,479.706,479.84,0.433027,0.431987
8|462|8|462|sample|11|292|11|292|22.0,0.0003712,100654,1,11,0,0,1,159668,643.492,0.736861,94027.4,101140,101140,101140,-0.0434272,-0.0434085
8|462|8|462|sample|11|292|11|292|22.0,0.001856,107033,2,11,0,0,1,159668,643.492,0.736861,101369,123468,123468,123468,-1.20518,-1.20514
8|462|8|462|sample|11|292|11|292|22.0,0.00928,111878,3,11,0,0,1,159668,643.492,0.736861,71299.8,121416,121417,121416,-0.71121,-0.711129
8|462|8|462|sample|11|292|11|292|22.0,0.0464,96908,4,11,0,0,1,159668,643.492,0.736861,23685.6,98621.9,98623.9,98621.9,-0.15728,-0.157108
8|462|8|462|sample|11|292|11|292|22.0,0.2319999999999999,62831,5,11,0,0,1,159668,643.492,0.736861,1694.42,54784,54785.9,54784,1.31958,1.31993
8|462|8|462|sample|11|292|11|292|22.0,1.16,11954,6,11,0,0,1,159668,643.492,0.736861,567.4,12454.8,12455.3,12454.8,-0.345841,-0.34553
8|462|8|462|sample|11|292|11|292|22.0,5.8,712,7,11,0,0,1,159668,643.492,0.736861,527.157,818.296,818.301,818.297,-0.618776,-0.61875
8|462|8|462|sample|11|292|11|292|22.0,29,526,8,11,0,0,1,159668,643.492,0.736861,417.064,418.777,418.798,418.778,0.837953,0.838129
8|462|8|462|sample|12|292|12|292|22.0,0.0003712,92444,1,12,0,0,1,159668,643.492,0.736861,69146.5,74376.6,74376.8,74376.6,2.19061,2.19064
8|462|8|462|sample|12|292|12|292|22.0,0.001856,89758,2,12,0,0,1,159668,643.492,0.736861,80147.4,97619.5,97620,97619.5,-0.728004,-0.727966
8|462|8|462|sample|12|292|12|292|22.0,0.00928,86511,3,12,0,0,1,159668,643.492,0.736861,57422.4,97783.8,97784.7,97783.8,-1.04218,-1.0421
8|462|8|462|sample|12|292|12|292|22.0,0.0464,76016,4,12,0,0,1,159668,643.492,0.736861,19178.3,79854.1,79855.6,79854.1,-0.433902,-0.43374
8|462|8|462|sample|12|292|12|292|22.0,0.2319999999999999,48569,5,12,0,0,1,159668,643.492,0.736861,1371.97,44358.6,44360,44358.6,0.849937,0.85025
8|462|8|462|sample|12|292|12|292|22.0,1.16,9584,6,12,0,0,1,159668,643.492,0.736861,456.964,10030.6,10030.9,10030.7,-0.37771,-0.3775
8|462|8|462|sample|12|292|12|292|22.0,5.8,838,7,12,0,0,1,159668,643.492,0.736861,416.796,646.985,646.878,646.992,1.24938,1.24854
8|462|8|462|sample|12|292|12|292|22.0,29,604,8,12,0,0,1,159668,643.492,0.736861,306.703,307.963,307.897,307.968,2.55797,2.55717
8|462|8|462|cc|1|1|292|1|292|69.0,0,566,1,1,0,1,0,159668,643.492,0.736861,306.42,306.42,306.42,306.42,2.24559,2.24559
8|462|8|462|cc|2|1|292|1|292|69.0,0,562,2,1,0,1,0,159668,643.492,0.736861,416.411,416.411,416.411,416.411,1.14035,1.14035
8|462|8|462|cc|3|1|292|1|292|69.0,0,584,3,1,0,1,0,159668,643.492,0.736861,456.232,456.232,456.232,456.232,0.967627,0.967627
8|462|8|462|cc|4|1|292|1|292|69.0,0,656,4,1,0,1,0,159668,643.492,0.736861,469.135,469.135,469.135,469.135,1.40017,1.40017
8|462|8|462|cc|5|1|292|1|292|69.0,0,696,5,1,0,1,0,159668,643.492,0.736861,469.135,469.135,469.135,469.135,1.69988,1.69988
8|462|8|462|cc|6|1|292|1|292|69.0,0,706,6,1,0,1,0,159668,643.492,0.736861,456.232,456.232,456.232,456.232,1.89157,1.89157
8|462|8|462|cc|7|1|292|1|292|69.0,0,668,7,1,0,1,0,159668,643.492,0.736861,416.411,416.411,416.411,416.411,1.97061,1.97061
8|462|8|462|cc|8|1|292|1|292|69.0,0,710,8,1,0,1,0,159668,643.492,0.736861,306.42,306.42,306.42,306.42,3.49132,3.49132
8|462|8|462|vc|1|2|292|2|292|69.0,0,109457,1,2,1,0,0,159668,643.492,0.736861,103390,103390,103390,103390,0.530705,0.530705
8|462|8|462|vc|2|2|292|2|292|69.0,0,135900,2,2,1,0,0,159668,643.492,0.736861,130681,130681,130681,130681,0.36168,0.36168
8|462|8|462|vc|3|2|292|2|292|69.0,0,145948,3,2,1,0,0,159668,643.492,0.736861,140562,140562,140562,140562,0.347176,0.347176
8|462|8|462|vc|4|2|292|2|292|69.0,0,141437,4,2,1,0,0,159668,643.492,0.736861,143764,143764,143764,143764,-0.146645,-0.146645
8|462|8|462|vc|5|2|292|2|292|69.0,0,134947,5,2,1,0,0,159668,643.492,0.736861,143764,143764,143764,143764,-0.555713,-0.555713
8|462|8|462|vc|6|2|292|2|292|69.0,0,143094,6,2,1,0,0,159668,643.492,0.736861,140562,140562,140562,140562,0.163212,0.163212
8|462|8|462|vc|7|2|292|2|292|69.0,0,130244,7,2,1,0,0,159668,643.492,0.736861,130681,130681,130681,130681,-0.0303067,-0.0303067
8|462|8|462|vc|8|2|292|2|292|69.0,0,95477,8,2,1,0,0,159668,643.492,0.736861,103390,103390,103390,103390,-0.692095,-0.692095
8|1159|8|1159|sample|8|292|8|292|65.0,0.0016767999999999,99593,1,8,0,0,1,155907,645.636,0.580691,97840,120082,120082,120082,-1.54454,-1.54456
8|1159|8|1159|sample|8|292|8|292|65.0,0.0083839999999999,116325,2,8,0,0,1,155907,645.636,0.580691,76732.3,131629,131628,131629,-1.053,-1.05303
8|1159|8|1159|sample|8|292|8|292|65.0,0.04192,106706,3,8,0,0,1,155907,645.636,0.580691,28034.5,114956,114956,114956,-0.649451,-0.649489
8|1159|8|1159|sample|8|292|8|292|65.0,0.2096,68255,4,8,0,0,1,155907,645.636,0.580691,2252.21,68352.3,68352.2,68352.3,-0.0128144,-0.0128237
8|1159|8|1159|sample|8|292|8|292|65.0,1.048,14589,5,8,0,0,1,155907,645.636,0.580691,644.545,15313.6,15313.9,15313.6,-0.411117,-0.410951
8|1159|8|1159|sample|8|292|8|292|65.0,5.24,848,6,8,0,0,1,155907,645.636,0.580691,633.429,861.715,861.725,861.715,-0.0777328,-0.0776784
8|1159|8|1159|sample|8|292|8|292|65.0,26.2,548,7,8,0,0,1,155907,645.636,0.580691,601.914,601.369,601.369,601.369,-0.360659,-0.360659
8|1159|8|1159|sample|8|292|8|292|65.0,131,584,8,8,0,0,1,155907,645.636,0.580691,514.866,514.392,514.392,514.392,0.502847,0.502847
8|1159|8|1159|sample|7|292|7|292|65.0,0.0016767999999999,101433,1,7,0,0,1,155907,645.636,0.580691,98102.6,120404,120404,120404,-1.42633,-1.42634
8|1159|8|1159|sample|7|292|7|292|65.0,0.0083839999999999,119429,2,7,0,0,1,155907,645.636,0.580691,76908.5,131931,131930,131931,-0.858253,-0.85828
8|1159|8|1159|sample|7|292|7|292|65.0,0.04192,110627,3,7,0,0,1,155907,645.636,0.580691,28095.7,115207,115207,115207,-0.359738,-0.359778
8|1159|8|1159|sample|7|292|7|292|65.0,0.2096,72057,4,7,0,0,1,155907,645.636,0.580691,2257.05,68499,68499,68499,0.468023,0.468013
8|1159|8|1159|sample|7|292|7|292|65.0,1.048,16805,5,7,0,0,1,155907,645.636,0.580691,645.928,15346.5,15346.8,15346.5,0.825336,0.825526
8|1159|8|1159|sample|7|292|7|292|65.0,5.24,794,6,7,0,0,1,155907,645.636,0.580691,634.811,863.595,863.605,863.595,-0.393765,-0.393713
8|1159|8|1159|sample|7|292|7|292|65.0,26.2,548,7,7,0,0,1,155907,645.636,0.580691,603.296,602.75,602.75,602.75,-0.369611,-0.369611
8|1159|8|1159|sample|7|292|7|292|65.0,131,586,8,7,0,0,1,155907,645.636,0.580691,516.248,515.773,515.773,515.773,0.506766,0.506766
8|1159|8|1159|sample|5|292|5|292|65.0,0.0004351999999999,97161,1,5,0,0,1,155907,645.636,0.580691,111877,122507,122507,122507,-1.87309,-1.87309
8|1159|8|1159|sample|5|292|5|292|65.0,0.0021759999999999,125765,2,5,0,0,1,155907,645.636,0.580691,109763,139492,139492,139492,-0.891572,-0.891588
8|1159|8|1159|sample|5|292|5|292|65.0,0.0108799999999999,136220,3,5,0,0,1,155907,645.636,0.580691,72348.5,135983,135982,135983,0.015848,0.0158161
8|1159|8|1159|sample|5|292|5|292|65.0,0.0543999999999999,114517,4,5,0,0,1,155907,645.636,0.580691,21367.1,110734,110733,110734,0.309136,0.309093
8|1159|8|1159|sample|5|292|5|292|65.0,0.2719999999999999,61943,5,5,0,0,1,155907,645.636,0.580691,1380.02,58695.8,58695.9,58695.8,0.497565,0.497572
8|1159|8|1159|sample|5|292|5|292|65.0,1.36,9970,6,5,0,0,1,155907,645.636,0.580691,633.546,10031.7,10032,10031.7,-0.052356,-0.0521438
8|1159|8|1159|sample|5|292|5|292|65.0,6.8,728,7,5,0,0,1,155907,645.636,0.580691,601.914,672.5,672.502,672.5,0.356243,0.356258
8|1159|8|1159|sample|5|292|5|292|65.0,34,602,8,5,0,0,1,155907,645.636,0.580691,514.866,514.393,514.393,514.393,0.632874,0.632874
8|1159|8|1159|sample|6|292|6|292|65.0,0.0004351999999999,95565,1,6,0,0,1,155907,645.636,0.580691,112178,122836,122836,122836,-2.00997,-2.00998
8|1159|8|1159|sample|6|292|6|292|65.0,0.0021759999999999,128566,2,6,0,0,1,155907,645.636,0.580691,110015,139813,139812,139813,-0.728784,-0.7288
8|1159|8|1159|sample|6|292|6|292|65.0,0.0108799999999999,138726,3,6,0,0,1,155907,645.636,0.580691,72506.4,136279,136279,136279,0.162675,0.162642
8|1159|8|1159|sample|6|292|6|292|65.0,0.0543999999999999,118728,4,6,0,0,1,155907,645.636,0.580691,21413,110972,110971,110972,0.632424,0.632379
8|1159|8|1159|sample|6|292|6|292|65.0,0.2719999999999999,63450,5,6,0,0,1,155907,645.636,0.580691,1382.98,58821.9,58821.9,58821.9,0.707675,0.707683
8|1159|8|1159|sample|6|292|6|292|65.0,1.36,9870,6,6,0,0,1,155907,645.636,0.580691,634.928,10053.6,10053.8,10053.6,-0.155045,-0.154835
8|1159|8|1159|sample|6|292|6|292|65.0,6.8,754,7,6,0,0,1,155907,645.636,0.580691,603.296,674.044,674.046,674.044,0.512669,0.512684
8|1159|8|1159|sample|6|292|6|292|65.0,34,622,8,6,0,0,1,155907,645.636,0.580691,516.248,515.773,515.773,515.773,0.76654,0.76654
8|1159|8|1159|sample|11|292|11|292|28.0,0.0014272,100576,1,11,0,0,1,155907,645.636,0.580691,90701.3,103925,103925,103925,-0.291402,-0.291422
8|1159|8|1159|sample|11|292|11|292|28.0,0.007136,102398,2,11,0,0,1,155907,645.636,0.580691,74941.6,106965,106964,106965,-0.386132,-0.386168
8|1159|8|1159|sample|11|292|11|292|28.0,0.03568,72564,3,11,0,0,1,155907,645.636,0.580691,30313.7,76323.3,76322.8,76323.3,-0.444244,-0.444294
8|1159|8|1159|sample|11|292|11|292|28.0,0.1784,17511,4,11,0,0,1,155907,645.636,0.580691,2872.95,26566.3,26566.2,26566.3,-3.01984,-3.01986
8|1159|8|1159|sample|11|292|11|292|28.0,0.892,1002,5,11,0,0,1,155907,645.636,0.580691,598.037,1962.74,1962.74,1962.74,-3.23006,-3.23005
8|1159|8|1159|sample|11|292|11|292|28.0,4.46,496,6,11,0,0,1,155907,645.636,0.580691,585.291,585.397,585.397,585.397,-0.611375,-0.611375
8|1159|8|1159|sample|11|292|11|292|28.0,22.3,576,7,11,0,0,1,155907,645.636,0.580691,553.776,553.267,553.267,553.267,0.159314,0.159314
8|1159|8|1159|sample|11|292|11|292|28.0,111.5,544,8,11,0,0,1,155907,645.636,0.580691,466.728,466.298,466.298,466.298,0.583574,0.583574
8|1159|8|1159|sample|12|292|12|292|28.0,0.0014272,84673,1,12,0,0,1,155907,645.636,0.580691,73743.5,84494.8,84494.6,84494.8,0.0190595,0.0190391
8|1159|8|1159|sample|12|292|12|292|28.0,0.007136,82237,2,12,0,0,1,155907,645.636,0.580691,63132.8,90109.7,90109.4,90109.7,-0.789225,-0.789259
8|1159|8|1159|sample|12|292|12|292|28.0,0.03568,57156,3,12,0,0,1,155907,645.636,0.580691,25794.3,64944.3,64943.9,64944.3,-1.07986,-1.07991
8|1159|8|1159|sample|12|292|12|292|28.0,0.1784,11396,4,12,0,0,1,155907,645.636,0.580691,2451.97,22673.5,22673.4,22673.5,-4.38605,-4.38606
8|1159|8|1159|sample|12|292|12|292|28.0,0.892,752,5,12,0,0,1,155907,645.636,0.580691,510.405,1675.13,1675.13,1675.13,-3.47223,-3.47222
8|1159|8|1159|sample|12|292|12|292|28.0,4.46,502,6,12,0,0,1,155907,645.636,0.580691,498.03,498.121,498.121,498.121,0.0283903,0.0283899
8|1159|8|1159|sample|12|292|12|292|28.0,22.3,554,7,12,0,0,1,155907,645.636,0.580691,466.515,466.086,466.086,466.086,0.660388,0.660388
8|1159|8|1159|sample|12|292|12|292|28.0,111.5,626,8,12,0,0,1,155907,645.636,0.580691,379.467,379.118,379.118,379.118,1.99781,1.99781
8|1159|8|1159|sample|9|292|9|292|28.0,0.0004479999999999,95841,1,9,0,0,1,155907,645.636,0.580691,110743,118539,118539,118539,-1.73317,-1.73318
8|1159|8|1159|sample|9|292|9|292|28.0,0.00224,110983,2,9,0,0,1,155907,645.636,0.580691,108441,129593,129593,129593,-1.30051,-1.30053
8|1159|8|1159|sample|9|292|9|292|28.0,0.0111999999999999,117579,3,9,0,0,1,155907,645.636,0.580691,70909.9,112921,112920,112921,0.373313,0.373269
8|1159|8|1159|sample|9|292|9|292|28.0,0.0559999999999999,86107,4,9,0,0,1,155907,645.636,0.580691,20501,68119,68118.6,68119,2.37926,2.37919
8|1159|8|1159|sample|9|292|9|292|28.0,0.2799999999999999,21584,5,9,0,0,1,155907,645.636,0.580691,1304.78,16614.4,16614.4,16614.4,2.60738,2.60736
8|1159|8|1159|sample|9|292|9|292|28.0,1.4,1152,6,9,0,0,1,155907,645.636,0.580691,629.255,957.055,957.055,957.055,1.04234,1.04234
8|1159|8|1159|sample|9|292|9|292|28.0,7,622,7,9,0,0,1,155907,645.636,0.580691,597.649,597.116,597.116,597.116,0.168697,0.168697
8|1159|8|1159|sample|9|292|9|292|28.0,35,558,8,9,0,0,1,155907,645.636,0.580691,510.6,510.131,510.131,510.131,0.346979,0.346979
8|1159|8|1159|sample|10|292|10|292|28.0,0.0004479999999999,85632,1,10,0,0,1,155907,645.636,0.580691,108188,115804,115804,115804,-2.35795,-2.35796
8|1159|8|1159|sample|10|292|10|292|28.0,0.00224,112052,2,10,0,0,1,155907,645.636,0.580691,106304,127039,127038,127039,-1.06822,-1.06824
8|1159|8|1159|sample|10|292|10|292|28.0,0.0111999999999999,106618,3,10,0,0,1,155907,645.636,0.580691,69582.2,110807,110806,110807,-0.341961,-0.342002
8|1159|8|1159|sample|10|292|10|292|28.0,0.0559999999999999,72910,4,10,0,0,1,155907,645.636,0.580691,20123.3,66863.9,66863.5,66863.9,0.814594,0.814537
8|1159|8|1159|sample|10|292|10|292|28.0,0.2799999999999999,19961,5,10,0,0,1,155907,645.636,0.580691,1280.74,16308.3,16308.2,16308.3,1.95086,1.95085
8|1159|8|1159|sample|10|292|10|292|28.0,1.4,1398,6,10,0,0,1,155907,645.636,0.580691,617.472,939.135,939.135,939.135,2.47956,2.47956
8|1159|8|1159|sample|10|292|10|292|28.0,7,482,7,10,0,0,1,155907,645.636,0.580691,585.868,585.345,585.345,585.345,-0.706792,-0.706792
8|1159|8|1159|sample|10|292|10|292|28.0,35,578,8,10,0,0,1,155907,645.636,0.580691,498.82,498.361,498.361,498.361,0.58272,0.58272
8|1159|8|1159|sample|4|292|4|292|22.0,0.0010624,112128,1,4,0,0,1,155907,645.636,0.580691,102835,121687,121686,121687,-0.711103,-0.711132
8|1159|8|1159|sample|4|292|4|292|22.0,0.005312,130767,2,4,0,0,1,155907,645.636,0.580691,88968.2,138538,138537,138538,-0.508131,-0.508207
8|1159|8|1159|sample|4|292|4|292|22.0,0.02656,137610,3,4,0,0,1,155907,645.636,0.580691,41917.1,133241,133238,133241,0.297203,0.297005
8|1159|8|1159|sample|4|292|4|292|22.0,0.1328,112132,4,4,0,0,1,155907,645.636,0.580691,5464.67,100956,100952,100956,1.00137,1.00094
8|1159|8|1159|sample|4|292|4|292|22.0,0.664,38749,5,4,0,0,1,155907,645.636,0.580691,655.457,39409.8,39407.4,39409.8,-0.149344,-0.14988
8|1159|8|1159|sample|4|292|4|292|22.0,3.32,2926,6,4,0,0,1,155907,645.636,0.580691,629.164,2583.86,2583.88,2583.86,0.935687,0.935771
8|1159|8|1159|sample|4|292|4|292|22.0,16.6,542,7,4,0,0,1,155907,645.636,0.580691,597.649,597.468,597.469,597.468,-0.375935,-0.375934
8|1159|8|1159|sample|4|292|4|292|22.0,83,574,8,4,0,0,1,155907,645.636,0.580691,510.6,510.131,510.131,510.131,0.462954,0.462954
8|1159|8|1159|sample|3|292|3|292|22.0,0.0010624,108512,1,3,0,0,1,155907,645.636,0.580691,100463,118879,118879,118879,-0.789348,-0.789377
8|1159|8|1159|sample|3|292|3|292|22.0,0.005312,131884,2,3,0,0,1,155907,645.636,0.580691,87214.4,135808,135806,135808,-0.261631,-0.261709
8|1159|8|1159|sample|3|292|3|292|22.0,0.02656,133282,3,3,0,0,1,155907,645.636,0.580691,41132.3,130746,130743,130746,0.175853,0.175658
8|1159|8|1159|sample|3|292|3|292|22.0,0.1328,105629,4,3,0,0,1,155907,645.636,0.580691,5363.99,99095.8,99091.5,99095.8,0.596439,0.596022
8|1159|8|1159|sample|3|292|3|292|22.0,0.664,36126,5,3,0,0,1,155907,645.636,0.580691,643.38,38683.6,38681.3,38683.6,-0.590315,-0.590824
8|1159|8|1159|sample|3|292|3|292|22.0,3.32,2310,6,3,0,0,1,155907,645.636,0.580691,617.383,2535.47,2535.5,2535.47,-0.62584,-0.625769
8|1159|8|1159|sample|3|292|3|292|22.0,16.6,688,7,3,0,0,1,155907,645.636,0.580691,585.868,585.691,585.691,585.691,0.699519,0.69952
8|1159|8|1159|sample|3|292|3|292|22.0,83,592,8,3,0,0,1,155907,645.636,0.580691,498.82,498.361,498.361,498.361,0.685158,0.685158
8|1159|8|1159|cc|1|1|292|1|292|69.0,0,640,1,1,0,1,0,155907,645.636,0.580691,379.118,379.118,379.118,379.118,2.1111,2.1111
8|1159|8|1159|cc|2|1|292|1|292|69.0,0,616,2,1,0,1,0,155907,645.636,0.580691,466.086,466.086,466.086,466.086,1.12612,1.12612
8|1159|8|1159|cc|3|1|292|1|292|69.0,0,690,3,1,0,1,0,155907,645.636,0.580691,497.572,497.572,497.572,497.572,1.40889,1.40889
8|1159|8|1159|cc|4|1|292|1|292|69.0,0,614,4,1,0,1,0,155907,645.636,0.580691,507.774,507.774,507.774,507.774,0.771421,0.771421
8|1159|8|1159|cc|5|1|292|1|292|69.0,0,622,5,1,0,1,0,155907,645.636,0.580691,507.774,507.774,507.774,507.774,0.829518,0.829518
8|1159|8|1159|cc|6|1|292|1|292|69.0,0,654,6,1,0,1,0,155907,645.636,0.580691,497.572,497.572,497.572,497.572,1.14531,1.14531
8|1159|8|1159|cc|7|1|292|1|292|69.0,0,732,7,1,0,1,0,155907,645.636,0.580691,466.086,466.086,466.086,466.086,1.99748,1.99748
8|1159|8|1159|cc|8|1|292|1|292|69.0,0,670,8,1,0,1,0,155907,645.636,0.580691,379.118,379.118,379.118,379.118,2.35386,2.35386
8|1159|8|1159|vc|1|2|292|2|292|69.0,0,114165,1,2,1,0,0,155907,645.636,0.580691,112601,112601,112601,112601,0.125692,0.125692
8|1159|8|1159|vc|2|2|292|2|292|69.0,0,136148,2,2,1,0,0,155907,645.636,0.580691,133602,133602,133602,133602,0.172627,0.172627
8|1159|8|1159|vc|3|2|292|2|292|69.0,0,149475,3,2,1,0,0,155907,645.636,0.580691,141205,141205,141205,141205,0.530661,0.530661
8|1159|8|1159|vc|4|2|292|2|292|69.0,0,146290,4,2,1,0,0,155907,645.636,0.580691,143669,143669,143669,143669,0.165338,0.165338
8|1159|8|1159|vc|5|2|292|2|292|69.0,0,136813,5,2,1,0,0,155907,645.636,0.580691,143669,143669,143669,143669,-0.432395,-0.432395
8|1159|8|1159|vc|6|2|292|2|292|69.0,0,141806,6,2,1,0,0,155907,645.636,0.580691,141205,141205,141205,141205,0.0385672,0.0385672
8|1159|8|1159|vc|7|2|292|2|292|69.0,0,125865,7,2,1,0,0,155907,645.636,0.580691,133602,133602,133602,133602,-0.52454,-0.52454
8|1159|8|1159|vc|8|2|292|2|292|69.0,0,112168,8,2,1,0,0,155907,645.636,0.580691,112601,112601,112601,112601,-0.0347863,-0.0347863
8|1197|8|1197|sample|7|103|7|103|65.0,0.0016767999999999,74837,1,7,0,0,1,122610,645.636,0.646954,74957.1,84722.1,84722.3,84722.1,-1.0535,-1.05347
8|1197|8|1197|sample|7|103|7|103|65.0,0.0083839999999999,71977,2,7,0,0,1,122610,645.636,0.646954,60052.5,79638.9,79639.5,79638.9,-0.868242,-0.868176
8|1197|8|1197|sample|7|103|7|103|65.0,0.04192,42847,3,7,0,0,1,122610,645.636,0.646954,22160.9,40811.9,40812.6,40811.9,0.445878,0.446034
8|1197|8|1197|sample|7|103|7|103|65.0,0.2096,5272,4,7,0,0,1,122610,645.636,0.646954,1910.93,5072.89,5072.97,5072.89,0.311521,0.311655
8|1197|8|1197|sample|7|103|7|103|65.0,1.048,660,5,7,0,0,1,122610,645.636,0.646954,645.596,650.389,650.388,650.389,0.0626768,0.0626728
8|1197|8|1197|sample|7|103|7|103|65.0,5.24,592,6,7,0,0,1,122610,645.636,0.646954,633.507,632.925,632.925,632.925,-0.270236,-0.270236
8|1197|8|1197|sample|7|103|7|103|65.0,26.2,544,7,7,0,0,1,122610,645.636,0.646954,598.396,597.846,597.846,597.846,-0.364836,-0.364836
8|1197|8|1197|sample|7|103|7|103|65.0,131,580,8,7,0,0,1,122610,645.636,0.646954,501.415,500.954,500.954,500.954,0.577179,0.577179
8|1197|8|1197|sample|8|103|8|103|65.0,0.0016767999999999,74846,1,8,0,0,1,122610,645.636,0.646954,74726.9,84461.9,84462.2,84461.9,-1.02794,-1.02791
8|1197|8|1197|sample|8|103|8|103|65.0,0.0083839999999999,76735,2,8,0,0,1,122610,645.636,0.646954,59898,79434,79434.6,79434,-0.306676,-0.306604
8|1197|8|1197|sample|8|103|8|103|65.0,0.04192,41404,3,8,0,0,1,122610,645.636,0.646954,22107,40712.7,40713.4,40712.7,0.151716,0.151867
8|1197|8|1197|sample|8|103|8|103|65.0,0.2096,5378,4,8,0,0,1,122610,645.636,0.646954,1906.36,5060.77,5060.86,5060.77,0.497424,0.49756
8|1197|8|1197|sample|8|103|8|103|65.0,1.048,706,5,8,0,0,1,122610,645.636,0.646954,644.055,648.836,648.835,648.836,0.373168,0.373164
8|1197|8|1197|sample|8|103|8|103|65.0,5.24,542,6,8,0,0,1,122610,645.636,0.646954,631.968,631.387,631.387,631.387,-0.590899,-0.590899
8|1197|8|1197|sample|8|103|8|103|65.0,26.2,550,7,8,0,0,1,122610,645.636,0.646954,596.857,596.308,596.308,596.308,-0.31412,-0.31412
8|1197|8|1197|sample|8|103|8|103|65.0,131,550,8,8,0,0,1,122610,645.636,0.646954,499.875,499.416,499.416,499.416,0.369813,0.369813
8|1197|8|1197|sample|6|103|6|103|65.0,0.0004351999999999,82107,1,6,0,0,1,122610,645.636,0.646954,85696,90914.5,90914.7,90914.5,-0.875238,-0.875225
8|1197|8|1197|sample|6|103|6|103|65.0,0.0021759999999999,94216,2,6,0,0,1,122610,645.636,0.646954,85847.9,98807.5,98807.9,98807.5,-0.420124,-0.420089
8|1197|8|1197|sample|6|103|6|103|65.0,0.0108799999999999,78272,3,6,0,0,1,122610,645.636,0.646954,56975.7,78589.8,78590.5,78589.8,-0.0365675,-0.0364838
8|1197|8|1197|sample|6|103|6|103|65.0,0.0543999999999999,33061,4,6,0,0,1,122610,645.636,0.646954,16955.5,33608.4,33609,33608.4,-0.145285,-0.145126
8|1197|8|1197|sample|6|103|6|103|65.0,0.2719999999999999,2724,5,6,0,0,1,122610,645.636,0.646954,1224.46,2958.65,2958.68,2958.65,-0.576932,-0.576855
8|1197|8|1197|sample|6|103|6|103|65.0,1.36,578,6,6,0,0,1,122610,645.636,0.646954,633.6,633.836,633.836,633.836,-0.368454,-0.368455
8|1197|8|1197|sample|6|103|6|103|65.0,6.8,604,7,6,0,0,1,122610,645.636,0.646954,598.396,597.846,597.846,597.846,0.0416957,0.0416957
8|1197|8|1197|sample|6|103|6|103|65.0,34,546,8,6,0,0,1,122610,645.636,0.646954,501.415,500.954,500.954,500.954,0.328917,0.328917
8|1197|8|1197|sample|5|103|5|103|65.0,0.0004351999999999,85902,1,5,0,0,1,122610,645.636,0.646954,85432.8,90635.4,90635.5,90635.4,-0.471816,-0.471803
8|1197|8|1197|sample|5|103|5|103|65.0,0.0021759999999999,97095,2,5,0,0,1,122610,645.636,0.646954,85627,98553.2,98553.6,98553.2,-0.133796,-0.13376
8|1197|8|1197|sample|5|103|5|103|65.0,0.0108799999999999,87358,3,5,0,0,1,122610,645.636,0.646954,56837.2,78398.8,78399.5,78398.8,1.03099,1.03109
8|1197|8|1197|sample|5|103|5|103|65.0,0.0543999999999999,36940,4,5,0,0,1,122610,645.636,0.646954,16915,33528.1,33528.7,33528.1,0.906534,0.90671
8|1197|8|1197|sample|5|103|5|103|65.0,0.2719999999999999,2878,5,5,0,0,1,122610,645.636,0.646954,1221.54,2951.59,2951.62,2951.59,-0.181329,-0.181248
8|1197|8|1197|sample|5|103|5|103|65.0,1.36,646,6,5,0,0,1,122610,645.636,0.646954,632.06,632.296,632.296,632.296,0.0905352,0.0905342
8|1197|8|1197|sample|5|103|5|103|65.0,6.8,580,7,5,0,0,1,122610,645.636,0.646954,596.857,596.308,596.308,596.308,-0.110621,-0.110621
8|1197|8|1197|sample|5|103|5|103|65.0,34,628,8,5,0,0,1,122610,645.636,0.646954,499.875,499.416,499.416,499.416,0.940057,0.940057
8|1197|8|1197|sample|12|103|12|103|28.0,0.0014272,64032,1,12,0,0,1,122610,645.636,0.646954,53356.5,56285.7,56285.6,56285.7,1.23717,1.23715
8|1197|8|1197|sample|12|103|12|103|28.0,0.007136,55335,2,12,0,0,1,122610,645.636,0.646954,47509,53499,53498.9,53499,0.308309,0.308288
8|1197|8|1197|sample|12|103|12|103|28.0,0.03568,22894,3,12,0,0,1,122610,645.636,0.646954,19677.6,25215.8,25215.9,25215.8,-0.814592,-0.814577
8|1197|8|1197|sample|12|103|12|103|28.0,0.1784,2488,4,12,0,0,1,122610,645.636,0.646954,1972.07,2928.66,2928.72,2928.66,-1.09226,-1.09215
8|1197|8|1197|sample|12|103|12|103|28.0,0.892,422,5,12,0,0,1,122610,645.636,0.646954,494.142,496.142,496.142,496.142,-0.543466,-0.543465
8|1197|8|1197|sample|12|103|12|103|28.0,4.46,484,6,12,0,0,1,122610,645.636,0.646954,481.119,480.676,480.676,480.676,0.0246686,0.0246686
8|1197|8|1197|sample|12|103|12|103|28.0,22.3,418,7,12,0,0,1,122610,645.636,0.646954,446.008,445.598,445.598,445.598,-0.210871,-0.210871
8|1197|8|1197|sample|12|103|12|103|28.0,111.5,586,8,12,0,0,1,122610,645.636,0.646954,349.027,348.706,348.706,348.706,1.97355,1.97355
8|1197|8|1197|sample|10|103|10|103|28.0,0.0004479999999999,78110,1,10,0,0,1,122610,645.636,0.646954,82223.7,84674.5,84674.4,84674.5,-0.699974,-0.699985
8|1197|8|1197|sample|10|103|10|103|28.0,0.00224,84573,2,10,0,0,1,122610,645.636,0.646954,82648.4,88387.5,88387.3,88387.5,-0.389778,-0.389797
8|1197|8|1197|sample|10|103|10|103|28.0,0.0111999999999999,58621,3,10,0,0,1,122610,645.636,0.646954,54500,63137.8,63137.7,63137.8,-0.643984,-0.644
8|1197|8|1197|sample|10|103|10|103|28.0,0.0559999999999999,24817,4,10,0,0,1,122610,645.636,0.646954,15888.2,21412.6,21412.7,21412.6,1.39932,1.39938
8|1197|8|1197|sample|10|103|10|103|28.0,0.2799999999999999,1870,5,10,0,0,1,122610,645.636,0.646954,1136.8,1551.06,1551.09,1551.06,1.26429,1.26442
8|1197|8|1197|sample|10|103|10|103|28.0,1.4,510,6,10,0,0,1,122610,645.636,0.646954,614.161,613.732,613.732,613.732,-0.694631,-0.694631
8|1197|8|1197|sample|10|103|10|103|28.0,7,484,7,10,0,0,1,122610,645.636,0.646954,578.98,578.448,578.448,578.448,-0.649301,-0.649301
8|1197|8|1197|sample|10|103|10|103|28.0,111.5,602,8,10,0,0,1,122610,645.636,0.646954,481.999,481.555,481.555,481.555,0.893356,0.893356
8|1197|8|1197|sample|9|103|9|103|28.0,0.0004479999999999,78594,1,9,0,0,1,122610,645.636,0.646954,84462.7,86980.3,86980.1,86980.3,-0.870723,-0.870734
8|1197|8|1197|sample|9|103|9|103|28.0,0.00224,83899,2,9,0,0,1,122610,645.636,0.646954,84522,90391.1,90390.9,90391.1,-0.648823,-0.648841
8|1197|8|1197|sample|9|103|9|103|28.0,0.0111999999999999,69732,3,9,0,0,1,122610,645.636,0.646954,55664.8,64487.2,64487.1,64487.2,0.73234,0.732322
8|1197|8|1197|sample|9|103|9|103|28.0,0.0559999999999999,27611,4,9,0,0,1,122610,645.636,0.646954,16221.6,21862,21862.1,21862,2.31614,2.31619
8|1197|8|1197|sample|9|103|9|103|28.0,0.2799999999999999,1566,5,9,0,0,1,122610,645.636,0.646954,1160.65,1583.61,1583.64,1583.61,-0.0689497,-0.0688341
8|1197|8|1197|sample|9|103|9|103|28.0,1.4,560,6,9,0,0,1,122610,645.636,0.646954,627.287,626.849,626.849,626.849,-0.443374,-0.443374
8|1197|8|1197|sample|9|103|9|103|28.0,7,566,7,9,0,0,1,122610,645.636,0.646954,592.105,591.56,591.56,591.56,-0.173999,-0.173999
8|1197|8|1197|sample|9|103|9|103|28.0,35,568,8,9,0,0,1,122610,645.636,0.646954,495.124,494.668,494.668,494.668,0.538166,0.538166
8|1197|8|1197|sample|3|103|3|103|22.0,0.0010624,83416,1,3,0,0,1,122610,645.636,0.646954,76359.8,86307.1,86305.3,86307.1,-0.302315,-0.302499
8|1197|8|1197|sample|3|103|3|103|22.0,0.005312,89383,2,3,0,0,1,122610,645.636,0.646954,67829.3,89219,89214.7,89219,0.0170414,0.0166021
8|1197|8|1197|sample|3|103|3|103|22.0,0.02656,58909,3,3,0,0,1,122610,645.636,0.646954,32270.5,55261.8,55257.5,55261.8,0.59389,0.593147
8|1197|8|1197|sample|3|103|3|103|22.0,0.1328,9266,4,3,0,0,1,122610,645.636,0.646954,4333.49,8607.79,8608.32,8607.79,0.640366,0.640916
8|1197|8|1197|sample|3|103|3|103|22.0,0.664,850,5,3,0,0,1,122610,645.636,0.646954,637.826,633.212,633.224,633.212,1.43111,1.4312
8|1197|8|1197|sample|3|103|3|103|22.0,3.32,606,6,3,0,0,1,122610,645.636,0.646954,614.091,613.526,613.526,613.526,-0.0504065,-0.0504065
8|1197|8|1197|sample|3|103|3|103|22.0,16.6,578,7,3,0,0,1,122610,645.636,0.646954,578.98,578.448,578.448,578.448,-0.00307666,-0.00307665
8|1197|8|1197|sample|3|103|3|103|22.0,83,552,8,3,0,0,1,122610,645.636,0.646954,481.999,481.555,481.555,481.555,0.522498,0.522498
8|1197|8|1197|sample|4|103|4|103|22.0,0.0010624,79953,1,4,0,0,1,122610,645.636,0.646954,78439.1,88657.3,88655.4,88657.3,-0.886628,-0.886799
8|1197|8|1197|sample|4|103|4|103|22.0,0.005312,90004,2,4,0,0,1,122610,645.636,0.646954,69366.9,91241.5,91237.1,91241.5,-0.122107,-0.12254
8|1197|8|1197|sample|4|103|4|103|22.0,0.02656,58715,3,4,0,0,1,122610,645.636,0.646954,32960.2,56442.9,56438.5,56442.9,0.362608,0.361883
8|1197|8|1197|sample|4|103|4|103|22.0,0.1328,7962,4,4,0,0,1,122610,645.636,0.646954,4424.43,8788.42,8788.96,8788.42,-0.789938,-0.789468
8|1197|8|1197|sample|4|103|4|103|22.0,0.664,770,5,4,0,0,1,122610,645.636,0.646954,651.21,646.5,646.512,646.5,0.807465,0.807553
8|1197|8|1197|sample|4|103|4|103|22.0,3.32,568,6,4,0,0,1,122610,645.636,0.646954,627.216,626.639,626.639,626.639,-0.38898,-0.38898
8|1197|8|1197|sample|4|103|4|103|22.0,16.6,564,7,4,0,0,1,122610,645.636,0.646954,592.105,591.56,591.56,591.56,-0.187614,-0.187614
8|1197|8|1197|sample|4|103|4|103|22.0,83,596,8,4,0,0,1,122610,645.636,0.646954,495.124,494.668,494.668,494.668,0.743652,0.743652
8|1197|8|1197|sample|11|103|11|103|28.0,0.0014272,67698,1,11,0,0,1,122610,645.636,0.646954,68218.4,71963.6,71963.4,71963.6,-0.534339,-0.534356
8|1197|8|1197|sample|11|103|11|103|28.0,0.007136,59779,2,11,0,0,1,122610,645.636,0.646954,57864.7,65160.4,65160.2,65160.4,-0.743706,-0.743725
8|1197|8|1197|sample|11|103|11|103|28.0,0.03568,23906,3,11,0,0,1,122610,645.636,0.646954,23653.8,30311.1,30311.1,30311.1,-1.87849,-1.87848
8|1197|8|1197|sample|11|103|11|103|28.0,0.1784,2906,4,11,0,0,1,122610,645.636,0.646954,2361.35,3506.78,3506.84,3506.78,-1.28671,-1.28659
8|1197|8|1197|sample|11|103|11|103|28.0,0.892,526,5,11,0,0,1,122610,645.636,0.646954,591.685,594.079,594.08,594.079,-0.462571,-0.46257
8|1197|8|1197|sample|11|103|11|103|28.0,4.46,512,6,11,0,0,1,122610,645.636,0.646954,578.337,577.805,577.805,577.805,-0.452611,-0.452611
8|1197|8|1197|sample|11|103|11|103|28.0,22.3,520,7,11,0,0,1,122610,645.636,0.646954,543.226,542.726,542.726,542.726,-0.160566,-0.160566
8|1197|8|1197|sample|11|103|11|103|28.0,35,602,8,11,0,0,1,122610,645.636,0.646954,446.245,445.834,445.834,445.834,1.19301,1.19301
8|1197|8|1197|cc|1|1|103|1|103|69.0,0,606,1,1,0,1,0,122610,645.636,0.646954,348.706,348.706,348.706,348.706,2.13988,2.13988
8|1197|8|1197|cc|2|1|103|1|103|69.0,0,666,2,1,0,1,0,122610,645.636,0.646954,445.598,445.598,445.598,445.598,1.68407,1.68407
8|1197|8|1197|cc|3|1|103|1|103|69.0,0,676,3,1,0,1,0,122610,645.636,0.646954,480.676,480.676,480.676,480.676,1.44978,1.44978
8|1197|8|1197|cc|4|1|103|1|103|69.0,0,624,4,1,0,1,0,122610,645.636,0.646954,492.043,492.043,492.043,492.043,0.970457,0.970457
8|1197|8|1197|cc|5|1|103|1|103|69.0,0,566,5,1,0,1,0,122610,645.636,0.646954,492.043,492.043,492.043,492.043,0.543905,0.543905
8|1197|8|1197|cc|6|1|103|1|103|69.0,0,622,6,1,0,1,0,122610,645.636,0.646954,480.676,480.676,480.676,480.676,1.04897,1.04897
8|1197|8|1197|cc|7|1|103|1|103|69.0,0,690,7,1,0,1,0,122610,645.636,0.646954,445.598,445.598,445.598,445.598,1.86745,1.86745
8|1197|8|1197|cc|8|1|103|1|103|69.0,0,642,8,1,0,1,0,122610,645.636,0.646954,348.706,348.706,348.706,348.706,2.43929,2.43929
8|1197|8|1197|vc|1|2|103|2|103|69.0,0,87946,1,2,1,0,0,122610,645.636,0.646954,84666.5,84666.5,84666.5,84666.5,0.349734,0.349734
8|1197|8|1197|vc|2|2|103|2|103|69.0,0,107862,2,2,1,0,0,122610,645.636,0.646954,103067,103067,103067,103067,0.420725,0.420725
8|1197|8|1197|vc|3|2|103|2|103|69.0,0,103669,3,2,1,0,0,122610,645.636,0.646954,109729,109729,109729,109729,-0.4996,-0.4996
8|1197|8|1197|vc|4|2|103|2|103|69.0,0,103811,4,2,1,0,0,122610,645.636,0.646954,111887,111887,111887,111887,-0.653102,-0.653102
8|1197|8|1197|vc|5|2|103|2|103|69.0,0,109061,5,2,1,0,0,122610,645.636,0.646954,111887,111887,111887,111887,-0.22854,-0.22854
8|1197|8|1197|vc|6|2|103|2|103|69.0,0,103883,6,2,1,0,0,122610,645.636,0.646954,109729,109729,109729,109729,-0.481955,-0.481955
8|1197|8|1197|vc|7|2|103|2|103|69.0,0,108538,7,2,1,0,0,122610,645.636,0.646954,103067,103067,103067,103067,0.480037,0.480037
8|1197|8|1197|vc|8|2|103|2|103|69.0,0,81945,8,2,1,0,0,122610,645.636,0.646954,84666.5,84666.5,84666.5,84666.5,-0.29022,-0.29022
