rep,id,eta_f,eta_h,eta_L_gap,mab_virus,run_id
1,9|411|9|411|sample|4|274|4|274|70.0,0,0.75507,-1.57005e-09,70.0|274,411
1,9|411|9|411|sample|3|274|3|274|70.0,0,0.96801,2.01892e-08,70.0|274,411
1,9|411|9|411|sample|5|274|5|274|70.0,0,0.525955,-4.28002e-08,70.0|274,411
1,9|411|9|411|sample|6|274|6|274|70.0,0,0.673502,-3.26036e-08,70.0|274,411
1,9|411|9|411|sample|8|274|8|274|70.0,0,0.984937,-1.40052e-08,70.0|274,411
1,9|411|9|411|sample|7|274|7|274|70.0,0,0.975485,-8.41255e-09,70.0|274,411
1,9|411|9|411|sample|9|274|9|274|70.0,0,0.549296,-1.291e-08,70.0|274,411
1,9|411|9|411|sample|10|274|10|274|70.0,0,0.687869,-1.87156e-09,70.0|274,411
1,9|411|9|411|sample|12|274|12|274|70.0,0,1.02897,5.46808e-08,70.0|274,411
1,9|411|9|411|sample|11|274|11|274|70.0,0,1.02938,-6.20666e-08,70.0|274,411
1,9|411|9|411|cc|1|1|274|1|274|69.0,0,-0.727539,-1.35155e-08,69.0|274,411
1,9|411|9|411|cc|2|1|274|1|274|69.0,0,14.5841,1.1755e-08,69.0|274,411
1,9|411|9|411|cc|3|1|274|1|274|69.0,0,6.61472,1.35986e-08,69.0|274,411
1,9|411|9|411|cc|4|1|274|1|274|69.0,0,4.8893,-5.54774e-08,69.0|274,411
1,9|411|9|411|cc|5|1|274|1|274|69.0,0,-7.65869,-1.53825e-08,69.0|274,411
1,9|411|9|411|cc|6|1|274|1|274|69.0,0,-3.79437,-5.00499e-08,69.0|274,411
1,9|411|9|411|cc|7|1|274|1|274|69.0,0,3.57257,1.20258e-08,69.0|274,411
1,9|411|9|411|cc|8|1|274|1|274|69.0,0,1.32907,-1.28604e-08,69.0|274,411
1,9|411|9|411|vc|1|2|274|2|274|69.0,0,4.22199,-4.44303e-08,69.0|274,411
1,9|411|9|411|vc|2|2|274|2|274|69.0,0,6.75459,-3.01345e-10,69.0|274,411
1,9|411|9|411|vc|3|2|274|2|274|69.0,0,7.86533,1.40803e-09,69.0|274,411
1,9|411|9|411|vc|4|2|274|2|274|69.0,0,0.298342,4.27253e-08,69.0|274,411
1,9|411|9|411|vc|5|2|274|2|274|69.0,0,2.11924,-3.45055e-08,69.0|274,411
1,9|411|9|411|vc|6|2|274|2|274|69.0,0,-7.69353,-4.63521e-08,69.0|274,411
1,9|411|9|411|vc|7|2|274|2|274|69.0,0,-2.21947,-6.09571e-09,69.0|274,411
1,9|411|9|411|vc|8|2|274|2|274|69.0,0,3.44951,-2.80208e-08,69.0|274,411
1,8|152|8|152|sample|8|322|8|322|65.0,0,0.97352,-5.64048e-08,65.0|322,152
1,8|152|8|152|sample|7|322|7|322|65.0,0,1.07077,-9.25726e-08,65.0|322,152
1,8|152|8|152|sample|6|322|6|322|65.0,0,1.01912,-1.20885e-08,65.0|322,152
1,8|152|8|152|sample|5|322|5|322|65.0,0,1.10784,7.8477e-08,65.0|322,152
1,8|152|8|152|sample|12|322|12|322|28.0,0,1.53461,3.36145e-08,28.0|322,152
1,8|152|8|152|sample|11|322|11|322|28.0,0,1.59865,-2.215e-08,28.0|322,152
1,8|152|8|152|sample|10|322|10|322|28.0,0,1.42646,3.84954e-08,28.0|322,152
1,8|152|8|152|sample|9|322|9|322|28.0,0,1.25079,3.16265e-08,28.0|322,152
1,8|152|8|152|sample|3|322|3|322|22.0,0,0.956166,-2.08909e-08,22.0|322,152
1,8|152|8|152|sample|4|322|4|322|22.0,0,1.12819,-3.20411e-08,22.0|322,152
1,8|152|8|152|cc|1|1|322|1|322|69.0,0,2.38665,4.0656e-08,69.0|322,152
1,8|152|8|152|cc|2|1|322|1|322|69.0,0,1.45874,1.21523e-08,69.0|322,152
1,8|152|8|152|cc|3|1|322|1|322|69.0,0,-6.83301,-5.89835e-08,69.0|322,152
1,8|152|8|152|cc|4|1|322|1|322|69.0,0,-1.15407,-3.39569e-08,69.0|322,152
1,8|152|8|152|cc|5|1|322|1|322|69.0,0,10.7667,-2.29823e-08,69.0|322,152
1,8|152|8|152|cc|6|1|322|1|322|69.0,0,-2.06117,-1.06913e-08,69.0|322,152
1,8|152|8|152|cc|7|1|322|1|322|69.0,0,-0.629422,-3.50306e-08,69.0|322,152
1,8|152|8|152|cc|8|1|322|1|322|69.0,0,2.03084,1.06745e-08,69.0|322,152
1,8|152|8|152|vc|1|2|322|2|322|69.0,0,-5.34664,-2.75267e-08,69.0|322,152
1,8|152|8|152|vc|2|2|322|2|322|69.0,0,4.11777,7.99552e-08,69.0|322,152
1,8|152|8|152|vc|3|2|322|2|322|69.0,0,2.9707,-3.31746e-08,69.0|322,152
1,8|152|8|152|vc|4|2|322|2|322|69.0,0,2.71788,-3.08468e-08,69.0|322,152
1,8|152|8|152|vc|5|2|322|2|322|69.0,0,10.4857,9.1063e-08,69.0|322,152
1,8|152|8|152|vc|6|2|322|2|322|69.0,0,-2.44579,-2.20773e-08,69.0|322,152
1,8|152|8|152|vc|7|2|322|2|322|69.0,0,5.58749,4.1661e-08,69.0|322,152
1,8|152|8|152|vc|8|2|322|2|322|69.0,0,10.7239,-1.48386e-08,69.0|322,152
1,8|1056|8|1056|sample|8|276|8|276|65.0,0,1.46595,-2.2769e-08,65.0|276,1056
1,8|1056|8|1056|sample|7|276|7|276|65.0,0,2.06217,5.85906e-08,65.0|276,1056
1,8|1056|8|1056|sample|6|276|6|276|65.0,0,2.02615,-8.32489e-08,65.0|276,1056
1,8|1056|8|1056|sample|5|276|5|276|65.0,0,1.99767,1.68288e-08,65.0|276,1056
1,8|1056|8|1056|sample|12|276|12|276|28.0,0,7.50764,2.18403e-08,28.0|276,1056
1,8|1056|8|1056|sample|11|276|11|276|28.0,0,11.6405,-1.93687e-08,28.0|276,1056
1,8|1056|8|1056|sample|10|276|10|276|28.0,0,3.67711,-2.09743e-08,28.0|276,1056
1,8|1056|8|1056|sample|9|276|9|276|28.0,0,3.10026,2.58802e-08,28.0|276,1056
1,8|1056|8|1056|sample|4|276|4|276|22.0,0,1.78735,-4.76136e-08,22.0|276,1056
1,8|1056|8|1056|sample|3|276|3|276|22.0,0,2.05683,-4.42919e-08,22.0|276,1056
1,8|1056|8|1056|cc|1|1|276|1|276|69.0,0,-4.06277,8.3269e-08,69.0|276,1056
1,8|1056|8|1056|cc|2|1|276|1|276|69.0,0,-2.8405,1.14194e-08,69.0|276,1056
1,8|1056|8|1056|cc|3|1|276|1|276|69.0,0,4.13845,2.73877e-08,69.0|276,1056
1,8|1056|8|1056|cc|4|1|276|1|276|69.0,0,-0.783088,7.11932e-08,69.0|276,1056
1,8|1056|8|1056|cc|5|1|276|1|276|69.0,0,7.12121,4.35789e-09,69.0|276,1056
1,8|1056|8|1056|cc|6|1|276|1|276|69.0,0,11.8407,1.51578e-09,69.0|276,1056
1,8|1056|8|1056|cc|7|1|276|1|276|69.0,0,0.237146,5.49864e-08,69.0|276,1056
1,8|1056|8|1056|cc|8|1|276|1|276|69.0,0,-3.52622,9.77798e-09,69.0|276,1056
1,8|1056|8|1056|vc|1|2|276|2|276|69.0,0,1.0204,5.18691e-08,69.0|276,1056
1,8|1056|8|1056|vc|2|2|276|2|276|69.0,0,-1.43718,2.22241e-08,69.0|276,1056
1,8|1056|8|1056|vc|3|2|276|2|276|69.0,0,1.07788,1.42249e-08,69.0|276,1056
1,8|1056|8|1056|vc|4|2|276|2|276|69.0,0,-0.891614,-6.51916e-08,69.0|276,1056
1,8|1056|8|1056|vc|5|2|276|2|276|69.0,0,-2.45494,-1.65879e-08,69.0|276,1056
1,8|1056|8|1056|vc|6|2|276|2|276|69.0,0,-4.17536,-2.68947e-08,69.0|276,1056
1,8|1056|8|1056|vc|7|2|276|2|276|69.0,0,5.67008,-2.8991e-08,69.0|276,1056
1,8|1056|8|1056|vc|8|2|276|2|276|69.0,0,-0.548918,-1.10047e-08,69.0|276,1056
1,8|462|8|462|sample|6|292|6|292|55.0,0,0.416152,2.27806e-08,55.0|292,462
1,8|462|8|462|sample|5|292|5|292|55.0,0,0.380605,7.82113e-10,55.0|292,462
1,8|462|8|462|sample|4|292|4|292|55.0,0,0.139761,-7.33444e-08,55.0|292,462
1,8|462|8|462|sample|3|292|3|292|55.0,0,0.186005,7.58923e-08,55.0|292,462
1,8|462|8|462|sample|9|292|9|292|32.0,0,10.1593,6.31595e-08,32.0|292,462
1,8|462|8|462|sample|10|292|10|292|32.0,0,9.11823,4.34784e-09,32.0|292,462
1,8|462|8|462|sample|7|292|7|292|32.0,0,7.52983,-5.02921e-08,32.0|292,462
1,8|462|8|462|sample|8|292|8|292|32.0,0,9.57373,-9.7327e-09,32.0|292,462
1,8|462|8|462|sample|11|292|11|292|22.0,0,1.46782,-8.77805e-09,22.0|292,462
1,8|462|8|462|sample|12|292|12|292|22.0,0,1.31935,4.49233e-08,22.0|292,462
1,8|462|8|462|cc|1|1|292|1|292|69.0,0,2.66268,-4.10138e-08,69.0|292,462
1,8|462|8|462|cc|2|1|292|1|292|69.0,0,10.6351,1.69536e-08,69.0|292,462
1,8|462|8|462|cc|3|1|292|1|292|69.0,0,-3.74302,-2.89873e-09,69.0|292,462
1,8|462|8|462|cc|4|1|292|1|292|69.0,0,6.84918,-5.42509e-09,69.0|292,462
1,8|462|8|462|cc|5|1|292|1|292|69.0,0,4.91013,-4.20098e-09,69.0|292,462
1,8|462|8|462|cc|6|1|292|1|292|69.0,0,-12.144,-4.49984e-08,69.0|292,462
1,8|462|8|462|cc|7|1|292|1|292|69.0,0,5.80271,2.41948e-08,69.0|292,462
1,8|462|8|462|cc|8|1|292|1|292|69.0,0,15.0119,2.85892e-08,69.0|292,462
1,8|462|8|462|vc|1|2|292|2|292|69.0,0,-2.29873,1.16248e-08,69.0|292,462
1,8|462|8|462|vc|2|2|292|2|292|69.0,0,-5.9117,-3.23973e-08,69.0|292,462
1,8|462|8|462|vc|3|2|292|2|292|69.0,0,1.7888,-5.78565e-09,69.0|292,462
1,8|462|8|462|vc|4|2|292|2|292|69.0,0,0.967166,-2.73559e-08,69.0|292,462
1,8|462|8|462|vc|5|2|292|2|292|69.0,0,-6.8679,1.89826e-08,69.0|292,462
1,8|462|8|462|vc|6|2|292|2|292|69.0,0,4.6804,-4.09626e-08,69.0|292,462
1,8|462|8|462|vc|7|2|292|2|292|69.0,0,-7.7456,-7.30774e-08,69.0|292,462
1,8|462|8|462|vc|8|2|292|2|292|69.0,0,-0.606136,1.0489e-07,69.0|292,462
1,8|1159|8|1159|sample|8|292|8|292|65.0,0,1.30718,1.3536e-08,65.0|292,1159
1,8|1159|8|1159|sample|7|292|7|292|65.0,0,1.2911,-3.01782e-10,65.0|292,1159
1,8|1159|8|1159|sample|5|292|5|292|65.0,0,1.41509,2.96124e-08,65.0|292,1159
1,8|1159|8|1159|sample|6|292|6|292|65.0,0,1.3439,1.19396e-08,65.0|292,1159
1,8|1159|8|1159|sample|11|292|11|292|28.0,0,6.47667,-4.39282e-08,28.0|292,1159
1,8|1159|8|1159|sample|12|292|12|292|28.0,0,5.30898,-3.27576e-08,28.0|292,1159
1,8|1159|8|1159|sample|9|292|9|292|28.0,0,2.78941,1.78451e-08,28.0|292,1159
1,8|1159|8|1159|sample|10|292|10|292|28.0,0,2.3965,4.66303e-08,28.0|292,1159
1,8|1159|8|1159|sample|4|292|4|292|22.0,0,1.18936,2.1886e-08,22.0|292,1159
1,8|1159|8|1159|sample|3|292|3|292|22.0,0,1.06913,3.3143e-08,22.0|292,1159
1,8|1159|8|1159|cc|1|1|292|1|292|69.0,0,2.49586,-8.82972e-09,69.0|292,1159
1,8|1159|8|1159|cc|2|1|292|1|292|69.0,0,-3.10211,-3.57095e-08,69.0|292,1159
1,8|1159|8|1159|cc|3|1|292|1|292|69.0,0,-0.8311,-4.12153e-09,69.0|292,1159
1,8|1159|8|1159|cc|4|1|292|1|292|69.0,0,2.6475,-7.21526e-08,69.0|292,1159
1,8|1159|8|1159|cc|5|1|292|1|292|69.0,0,4.88566,-1.56066e-08,69.0|292,1159
1,8|1159|8|1159|cc|6|1|292|1|292|69.0,0,-1.75154,9.14127e-09,69.0|292,1159
1,8|1159|8|1159|cc|7|1|292|1|292|69.0,0,2.03239,3.71841e-08,69.0|292,1159
1,8|1159|8|1159|cc|8|1|292|1|292|69.0,0,1.57147,-3.46437e-08,69.0|292,1159
1,8|1159|8|1159|vc|1|2|292|2|292|69.0,0,2.92263,3.74147e-08,69.0|292,1159
1,8|1159|8|1159|vc|2|2|292|2|292|69.0,0,0.659451,4.54223e-08,69.0|292,1159
1,8|1159|8|1159|vc|3|2|292|2|292|69.0,0,-2.28497,-1.96254e-09,69.0|292,1159
1,8|1159|8|1159|vc|4|2|292|2|292|69.0,0,-0.483933,4.36938e-08,69.0|292,1159
1,8|1159|8|1159|vc|5|2|292|2|292|69.0,0,-0.814634,-5.26938e-08,69.0|292,1159
1,8|1159|8|1159|vc|6|2|292|2|292|69.0,0,2.84603,-1.05519e-08,69.0|292,1159
1,8|1159|8|1159|vc|7|2|292|2|292|69.0,0,-0.181599,-3.31051e-08,69.0|292,1159
1,8|1159|8|1159|vc|8|2|292|2|292|69.0,0,2.6846,1.20275e-08,69.0|292,1159
1,8|1197|8|1197|sample|7|103|7|103|65.0,0,9.68867,-2.11423e-08,65.0|103,1197
1,8|1197|8|1197|sample|8|103|8|103|65.0,0,7.7537,4.10304e-10,65.0|103,1197
1,8|1197|8|1197|sample|6|103|6|103|65.0,0,6.48973,-2.54322e-08,65.0|103,1197
1,8|1197|8|1197|sample|5|103|5|103|65.0,0,6.36871,5.15584e-08,65.0|103,1197
1,8|1197|8|1197|sample|12|103|12|103|28.0,0,14.2494,-1.29742e-08,28.0|103,1197
1,8|1197|8|1197|sample|10|103|10|103|28.0,0,7.19383,5.38352e-08,28.0|103,1197
1,8|1197|8|1197|sample|9|103|9|103|28.0,0,6.79101,3.97939e-08,28.0|103,1197
1,8|1197|8|1197|sample|3|103|3|103|22.0,0,3.88952,-3.20549e-08,22.0|103,1197
1,8|1197|8|1197|sample|4|103|4|103|22.0,0,7.15741,1.78003e-08,22.0|103,1197
1,8|1197|8|1197|sample|11|103|11|103|28.0,0,10.5654,-3.19377e-08,28.0|103,1197
1,8|1197|8|1197|cc|1|1|103|1|103|69.0,0,2.84742,-4.74109e-08,69.0|103,1197
1,8|1197|8|1197|cc|2|1|103|1|103|69.0,0,3.0682,-7.40505e-08,69.0|103,1197
1,8|1197|8|1197|cc|3|1|103|1|103|69.0,0,-0.0481559,-5.41693e-08,69.0|103,1197
1,8|1197|8|1197|cc|4|1|103|1|103|69.0,0,-4.29725,4.35871e-08,69.0|103,1197
1,8|1197|8|1197|cc|5|1|103|1|103|69.0,0,-3.67396,3.81934e-08,69.0|103,1197
1,8|1197|8|1197|cc|6|1|103|1|103|69.0,0,2.47322,-3.31697e-08,69.0|103,1197
1,8|1197|8|1197|cc|7|1|103|1|103|69.0,0,-0.283429,-8.19923e-08,69.0|103,1197
1,8|1197|8|1197|cc|8|1|103|1|103|69.0,0,2.6566,5.1896e-08,69.0|103,1197
1,8|1197|8|1197|vc|1|2|103|2|103|69.0,0,-6.98827,1.6189e-08,69.0|103,1197
1,8|1197|8|1197|vc|2|2|103|2|103|69.0,0,4.30662,-1.9279e-08,69.0|103,1197
1,8|1197|8|1197|vc|3|2|103|2|103|69.0,0,-1.92743,-2.38422e-08,69.0|103,1197
1,8|1197|8|1197|vc|4|2|103|2|103|69.0,0,0.211385,-2.76641e-08,69.0|103,1197
1,8|1197|8|1197|vc|5|2|103|2|103|69.0,0,-1.98079,-1.65234e-08,69.0|103,1197
1,8|1197|8|1197|vc|6|2|103|2|103|69.0,0,1.23238,-1.58004e-08,69.0|103,1197
1,8|1197|8|1197|vc|7|2|103|2|103|69.0,0,7.03665,-1.36251e-08,69.0|103,1197
1,8|1197|8|1197|vc|8|2|103|2|103|69.0,0,12.3889,-2.03733e-08,69.0|103,1197
