id,importanceSampling
9|411|9|411|sample|4|274|4|274|70.0,132.512513
9|411|9|411|sample|3|274|3|274|70.0,131.214631
9|411|9|411|sample|5|274|5|274|70.0,153.681519
9|411|9|411|sample|6|274|6|274|70.0,155.638869
9|411|9|411|sample|8|274|8|274|70.0,130.767854
9|411|9|411|sample|7|274|7|274|70.0,130.544012
9|411|9|411|sample|9|274|9|274|70.0,153.985131
9|411|9|411|sample|10|274|10|274|70.0,153.829861
9|411|9|411|sample|12|274|12|274|70.0,130.024222
9|411|9|411|sample|11|274|11|274|70.0,131.558863
9|411|9|411|cc|1|1|274|1|274|69.0,12.297885
9|411|9|411|cc|2|1|274|1|274|69.0,12.370025
9|411|9|411|cc|3|1|274|1|274|69.0,12.175132
9|411|9|411|cc|4|1|274|1|274|69.0,12.251808
9|411|9|411|cc|5|1|274|1|274|69.0,12.596624
9|411|9|411|cc|6|1|274|1|274|69.0,12.225450
9|411|9|411|cc|7|1|274|1|274|69.0,12.415483
9|411|9|411|cc|8|1|274|1|274|69.0,13.394140
9|411|9|411|vc|1|2|274|2|274|69.0,19.774763
9|411|9|411|vc|2|2|274|2|274|69.0,19.781934
9|411|9|411|vc|3|2|274|2|274|69.0,19.972493
9|411|9|411|vc|4|2|274|2|274|69.0,19.801819
9|411|9|411|vc|5|2|274|2|274|69.0,19.901565
9|411|9|411|vc|6|2|274|2|274|69.0,19.810000
9|411|9|411|vc|7|2|274|2|274|69.0,20.022195
9|411|9|411|vc|8|2|274|2|274|69.0,19.688239
8|152|8|152|sample|8|322|8|322|65.0,142.047461
8|152|8|152|sample|7|322|7|322|65.0,143.519084
8|152|8|152|sample|6|322|6|322|65.0,152.344192
8|152|8|152|sample|5|322|5|322|65.0,153.853328
8|152|8|152|sample|12|322|12|322|28.0,136.668203
8|152|8|152|sample|11|322|11|322|28.0,136.432026
8|152|8|152|sample|10|322|10|322|28.0,145.386693
8|152|8|152|sample|9|322|9|322|28.0,144.201240
8|152|8|152|sample|3|322|3|322|22.0,149.498283
8|152|8|152|sample|4|322|4|322|22.0,145.068335
8|152|8|152|cc|1|1|322|1|322|69.0,12.046047
8|152|8|152|cc|2|1|322|1|322|69.0,11.978786
8|152|8|152|cc|3|1|322|1|322|69.0,11.916914
8|152|8|152|cc|4|1|322|1|322|69.0,11.995627
8|152|8|152|cc|5|1|322|1|322|69.0,11.896372
8|152|8|152|cc|6|1|322|1|322|69.0,11.897824
8|152|8|152|cc|7|1|322|1|322|69.0,12.037801
8|152|8|152|cc|8|1|322|1|322|69.0,12.057655
8|152|8|152|vc|1|2|322|2|322|69.0,20.703892
8|152|8|152|vc|2|2|322|2|322|69.0,20.723106
8|152|8|152|vc|3|2|322|2|322|69.0,20.842029
8|152|8|152|vc|4|2|322|2|322|69.0,20.738876
8|152|8|152|vc|5|2|322|2|322|69.0,20.761540
8|152|8|152|vc|6|2|322|2|322|69.0,20.775393
8|152|8|152|vc|7|2|322|2|322|69.0,20.743730
8|152|8|152|vc|8|2|322|2|322|69.0,20.682880
8|1056|8|1056|sample|8|276|8|276|65.0,140.307618
8|1056|8|1056|sample|7|276|7|276|65.0,142.448222
8|1056|8|1056|sample|6|276|6|276|65.0,148.703514
8|1056|8|1056|sample|5|276|5|276|65.0,151.997072
8|1056|8|1056|sample|12|276|12|276|28.0,134.253218
8|1056|8|1056|sample|11|276|11|276|28.0,135.005759
8|1056|8|1056|sample|10|276|10|276|28.0,143.810901
8|1056|8|1056|sample|9|276|9|276|28.0,144.505494
8|1056|8|1056|sample|4|276|4|276|22.0,144.401675
8|1056|8|1056|sample|3|276|3|276|22.0,145.452002
8|1056|8|1056|cc|1|1|276|1|276|69.0,11.940253
8|1056|8|1056|cc|2|1|276|1|276|69.0,11.954789
8|1056|8|1056|cc|3|1|276|1|276|69.0,11.944371
8|1056|8|1056|cc|4|1|276|1|276|69.0,11.942319
8|1056|8|1056|cc|5|1|276|1|276|69.0,11.979895
8|1056|8|1056|cc|6|1|276|1|276|69.0,11.963081
8|1056|8|1056|cc|7|1|276|1|276|69.0,12.014745
8|1056|8|1056|cc|8|1|276|1|276|69.0,12.078039
8|1056|8|1056|vc|1|2|276|2|276|69.0,21.313179
8|1056|8|1056|vc|2|2|276|2|276|69.0,21.379894
8|1056|8|1056|vc|3|2|276|2|276|69.0,21.291601
8|1056|8|1056|vc|4|2|276|2|276|69.0,21.449293
8|1056|8|1056|vc|5|2|276|2|276|69.0,21.254946
8|1056|8|1056|vc|6|2|276|2|276|69.0,21.232399
8|1056|8|1056|vc|7|2|276|2|276|69.0,21.225672
8|1056|8|1056|vc|8|2|276|2|276|69.0,21.822763
8|462|8|462|sample|6|292|6|292|55.0,255.369254
8|462|8|462|sample|5|292|5|292|55.0,248.536080
8|462|8|462|sample|4|292|4|292|55.0,205.017390
8|462|8|462|sample|3|292|3|292|55.0,202.463937
8|462|8|462|sample|9|292|9|292|32.0,145.896139
8|462|8|462|sample|10|292|10|292|32.0,147.137723
8|462|8|462|sample|7|292|7|292|32.0,158.079303
8|462|8|462|sample|8|292|8|292|32.0,156.253134
8|462|8|462|sample|11|292|11|292|22.0,157.431992
8|462|8|462|sample|12|292|12|292|22.0,165.291438
8|462|8|462|cc|1|1|292|1|292|69.0,17.367091
8|462|8|462|cc|2|1|292|1|292|69.0,12.890502
8|462|8|462|cc|3|1|292|1|292|69.0,12.552120
8|462|8|462|cc|4|1|292|1|292|69.0,13.716897
8|462|8|462|cc|5|1|292|1|292|69.0,14.765614
8|462|8|462|cc|6|1|292|1|292|69.0,15.546476
8|462|8|462|cc|7|1|292|1|292|69.0,15.898575
8|462|8|462|cc|8|1|292|1|292|69.0,26.196351
8|462|8|462|vc|1|2|292|2|292|69.0,21.105012
8|462|8|462|vc|2|2|292|2|292|69.0,21.450708
8|462|8|462|vc|3|2|292|2|292|69.0,21.586126
8|462|8|462|vc|4|2|292|2|292|69.0,21.568375
8|462|8|462|vc|5|2|292|2|292|69.0,21.761086
8|462|8|462|vc|6|2|292|2|292|69.0,21.518698
8|462|8|462|vc|7|2|292|2|292|69.0,21.348011
8|462|8|462|vc|8|2|292|2|292|69.0,21.236426
8|1159|8|1159|sample|8|292|8|292|65.0,150.002383
8|1159|8|1159|sample|7|292|7|292|65.0,151.382910
8|1159|8|1159|sample|5|292|5|292|65.0,156.538889
8|1159|8|1159|sample|6|292|6|292|65.0,156.288189
8|1159|8|1159|sample|11|292|11|292|28.0,136.653468
8|1159|8|1159|sample|12|292|12|292|28.0,137.575145
8|1159|8|1159|sample|9|292|9|292|28.0,151.639166
8|1159|8|1159|sample|10|292|10|292|28.0,154.352372
8|1159|8|1159|sample|4|292|4|292|22.0,149.430266
8|1159|8|1159|sample|3|292|3|292|22.0,149.302538
8|1159|8|1159|cc|1|1|292|1|292|69.0,16.565902
8|1159|8|1159|cc|2|1|292|1|292|69.0,12.934813
8|1159|8|1159|cc|3|1|292|1|292|69.0,13.778878
8|1159|8|1159|cc|4|1|292|1|292|69.0,12.241870
8|1159|8|1159|cc|5|1|292|1|292|69.0,12.340070
8|1159|8|1159|cc|6|1|292|1|292|69.0,13.026220
8|1159|8|1159|cc|7|1|292|1|292|69.0,16.011011
8|1159|8|1159|cc|8|1|292|1|292|69.0,17.867494
8|1159|8|1159|vc|1|2|292|2|292|69.0,21.096658
8|1159|8|1159|vc|2|2|292|2|292|69.0,21.424742
8|1159|8|1159|vc|3|2|292|2|292|69.0,21.713405
8|1159|8|1159|vc|4|2|292|2|292|69.0,21.568683
8|1159|8|1159|vc|5|2|292|2|292|69.0,21.686990
8|1159|8|1159|vc|6|2|292|2|292|69.0,21.530613
8|1159|8|1159|vc|7|2|292|2|292|69.0,21.607283
8|1159|8|1159|vc|8|2|292|2|292|69.0,21.075049
8|1197|8|1197|sample|7|103|7|103|65.0,132.186914
8|1197|8|1197|sample|8|103|8|103|65.0,131.204752
8|1197|8|1197|sample|6|103|6|103|65.0,137.568453
8|1197|8|1197|sample|5|103|5|103|65.0,138.210914
8|1197|8|1197|sample|12|103|12|103|28.0,128.974822
8|1197|8|1197|sample|10|103|10|103|28.0,140.534050
8|1197|8|1197|sample|9|103|9|103|28.0,139.973370
8|1197|8|1197|sample|3|103|3|103|22.0,130.524062
8|1197|8|1197|sample|4|103|4|103|22.0,131.918512
8|1197|8|1197|sample|11|103|11|103|28.0,131.869957
8|1197|8|1197|cc|1|1|103|1|103|69.0,16.748990
8|1197|8|1197|cc|2|1|103|1|103|69.0,14.702521
8|1197|8|1197|cc|3|1|103|1|103|69.0,13.891054
8|1197|8|1197|cc|4|1|103|1|103|69.0,12.595009
8|1197|8|1197|cc|5|1|103|1|103|69.0,11.877820
8|1197|8|1197|cc|6|1|103|1|103|69.0,12.756275
8|1197|8|1197|cc|7|1|103|1|103|69.0,15.443081
8|1197|8|1197|cc|8|1|103|1|103|69.0,18.391495
8|1197|8|1197|vc|1|2|103|2|103|69.0,20.589432
8|1197|8|1197|vc|2|2|103|2|103|69.0,21.002664
8|1197|8|1197|vc|3|2|103|2|103|69.0,21.196228
8|1197|8|1197|vc|4|2|103|2|103|69.0,21.337695
8|1197|8|1197|vc|5|2|103|2|103|69.0,21.080004
8|1197|8|1197|vc|6|2|103|2|103|69.0,21.180251
8|1197|8|1197|vc|7|2|103|2|103|69.0,21.044676
8|1197|8|1197|vc|8|2|103|2|103|69.0,20.558060
