id,U_SAEM,L_SAEM,m_SAEM,e_SAEM,s_SAEM,alpha_SAEM,k_SAEM,U_mode,L_mode,m_mode,e_mode,s_mode,alpha_mode,k_mode,goes_down,mab_virus,run_id
8|84|cc|1|1|162,1,0.0216575,0.879225,0.279763,13.2764,0.220608,0.148097,1,0.0216575,0.879225,0.279764,13.2764,0.220606,0.14809,False,69.0|162,84
8|84|cc|2|1|162,1,0.0216575,0.879225,0.279763,13.2764,0.220608,0.148097,1,0.0216575,0.879225,0.279764,13.2764,0.220606,0.14809,False,69.0|162,84
8|84|cc|3|1|162,1,0.0216575,0.879225,0.279763,13.2764,0.220608,0.148097,1,0.0216575,0.879225,0.279764,13.2764,0.220606,0.14809,False,69.0|162,84
8|84|cc|4|1|162,1,0.0216575,0.879225,0.279763,13.2764,0.220608,0.148097,1,0.0216575,0.879225,0.279764,13.2764,0.220606,0.14809,False,69.0|162,84
8|84|cc|5|1|162,1,0.0216575,0.879225,0.279763,13.2764,0.220608,0.148097,1,0.0216575,0.879225,0.279764,13.2764,0.220606,0.14809,False,69.0|162,84
8|84|cc|6|1|162,1,0.0216575,0.879225,0.279763,13.2764,0.220608,0.148097,1,0.0216575,0.879225,0.279764,13.2764,0.220606,0.14809,False,69.0|162,84
8|84|cc|7|1|162,1,0.0216575,0.879225,0.279763,13.2764,0.220608,0.148097,1,0.0216575,0.879225,0.279764,13.2764,0.220606,0.14809,False,69.0|162,84
8|84|cc|8|1|162,1,0.0216575,0.879225,0.279763,13.2764,0.220608,0.148097,1,0.0216575,0.879225,0.279764,13.2764,0.220606,0.14809,False,69.0|162,84
8|84|sample|10|162,1,0.0216573,1.31077,0.279843,11.9225,0.220608,0.148097,1,0.0216573,1.31077,0.279844,11.9225,0.220606,0.14809,True,32.0|162,84
8|84|sample|11|162,1,0.0216573,3.5833,0.516221,12.4822,0.220608,0.148097,1,0.0216573,3.5833,0.516222,12.4822,0.220606,0.14809,True,22.0|162,84
8|84|sample|12|162,1,0.0216573,3.5833,0.516221,12.4822,0.220608,0.148097,1,0.0216573,3.5833,0.516222,12.4822,0.220606,0.14809,True,22.0|162,84
8|84|sample|3|162,1,0.0216573,3.77213,0.289341,11.8286,0.220608,0.148097,1,0.0216573,3.77213,0.289342,11.8286,0.220606,0.14809,True,55.0|162,84
8|84|sample|4|162,1,0.0216573,3.77213,0.289341,11.8286,0.220608,0.148097,1,0.0216573,3.77213,0.289342,11.8286,0.220606,0.14809,True,55.0|162,84
8|84|sample|5|162,1,0.0216573,3.77213,0.289341,11.8286,0.220608,0.148097,1,0.0216573,3.77213,0.289342,11.8286,0.220606,0.14809,True,55.0|162,84
8|84|sample|6|162,1,0.0216573,3.77213,0.289341,11.8286,0.220608,0.148097,1,0.0216573,3.77213,0.289342,11.8286,0.220606,0.14809,True,55.0|162,84
8|84|sample|7|162,1,0.0216573,1.31077,0.279843,11.9225,0.220608,0.148097,1,0.0216573,1.31077,0.279844,11.9225,0.220606,0.14809,True,32.0|162,84
8|84|sample|8|162,1,0.0216573,1.31077,0.279843,11.9225,0.220608,0.148097,1,0.0216573,1.31077,0.279844,11.9225,0.220606,0.14809,True,32.0|162,84
8|84|sample|9|162,1,0.0216573,1.31077,0.279843,11.9225,0.220608,0.148097,1,0.0216573,1.31077,0.279844,11.9225,0.220606,0.14809,True,32.0|162,84
8|84|vc|1|2|162,1,0.0216575,0.879225,0.279763,13.2764,0.220608,0.148097,1,0.0216575,0.879225,0.279764,13.2764,0.220606,0.14809,False,69.0|162,84
8|84|vc|2|2|162,1,0.0216575,0.879225,0.279763,13.2764,0.220608,0.148097,1,0.0216575,0.879225,0.279764,13.2764,0.220606,0.14809,False,69.0|162,84
8|84|vc|3|2|162,1,0.0216575,0.879225,0.279763,13.2764,0.220608,0.148097,1,0.0216575,0.879225,0.279764,13.2764,0.220606,0.14809,False,69.0|162,84
8|84|vc|4|2|162,1,0.0216575,0.879225,0.279763,13.2764,0.220608,0.148097,1,0.0216575,0.879225,0.279764,13.2764,0.220606,0.14809,False,69.0|162,84
8|84|vc|5|2|162,1,0.0216575,0.879225,0.279763,13.2764,0.220608,0.148097,1,0.0216575,0.879225,0.279764,13.2764,0.220606,0.14809,False,69.0|162,84
8|84|vc|6|2|162,1,0.0216575,0.879225,0.279763,13.2764,0.220608,0.148097,1,0.0216575,0.879225,0.279764,13.2764,0.220606,0.14809,False,69.0|162,84
8|84|vc|7|2|162,1,0.0216575,0.879225,0.279763,13.2764,0.220608,0.148097,1,0.0216575,0.879225,0.279764,13.2764,0.220606,0.14809,False,69.0|162,84
8|84|vc|8|2|162,1,0.0216575,0.879225,0.279763,13.2764,0.220608,0.148097,1,0.0216575,0.879225,0.279764,13.2764,0.220606,0.14809,False,69.0|162,84
8|719|cc|1|1|274,1,0.0216575,1.38632,0.279773,11.2625,0.236869,0.465288,1,0.0216575,1.38632,0.279774,11.2625,0.236869,0.465287,False,69.0|274,719
8|719|cc|2|1|274,1,0.0216575,1.38632,0.279773,11.2625,0.236869,0.465288,1,0.0216575,1.38632,0.279774,11.2625,0.236869,0.465287,False,69.0|274,719
8|719|cc|3|1|274,1,0.0216575,1.38632,0.279773,11.2625,0.236869,0.465288,1,0.0216575,1.38632,0.279774,11.2625,0.236869,0.465287,False,69.0|274,719
8|719|cc|4|1|274,1,0.0216575,1.38632,0.279773,11.2625,0.236869,0.465288,1,0.0216575,1.38632,0.279774,11.2625,0.236869,0.465287,False,69.0|274,719
8|719|cc|5|1|274,1,0.0216575,1.38632,0.279773,11.2625,0.236869,0.465288,1,0.0216575,1.38632,0.279774,11.2625,0.236869,0.465287,False,69.0|274,719
8|719|cc|6|1|274,1,0.0216575,1.38632,0.279773,11.2625,0.236869,0.465288,1,0.0216575,1.38632,0.279774,11.2625,0.236869,0.465287,False,69.0|274,719
8|719|cc|7|1|274,1,0.0216575,1.38632,0.279773,11.2625,0.236869,0.465288,1,0.0216575,1.38632,0.279774,11.2625,0.236869,0.465287,False,69.0|274,719
8|719|cc|8|1|274,1,0.0216575,1.38632,0.279773,11.2625,0.236869,0.465288,1,0.0216575,1.38632,0.279774,11.2625,0.236869,0.465287,False,69.0|274,719
8|719|sample|10|274,1,0.0216573,0.88435,0.293231,14.0109,0.236869,0.465288,1,0.0216573,0.88435,0.293234,14.0109,0.236869,0.465287,True,32.0|274,719
8|719|sample|11|274,1,0.0216573,0.718667,0.279843,8.85983,0.236869,0.465288,1,0.0216573,0.718667,0.279844,8.85983,0.236869,0.465287,True,22.0|274,719
8|719|sample|12|274,1,0.0216573,0.718667,0.279843,8.85983,0.236869,0.465288,1,0.0216573,0.718667,0.279844,8.85983,0.236869,0.465287,True,22.0|274,719
8|719|sample|3|274,1,0.0216573,3.83801,0.279843,13.5403,0.236869,0.465288,1,0.0216573,3.83801,0.279844,13.5403,0.236869,0.465287,True,55.0|274,719
8|719|sample|4|274,1,0.0216573,3.83801,0.279843,13.5403,0.236869,0.465288,1,0.0216573,3.83801,0.279844,13.5403,0.236869,0.465287,True,55.0|274,719
8|719|sample|5|274,1,0.0216573,3.83801,0.279843,13.5403,0.236869,0.465288,1,0.0216573,3.83801,0.279844,13.5403,0.236869,0.465287,True,55.0|274,719
8|719|sample|6|274,1,0.0216573,3.83801,0.279843,13.5403,0.236869,0.465288,1,0.0216573,3.83801,0.279844,13.5403,0.236869,0.465287,True,55.0|274,719
8|719|sample|7|274,1,0.0216573,0.88435,0.293231,14.0109,0.236869,0.465288,1,0.0216573,0.88435,0.293234,14.0109,0.236869,0.465287,True,32.0|274,719
8|719|sample|8|274,1,0.0216573,0.88435,0.293231,14.0109,0.236869,0.465288,1,0.0216573,0.88435,0.293234,14.0109,0.236869,0.465287,True,32.0|274,719
8|719|sample|9|274,1,0.0216573,0.88435,0.293231,14.0109,0.236869,0.465288,1,0.0216573,0.88435,0.293234,14.0109,0.236869,0.465287,True,32.0|274,719
8|719|vc|1|2|274,1,0.0216575,1.38632,0.279773,11.2625,0.236869,0.465288,1,0.0216575,1.38632,0.279774,11.2625,0.236869,0.465287,False,69.0|274,719
8|719|vc|2|2|274,1,0.0216575,1.38632,0.279773,11.2625,0.236869,0.465288,1,0.0216575,1.38632,0.279774,11.2625,0.236869,0.465287,False,69.0|274,719
8|719|vc|3|2|274,1,0.0216575,1.38632,0.279773,11.2625,0.236869,0.465288,1,0.0216575,1.38632,0.279774,11.2625,0.236869,0.465287,False,69.0|274,719
8|719|vc|4|2|274,1,0.0216575,1.38632,0.279773,11.2625,0.236869,0.465288,1,0.0216575,1.38632,0.279774,11.2625,0.236869,0.465287,False,69.0|274,719
8|719|vc|5|2|274,1,0.0216575,1.38632,0.279773,11.2625,0.236869,0.465288,1,0.0216575,1.38632,0.279774,11.2625,0.236869,0.465287,False,69.0|274,719
8|719|vc|6|2|274,1,0.0216575,1.38632,0.279773,11.2625,0.236869,0.465288,1,0.0216575,1.38632,0.279774,11.2625,0.236869,0.465287,False,69.0|274,719
8|719|vc|7|2|274,1,0.0216575,1.38632,0.279773,11.2625,0.236869,0.465288,1,0.0216575,1.38632,0.279774,11.2625,0.236869,0.465287,False,69.0|274,719
8|719|vc|8|2|274,1,0.0216575,1.38632,0.279773,11.2625,0.236869,0.465288,1,0.0216575,1.38632,0.279774,11.2625,0.236869,0.465287,False,69.0|274,719
8|488|cc|1|1|322,1,0.0216575,1.01057,0.279764,11.2079,0.220608,0.238496,1,0.0216575,1.01057,0.279764,11.2079,0.220606,0.238489,False,69.0|322,488
8|488|cc|2|1|322,1,0.0216575,1.01057,0.279764,11.2079,0.220608,0.238496,1,0.0216575,1.01057,0.279764,11.2079,0.220606,0.238489,False,69.0|322,488
8|488|cc|3|1|322,1,0.0216575,1.01057,0.279764,11.2079,0.220608,0.238496,1,0.0216575,1.01057,0.279764,11.2079,0.220606,0.238489,False,69.0|322,488
8|488|cc|4|1|322,1,0.0216575,1.01057,0.279764,11.2079,0.220608,0.238496,1,0.0216575,1.01057,0.279764,11.2079,0.220606,0.238489,False,69.0|322,488
8|488|cc|5|1|322,1,0.0216575,1.01057,0.279764,11.2079,0.220608,0.238496,1,0.0216575,1.01057,0.279764,11.2079,0.220606,0.238489,False,69.0|322,488
8|488|cc|6|1|322,1,0.0216575,1.01057,0.279764,11.2079,0.220608,0.238496,1,0.0216575,1.01057,0.279764,11.2079,0.220606,0.238489,False,69.0|322,488
8|488|cc|7|1|322,1,0.0216575,1.01057,0.279764,11.2079,0.220608,0.238496,1,0.0216575,1.01057,0.279764,11.2079,0.220606,0.238489,False,69.0|322,488
8|488|cc|8|1|322,1,0.0216575,1.01057,0.279764,11.2079,0.220608,0.238496,1,0.0216575,1.01057,0.279764,11.2079,0.220606,0.238489,False,69.0|322,488
8|488|sample|10|322,1,0.0216573,0.694999,0.279842,10.8671,0.220608,0.238496,1,0.0216573,0.694999,0.279843,10.8671,0.220606,0.238489,True,32.0|322,488
8|488|sample|11|322,1,0.0216573,0.735661,0.279843,9.29826,0.220608,0.238496,1,0.0216573,0.735661,0.279844,9.29826,0.220606,0.238489,True,22.0|322,488
8|488|sample|12|322,1,0.0216573,0.735661,0.279843,9.29826,0.220608,0.238496,1,0.0216573,0.735661,0.279844,9.29826,0.220606,0.238489,True,22.0|322,488
8|488|sample|3|322,1,0.0216573,4.89882,0.279843,3.72376,0.220608,0.238496,1,0.0216573,4.89882,0.279844,3.72376,0.220606,0.238489,True,55.0|322,488
8|488|sample|4|322,1,0.0216573,4.89882,0.279843,3.72376,0.220608,0.238496,1,0.0216573,4.89882,0.279844,3.72376,0.220606,0.238489,True,55.0|322,488
8|488|sample|5|322,1,0.0216573,4.89882,0.279843,3.72376,0.220608,0.238496,1,0.0216573,4.89882,0.279844,3.72376,0.220606,0.238489,True,55.0|322,488
8|488|sample|6|322,1,0.0216573,4.89882,0.279843,3.72376,0.220608,0.238496,1,0.0216573,4.89882,0.279844,3.72376,0.220606,0.238489,True,55.0|322,488
8|488|sample|7|322,1,0.0216573,0.694999,0.279842,10.8671,0.220608,0.238496,1,0.0216573,0.694999,0.279843,10.8671,0.220606,0.238489,True,32.0|322,488
8|488|sample|8|322,1,0.0216573,0.694999,0.279842,10.8671,0.220608,0.238496,1,0.0216573,0.694999,0.279843,10.8671,0.220606,0.238489,True,32.0|322,488
8|488|sample|9|322,1,0.0216573,0.694999,0.279842,10.8671,0.220608,0.238496,1,0.0216573,0.694999,0.279843,10.8671,0.220606,0.238489,True,32.0|322,488
8|488|vc|1|2|322,1,0.0216575,1.01057,0.279764,11.2079,0.220608,0.238496,1,0.0216575,1.01057,0.279764,11.2079,0.220606,0.238489,False,69.0|322,488
8|488|vc|2|2|322,1,0.0216575,1.01057,0.279764,11.2079,0.220608,0.238496,1,0.0216575,1.01057,0.279764,11.2079,0.220606,0.238489,False,69.0|322,488
8|488|vc|3|2|322,1,0.0216575,1.01057,0.279764,11.2079,0.220608,0.238496,1,0.0216575,1.01057,0.279764,11.2079,0.220606,0.238489,False,69.0|322,488
8|488|vc|4|2|322,1,0.0216575,1.01057,0.279764,11.2079,0.220608,0.238496,1,0.0216575,1.01057,0.279764,11.2079,0.220606,0.238489,False,69.0|322,488
8|488|vc|5|2|322,1,0.0216575,1.01057,0.279764,11.2079,0.220608,0.238496,1,0.0216575,1.01057,0.279764,11.2079,0.220606,0.238489,False,69.0|322,488
8|488|vc|6|2|322,1,0.0216575,1.01057,0.279764,11.2079,0.220608,0.238496,1,0.0216575,1.01057,0.279764,11.2079,0.220606,0.238489,False,69.0|322,488
8|488|vc|7|2|322,1,0.0216575,1.01057,0.279764,11.2079,0.220608,0.238496,1,0.0216575,1.01057,0.279764,11.2079,0.220606,0.238489,False,69.0|322,488
8|488|vc|8|2|322,1,0.0216575,1.01057,0.279764,11.2079,0.220608,0.238496,1,0.0216575,1.01057,0.279764,11.2079,0.220606,0.238489,False,69.0|322,488
8|847|cc|1|1|69,1,0.0216575,0.91748,0.279765,12.1065,0.322617,0.465288,1,0.0216575,0.91748,0.279765,12.1065,0.322618,0.465287,False,69.0|69,847
8|847|cc|2|1|69,1,0.0216575,0.91748,0.279765,12.1065,0.322617,0.465288,1,0.0216575,0.91748,0.279765,12.1065,0.322618,0.465287,False,69.0|69,847
8|847|cc|3|1|69,1,0.0216575,0.91748,0.279765,12.1065,0.322617,0.465288,1,0.0216575,0.91748,0.279765,12.1065,0.322618,0.465287,False,69.0|69,847
8|847|cc|4|1|69,1,0.0216575,0.91748,0.279765,12.1065,0.322617,0.465288,1,0.0216575,0.91748,0.279765,12.1065,0.322618,0.465287,False,69.0|69,847
8|847|cc|5|1|69,1,0.0216575,0.91748,0.279765,12.1065,0.322617,0.465288,1,0.0216575,0.91748,0.279765,12.1065,0.322618,0.465287,False,69.0|69,847
8|847|cc|6|1|69,1,0.0216575,0.91748,0.279765,12.1065,0.322617,0.465288,1,0.0216575,0.91748,0.279765,12.1065,0.322618,0.465287,False,69.0|69,847
8|847|cc|7|1|69,1,0.0216575,0.91748,0.279765,12.1065,0.322617,0.465288,1,0.0216575,0.91748,0.279765,12.1065,0.322618,0.465287,False,69.0|69,847
8|847|cc|8|1|69,1,0.0216575,0.91748,0.279765,12.1065,0.322617,0.465288,1,0.0216575,0.91748,0.279765,12.1065,0.322618,0.465287,False,69.0|69,847
8|847|sample|10|69,1,0.0216573,0.605773,0.325006,10.6365,0.322617,0.465288,1,0.0216573,0.605773,0.325001,10.6365,0.322618,0.465287,True,32.0|69,847
8|847|sample|11|69,1,0.0216573,1.16153,0.279843,9.57422,0.322617,0.465288,1,0.0216573,1.16153,0.279844,9.57422,0.322618,0.465287,True,22.0|69,847
8|847|sample|12|69,1,0.0216573,1.16153,0.279843,9.57422,0.322617,0.465288,1,0.0216573,1.16153,0.279844,9.57422,0.322618,0.465287,True,22.0|69,847
8|847|sample|3|69,1,0.0216573,1.1249,0.279843,14.326,0.322617,0.465288,1,0.0216573,1.1249,0.279844,14.326,0.322618,0.465287,True,55.0|69,847
8|847|sample|4|69,1,0.0216573,1.1249,0.279843,14.326,0.322617,0.465288,1,0.0216573,1.1249,0.279844,14.326,0.322618,0.465287,True,55.0|69,847
8|847|sample|5|69,1,0.0216573,1.1249,0.279843,14.326,0.322617,0.465288,1,0.0216573,1.1249,0.279844,14.326,0.322618,0.465287,True,55.0|69,847
8|847|sample|6|69,1,0.0216573,1.1249,0.279843,14.326,0.322617,0.465288,1,0.0216573,1.1249,0.279844,14.326,0.322618,0.465287,True,55.0|69,847
8|847|sample|7|69,1,0.0216573,0.605773,0.325006,10.6365,0.322617,0.465288,1,0.0216573,0.605773,0.325001,10.6365,0.322618,0.465287,True,32.0|69,847
8|847|sample|8|69,1,0.0216573,0.605773,0.325006,10.6365,0.322617,0.465288,1,0.0216573,0.605773,0.325001,10.6365,0.322618,0.465287,True,32.0|69,847
8|847|sample|9|69,1,0.0216573,0.605773,0.325006,10.6365,0.322617,0.465288,1,0.0216573,0.605773,0.325001,10.6365,0.322618,0.465287,True,32.0|69,847
8|847|vc|1|2|69,1,0.0216575,0.91748,0.279765,12.1065,0.322617,0.465288,1,0.0216575,0.91748,0.279765,12.1065,0.322618,0.465287,False,69.0|69,847
8|847|vc|2|2|69,1,0.0216575,0.91748,0.279765,12.1065,0.322617,0.465288,1,0.0216575,0.91748,0.279765,12.1065,0.322618,0.465287,False,69.0|69,847
8|847|vc|3|2|69,1,0.0216575,0.91748,0.279765,12.1065,0.322617,0.465288,1,0.0216575,0.91748,0.279765,12.1065,0.322618,0.465287,False,69.0|69,847
8|847|vc|4|2|69,1,0.0216575,0.91748,0.279765,12.1065,0.322617,0.465288,1,0.0216575,0.91748,0.279765,12.1065,0.322618,0.465287,False,69.0|69,847
8|847|vc|5|2|69,1,0.0216575,0.91748,0.279765,12.1065,0.322617,0.465288,1,0.0216575,0.91748,0.279765,12.1065,0.322618,0.465287,False,69.0|69,847
8|847|vc|6|2|69,1,0.0216575,0.91748,0.279765,12.1065,0.322617,0.465288,1,0.0216575,0.91748,0.279765,12.1065,0.322618,0.465287,False,69.0|69,847
8|847|vc|7|2|69,1,0.0216575,0.91748,0.279765,12.1065,0.322617,0.465288,1,0.0216575,0.91748,0.279765,12.1065,0.322618,0.465287,False,69.0|69,847
8|847|vc|8|2|69,1,0.0216575,0.91748,0.279765,12.1065,0.322617,0.465288,1,0.0216575,0.91748,0.279765,12.1065,0.322618,0.465287,False,69.0|69,847
8|474|cc|1|1|276,1,0.0216575,1.93383,0.279764,11.5533,0.220609,0.46529,1,0.0216575,1.93383,0.279765,11.5533,0.220606,0.465289,False,69.0|276,474
8|474|cc|2|1|276,1,0.0216575,1.93383,0.279764,11.5533,0.220609,0.46529,1,0.0216575,1.93383,0.279765,11.5533,0.220606,0.465289,False,69.0|276,474
8|474|cc|3|1|276,1,0.0216575,1.93383,0.279764,11.5533,0.220609,0.46529,1,0.0216575,1.93383,0.279765,11.5533,0.220606,0.465289,False,69.0|276,474
8|474|cc|4|1|276,1,0.0216575,1.93383,0.279764,11.5533,0.220609,0.46529,1,0.0216575,1.93383,0.279765,11.5533,0.220606,0.465289,False,69.0|276,474
8|474|cc|5|1|276,1,0.0216575,1.93383,0.279764,11.5533,0.220609,0.46529,1,0.0216575,1.93383,0.279765,11.5533,0.220606,0.465289,False,69.0|276,474
8|474|cc|6|1|276,1,0.0216575,1.93383,0.279764,11.5533,0.220609,0.46529,1,0.0216575,1.93383,0.279765,11.5533,0.220606,0.465289,False,69.0|276,474
8|474|cc|7|1|276,1,0.0216575,1.93383,0.279764,11.5533,0.220609,0.46529,1,0.0216575,1.93383,0.279765,11.5533,0.220606,0.465289,False,69.0|276,474
8|474|cc|8|1|276,1,0.0216575,1.93383,0.279764,11.5533,0.220609,0.46529,1,0.0216575,1.93383,0.279765,11.5533,0.220606,0.465289,False,69.0|276,474
8|474|sample|10|276,1,0.0216573,0.482834,0.279843,11.0531,0.220609,0.46529,1,0.0216573,0.482834,0.279844,11.0531,0.220606,0.465289,True,32.0|276,474
8|474|sample|11|276,1,0.0216573,0.829761,0.279843,12.4849,0.220609,0.46529,1,0.0216573,0.829761,0.279844,12.4849,0.220606,0.465289,True,22.0|276,474
8|474|sample|12|276,1,0.0216573,0.829761,0.279843,12.4849,0.220609,0.46529,1,0.0216573,0.829761,0.279844,12.4849,0.220606,0.465289,True,22.0|276,474
8|474|sample|3|276,1,0.0216573,1.76606,0.291018,11.4704,0.220609,0.46529,1,0.0216573,1.76606,0.291018,11.4704,0.220606,0.465289,True,55.0|276,474
8|474|sample|4|276,1,0.0216573,1.76606,0.291018,11.4704,0.220609,0.46529,1,0.0216573,1.76606,0.291018,11.4704,0.220606,0.465289,True,55.0|276,474
8|474|sample|5|276,1,0.0216573,1.76606,0.291018,11.4704,0.220609,0.46529,1,0.0216573,1.76606,0.291018,11.4704,0.220606,0.465289,True,55.0|276,474
8|474|sample|6|276,1,0.0216573,1.76606,0.291018,11.4704,0.220609,0.46529,1,0.0216573,1.76606,0.291018,11.4704,0.220606,0.465289,True,55.0|276,474
8|474|sample|7|276,1,0.0216573,0.482834,0.279843,11.0531,0.220609,0.46529,1,0.0216573,0.482834,0.279844,11.0531,0.220606,0.465289,True,32.0|276,474
8|474|sample|8|276,1,0.0216573,0.482834,0.279843,11.0531,0.220609,0.46529,1,0.0216573,0.482834,0.279844,11.0531,0.220606,0.465289,True,32.0|276,474
8|474|sample|9|276,1,0.0216573,0.482834,0.279843,11.0531,0.220609,0.46529,1,0.0216573,0.482834,0.279844,11.0531,0.220606,0.465289,True,32.0|276,474
8|474|vc|1|2|276,1,0.0216575,1.93383,0.279764,11.5533,0.220609,0.46529,1,0.0216575,1.93383,0.279765,11.5533,0.220606,0.465289,False,69.0|276,474
8|474|vc|2|2|276,1,0.0216575,1.93383,0.279764,11.5533,0.220609,0.46529,1,0.0216575,1.93383,0.279765,11.5533,0.220606,0.465289,False,69.0|276,474
8|474|vc|3|2|276,1,0.0216575,1.93383,0.279764,11.5533,0.220609,0.46529,1,0.0216575,1.93383,0.279765,11.5533,0.220606,0.465289,False,69.0|276,474
8|474|vc|4|2|276,1,0.0216575,1.93383,0.279764,11.5533,0.220609,0.46529,1,0.0216575,1.93383,0.279765,11.5533,0.220606,0.465289,False,69.0|276,474
8|474|vc|5|2|276,1,0.0216575,1.93383,0.279764,11.5533,0.220609,0.46529,1,0.0216575,1.93383,0.279765,11.5533,0.220606,0.465289,False,69.0|276,474
8|474|vc|6|2|276,1,0.0216575,1.93383,0.279764,11.5533,0.220609,0.46529,1,0.0216575,1.93383,0.279765,11.5533,0.220606,0.465289,False,69.0|276,474
8|474|vc|7|2|276,1,0.0216575,1.93383,0.279764,11.5533,0.220609,0.46529,1,0.0216575,1.93383,0.279765,11.5533,0.220606,0.465289,False,69.0|276,474
8|474|vc|8|2|276,1,0.0216575,1.93383,0.279764,11.5533,0.220609,0.46529,1,0.0216575,1.93383,0.279765,11.5533,0.220606,0.465289,False,69.0|276,474
8|462|cc|1|1|292,1,0.0216575,0.489863,0.27978,13.8555,0.220609,0.0734824,1,0.0216575,0.489863,0.279781,13.8555,0.220606,0.0734754,False,69.0|292,462
8|462|cc|2|1|292,1,0.0216575,0.489863,0.27978,13.8555,0.220609,0.0734824,1,0.0216575,0.489863,0.279781,13.8555,0.220606,0.0734754,False,69.0|292,462
8|462|cc|3|1|292,1,0.0216575,0.489863,0.27978,13.8555,0.220609,0.0734824,1,0.0216575,0.489863,0.279781,13.8555,0.220606,0.0734754,False,69.0|292,462
8|462|cc|4|1|292,1,0.0216575,0.489863,0.27978,13.8555,0.220609,0.0734824,1,0.0216575,0.489863,0.279781,13.8555,0.220606,0.0734754,False,69.0|292,462
8|462|cc|5|1|292,1,0.0216575,0.489863,0.27978,13.8555,0.220609,0.0734824,1,0.0216575,0.489863,0.279781,13.8555,0.220606,0.0734754,False,69.0|292,462
8|462|cc|6|1|292,1,0.0216575,0.489863,0.27978,13.8555,0.220609,0.0734824,1,0.0216575,0.489863,0.279781,13.8555,0.220606,0.0734754,False,69.0|292,462
8|462|cc|7|1|292,1,0.0216575,0.489863,0.27978,13.8555,0.220609,0.0734824,1,0.0216575,0.489863,0.279781,13.8555,0.220606,0.0734754,False,69.0|292,462
8|462|cc|8|1|292,1,0.0216575,0.489863,0.27978,13.8555,0.220609,0.0734824,1,0.0216575,0.489863,0.279781,13.8555,0.220606,0.0734754,False,69.0|292,462
8|462|sample|10|292,1,0.0216573,0.616315,0.387978,14.3107,0.220609,0.0734824,1,0.0216573,0.616315,0.387978,14.3107,0.220606,0.0734754,True,32.0|292,462
8|462|sample|11|292,1,0.0216573,1.19776,0.279844,14.2422,0.220609,0.0734824,1,0.0216573,1.19776,0.279845,14.2422,0.220606,0.0734754,True,22.0|292,462
8|462|sample|12|292,1,0.0216573,1.19776,0.279844,14.2422,0.220609,0.0734824,1,0.0216573,1.19776,0.279845,14.2422,0.220606,0.0734754,True,22.0|292,462
8|462|sample|3|292,1,0.0216573,2.46454,0.279843,7.10566,0.220609,0.0734824,1,0.0216573,2.46454,0.279844,7.10566,0.220606,0.0734754,True,55.0|292,462
8|462|sample|4|292,1,0.0216573,2.46454,0.279843,7.10566,0.220609,0.0734824,1,0.0216573,2.46454,0.279844,7.10566,0.220606,0.0734754,True,55.0|292,462
8|462|sample|5|292,1,0.0216573,2.46454,0.279843,7.10566,0.220609,0.0734824,1,0.0216573,2.46454,0.279844,7.10566,0.220606,0.0734754,True,55.0|292,462
8|462|sample|6|292,1,0.0216573,2.46454,0.279843,7.10566,0.220609,0.0734824,1,0.0216573,2.46454,0.279844,7.10566,0.220606,0.0734754,True,55.0|292,462
8|462|sample|7|292,1,0.0216573,0.616315,0.387978,14.3107,0.220609,0.0734824,1,0.0216573,0.616315,0.387978,14.3107,0.220606,0.0734754,True,32.0|292,462
8|462|sample|8|292,1,0.0216573,0.616315,0.387978,14.3107,0.220609,0.0734824,1,0.0216573,0.616315,0.387978,14.3107,0.220606,0.0734754,True,32.0|292,462
8|462|sample|9|292,1,0.0216573,0.616315,0.387978,14.3107,0.220609,0.0734824,1,0.0216573,0.616315,0.387978,14.3107,0.220606,0.0734754,True,32.0|292,462
8|462|vc|1|2|292,1,0.0216575,0.489863,0.27978,13.8555,0.220609,0.0734824,1,0.0216575,0.489863,0.279781,13.8555,0.220606,0.0734754,False,69.0|292,462
8|462|vc|2|2|292,1,0.0216575,0.489863,0.27978,13.8555,0.220609,0.0734824,1,0.0216575,0.489863,0.279781,13.8555,0.220606,0.0734754,False,69.0|292,462
8|462|vc|3|2|292,1,0.0216575,0.489863,0.27978,13.8555,0.220609,0.0734824,1,0.0216575,0.489863,0.279781,13.8555,0.220606,0.0734754,False,69.0|292,462
8|462|vc|4|2|292,1,0.0216575,0.489863,0.27978,13.8555,0.220609,0.0734824,1,0.0216575,0.489863,0.279781,13.8555,0.220606,0.0734754,False,69.0|292,462
8|462|vc|5|2|292,1,0.0216575,0.489863,0.27978,13.8555,0.220609,0.0734824,1,0.0216575,0.489863,0.279781,13.8555,0.220606,0.0734754,False,69.0|292,462
8|462|vc|6|2|292,1,0.0216575,0.489863,0.27978,13.8555,0.220609,0.0734824,1,0.0216575,0.489863,0.279781,13.8555,0.220606,0.0734754,False,69.0|292,462
8|462|vc|7|2|292,1,0.0216575,0.489863,0.27978,13.8555,0.220609,0.0734824,1,0.0216575,0.489863,0.279781,13.8555,0.220606,0.0734754,False,69.0|292,462
8|462|vc|8|2|292,1,0.0216575,0.489863,0.27978,13.8555,0.220609,0.0734824,1,0.0216575,0.489863,0.279781,13.8555,0.220606,0.0734754,False,69.0|292,462
8|75|cc|1|1|65,1,0.0216575,0.53267,0.279764,12.1459,0.579204,0.465288,1,0.0216575,0.53267,0.279764,12.1459,0.579196,0.465287,False,69.0|65,75
8|75|cc|2|1|65,1,0.0216575,0.53267,0.279764,12.1459,0.579204,0.465288,1,0.0216575,0.53267,0.279764,12.1459,0.579196,0.465287,False,69.0|65,75
8|75|cc|3|1|65,1,0.0216575,0.53267,0.279764,12.1459,0.579204,0.465288,1,0.0216575,0.53267,0.279764,12.1459,0.579196,0.465287,False,69.0|65,75
8|75|cc|4|1|65,1,0.0216575,0.53267,0.279764,12.1459,0.579204,0.465288,1,0.0216575,0.53267,0.279764,12.1459,0.579196,0.465287,False,69.0|65,75
8|75|cc|5|1|65,1,0.0216575,0.53267,0.279764,12.1459,0.579204,0.465288,1,0.0216575,0.53267,0.279764,12.1459,0.579196,0.465287,False,69.0|65,75
8|75|cc|6|1|65,1,0.0216575,0.53267,0.279764,12.1459,0.579204,0.465288,1,0.0216575,0.53267,0.279764,12.1459,0.579196,0.465287,False,69.0|65,75
8|75|cc|7|1|65,1,0.0216575,0.53267,0.279764,12.1459,0.579204,0.465288,1,0.0216575,0.53267,0.279764,12.1459,0.579196,0.465287,False,69.0|65,75
8|75|cc|8|1|65,1,0.0216575,0.53267,0.279764,12.1459,0.579204,0.465288,1,0.0216575,0.53267,0.279764,12.1459,0.579196,0.465287,False,69.0|65,75
8|75|sample|10|65,1,0.0216573,2.8443,0.279843,16.2519,0.579204,0.465288,1,0.0216573,2.8443,0.279844,16.2519,0.579196,0.465287,True,32.0|65,75
8|75|sample|11|65,1,0.0216573,0.653933,0.314625,12.0655,0.579204,0.465288,1,0.0216573,0.653933,0.314627,12.0655,0.579196,0.465287,True,22.0|65,75
8|75|sample|12|65,1,0.0216573,0.653933,0.314625,12.0655,0.579204,0.465288,1,0.0216573,0.653933,0.314627,12.0655,0.579196,0.465287,True,22.0|65,75
8|75|sample|3|65,1,0.0216573,0.570737,0.395955,10.6993,0.579204,0.465288,1,0.0216573,0.570737,0.395951,10.6993,0.579196,0.465287,True,55.0|65,75
8|75|sample|4|65,1,0.0216573,0.570737,0.395955,10.6993,0.579204,0.465288,1,0.0216573,0.570737,0.395951,10.6993,0.579196,0.465287,True,55.0|65,75
8|75|sample|5|65,1,0.0216573,0.570737,0.395955,10.6993,0.579204,0.465288,1,0.0216573,0.570737,0.395951,10.6993,0.579196,0.465287,True,55.0|65,75
8|75|sample|6|65,1,0.0216573,0.570737,0.395955,10.6993,0.579204,0.465288,1,0.0216573,0.570737,0.395951,10.6993,0.579196,0.465287,True,55.0|65,75
8|75|sample|7|65,1,0.0216573,2.8443,0.279843,16.2519,0.579204,0.465288,1,0.0216573,2.8443,0.279844,16.2519,0.579196,0.465287,True,32.0|65,75
8|75|sample|8|65,1,0.0216573,2.8443,0.279843,16.2519,0.579204,0.465288,1,0.0216573,2.8443,0.279844,16.2519,0.579196,0.465287,True,32.0|65,75
8|75|sample|9|65,1,0.0216573,2.8443,0.279843,16.2519,0.579204,0.465288,1,0.0216573,2.8443,0.279844,16.2519,0.579196,0.465287,True,32.0|65,75
8|75|vc|1|2|65,1,0.0216575,0.53267,0.279764,12.1459,0.579204,0.465288,1,0.0216575,0.53267,0.279764,12.1459,0.579196,0.465287,False,69.0|65,75
8|75|vc|2|2|65,1,0.0216575,0.53267,0.279764,12.1459,0.579204,0.465288,1,0.0216575,0.53267,0.279764,12.1459,0.579196,0.465287,False,69.0|65,75
8|75|vc|3|2|65,1,0.0216575,0.53267,0.279764,12.1459,0.579204,0.465288,1,0.0216575,0.53267,0.279764,12.1459,0.579196,0.465287,False,69.0|65,75
8|75|vc|4|2|65,1,0.0216575,0.53267,0.279764,12.1459,0.579204,0.465288,1,0.0216575,0.53267,0.279764,12.1459,0.579196,0.465287,False,69.0|65,75
8|75|vc|5|2|65,1,0.0216575,0.53267,0.279764,12.1459,0.579204,0.465288,1,0.0216575,0.53267,0.279764,12.1459,0.579196,0.465287,False,69.0|65,75
8|75|vc|6|2|65,1,0.0216575,0.53267,0.279764,12.1459,0.579204,0.465288,1,0.0216575,0.53267,0.279764,12.1459,0.579196,0.465287,False,69.0|65,75
8|75|vc|7|2|65,1,0.0216575,0.53267,0.279764,12.1459,0.579204,0.465288,1,0.0216575,0.53267,0.279764,12.1459,0.579196,0.465287,False,69.0|65,75
8|75|vc|8|2|65,1,0.0216575,0.53267,0.279764,12.1459,0.579204,0.465288,1,0.0216575,0.53267,0.279764,12.1459,0.579196,0.465287,False,69.0|65,75
8|291|cc|1|1|103,1,0.0216575,1.79801,0.279765,11.6696,0.220608,0.199925,1,0.0216575,1.79801,0.279766,11.6696,0.220605,0.199917,False,69.0|103,291
8|291|cc|2|1|103,1,0.0216575,1.79801,0.279765,11.6696,0.220608,0.199925,1,0.0216575,1.79801,0.279766,11.6696,0.220605,0.199917,False,69.0|103,291
8|291|cc|3|1|103,1,0.0216575,1.79801,0.279765,11.6696,0.220608,0.199925,1,0.0216575,1.79801,0.279766,11.6696,0.220605,0.199917,False,69.0|103,291
8|291|cc|4|1|103,1,0.0216575,1.79801,0.279765,11.6696,0.220608,0.199925,1,0.0216575,1.79801,0.279766,11.6696,0.220605,0.199917,False,69.0|103,291
8|291|cc|5|1|103,1,0.0216575,1.79801,0.279765,11.6696,0.220608,0.199925,1,0.0216575,1.79801,0.279766,11.6696,0.220605,0.199917,False,69.0|103,291
8|291|cc|6|1|103,1,0.0216575,1.79801,0.279765,11.6696,0.220608,0.199925,1,0.0216575,1.79801,0.279766,11.6696,0.220605,0.199917,False,69.0|103,291
8|291|cc|7|1|103,1,0.0216575,1.79801,0.279765,11.6696,0.220608,0.199925,1,0.0216575,1.79801,0.279766,11.6696,0.220605,0.199917,False,69.0|103,291
8|291|cc|8|1|103,1,0.0216575,1.79801,0.279765,11.6696,0.220608,0.199925,1,0.0216575,1.79801,0.279766,11.6696,0.220605,0.199917,False,69.0|103,291
8|291|sample|10|103,1,0.0216573,0.591346,0.769498,9.84797,0.220608,0.199925,1,0.0216573,0.591346,0.769497,9.84797,0.220605,0.199917,True,32.0|103,291
8|291|sample|11|103,1,0.0216573,0.549402,0.312186,13.553,0.220608,0.199925,1,0.0216573,0.549402,0.312186,13.553,0.220605,0.199917,True,22.0|103,291
8|291|sample|12|103,1,0.0216573,0.549402,0.312186,13.553,0.220608,0.199925,1,0.0216573,0.549402,0.312186,13.553,0.220605,0.199917,True,22.0|103,291
8|291|sample|3|103,1,0.0216573,1.43664,0.279843,13.8463,0.220608,0.199925,1,0.0216573,1.43664,0.279844,13.8463,0.220605,0.199917,True,55.0|103,291
8|291|sample|4|103,1,0.0216573,1.43664,0.279843,13.8463,0.220608,0.199925,1,0.0216573,1.43664,0.279844,13.8463,0.220605,0.199917,True,55.0|103,291
8|291|sample|5|103,1,0.0216573,1.43664,0.279843,13.8463,0.220608,0.199925,1,0.0216573,1.43664,0.279844,13.8463,0.220605,0.199917,True,55.0|103,291
8|291|sample|6|103,1,0.0216573,1.43664,0.279843,13.8463,0.220608,0.199925,1,0.0216573,1.43664,0.279844,13.8463,0.220605,0.199917,True,55.0|103,291
8|291|sample|7|103,1,0.0216573,0.591346,0.769498,9.84797,0.220608,0.199925,1,0.0216573,0.591346,0.769497,9.84797,0.220605,0.199917,True,32.0|103,291
8|291|sample|8|103,1,0.0216573,0.591346,0.769498,9.84797,0.220608,0.199925,1,0.0216573,0.591346,0.769497,9.84797,0.220605,0.199917,True,32.0|103,291
8|291|sample|9|103,1,0.0216573,0.591346,0.769498,9.84797,0.220608,0.199925,1,0.0216573,0.591346,0.769497,9.84797,0.220605,0.199917,True,32.0|103,291
8|291|vc|1|2|103,1,0.0216575,1.79801,0.279765,11.6696,0.220608,0.199925,1,0.0216575,1.79801,0.279766,11.6696,0.220605,0.199917,False,69.0|103,291
8|291|vc|2|2|103,1,0.0216575,1.79801,0.279765,11.6696,0.220608,0.199925,1,0.0216575,1.79801,0.279766,11.6696,0.220605,0.199917,False,69.0|103,291
8|291|vc|3|2|103,1,0.0216575,1.79801,0.279765,11.6696,0.220608,0.199925,1,0.0216575,1.79801,0.279766,11.6696,0.220605,0.199917,False,69.0|103,291
8|291|vc|4|2|103,1,0.0216575,1.79801,0.279765,11.6696,0.220608,0.199925,1,0.0216575,1.79801,0.279766,11.6696,0.220605,0.199917,False,69.0|103,291
8|291|vc|5|2|103,1,0.0216575,1.79801,0.279765,11.6696,0.220608,0.199925,1,0.0216575,1.79801,0.279766,11.6696,0.220605,0.199917,False,69.0|103,291
8|291|vc|6|2|103,1,0.0216575,1.79801,0.279765,11.6696,0.220608,0.199925,1,0.0216575,1.79801,0.279766,11.6696,0.220605,0.199917,False,69.0|103,291
8|291|vc|7|2|103,1,0.0216575,1.79801,0.279765,11.6696,0.220608,0.199925,1,0.0216575,1.79801,0.279766,11.6696,0.220605,0.199917,False,69.0|103,291
8|291|vc|8|2|103,1,0.0216575,1.79801,0.279765,11.6696,0.220608,0.199925,1,0.0216575,1.79801,0.279766,11.6696,0.220605,0.199917,False,69.0|103,291
8|77|cc|1|1|218,1,0.0216575,1.55849,0.27977,11.433,0.220609,0.465288,1,0.0216575,1.55849,0.279771,11.433,0.220606,0.465287,False,69.0|218,77
8|77|cc|2|1|218,1,0.0216575,1.55849,0.27977,11.433,0.220609,0.465288,1,0.0216575,1.55849,0.279771,11.433,0.220606,0.465287,False,69.0|218,77
8|77|cc|3|1|218,1,0.0216575,1.55849,0.27977,11.433,0.220609,0.465288,1,0.0216575,1.55849,0.279771,11.433,0.220606,0.465287,False,69.0|218,77
8|77|cc|4|1|218,1,0.0216575,1.55849,0.27977,11.433,0.220609,0.465288,1,0.0216575,1.55849,0.279771,11.433,0.220606,0.465287,False,69.0|218,77
8|77|cc|5|1|218,1,0.0216575,1.55849,0.27977,11.433,0.220609,0.465288,1,0.0216575,1.55849,0.279771,11.433,0.220606,0.465287,False,69.0|218,77
8|77|cc|6|1|218,1,0.0216575,1.55849,0.27977,11.433,0.220609,0.465288,1,0.0216575,1.55849,0.279771,11.433,0.220606,0.465287,False,69.0|218,77
8|77|cc|7|1|218,1,0.0216575,1.55849,0.27977,11.433,0.220609,0.465288,1,0.0216575,1.55849,0.279771,11.433,0.220606,0.465287,False,69.0|218,77
8|77|cc|8|1|218,1,0.0216575,1.55849,0.27977,11.433,0.220609,0.465288,1,0.0216575,1.55849,0.279771,11.433,0.220606,0.465287,False,69.0|218,77
8|77|sample|10|218,1,0.0216573,0.644968,0.285936,13.8678,0.220609,0.465288,1,0.0216573,0.644968,0.285937,13.8678,0.220606,0.465287,True,32.0|218,77
8|77|sample|11|218,1,0.0216573,0.635893,0.279843,13.99,0.220609,0.465288,1,0.0216573,0.635893,0.279844,13.99,0.220606,0.465287,True,22.0|218,77
8|77|sample|12|218,1,0.0216573,0.635893,0.279843,13.99,0.220609,0.465288,1,0.0216573,0.635893,0.279844,13.99,0.220606,0.465287,True,22.0|218,77
8|77|sample|3|218,1,0.0216573,0.405624,0.279843,13.3714,0.220609,0.465288,1,0.0216573,0.405624,0.279844,13.3714,0.220606,0.465287,True,55.0|218,77
8|77|sample|4|218,1,0.0216573,0.405624,0.279843,13.3714,0.220609,0.465288,1,0.0216573,0.405624,0.279844,13.3714,0.220606,0.465287,True,55.0|218,77
8|77|sample|5|218,1,0.0216573,0.405624,0.279843,13.3714,0.220609,0.465288,1,0.0216573,0.405624,0.279844,13.3714,0.220606,0.465287,True,55.0|218,77
8|77|sample|6|218,1,0.0216573,0.405624,0.279843,13.3714,0.220609,0.465288,1,0.0216573,0.405624,0.279844,13.3714,0.220606,0.465287,True,55.0|218,77
8|77|sample|7|218,1,0.0216573,0.644968,0.285936,13.8678,0.220609,0.465288,1,0.0216573,0.644968,0.285937,13.8678,0.220606,0.465287,True,32.0|218,77
8|77|sample|8|218,1,0.0216573,0.644968,0.285936,13.8678,0.220609,0.465288,1,0.0216573,0.644968,0.285937,13.8678,0.220606,0.465287,True,32.0|218,77
8|77|sample|9|218,1,0.0216573,0.644968,0.285936,13.8678,0.220609,0.465288,1,0.0216573,0.644968,0.285937,13.8678,0.220606,0.465287,True,32.0|218,77
8|77|vc|1|2|218,1,0.0216575,1.55849,0.27977,11.433,0.220609,0.465288,1,0.0216575,1.55849,0.279771,11.433,0.220606,0.465287,False,69.0|218,77
8|77|vc|2|2|218,1,0.0216575,1.55849,0.27977,11.433,0.220609,0.465288,1,0.0216575,1.55849,0.279771,11.433,0.220606,0.465287,False,69.0|218,77
8|77|vc|3|2|218,1,0.0216575,1.55849,0.27977,11.433,0.220609,0.465288,1,0.0216575,1.55849,0.279771,11.433,0.220606,0.465287,False,69.0|218,77
8|77|vc|4|2|218,1,0.0216575,1.55849,0.27977,11.433,0.220609,0.465288,1,0.0216575,1.55849,0.279771,11.433,0.220606,0.465287,False,69.0|218,77
8|77|vc|5|2|218,1,0.0216575,1.55849,0.27977,11.433,0.220609,0.465288,1,0.0216575,1.55849,0.279771,11.433,0.220606,0.465287,False,69.0|218,77
8|77|vc|6|2|218,1,0.0216575,1.55849,0.27977,11.433,0.220609,0.465288,1,0.0216575,1.55849,0.279771,11.433,0.220606,0.465287,False,69.0|218,77
8|77|vc|7|2|218,1,0.0216575,1.55849,0.27977,11.433,0.220609,0.465288,1,0.0216575,1.55849,0.279771,11.433,0.220606,0.465287,False,69.0|218,77
8|77|vc|8|2|218,1,0.0216575,1.55849,0.27977,11.433,0.220609,0.465288,1,0.0216575,1.55849,0.279771,11.433,0.220606,0.465287,False,69.0|218,77
8|322|cc|1|1|174,1,0.0216575,2.24492,0.279766,11.422,0.220609,0.465289,1,0.0216575,2.24492,0.279766,11.422,0.220606,0.465288,False,69.0|174,322
8|322|cc|2|1|174,1,0.0216575,2.24492,0.279766,11.422,0.220609,0.465289,1,0.0216575,2.24492,0.279766,11.422,0.220606,0.465288,False,69.0|174,322
8|322|cc|3|1|174,1,0.0216575,2.24492,0.279766,11.422,0.220609,0.465289,1,0.0216575,2.24492,0.279766,11.422,0.220606,0.465288,False,69.0|174,322
8|322|cc|4|1|174,1,0.0216575,2.24492,0.279766,11.422,0.220609,0.465289,1,0.0216575,2.24492,0.279766,11.422,0.220606,0.465288,False,69.0|174,322
8|322|cc|5|1|174,1,0.0216575,2.24492,0.279766,11.422,0.220609,0.465289,1,0.0216575,2.24492,0.279766,11.422,0.220606,0.465288,False,69.0|174,322
8|322|cc|6|1|174,1,0.0216575,2.24492,0.279766,11.422,0.220609,0.465289,1,0.0216575,2.24492,0.279766,11.422,0.220606,0.465288,False,69.0|174,322
8|322|cc|7|1|174,1,0.0216575,2.24492,0.279766,11.422,0.220609,0.465289,1,0.0216575,2.24492,0.279766,11.422,0.220606,0.465288,False,69.0|174,322
8|322|cc|8|1|174,1,0.0216575,2.24492,0.279766,11.422,0.220609,0.465289,1,0.0216575,2.24492,0.279766,11.422,0.220606,0.465288,False,69.0|174,322
8|322|sample|10|174,1,0.0216573,0.52767,0.279843,14.5954,0.220609,0.465289,1,0.0216573,0.52767,0.279843,14.5954,0.220606,0.465288,True,32.0|174,322
8|322|sample|11|174,1,0.0216573,0.498182,0.279844,11.3378,0.220609,0.465289,1,0.0216573,0.498182,0.279845,11.3378,0.220606,0.465288,True,22.0|174,322
8|322|sample|12|174,1,0.0216573,0.498182,0.279844,11.3378,0.220609,0.465289,1,0.0216573,0.498182,0.279845,11.3378,0.220606,0.465288,True,22.0|174,322
8|322|sample|3|174,1,0.0216573,0.43801,0.279843,13.3608,0.220609,0.465289,1,0.0216573,0.43801,0.279844,13.3608,0.220606,0.465288,True,55.0|174,322
8|322|sample|4|174,1,0.0216573,0.43801,0.279843,13.3608,0.220609,0.465289,1,0.0216573,0.43801,0.279844,13.3608,0.220606,0.465288,True,55.0|174,322
8|322|sample|5|174,1,0.0216573,0.43801,0.279843,13.3608,0.220609,0.465289,1,0.0216573,0.43801,0.279844,13.3608,0.220606,0.465288,True,55.0|174,322
8|322|sample|6|174,1,0.0216573,0.43801,0.279843,13.3608,0.220609,0.465289,1,0.0216573,0.43801,0.279844,13.3608,0.220606,0.465288,True,55.0|174,322
8|322|sample|7|174,1,0.0216573,0.52767,0.279843,14.5954,0.220609,0.465289,1,0.0216573,0.52767,0.279843,14.5954,0.220606,0.465288,True,32.0|174,322
8|322|sample|8|174,1,0.0216573,0.52767,0.279843,14.5954,0.220609,0.465289,1,0.0216573,0.52767,0.279843,14.5954,0.220606,0.465288,True,32.0|174,322
8|322|sample|9|174,1,0.0216573,0.52767,0.279843,14.5954,0.220609,0.465289,1,0.0216573,0.52767,0.279843,14.5954,0.220606,0.465288,True,32.0|174,322
8|322|vc|1|2|174,1,0.0216575,2.24492,0.279766,11.422,0.220609,0.465289,1,0.0216575,2.24492,0.279766,11.422,0.220606,0.465288,False,69.0|174,322
8|322|vc|2|2|174,1,0.0216575,2.24492,0.279766,11.422,0.220609,0.465289,1,0.0216575,2.24492,0.279766,11.422,0.220606,0.465288,False,69.0|174,322
8|322|vc|3|2|174,1,0.0216575,2.24492,0.279766,11.422,0.220609,0.465289,1,0.0216575,2.24492,0.279766,11.422,0.220606,0.465288,False,69.0|174,322
8|322|vc|4|2|174,1,0.0216575,2.24492,0.279766,11.422,0.220609,0.465289,1,0.0216575,2.24492,0.279766,11.422,0.220606,0.465288,False,69.0|174,322
8|322|vc|5|2|174,1,0.0216575,2.24492,0.279766,11.422,0.220609,0.465289,1,0.0216575,2.24492,0.279766,11.422,0.220606,0.465288,False,69.0|174,322
8|322|vc|6|2|174,1,0.0216575,2.24492,0.279766,11.422,0.220609,0.465289,1,0.0216575,2.24492,0.279766,11.422,0.220606,0.465288,False,69.0|174,322
8|322|vc|7|2|174,1,0.0216575,2.24492,0.279766,11.422,0.220609,0.465289,1,0.0216575,2.24492,0.279766,11.422,0.220606,0.465288,False,69.0|174,322
8|322|vc|8|2|174,1,0.0216575,2.24492,0.279766,11.422,0.220609,0.465289,1,0.0216575,2.24492,0.279766,11.422,0.220606,0.465288,False,69.0|174,322
8|963|cc|1|1|319,1,0.0216575,1.1624,0.279766,14.2274,3.96365,2.96922,1,0.0216575,1.1624,0.279767,14.2274,3.96834,2.97051,False,69.0|319,963
8|963|cc|2|1|319,1,0.0216575,1.1624,0.279766,14.2274,3.96365,2.96922,1,0.0216575,1.1624,0.279767,14.2274,3.96834,2.97051,False,69.0|319,963
8|963|cc|3|1|319,1,0.0216575,1.1624,0.279766,14.2274,3.96365,2.96922,1,0.0216575,1.1624,0.279767,14.2274,3.96834,2.97051,False,69.0|319,963
8|963|cc|4|1|319,1,0.0216575,1.1624,0.279766,14.2274,3.96365,2.96922,1,0.0216575,1.1624,0.279767,14.2274,3.96834,2.97051,False,69.0|319,963
8|963|cc|5|1|319,1,0.0216575,1.1624,0.279766,14.2274,3.96365,2.96922,1,0.0216575,1.1624,0.279767,14.2274,3.96834,2.97051,False,69.0|319,963
8|963|cc|6|1|319,1,0.0216575,1.1624,0.279766,14.2274,3.96365,2.96922,1,0.0216575,1.1624,0.279767,14.2274,3.96834,2.97051,False,69.0|319,963
8|963|cc|7|1|319,1,0.0216575,1.1624,0.279766,14.2274,3.96365,2.96922,1,0.0216575,1.1624,0.279767,14.2274,3.96834,2.97051,False,69.0|319,963
8|963|cc|8|1|319,1,0.0216575,1.1624,0.279766,14.2274,3.96365,2.96922,1,0.0216575,1.1624,0.279767,14.2274,3.96834,2.97051,False,69.0|319,963
8|963|sample|10|319,1,0.0216573,0.541527,0.532126,14.5092,3.96365,2.96922,1,0.0216573,0.541527,0.532128,14.5092,3.96834,2.97051,True,32.0|319,963
8|963|sample|11|319,1,0.0216573,0.677014,0.279843,12.5035,3.96365,2.96922,1,0.0216573,0.677014,0.279844,12.5035,3.96834,2.97051,True,22.0|319,963
8|963|sample|12|319,1,0.0216573,0.677014,0.279843,12.5035,3.96365,2.96922,1,0.0216573,0.677014,0.279844,12.5035,3.96834,2.97051,True,22.0|319,963
8|963|sample|3|319,1,0.0216573,0.358594,0.279843,16.6725,3.96365,2.96922,1,0.0216573,0.358594,0.279844,16.6725,3.96834,2.97051,True,55.0|319,963
8|963|sample|4|319,1,0.0216573,0.358594,0.279843,16.6725,3.96365,2.96922,1,0.0216573,0.358594,0.279844,16.6725,3.96834,2.97051,True,55.0|319,963
8|963|sample|5|319,1,0.0216573,0.358594,0.279843,16.6725,3.96365,2.96922,1,0.0216573,0.358594,0.279844,16.6725,3.96834,2.97051,True,55.0|319,963
8|963|sample|6|319,1,0.0216573,0.358594,0.279843,16.6725,3.96365,2.96922,1,0.0216573,0.358594,0.279844,16.6725,3.96834,2.97051,True,55.0|319,963
8|963|sample|7|319,1,0.0216573,0.541527,0.532126,14.5092,3.96365,2.96922,1,0.0216573,0.541527,0.532128,14.5092,3.96834,2.97051,True,32.0|319,963
8|963|sample|8|319,1,0.0216573,0.541527,0.532126,14.5092,3.96365,2.96922,1,0.0216573,0.541527,0.532128,14.5092,3.96834,2.97051,True,32.0|319,963
8|963|sample|9|319,1,0.0216573,0.541527,0.532126,14.5092,3.96365,2.96922,1,0.0216573,0.541527,0.532128,14.5092,3.96834,2.97051,True,32.0|319,963
8|963|vc|1|2|319,1,0.0216575,1.1624,0.279766,14.2274,3.96365,2.96922,1,0.0216575,1.1624,0.279767,14.2274,3.96834,2.97051,False,69.0|319,963
8|963|vc|2|2|319,1,0.0216575,1.1624,0.279766,14.2274,3.96365,2.96922,1,0.0216575,1.1624,0.279767,14.2274,3.96834,2.97051,False,69.0|319,963
8|963|vc|3|2|319,1,0.0216575,1.1624,0.279766,14.2274,3.96365,2.96922,1,0.0216575,1.1624,0.279767,14.2274,3.96834,2.97051,False,69.0|319,963
8|963|vc|4|2|319,1,0.0216575,1.1624,0.279766,14.2274,3.96365,2.96922,1,0.0216575,1.1624,0.279767,14.2274,3.96834,2.97051,False,69.0|319,963
8|963|vc|5|2|319,1,0.0216575,1.1624,0.279766,14.2274,3.96365,2.96922,1,0.0216575,1.1624,0.279767,14.2274,3.96834,2.97051,False,69.0|319,963
8|963|vc|6|2|319,1,0.0216575,1.1624,0.279766,14.2274,3.96365,2.96922,1,0.0216575,1.1624,0.279767,14.2274,3.96834,2.97051,False,69.0|319,963
8|963|vc|7|2|319,1,0.0216575,1.1624,0.279766,14.2274,3.96365,2.96922,1,0.0216575,1.1624,0.279767,14.2274,3.96834,2.97051,False,69.0|319,963
8|963|vc|8|2|319,1,0.0216575,1.1624,0.279766,14.2274,3.96365,2.96922,1,0.0216575,1.1624,0.279767,14.2274,3.96834,2.97051,False,69.0|319,963
8|1241|cc|1|1|69,1,0.0216575,0.91748,0.279765,12.1065,0.236368,0.465278,1,0.0216575,0.91748,0.279765,12.1065,0.236367,0.465277,False,69.0|69,1241
8|1241|cc|2|1|69,1,0.0216575,0.91748,0.279765,12.1065,0.236368,0.465278,1,0.0216575,0.91748,0.279765,12.1065,0.236367,0.465277,False,69.0|69,1241
8|1241|cc|3|1|69,1,0.0216575,0.91748,0.279765,12.1065,0.236368,0.465278,1,0.0216575,0.91748,0.279765,12.1065,0.236367,0.465277,False,69.0|69,1241
8|1241|cc|4|1|69,1,0.0216575,0.91748,0.279765,12.1065,0.236368,0.465278,1,0.0216575,0.91748,0.279765,12.1065,0.236367,0.465277,False,69.0|69,1241
8|1241|cc|5|1|69,1,0.0216575,0.91748,0.279765,12.1065,0.236368,0.465278,1,0.0216575,0.91748,0.279765,12.1065,0.236367,0.465277,False,69.0|69,1241
8|1241|cc|6|1|69,1,0.0216575,0.91748,0.279765,12.1065,0.236368,0.465278,1,0.0216575,0.91748,0.279765,12.1065,0.236367,0.465277,False,69.0|69,1241
8|1241|cc|7|1|69,1,0.0216575,0.91748,0.279765,12.1065,0.236368,0.465278,1,0.0216575,0.91748,0.279765,12.1065,0.236367,0.465277,False,69.0|69,1241
8|1241|cc|8|1|69,1,0.0216575,0.91748,0.279765,12.1065,0.236368,0.465278,1,0.0216575,0.91748,0.279765,12.1065,0.236367,0.465277,False,69.0|69,1241
8|1241|sample|3|69,1,0.0216573,1.16153,0.279843,9.57422,0.236368,0.465278,1,0.0216573,1.16153,0.279844,9.57422,0.236367,0.465277,True,22.0|69,1241
8|1241|sample|4|69,1,0.0216573,1.16153,0.279843,9.57422,0.236368,0.465278,1,0.0216573,1.16153,0.279844,9.57422,0.236367,0.465277,True,22.0|69,1241
8|1241|sample|8|69,1,0.0216573,1.16153,0.279843,9.57422,0.236368,0.465278,1,0.0216573,1.16153,0.279844,9.57422,0.236367,0.465277,True,22.0|69,1241
8|1241|vc|1|2|69,1,0.0216575,0.91748,0.279765,12.1065,0.236368,0.465278,1,0.0216575,0.91748,0.279765,12.1065,0.236367,0.465277,False,69.0|69,1241
8|1241|vc|2|2|69,1,0.0216575,0.91748,0.279765,12.1065,0.236368,0.465278,1,0.0216575,0.91748,0.279765,12.1065,0.236367,0.465277,False,69.0|69,1241
8|1241|vc|3|2|69,1,0.0216575,0.91748,0.279765,12.1065,0.236368,0.465278,1,0.0216575,0.91748,0.279765,12.1065,0.236367,0.465277,False,69.0|69,1241
8|1241|vc|4|2|69,1,0.0216575,0.91748,0.279765,12.1065,0.236368,0.465278,1,0.0216575,0.91748,0.279765,12.1065,0.236367,0.465277,False,69.0|69,1241
8|1241|vc|5|2|69,1,0.0216575,0.91748,0.279765,12.1065,0.236368,0.465278,1,0.0216575,0.91748,0.279765,12.1065,0.236367,0.465277,False,69.0|69,1241
8|1241|vc|6|2|69,1,0.0216575,0.91748,0.279765,12.1065,0.236368,0.465278,1,0.0216575,0.91748,0.279765,12.1065,0.236367,0.465277,False,69.0|69,1241
8|1241|vc|7|2|69,1,0.0216575,0.91748,0.279765,12.1065,0.236368,0.465278,1,0.0216575,0.91748,0.279765,12.1065,0.236367,0.465277,False,69.0|69,1241
8|1241|vc|8|2|69,1,0.0216575,0.91748,0.279765,12.1065,0.236368,0.465278,1,0.0216575,0.91748,0.279765,12.1065,0.236367,0.465277,False,69.0|69,1241
8|1056|cc|1|1|276,1,0.0216575,1.93383,0.279764,11.5533,0.220609,0.465288,1,0.0216575,1.93383,0.279765,11.5533,0.220606,0.465287,False,69.0|276,1056
8|1056|cc|2|1|276,1,0.0216575,1.93383,0.279764,11.5533,0.220609,0.465288,1,0.0216575,1.93383,0.279765,11.5533,0.220606,0.465287,False,69.0|276,1056
8|1056|cc|3|1|276,1,0.0216575,1.93383,0.279764,11.5533,0.220609,0.465288,1,0.0216575,1.93383,0.279765,11.5533,0.220606,0.465287,False,69.0|276,1056
8|1056|cc|4|1|276,1,0.0216575,1.93383,0.279764,11.5533,0.220609,0.465288,1,0.0216575,1.93383,0.279765,11.5533,0.220606,0.465287,False,69.0|276,1056
8|1056|cc|5|1|276,1,0.0216575,1.93383,0.279764,11.5533,0.220609,0.465288,1,0.0216575,1.93383,0.279765,11.5533,0.220606,0.465287,False,69.0|276,1056
8|1056|cc|6|1|276,1,0.0216575,1.93383,0.279764,11.5533,0.220609,0.465288,1,0.0216575,1.93383,0.279765,11.5533,0.220606,0.465287,False,69.0|276,1056
8|1056|cc|7|1|276,1,0.0216575,1.93383,0.279764,11.5533,0.220609,0.465288,1,0.0216575,1.93383,0.279765,11.5533,0.220606,0.465287,False,69.0|276,1056
8|1056|cc|8|1|276,1,0.0216575,1.93383,0.279764,11.5533,0.220609,0.465288,1,0.0216575,1.93383,0.279765,11.5533,0.220606,0.465287,False,69.0|276,1056
8|1056|sample|3|276,1,0.0216573,0.829761,0.279843,12.4849,0.220609,0.465288,1,0.0216573,0.829761,0.279844,12.4849,0.220606,0.465287,True,22.0|276,1056
8|1056|sample|4|276,1,0.0216573,0.829761,0.279843,12.4849,0.220609,0.465288,1,0.0216573,0.829761,0.279844,12.4849,0.220606,0.465287,True,22.0|276,1056
8|1056|vc|1|2|276,1,0.0216575,1.93383,0.279764,11.5533,0.220609,0.465288,1,0.0216575,1.93383,0.279765,11.5533,0.220606,0.465287,False,69.0|276,1056
8|1056|vc|2|2|276,1,0.0216575,1.93383,0.279764,11.5533,0.220609,0.465288,1,0.0216575,1.93383,0.279765,11.5533,0.220606,0.465287,False,69.0|276,1056
8|1056|vc|3|2|276,1,0.0216575,1.93383,0.279764,11.5533,0.220609,0.465288,1,0.0216575,1.93383,0.279765,11.5533,0.220606,0.465287,False,69.0|276,1056
8|1056|vc|4|2|276,1,0.0216575,1.93383,0.279764,11.5533,0.220609,0.465288,1,0.0216575,1.93383,0.279765,11.5533,0.220606,0.465287,False,69.0|276,1056
8|1056|vc|5|2|276,1,0.0216575,1.93383,0.279764,11.5533,0.220609,0.465288,1,0.0216575,1.93383,0.279765,11.5533,0.220606,0.465287,False,69.0|276,1056
8|1056|vc|6|2|276,1,0.0216575,1.93383,0.279764,11.5533,0.220609,0.465288,1,0.0216575,1.93383,0.279765,11.5533,0.220606,0.465287,False,69.0|276,1056
8|1056|vc|7|2|276,1,0.0216575,1.93383,0.279764,11.5533,0.220609,0.465288,1,0.0216575,1.93383,0.279765,11.5533,0.220606,0.465287,False,69.0|276,1056
8|1056|vc|8|2|276,1,0.0216575,1.93383,0.279764,11.5533,0.220609,0.465288,1,0.0216575,1.93383,0.279765,11.5533,0.220606,0.465287,False,69.0|276,1056
8|1159|cc|1|1|292,1,0.0216575,0.489863,0.27978,13.8555,0.220609,0.465287,1,0.0216575,0.489863,0.279781,13.8555,0.220606,0.465286,False,69.0|292,1159
8|1159|cc|2|1|292,1,0.0216575,0.489863,0.27978,13.8555,0.220609,0.465287,1,0.0216575,0.489863,0.279781,13.8555,0.220606,0.465286,False,69.0|292,1159
8|1159|cc|3|1|292,1,0.0216575,0.489863,0.27978,13.8555,0.220609,0.465287,1,0.0216575,0.489863,0.279781,13.8555,0.220606,0.465286,False,69.0|292,1159
8|1159|cc|4|1|292,1,0.0216575,0.489863,0.27978,13.8555,0.220609,0.465287,1,0.0216575,0.489863,0.279781,13.8555,0.220606,0.465286,False,69.0|292,1159
8|1159|cc|5|1|292,1,0.0216575,0.489863,0.27978,13.8555,0.220609,0.465287,1,0.0216575,0.489863,0.279781,13.8555,0.220606,0.465286,False,69.0|292,1159
8|1159|cc|6|1|292,1,0.0216575,0.489863,0.27978,13.8555,0.220609,0.465287,1,0.0216575,0.489863,0.279781,13.8555,0.220606,0.465286,False,69.0|292,1159
8|1159|cc|7|1|292,1,0.0216575,0.489863,0.27978,13.8555,0.220609,0.465287,1,0.0216575,0.489863,0.279781,13.8555,0.220606,0.465286,False,69.0|292,1159
8|1159|cc|8|1|292,1,0.0216575,0.489863,0.27978,13.8555,0.220609,0.465287,1,0.0216575,0.489863,0.279781,13.8555,0.220606,0.465286,False,69.0|292,1159
8|1159|sample|3|292,1,0.0216573,1.19776,0.279844,14.2422,0.220609,0.465287,1,0.0216573,1.19776,0.279845,14.2422,0.220606,0.465286,True,22.0|292,1159
8|1159|sample|4|292,1,0.0216573,1.19776,0.279844,14.2422,0.220609,0.465287,1,0.0216573,1.19776,0.279845,14.2422,0.220606,0.465286,True,22.0|292,1159
8|1159|vc|1|2|292,1,0.0216575,0.489863,0.27978,13.8555,0.220609,0.465287,1,0.0216575,0.489863,0.279781,13.8555,0.220606,0.465286,False,69.0|292,1159
8|1159|vc|2|2|292,1,0.0216575,0.489863,0.27978,13.8555,0.220609,0.465287,1,0.0216575,0.489863,0.279781,13.8555,0.220606,0.465286,False,69.0|292,1159
8|1159|vc|3|2|292,1,0.0216575,0.489863,0.27978,13.8555,0.220609,0.465287,1,0.0216575,0.489863,0.279781,13.8555,0.220606,0.465286,False,69.0|292,1159
8|1159|vc|4|2|292,1,0.0216575,0.489863,0.27978,13.8555,0.220609,0.465287,1,0.0216575,0.489863,0.279781,13.8555,0.220606,0.465286,False,69.0|292,1159
8|1159|vc|5|2|292,1,0.0216575,0.489863,0.27978,13.8555,0.220609,0.465287,1,0.0216575,0.489863,0.279781,13.8555,0.220606,0.465286,False,69.0|292,1159
8|1159|vc|6|2|292,1,0.0216575,0.489863,0.27978,13.8555,0.220609,0.465287,1,0.0216575,0.489863,0.279781,13.8555,0.220606,0.465286,False,69.0|292,1159
8|1159|vc|7|2|292,1,0.0216575,0.489863,0.27978,13.8555,0.220609,0.465287,1,0.0216575,0.489863,0.279781,13.8555,0.220606,0.465286,False,69.0|292,1159
8|1159|vc|8|2|292,1,0.0216575,0.489863,0.27978,13.8555,0.220609,0.465287,1,0.0216575,0.489863,0.279781,13.8555,0.220606,0.465286,False,69.0|292,1159
8|1017|cc|1|1|65,1,0.0216575,0.53267,0.279764,12.1459,0.220608,0.308698,1,0.0216575,0.53267,0.279764,12.1459,0.220605,0.308699,False,69.0|65,1017
8|1017|cc|2|1|65,1,0.0216575,0.53267,0.279764,12.1459,0.220608,0.308698,1,0.0216575,0.53267,0.279764,12.1459,0.220605,0.308699,False,69.0|65,1017
8|1017|cc|3|1|65,1,0.0216575,0.53267,0.279764,12.1459,0.220608,0.308698,1,0.0216575,0.53267,0.279764,12.1459,0.220605,0.308699,False,69.0|65,1017
8|1017|cc|4|1|65,1,0.0216575,0.53267,0.279764,12.1459,0.220608,0.308698,1,0.0216575,0.53267,0.279764,12.1459,0.220605,0.308699,False,69.0|65,1017
8|1017|cc|5|1|65,1,0.0216575,0.53267,0.279764,12.1459,0.220608,0.308698,1,0.0216575,0.53267,0.279764,12.1459,0.220605,0.308699,False,69.0|65,1017
8|1017|cc|6|1|65,1,0.0216575,0.53267,0.279764,12.1459,0.220608,0.308698,1,0.0216575,0.53267,0.279764,12.1459,0.220605,0.308699,False,69.0|65,1017
8|1017|cc|7|1|65,1,0.0216575,0.53267,0.279764,12.1459,0.220608,0.308698,1,0.0216575,0.53267,0.279764,12.1459,0.220605,0.308699,False,69.0|65,1017
8|1017|cc|8|1|65,1,0.0216575,0.53267,0.279764,12.1459,0.220608,0.308698,1,0.0216575,0.53267,0.279764,12.1459,0.220605,0.308699,False,69.0|65,1017
8|1017|sample|3|65,1,0.0216573,0.653933,0.314625,12.0655,0.220608,0.308698,1,0.0216573,0.653933,0.314627,12.0655,0.220605,0.308699,True,22.0|65,1017
8|1017|sample|4|65,1,0.0216573,0.653933,0.314625,12.0655,0.220608,0.308698,1,0.0216573,0.653933,0.314627,12.0655,0.220605,0.308699,True,22.0|65,1017
8|1017|sample|8|65,1,0.0216573,0.653933,0.314625,12.0655,0.220608,0.308698,1,0.0216573,0.653933,0.314627,12.0655,0.220605,0.308699,True,22.0|65,1017
8|1017|vc|1|2|65,1,0.0216575,0.53267,0.279764,12.1459,0.220608,0.308698,1,0.0216575,0.53267,0.279764,12.1459,0.220605,0.308699,False,69.0|65,1017
8|1017|vc|2|2|65,1,0.0216575,0.53267,0.279764,12.1459,0.220608,0.308698,1,0.0216575,0.53267,0.279764,12.1459,0.220605,0.308699,False,69.0|65,1017
8|1017|vc|3|2|65,1,0.0216575,0.53267,0.279764,12.1459,0.220608,0.308698,1,0.0216575,0.53267,0.279764,12.1459,0.220605,0.308699,False,69.0|65,1017
8|1017|vc|4|2|65,1,0.0216575,0.53267,0.279764,12.1459,0.220608,0.308698,1,0.0216575,0.53267,0.279764,12.1459,0.220605,0.308699,False,69.0|65,1017
8|1017|vc|5|2|65,1,0.0216575,0.53267,0.279764,12.1459,0.220608,0.308698,1,0.0216575,0.53267,0.279764,12.1459,0.220605,0.308699,False,69.0|65,1017
8|1017|vc|6|2|65,1,0.0216575,0.53267,0.279764,12.1459,0.220608,0.308698,1,0.0216575,0.53267,0.279764,12.1459,0.220605,0.308699,False,69.0|65,1017
8|1017|vc|7|2|65,1,0.0216575,0.53267,0.279764,12.1459,0.220608,0.308698,1,0.0216575,0.53267,0.279764,12.1459,0.220605,0.308699,False,69.0|65,1017
8|1017|vc|8|2|65,1,0.0216575,0.53267,0.279764,12.1459,0.220608,0.308698,1,0.0216575,0.53267,0.279764,12.1459,0.220605,0.308699,False,69.0|65,1017
8|1197|cc|1|1|103,1,0.0216575,1.79801,0.279765,11.6696,0.118507,0.465287,1,0.0216575,1.79801,0.279766,11.6696,0.118505,0.465286,False,69.0|103,1197
8|1197|cc|2|1|103,1,0.0216575,1.79801,0.279765,11.6696,0.118507,0.465287,1,0.0216575,1.79801,0.279766,11.6696,0.118505,0.465286,False,69.0|103,1197
8|1197|cc|3|1|103,1,0.0216575,1.79801,0.279765,11.6696,0.118507,0.465287,1,0.0216575,1.79801,0.279766,11.6696,0.118505,0.465286,False,69.0|103,1197
8|1197|cc|4|1|103,1,0.0216575,1.79801,0.279765,11.6696,0.118507,0.465287,1,0.0216575,1.79801,0.279766,11.6696,0.118505,0.465286,False,69.0|103,1197
8|1197|cc|5|1|103,1,0.0216575,1.79801,0.279765,11.6696,0.118507,0.465287,1,0.0216575,1.79801,0.279766,11.6696,0.118505,0.465286,False,69.0|103,1197
8|1197|cc|6|1|103,1,0.0216575,1.79801,0.279765,11.6696,0.118507,0.465287,1,0.0216575,1.79801,0.279766,11.6696,0.118505,0.465286,False,69.0|103,1197
8|1197|cc|7|1|103,1,0.0216575,1.79801,0.279765,11.6696,0.118507,0.465287,1,0.0216575,1.79801,0.279766,11.6696,0.118505,0.465286,False,69.0|103,1197
8|1197|cc|8|1|103,1,0.0216575,1.79801,0.279765,11.6696,0.118507,0.465287,1,0.0216575,1.79801,0.279766,11.6696,0.118505,0.465286,False,69.0|103,1197
8|1197|sample|3|103,1,0.0216573,0.549402,0.312186,13.553,0.118507,0.465287,1,0.0216573,0.549402,0.312186,13.553,0.118505,0.465286,True,22.0|103,1197
8|1197|sample|4|103,1,0.0216573,0.549402,0.312186,13.553,0.118507,0.465287,1,0.0216573,0.549402,0.312186,13.553,0.118505,0.465286,True,22.0|103,1197
8|1197|vc|1|2|103,1,0.0216575,1.79801,0.279765,11.6696,0.118507,0.465287,1,0.0216575,1.79801,0.279766,11.6696,0.118505,0.465286,False,69.0|103,1197
8|1197|vc|2|2|103,1,0.0216575,1.79801,0.279765,11.6696,0.118507,0.465287,1,0.0216575,1.79801,0.279766,11.6696,0.118505,0.465286,False,69.0|103,1197
8|1197|vc|3|2|103,1,0.0216575,1.79801,0.279765,11.6696,0.118507,0.465287,1,0.0216575,1.79801,0.279766,11.6696,0.118505,0.465286,False,69.0|103,1197
8|1197|vc|4|2|103,1,0.0216575,1.79801,0.279765,11.6696,0.118507,0.465287,1,0.0216575,1.79801,0.279766,11.6696,0.118505,0.465286,False,69.0|103,1197
8|1197|vc|5|2|103,1,0.0216575,1.79801,0.279765,11.6696,0.118507,0.465287,1,0.0216575,1.79801,0.279766,11.6696,0.118505,0.465286,False,69.0|103,1197
8|1197|vc|6|2|103,1,0.0216575,1.79801,0.279765,11.6696,0.118507,0.465287,1,0.0216575,1.79801,0.279766,11.6696,0.118505,0.465286,False,69.0|103,1197
8|1197|vc|7|2|103,1,0.0216575,1.79801,0.279765,11.6696,0.118507,0.465287,1,0.0216575,1.79801,0.279766,11.6696,0.118505,0.465286,False,69.0|103,1197
8|1197|vc|8|2|103,1,0.0216575,1.79801,0.279765,11.6696,0.118507,0.465287,1,0.0216575,1.79801,0.279766,11.6696,0.118505,0.465286,False,69.0|103,1197
8|745|cc|1|1|218,1,0.0216575,1.55849,0.27977,11.433,0.220609,0.465286,1,0.0216575,1.55849,0.279771,11.433,0.220606,0.465285,False,69.0|218,745
8|745|cc|2|1|218,1,0.0216575,1.55849,0.27977,11.433,0.220609,0.465286,1,0.0216575,1.55849,0.279771,11.433,0.220606,0.465285,False,69.0|218,745
8|745|cc|3|1|218,1,0.0216575,1.55849,0.27977,11.433,0.220609,0.465286,1,0.0216575,1.55849,0.279771,11.433,0.220606,0.465285,False,69.0|218,745
8|745|cc|4|1|218,1,0.0216575,1.55849,0.27977,11.433,0.220609,0.465286,1,0.0216575,1.55849,0.279771,11.433,0.220606,0.465285,False,69.0|218,745
8|745|cc|5|1|218,1,0.0216575,1.55849,0.27977,11.433,0.220609,0.465286,1,0.0216575,1.55849,0.279771,11.433,0.220606,0.465285,False,69.0|218,745
8|745|cc|6|1|218,1,0.0216575,1.55849,0.27977,11.433,0.220609,0.465286,1,0.0216575,1.55849,0.279771,11.433,0.220606,0.465285,False,69.0|218,745
8|745|cc|7|1|218,1,0.0216575,1.55849,0.27977,11.433,0.220609,0.465286,1,0.0216575,1.55849,0.279771,11.433,0.220606,0.465285,False,69.0|218,745
8|745|cc|8|1|218,1,0.0216575,1.55849,0.27977,11.433,0.220609,0.465286,1,0.0216575,1.55849,0.279771,11.433,0.220606,0.465285,False,69.0|218,745
8|745|sample|3|218,1,0.0216573,0.635893,0.279843,13.99,0.220609,0.465286,1,0.0216573,0.635893,0.279844,13.99,0.220606,0.465285,True,22.0|218,745
8|745|sample|4|218,1,0.0216573,0.635893,0.279843,13.99,0.220609,0.465286,1,0.0216573,0.635893,0.279844,13.99,0.220606,0.465285,True,22.0|218,745
8|745|sample|5|218,1,0.0216573,0.635893,0.279843,13.99,0.220609,0.465286,1,0.0216573,0.635893,0.279844,13.99,0.220606,0.465285,True,22.0|218,745
8|745|vc|1|2|218,1,0.0216575,1.55849,0.27977,11.433,0.220609,0.465286,1,0.0216575,1.55849,0.279771,11.433,0.220606,0.465285,False,69.0|218,745
8|745|vc|2|2|218,1,0.0216575,1.55849,0.27977,11.433,0.220609,0.465286,1,0.0216575,1.55849,0.279771,11.433,0.220606,0.465285,False,69.0|218,745
8|745|vc|3|2|218,1,0.0216575,1.55849,0.27977,11.433,0.220609,0.465286,1,0.0216575,1.55849,0.279771,11.433,0.220606,0.465285,False,69.0|218,745
8|745|vc|4|2|218,1,0.0216575,1.55849,0.27977,11.433,0.220609,0.465286,1,0.0216575,1.55849,0.279771,11.433,0.220606,0.465285,False,69.0|218,745
8|745|vc|5|2|218,1,0.0216575,1.55849,0.27977,11.433,0.220609,0.465286,1,0.0216575,1.55849,0.279771,11.433,0.220606,0.465285,False,69.0|218,745
8|745|vc|6|2|218,1,0.0216575,1.55849,0.27977,11.433,0.220609,0.465286,1,0.0216575,1.55849,0.279771,11.433,0.220606,0.465285,False,69.0|218,745
8|745|vc|7|2|218,1,0.0216575,1.55849,0.27977,11.433,0.220609,0.465286,1,0.0216575,1.55849,0.279771,11.433,0.220606,0.465285,False,69.0|218,745
8|745|vc|8|2|218,1,0.0216575,1.55849,0.27977,11.433,0.220609,0.465286,1,0.0216575,1.55849,0.279771,11.433,0.220606,0.465285,False,69.0|218,745
8|1043|cc|1|1|174,1,0.0216575,2.24492,0.279766,11.422,0.170172,0.465288,1,0.0216575,2.24492,0.279766,11.422,0.170167,0.465287,False,69.0|174,1043
8|1043|cc|2|1|174,1,0.0216575,2.24492,0.279766,11.422,0.170172,0.465288,1,0.0216575,2.24492,0.279766,11.422,0.170167,0.465287,False,69.0|174,1043
8|1043|cc|3|1|174,1,0.0216575,2.24492,0.279766,11.422,0.170172,0.465288,1,0.0216575,2.24492,0.279766,11.422,0.170167,0.465287,False,69.0|174,1043
8|1043|cc|4|1|174,1,0.0216575,2.24492,0.279766,11.422,0.170172,0.465288,1,0.0216575,2.24492,0.279766,11.422,0.170167,0.465287,False,69.0|174,1043
8|1043|cc|5|1|174,1,0.0216575,2.24492,0.279766,11.422,0.170172,0.465288,1,0.0216575,2.24492,0.279766,11.422,0.170167,0.465287,False,69.0|174,1043
8|1043|cc|6|1|174,1,0.0216575,2.24492,0.279766,11.422,0.170172,0.465288,1,0.0216575,2.24492,0.279766,11.422,0.170167,0.465287,False,69.0|174,1043
8|1043|cc|7|1|174,1,0.0216575,2.24492,0.279766,11.422,0.170172,0.465288,1,0.0216575,2.24492,0.279766,11.422,0.170167,0.465287,False,69.0|174,1043
8|1043|cc|8|1|174,1,0.0216575,2.24492,0.279766,11.422,0.170172,0.465288,1,0.0216575,2.24492,0.279766,11.422,0.170167,0.465287,False,69.0|174,1043
8|1043|sample|3|174,1,0.0216573,0.498182,0.279844,11.3378,0.170172,0.465288,1,0.0216573,0.498182,0.279845,11.3378,0.170167,0.465287,True,22.0|174,1043
8|1043|sample|4|174,1,0.0216573,0.498182,0.279844,11.3378,0.170172,0.465288,1,0.0216573,0.498182,0.279845,11.3378,0.170167,0.465287,True,22.0|174,1043
8|1043|vc|1|2|174,1,0.0216575,2.24492,0.279766,11.422,0.170172,0.465288,1,0.0216575,2.24492,0.279766,11.422,0.170167,0.465287,False,69.0|174,1043
8|1043|vc|2|2|174,1,0.0216575,2.24492,0.279766,11.422,0.170172,0.465288,1,0.0216575,2.24492,0.279766,11.422,0.170167,0.465287,False,69.0|174,1043
8|1043|vc|3|2|174,1,0.0216575,2.24492,0.279766,11.422,0.170172,0.465288,1,0.0216575,2.24492,0.279766,11.422,0.170167,0.465287,False,69.0|174,1043
8|1043|vc|4|2|174,1,0.0216575,2.24492,0.279766,11.422,0.170172,0.465288,1,0.0216575,2.24492,0.279766,11.422,0.170167,0.465287,False,69.0|174,1043
8|1043|vc|5|2|174,1,0.0216575,2.24492,0.279766,11.422,0.170172,0.465288,1,0.0216575,2.24492,0.279766,11.422,0.170167,0.465287,False,69.0|174,1043
8|1043|vc|6|2|174,1,0.0216575,2.24492,0.279766,11.422,0.170172,0.465288,1,0.0216575,2.24492,0.279766,11.422,0.170167,0.465287,False,69.0|174,1043
8|1043|vc|7|2|174,1,0.0216575,2.24492,0.279766,11.422,0.170172,0.465288,1,0.0216575,2.24492,0.279766,11.422,0.170167,0.465287,False,69.0|174,1043
8|1043|vc|8|2|174,1,0.0216575,2.24492,0.279766,11.422,0.170172,0.465288,1,0.0216575,2.24492,0.279766,11.422,0.170167,0.465287,False,69.0|174,1043
8|1260|cc|1|1|319,1,0.0216575,1.1624,0.279766,14.2274,0.245769,0.465287,1,0.0216575,1.1624,0.279767,14.2274,0.245768,0.465286,False,69.0|319,1260
8|1260|cc|2|1|319,1,0.0216575,1.1624,0.279766,14.2274,0.245769,0.465287,1,0.0216575,1.1624,0.279767,14.2274,0.245768,0.465286,False,69.0|319,1260
8|1260|cc|3|1|319,1,0.0216575,1.1624,0.279766,14.2274,0.245769,0.465287,1,0.0216575,1.1624,0.279767,14.2274,0.245768,0.465286,False,69.0|319,1260
8|1260|cc|4|1|319,1,0.0216575,1.1624,0.279766,14.2274,0.245769,0.465287,1,0.0216575,1.1624,0.279767,14.2274,0.245768,0.465286,False,69.0|319,1260
8|1260|cc|5|1|319,1,0.0216575,1.1624,0.279766,14.2274,0.245769,0.465287,1,0.0216575,1.1624,0.279767,14.2274,0.245768,0.465286,False,69.0|319,1260
8|1260|cc|6|1|319,1,0.0216575,1.1624,0.279766,14.2274,0.245769,0.465287,1,0.0216575,1.1624,0.279767,14.2274,0.245768,0.465286,False,69.0|319,1260
8|1260|cc|7|1|319,1,0.0216575,1.1624,0.279766,14.2274,0.245769,0.465287,1,0.0216575,1.1624,0.279767,14.2274,0.245768,0.465286,False,69.0|319,1260
8|1260|cc|8|1|319,1,0.0216575,1.1624,0.279766,14.2274,0.245769,0.465287,1,0.0216575,1.1624,0.279767,14.2274,0.245768,0.465286,False,69.0|319,1260
8|1260|sample|3|319,1,0.0216573,0.677014,0.279843,12.5035,0.245769,0.465287,1,0.0216573,0.677014,0.279844,12.5035,0.245768,0.465286,True,22.0|319,1260
8|1260|sample|4|319,1,0.0216573,0.677014,0.279843,12.5035,0.245769,0.465287,1,0.0216573,0.677014,0.279844,12.5035,0.245768,0.465286,True,22.0|319,1260
8|1260|vc|1|2|319,1,0.0216575,1.1624,0.279766,14.2274,0.245769,0.465287,1,0.0216575,1.1624,0.279767,14.2274,0.245768,0.465286,False,69.0|319,1260
8|1260|vc|2|2|319,1,0.0216575,1.1624,0.279766,14.2274,0.245769,0.465287,1,0.0216575,1.1624,0.279767,14.2274,0.245768,0.465286,False,69.0|319,1260
8|1260|vc|3|2|319,1,0.0216575,1.1624,0.279766,14.2274,0.245769,0.465287,1,0.0216575,1.1624,0.279767,14.2274,0.245768,0.465286,False,69.0|319,1260
8|1260|vc|4|2|319,1,0.0216575,1.1624,0.279766,14.2274,0.245769,0.465287,1,0.0216575,1.1624,0.279767,14.2274,0.245768,0.465286,False,69.0|319,1260
8|1260|vc|5|2|319,1,0.0216575,1.1624,0.279766,14.2274,0.245769,0.465287,1,0.0216575,1.1624,0.279767,14.2274,0.245768,0.465286,False,69.0|319,1260
8|1260|vc|6|2|319,1,0.0216575,1.1624,0.279766,14.2274,0.245769,0.465287,1,0.0216575,1.1624,0.279767,14.2274,0.245768,0.465286,False,69.0|319,1260
8|1260|vc|7|2|319,1,0.0216575,1.1624,0.279766,14.2274,0.245769,0.465287,1,0.0216575,1.1624,0.279767,14.2274,0.245768,0.465286,False,69.0|319,1260
8|1260|vc|8|2|319,1,0.0216575,1.1624,0.279766,14.2274,0.245769,0.465287,1,0.0216575,1.1624,0.279767,14.2274,0.245768,0.465286,False,69.0|319,1260
8|1042|cc|1|1|162,1,0.0216575,0.879225,0.279763,13.2764,0.220609,0.46529,1,0.0216575,0.879225,0.279764,13.2764,0.220606,0.465289,False,69.0|162,1042
8|1042|cc|2|1|162,1,0.0216575,0.879225,0.279763,13.2764,0.220609,0.46529,1,0.0216575,0.879225,0.279764,13.2764,0.220606,0.465289,False,69.0|162,1042
8|1042|cc|3|1|162,1,0.0216575,0.879225,0.279763,13.2764,0.220609,0.46529,1,0.0216575,0.879225,0.279764,13.2764,0.220606,0.465289,False,69.0|162,1042
8|1042|cc|4|1|162,1,0.0216575,0.879225,0.279763,13.2764,0.220609,0.46529,1,0.0216575,0.879225,0.279764,13.2764,0.220606,0.465289,False,69.0|162,1042
8|1042|cc|5|1|162,1,0.0216575,0.879225,0.279763,13.2764,0.220609,0.46529,1,0.0216575,0.879225,0.279764,13.2764,0.220606,0.465289,False,69.0|162,1042
8|1042|cc|6|1|162,1,0.0216575,0.879225,0.279763,13.2764,0.220609,0.46529,1,0.0216575,0.879225,0.279764,13.2764,0.220606,0.465289,False,69.0|162,1042
8|1042|cc|7|1|162,1,0.0216575,0.879225,0.279763,13.2764,0.220609,0.46529,1,0.0216575,0.879225,0.279764,13.2764,0.220606,0.465289,False,69.0|162,1042
8|1042|cc|8|1|162,1,0.0216575,0.879225,0.279763,13.2764,0.220609,0.46529,1,0.0216575,0.879225,0.279764,13.2764,0.220606,0.465289,False,69.0|162,1042
8|1042|sample|3|162,1,0.0216573,3.5833,0.516221,12.4822,0.220609,0.46529,1,0.0216573,3.5833,0.516222,12.4822,0.220606,0.465289,True,22.0|162,1042
8|1042|sample|4|162,1,0.0216573,3.5833,0.516221,12.4822,0.220609,0.46529,1,0.0216573,3.5833,0.516222,12.4822,0.220606,0.465289,True,22.0|162,1042
8|1042|vc|1|2|162,1,0.0216575,0.879225,0.279763,13.2764,0.220609,0.46529,1,0.0216575,0.879225,0.279764,13.2764,0.220606,0.465289,False,69.0|162,1042
8|1042|vc|2|2|162,1,0.0216575,0.879225,0.279763,13.2764,0.220609,0.46529,1,0.0216575,0.879225,0.279764,13.2764,0.220606,0.465289,False,69.0|162,1042
8|1042|vc|3|2|162,1,0.0216575,0.879225,0.279763,13.2764,0.220609,0.46529,1,0.0216575,0.879225,0.279764,13.2764,0.220606,0.465289,False,69.0|162,1042
8|1042|vc|4|2|162,1,0.0216575,0.879225,0.279763,13.2764,0.220609,0.46529,1,0.0216575,0.879225,0.279764,13.2764,0.220606,0.465289,False,69.0|162,1042
8|1042|vc|5|2|162,1,0.0216575,0.879225,0.279763,13.2764,0.220609,0.46529,1,0.0216575,0.879225,0.279764,13.2764,0.220606,0.465289,False,69.0|162,1042
8|1042|vc|6|2|162,1,0.0216575,0.879225,0.279763,13.2764,0.220609,0.46529,1,0.0216575,0.879225,0.279764,13.2764,0.220606,0.465289,False,69.0|162,1042
8|1042|vc|7|2|162,1,0.0216575,0.879225,0.279763,13.2764,0.220609,0.46529,1,0.0216575,0.879225,0.279764,13.2764,0.220606,0.465289,False,69.0|162,1042
8|1042|vc|8|2|162,1,0.0216575,0.879225,0.279763,13.2764,0.220609,0.46529,1,0.0216575,0.879225,0.279764,13.2764,0.220606,0.465289,False,69.0|162,1042
8|863|cc|1|1|274,1,0.0216575,1.38632,0.279773,11.2625,0.220608,0.465287,1,0.0216575,1.38632,0.279774,11.2625,0.220606,0.465287,False,69.0|274,863
8|863|cc|2|1|274,1,0.0216575,1.38632,0.279773,11.2625,0.220608,0.465287,1,0.0216575,1.38632,0.279774,11.2625,0.220606,0.465287,False,69.0|274,863
8|863|cc|3|1|274,1,0.0216575,1.38632,0.279773,11.2625,0.220608,0.465287,1,0.0216575,1.38632,0.279774,11.2625,0.220606,0.465287,False,69.0|274,863
8|863|cc|4|1|274,1,0.0216575,1.38632,0.279773,11.2625,0.220608,0.465287,1,0.0216575,1.38632,0.279774,11.2625,0.220606,0.465287,False,69.0|274,863
8|863|cc|5|1|274,1,0.0216575,1.38632,0.279773,11.2625,0.220608,0.465287,1,0.0216575,1.38632,0.279774,11.2625,0.220606,0.465287,False,69.0|274,863
8|863|cc|6|1|274,1,0.0216575,1.38632,0.279773,11.2625,0.220608,0.465287,1,0.0216575,1.38632,0.279774,11.2625,0.220606,0.465287,False,69.0|274,863
8|863|cc|7|1|274,1,0.0216575,1.38632,0.279773,11.2625,0.220608,0.465287,1,0.0216575,1.38632,0.279774,11.2625,0.220606,0.465287,False,69.0|274,863
8|863|cc|8|1|274,1,0.0216575,1.38632,0.279773,11.2625,0.220608,0.465287,1,0.0216575,1.38632,0.279774,11.2625,0.220606,0.465287,False,69.0|274,863
8|863|sample|3|274,1,0.0216573,0.718667,0.279843,8.85983,0.220608,0.465287,1,0.0216573,0.718667,0.279844,8.85983,0.220606,0.465287,True,22.0|274,863
8|863|sample|4|274,1,0.0216573,0.718667,0.279843,8.85983,0.220608,0.465287,1,0.0216573,0.718667,0.279844,8.85983,0.220606,0.465287,True,22.0|274,863
8|863|vc|1|2|274,1,0.0216575,1.38632,0.279773,11.2625,0.220608,0.465287,1,0.0216575,1.38632,0.279774,11.2625,0.220606,0.465287,False,69.0|274,863
8|863|vc|2|2|274,1,0.0216575,1.38632,0.279773,11.2625,0.220608,0.465287,1,0.0216575,1.38632,0.279774,11.2625,0.220606,0.465287,False,69.0|274,863
8|863|vc|3|2|274,1,0.0216575,1.38632,0.279773,11.2625,0.220608,0.465287,1,0.0216575,1.38632,0.279774,11.2625,0.220606,0.465287,False,69.0|274,863
8|863|vc|4|2|274,1,0.0216575,1.38632,0.279773,11.2625,0.220608,0.465287,1,0.0216575,1.38632,0.279774,11.2625,0.220606,0.465287,False,69.0|274,863
8|863|vc|5|2|274,1,0.0216575,1.38632,0.279773,11.2625,0.220608,0.465287,1,0.0216575,1.38632,0.279774,11.2625,0.220606,0.465287,False,69.0|274,863
8|863|vc|6|2|274,1,0.0216575,1.38632,0.279773,11.2625,0.220608,0.465287,1,0.0216575,1.38632,0.279774,11.2625,0.220606,0.465287,False,69.0|274,863
8|863|vc|7|2|274,1,0.0216575,1.38632,0.279773,11.2625,0.220608,0.465287,1,0.0216575,1.38632,0.279774,11.2625,0.220606,0.465287,False,69.0|274,863
8|863|vc|8|2|274,1,0.0216575,1.38632,0.279773,11.2625,0.220608,0.465287,1,0.0216575,1.38632,0.279774,11.2625,0.220606,0.465287,False,69.0|274,863
8|152|cc|1|1|322,1,0.0216575,1.01057,0.279764,11.2079,0.220609,0.874421,1,0.0216575,1.01057,0.279764,11.2079,0.220606,0.874397,False,69.0|322,152
8|152|cc|2|1|322,1,0.0216575,1.01057,0.279764,11.2079,0.220609,0.874421,1,0.0216575,1.01057,0.279764,11.2079,0.220606,0.874397,False,69.0|322,152
8|152|cc|3|1|322,1,0.0216575,1.01057,0.279764,11.2079,0.220609,0.874421,1,0.0216575,1.01057,0.279764,11.2079,0.220606,0.874397,False,69.0|322,152
8|152|cc|4|1|322,1,0.0216575,1.01057,0.279764,11.2079,0.220609,0.874421,1,0.0216575,1.01057,0.279764,11.2079,0.220606,0.874397,False,69.0|322,152
8|152|cc|5|1|322,1,0.0216575,1.01057,0.279764,11.2079,0.220609,0.874421,1,0.0216575,1.01057,0.279764,11.2079,0.220606,0.874397,False,69.0|322,152
8|152|cc|6|1|322,1,0.0216575,1.01057,0.279764,11.2079,0.220609,0.874421,1,0.0216575,1.01057,0.279764,11.2079,0.220606,0.874397,False,69.0|322,152
8|152|cc|7|1|322,1,0.0216575,1.01057,0.279764,11.2079,0.220609,0.874421,1,0.0216575,1.01057,0.279764,11.2079,0.220606,0.874397,False,69.0|322,152
8|152|cc|8|1|322,1,0.0216575,1.01057,0.279764,11.2079,0.220609,0.874421,1,0.0216575,1.01057,0.279764,11.2079,0.220606,0.874397,False,69.0|322,152
8|152|sample|3|322,1,0.0216573,0.735661,0.279843,9.29826,0.220609,0.874421,1,0.0216573,0.735661,0.279844,9.29826,0.220606,0.874397,True,22.0|322,152
8|152|sample|4|322,1,0.0216573,0.735661,0.279843,9.29826,0.220609,0.874421,1,0.0216573,0.735661,0.279844,9.29826,0.220606,0.874397,True,22.0|322,152
8|152|vc|1|2|322,1,0.0216575,1.01057,0.279764,11.2079,0.220609,0.874421,1,0.0216575,1.01057,0.279764,11.2079,0.220606,0.874397,False,69.0|322,152
8|152|vc|2|2|322,1,0.0216575,1.01057,0.279764,11.2079,0.220609,0.874421,1,0.0216575,1.01057,0.279764,11.2079,0.220606,0.874397,False,69.0|322,152
8|152|vc|3|2|322,1,0.0216575,1.01057,0.279764,11.2079,0.220609,0.874421,1,0.0216575,1.01057,0.279764,11.2079,0.220606,0.874397,False,69.0|322,152
8|152|vc|4|2|322,1,0.0216575,1.01057,0.279764,11.2079,0.220609,0.874421,1,0.0216575,1.01057,0.279764,11.2079,0.220606,0.874397,False,69.0|322,152
8|152|vc|5|2|322,1,0.0216575,1.01057,0.279764,11.2079,0.220609,0.874421,1,0.0216575,1.01057,0.279764,11.2079,0.220606,0.874397,False,69.0|322,152
8|152|vc|6|2|322,1,0.0216575,1.01057,0.279764,11.2079,0.220609,0.874421,1,0.0216575,1.01057,0.279764,11.2079,0.220606,0.874397,False,69.0|322,152
8|152|vc|7|2|322,1,0.0216575,1.01057,0.279764,11.2079,0.220609,0.874421,1,0.0216575,1.01057,0.279764,11.2079,0.220606,0.874397,False,69.0|322,152
8|152|vc|8|2|322,1,0.0216575,1.01057,0.279764,11.2079,0.220609,0.874421,1,0.0216575,1.01057,0.279764,11.2079,0.220606,0.874397,False,69.0|322,152
9|411|cc|1|1|274,1,0.0216575,1.38632,0.279773,11.2625,0.220608,0.465288,1,0.0216575,1.38632,0.279774,11.2625,0.220606,0.465287,False,69.0|274,411
9|411|cc|2|1|274,1,0.0216575,1.38632,0.279773,11.2625,0.220608,0.465288,1,0.0216575,1.38632,0.279774,11.2625,0.220606,0.465287,False,69.0|274,411
9|411|cc|3|1|274,1,0.0216575,1.38632,0.279773,11.2625,0.220608,0.465288,1,0.0216575,1.38632,0.279774,11.2625,0.220606,0.465287,False,69.0|274,411
9|411|cc|4|1|274,1,0.0216575,1.38632,0.279773,11.2625,0.220608,0.465288,1,0.0216575,1.38632,0.279774,11.2625,0.220606,0.465287,False,69.0|274,411
9|411|cc|5|1|274,1,0.0216575,1.38632,0.279773,11.2625,0.220608,0.465288,1,0.0216575,1.38632,0.279774,11.2625,0.220606,0.465287,False,69.0|274,411
9|411|cc|6|1|274,1,0.0216575,1.38632,0.279773,11.2625,0.220608,0.465288,1,0.0216575,1.38632,0.279774,11.2625,0.220606,0.465287,False,69.0|274,411
9|411|cc|7|1|274,1,0.0216575,1.38632,0.279773,11.2625,0.220608,0.465288,1,0.0216575,1.38632,0.279774,11.2625,0.220606,0.465287,False,69.0|274,411
9|411|cc|8|1|274,1,0.0216575,1.38632,0.279773,11.2625,0.220608,0.465288,1,0.0216575,1.38632,0.279774,11.2625,0.220606,0.465287,False,69.0|274,411
9|411|sample|10|274,1,0.0216573,1.46917,0.279843,12.078,0.220608,0.465288,1,0.0216573,1.46917,0.279844,12.078,0.220606,0.465287,True,70.0|274,411
9|411|sample|11|274,1,0.0216573,1.46917,0.279843,12.078,0.220608,0.465288,1,0.0216573,1.46917,0.279844,12.078,0.220606,0.465287,True,70.0|274,411
9|411|sample|12|274,1,0.0216573,1.46917,0.279843,12.078,0.220608,0.465288,1,0.0216573,1.46917,0.279844,12.078,0.220606,0.465287,True,70.0|274,411
9|411|sample|3|274,1,0.0216573,1.46917,0.279843,12.078,0.220608,0.465288,1,0.0216573,1.46917,0.279844,12.078,0.220606,0.465287,True,70.0|274,411
9|411|sample|4|274,1,0.0216573,1.46917,0.279843,12.078,0.220608,0.465288,1,0.0216573,1.46917,0.279844,12.078,0.220606,0.465287,True,70.0|274,411
9|411|sample|5|274,1,0.0216573,1.46917,0.279843,12.078,0.220608,0.465288,1,0.0216573,1.46917,0.279844,12.078,0.220606,0.465287,True,70.0|274,411
9|411|sample|6|274,1,0.0216573,1.46917,0.279843,12.078,0.220608,0.465288,1,0.0216573,1.46917,0.279844,12.078,0.220606,0.465287,True,70.0|274,411
9|411|sample|7|274,1,0.0216573,1.46917,0.279843,12.078,0.220608,0.465288,1,0.0216573,1.46917,0.279844,12.078,0.220606,0.465287,True,70.0|274,411
9|411|sample|8|274,1,0.0216573,1.46917,0.279843,12.078,0.220608,0.465288,1,0.0216573,1.46917,0.279844,12.078,0.220606,0.465287,True,70.0|274,411
9|411|sample|9|274,1,0.0216573,1.46917,0.279843,12.078,0.220608,0.465288,1,0.0216573,1.46917,0.279844,12.078,0.220606,0.465287,True,70.0|274,411
9|411|vc|1|2|274,1,0.0216575,1.38632,0.279773,11.2625,0.220608,0.465288,1,0.0216575,1.38632,0.279774,11.2625,0.220606,0.465287,False,69.0|274,411
9|411|vc|2|2|274,1,0.0216575,1.38632,0.279773,11.2625,0.220608,0.465288,1,0.0216575,1.38632,0.279774,11.2625,0.220606,0.465287,False,69.0|274,411
9|411|vc|3|2|274,1,0.0216575,1.38632,0.279773,11.2625,0.220608,0.465288,1,0.0216575,1.38632,0.279774,11.2625,0.220606,0.465287,False,69.0|274,411
9|411|vc|4|2|274,1,0.0216575,1.38632,0.279773,11.2625,0.220608,0.465288,1,0.0216575,1.38632,0.279774,11.2625,0.220606,0.465287,False,69.0|274,411
9|411|vc|5|2|274,1,0.0216575,1.38632,0.279773,11.2625,0.220608,0.465288,1,0.0216575,1.38632,0.279774,11.2625,0.220606,0.465287,False,69.0|274,411
9|411|vc|6|2|274,1,0.0216575,1.38632,0.279773,11.2625,0.220608,0.465288,1,0.0216575,1.38632,0.279774,11.2625,0.220606,0.465287,False,69.0|274,411
9|411|vc|7|2|274,1,0.0216575,1.38632,0.279773,11.2625,0.220608,0.465288,1,0.0216575,1.38632,0.279774,11.2625,0.220606,0.465287,False,69.0|274,411
9|411|vc|8|2|274,1,0.0216575,1.38632,0.279773,11.2625,0.220608,0.465288,1,0.0216575,1.38632,0.279774,11.2625,0.220606,0.465287,False,69.0|274,411
