id,time,ysample,plate_row,plate_col,U_estimate,L_estimate,alpha_estimate,popPred_medianCOV,popPred,indivPred_SAEM,indivPred_mode,indWRes_SAEM,indWRes_mode
411|4,0.0457247370827617,53482,1,4,60744.9,910.018,0.183344,55102.6,55451.8,54706.3,54682.6,-0.149533,-0.146695
411|4,0.1371742112482853,45186,2,4,60744.9,910.018,0.183344,55244.3,56273.1,52668.3,52546.9,-0.94906,-0.935804
411|4,0.411522633744856,36004,3,4,60744.9,910.018,0.183344,46328.7,47853,36906.1,36603.2,-0.162973,-0.109151
411|4,1.23456790123457,15537,4,4,60744.9,910.018,0.183344,26523.7,26005.4,14486.1,14262.9,0.478921,0.589551
411|4,3.7037037037037,4302,5,4,60744.9,910.018,0.183344,9689.56,8159.52,4077.74,4014.07,0.348583,0.454239
411|4,11.1111111111111,1258,6,4,60744.9,910.018,0.183344,3159.32,2424.29,1528.45,1515.31,-1.02644,-0.983869
411|4,33.3333333333333,948,7,4,60744.9,910.018,0.183344,1408,1175.22,1002.69,1000.21,-0.295401,-0.282553
411|4,100,850,8,4,60744.9,910.018,0.183344,953.098,891.218,859.845,859.437,-0.0600806,-0.0576141
411|3,0.0457247370827617,58138,1,3,60744.9,910.018,0.183344,54694.2,55040.9,52660.8,52643.4,0.694822,0.697259
411|3,0.1371742112482853,40956,2,3,60744.9,910.018,0.183344,54856.1,55877.8,45536.6,45462.1,-0.671519,-0.661681
411|3,0.411522633744856,25675,3,3,60744.9,910.018,0.183344,46009.2,47523.1,24075.4,23971.1,0.441496,0.472288
411|3,1.23456790123457,7926,4,3,60744.9,910.018,0.183344,26341.9,25827.2,7421.8,7378.78,0.441632,0.482023
411|3,3.7037037037037,2156,5,3,60744.9,910.018,0.183344,9623.14,8103.59,2263.92,2254.05,-0.289256,-0.263848
411|3,11.1111111111111,986,6,3,60744.9,910.018,0.183344,3137.53,2407.58,1157.88,1155.95,-0.825288,-0.817148
411|3,33.3333333333333,960,7,3,60744.9,910.018,0.183344,1398.11,1166.96,927.519,927.174,0.186738,0.188776
411|3,100,882,8,3,60744.9,910.018,0.183344,946.036,884.615,841.144,841.127,0.253652,0.253764
411|5,0.002286236854138,55169,1,5,60744.9,910.018,0.183344,56104.3,56114.8,56105.8,56108.6,-0.111576,-0.111898
411|5,0.0068587105624142,55989,2,5,60744.9,910.018,0.183344,59111.6,59153.3,59118.3,59118.6,-0.353788,-0.353826
411|5,0.0205761316872428,54885,3,5,60744.9,910.018,0.183344,59970.5,60125.8,59944.7,59941.7,-0.564183,-0.563881
411|5,0.0617283950617284,49434,4,5,60744.9,910.018,0.183344,59258.9,59774.4,58853.9,58837.7,-1.06976,-1.06821
411|5,0.1851851851851852,45208,5,5,60744.9,910.018,0.183344,55012.7,56308.8,52276.6,52209.7,-0.90327,-0.895858
411|5,0.5555555555555556,30556,6,5,60744.9,910.018,0.183344,41728.8,42971.2,32898.2,32761.5,-0.474321,-0.448484
411|5,1.66666666666667,13064,7,5,60744.9,910.018,0.183344,20427.2,19323.2,11494.2,11414.2,0.897767,0.95001
411|5,5,2918,8,5,60744.9,910.018,0.183344,6568.63,5316.05,3087.25,3067.51,-0.341383,-0.303369
411|6,0.002286236854138,62015,1,6,60744.9,910.018,0.183344,56152.9,56163.5,56156.1,56158.4,0.697181,0.696878
411|6,0.0068587105624142,61528,2,6,60744.9,910.018,0.183344,59160.2,59201.9,59176,59174,0.26565,0.265884
411|6,0.0205761316872428,61845,3,6,60744.9,910.018,0.183344,60018.9,60174.3,60041.5,60026.2,0.200775,0.202529
411|6,0.0617283950617284,54318,4,6,60744.9,910.018,0.183344,59306.4,59822.4,59145.3,59066.8,-0.545518,-0.537352
411|6,0.1851851851851852,48773,5,6,60744.9,910.018,0.183344,55056.8,56354,53341.9,53009.2,-0.572235,-0.533876
411|6,0.5555555555555556,29602,6,6,60744.9,910.018,0.183344,41762.5,43005.9,35121.8,34384.9,-1.04754,-0.927004
411|6,1.66666666666667,12240,7,6,60744.9,910.018,0.183344,20444,19339.1,12867.9,12393.7,-0.321481,-0.081645
411|6,5,3840,8,6,60744.9,910.018,0.183344,6574.33,5320.66,3436.46,3314.35,0.736644,0.99253
411|8,0.0457247370827617,49844,1,8,60744.9,910.018,0.183344,55250.4,55600.5,54297.9,54228.6,-0.548054,-0.540215
411|8,0.1371742112482853,46084,2,8,60744.9,910.018,0.183344,55384.8,56416.3,50344.1,50039.3,-0.565177,-0.527927
411|8,0.411522633744856,29492,3,8,60744.9,910.018,0.183344,46444.3,47972.5,31541.4,30945.3,-0.43275,-0.312736
411|8,1.23456790123457,12168,4,8,60744.9,910.018,0.183344,26589.5,26069.9,10988.1,10655.9,0.705206,0.931312
411|8,3.7037037037037,3114,5,8,60744.9,910.018,0.183344,9713.61,8179.77,3132.02,3047.59,-0.0358604,0.13557
411|8,11.1111111111111,1024,6,8,60744.9,910.018,0.183344,3167.2,2430.35,1337.28,1320.32,-1.33312,-1.27463
411|8,33.3333333333333,882,7,8,60744.9,910.018,0.183344,1411.58,1178.21,968.255,965.061,-0.47917,-0.462647
411|8,100,778,8,8,60744.9,910.018,0.183344,955.655,893.609,855.455,854.917,-0.474594,-0.471533
411|7,0.0457247370827617,51443,1,7,60744.9,910.018,0.183344,55298.3,55648.7,54131,54069.8,-0.331772,-0.324585
411|7,0.1371742112482853,47489,2,7,60744.9,910.018,0.183344,55430.3,56462.6,49486.5,49223.7,-0.269569,-0.235347
411|7,0.411522633744856,28239,3,7,60744.9,910.018,0.183344,46481.8,48011.2,29856.9,29380.2,-0.360745,-0.258556
411|7,1.23456790123457,11458,4,7,60744.9,910.018,0.183344,26610.9,26090.8,10068.1,9821.74,0.904881,1.09136
411|7,3.7037037037037,2676,5,7,60744.9,910.018,0.183344,9721.4,8186.33,2900.64,2839.73,-0.480047,-0.356796
411|7,11.1111111111111,1026,6,7,60744.9,910.018,0.183344,3169.76,2432.31,1291.44,1279.27,-1.16335,-1.11892
411|7,33.3333333333333,928,7,7,60744.9,910.018,0.183344,1412.74,1179.18,960.181,957.897,-0.179974,-0.167519
411|7,100,848,8,7,60744.9,910.018,0.183344,956.484,894.384,854.591,854.218,-0.0404176,-0.0381438
411|9,0.002286236854138,52761,1,9,60744.9,910.018,0.183344,55954.2,55964.7,55954,55956.7,-0.381326,-0.381626
411|9,0.0068587105624142,58591,2,9,60744.9,910.018,0.183344,58961.6,59003.2,58959.6,58959,-0.0417852,-0.0417204
411|9,0.0205761316872428,53528,3,9,60744.9,910.018,0.183344,59821.1,59976,59749.8,59741.5,-0.696017,-0.695187
411|9,0.0617283950617284,55935,4,9,60744.9,910.018,0.183344,59112.2,59626.5,58479.9,58436.9,-0.290851,-0.286144
411|9,0.1851851851851852,49128,5,9,60744.9,910.018,0.183344,54876.5,56169.4,51218.9,51046.4,-0.272679,-0.251027
411|9,0.5555555555555556,28450,6,9,60744.9,910.018,0.183344,41624.9,42864.2,30990,30666.5,-0.545806,-0.481279
411|9,1.66666666666667,10662,7,9,60744.9,910.018,0.183344,20375.4,19274.2,10436.9,10263.8,0.141506,0.254383
411|9,5,3030,8,9,60744.9,910.018,0.183344,6551.06,5301.83,2827.86,2786.51,0.442219,0.539938
411|10,0.002286236854138,53166,1,10,60744.9,910.018,0.183344,55539.6,55550,55542,55544.9,-0.285852,-0.28618
411|10,0.0068587105624142,61628,2,10,60744.9,910.018,0.183344,58547.4,58588.7,58561,58560.3,0.350032,0.350119
411|10,0.0205761316872428,54148,3,10,60744.9,910.018,0.183344,59408.6,59562.5,59421.6,59411.4,-0.593188,-0.592143
411|10,0.0617283950617284,54949,4,10,60744.9,910.018,0.183344,58707,59217.8,58501.2,58446.9,-0.405817,-0.399987
411|10,0.1851851851851852,46394,5,10,60744.9,910.018,0.183344,54500.3,55784.4,52607,52376.9,-0.788978,-0.76308
411|10,0.5555555555555556,30684,6,10,60744.9,910.018,0.183344,41337.8,42568.7,34329,33825.8,-0.707607,-0.618932
411|10,1.66666666666667,13846,7,10,60744.9,910.018,0.183344,20232.3,19138.8,12452.2,12133.7,0.736971,0.928666
411|10,5,3124,8,10,60744.9,910.018,0.183344,6502.51,5262.55,3325.94,3244.59,-0.380065,-0.232247
411|12,0.0457247370827617,47309,1,12,60744.9,910.018,0.183344,50557.6,50878.3,49426.1,49369,-0.286064,-0.278665
411|12,0.1371742112482853,39899,2,12,60744.9,910.018,0.183344,50924.1,51872.9,45206.5,44952.3,-0.783744,-0.750393
411|12,0.411522633744856,26409,3,12,60744.9,910.018,0.183344,42772.6,44180.2,27011.8,26557.8,-0.148447,-0.037276
411|12,1.23456790123457,9114,4,12,60744.9,910.018,0.183344,24499.9,24021.3,9030.7,8800.96,0.0602979,0.23237
411|12,3.7037037037037,2878,5,12,60744.9,910.018,0.183344,8950.23,7536.98,2611.51,2555.18,0.627221,0.775114
411|12,11.1111111111111,968,6,12,60744.9,910.018,0.183344,2916.81,2238.22,1176.56,1165.38,-0.988215,-0.94265
411|12,33.3333333333333,796,7,12,60744.9,910.018,0.183344,1297.89,1083.32,879.861,877.802,-0.502646,-0.491209
411|12,100,796,8,12,60744.9,910.018,0.183344,874.484,817.714,780.884,780.59,0.0993887,0.101349
411|11,0.0457247370827617,54260,1,11,60744.9,910.018,0.183344,53582,53921.7,52711.7,52676.9,0.19623,0.200771
411|11,0.1371742112482853,45084,2,11,60744.9,910.018,0.183344,53798.9,54801,49134.8,48971,-0.550573,-0.530073
411|11,0.411522633744856,27045,3,11,60744.9,910.018,0.183344,45138.9,46624.2,31120.6,30789.2,-0.872139,-0.809796
411|11,1.23456790123457,12392,4,11,60744.9,910.018,0.183344,25846.6,25341.6,10947.3,10757.2,0.866626,0.997635
411|11,3.7037037037037,3032,5,11,60744.9,910.018,0.183344,9442.21,7951.24,3112.81,3063.97,-0.161752,-0.06494
411|11,11.1111111111111,1264,6,11,60744.9,910.018,0.183344,3078.18,2362.04,1313.44,1303.62,-0.213622,-0.172273
411|11,33.3333333333333,860,7,11,60744.9,910.018,0.183344,1371.16,1144.47,943.119,941.288,-0.471556,-0.461887
411|11,100,802,8,11,60744.9,910.018,0.183344,926.797,866.626,830.077,829.8,-0.17612,-0.174428
152|8,0.0016767999999999,93531,1,8,96485.2,695.259,0.10151,91886.2,91185,90903.9,90858,0.193434,0.196908
152|8,0.0083839999999999,89173,2,8,96485.2,695.259,0.10151,94784.8,94336.9,92304.9,92225.1,-0.227111,-0.221514
152|8,0.04192,74809,3,8,96485.2,695.259,0.10151,94701.1,93569.8,82209.5,81867.3,-0.602356,-0.576896
152|8,0.2096,45160,4,8,96485.2,695.259,0.10151,85905.9,82808.2,46732.7,46051.7,-0.224695,-0.129265
152|8,1.048,15135,5,8,96485.2,695.259,0.10151,47041.5,47246.6,12828.3,12529.3,1.18455,1.36944
152|8,5.24,2264,6,8,96485.2,695.259,0.10151,10028.7,13002.8,2810.54,2752.17,-1.20243,-1.09495
152|8,26.2,818,7,8,96485.2,695.259,0.10151,1852.19,2818.06,1016.39,1006.92,-1.05989,-1.01693
152|8,131,656,8,8,96485.2,695.259,0.10151,794.397,985.959,708.258,706.566,-0.36992,-0.358581
152|7,0.0016767999999999,91095,1,7,96485.2,695.259,0.10151,91934.4,91240.2,90994.3,90958.9,0.00740742,0.0100135
152|7,0.0083839999999999,90851,2,7,96485.2,695.259,0.10151,94832.9,94391.8,92586.1,92570.7,-0.125441,-0.124346
152|7,0.04192,78819,3,7,96485.2,695.259,0.10151,94748.6,93623.6,83406.1,83382.1,-0.368024,-0.366199
152|7,0.2096,44579,4,7,96485.2,695.259,0.10151,85948.9,82855.6,49179.3,49132.5,-0.624703,-0.618925
152|7,1.048,16869,5,7,96485.2,695.259,0.10151,47065,47273.6,13948.9,13926.6,1.38112,1.39387
152|7,5.24,2542,6,7,96485.2,695.259,0.10151,10033.7,13010.3,3032.27,3027.72,-1.00552,-0.997583
152|7,26.2,990,7,7,96485.2,695.259,0.10151,1853.13,2819.7,1052.39,1051.54,-0.324024,-0.319844
152|7,131,662,8,7,96485.2,695.259,0.10151,794.814,986.555,714.06,713.679,-0.36628,-0.363742
152|6,0.0004351999999999,97021,1,6,96485.2,695.259,0.10151,91948.9,91285.5,91262.3,91224.5,0.422354,0.425298
152|6,0.0021759999999999,93823,2,6,96485.2,695.259,0.10151,94962.3,94691.2,94319.5,94288.8,-0.0352383,-0.033072
152|6,0.0108799999999999,90270,3,6,96485.2,695.259,0.10151,95864.9,95510.5,93110,92989.2,-0.204168,-0.195734
152|6,0.0543999999999999,68233,4,6,96485.2,695.259,0.10151,94549.2,93203.6,80352.9,79799,-1.00922,-0.969756
152|6,0.2719999999999999,39599,5,6,96485.2,695.259,0.10151,82212.7,78968,42516.9,41558,-0.457981,-0.314528
152|6,1.36,10738,6,6,96485.2,695.259,0.10151,38695.6,40005.7,11018.8,10648.6,-0.167401,0.0550929
152|6,6.8,2696,7,6,96485.2,695.259,0.10151,7389.58,9999.41,2439.75,2370.46,0.641766,0.836945
152|6,34,918,8,6,96485.2,695.259,0.10151,1463.24,2191.55,927.485,916.393,-0.0545312,0.00932839
152|5,0.0004351999999999,94324,1,5,96485.2,695.259,0.10151,91900.7,91230.4,91194.5,91159.1,0.229694,0.232378
152|5,0.0021759999999999,94458,2,5,96485.2,695.259,0.10151,94914.1,94636,94179.4,94166.5,0.019804,0.0207192
152|5,0.0108799999999999,93359,3,5,96485.2,695.259,0.10151,95816.8,95455.6,92533.6,92524.1,0.0597029,0.0603984
152|5,0.0543999999999999,70654,4,5,96485.2,695.259,0.10151,94501.9,93150.3,77896.7,77868.2,-0.62205,-0.619829
152|5,0.2719999999999999,40370,5,5,96485.2,695.259,0.10151,82171.6,78922.8,38532.1,38489,0.318114,0.325933
152|5,1.36,8986,6,5,96485.2,695.259,0.10151,38676.1,39982.7,9545.23,9529.87,-0.383538,-0.373591
152|5,6.8,2416,7,5,96485.2,695.259,0.10151,7385.83,9993.59,2167.51,2164.5,0.692735,0.701985
152|5,34,924,8,5,96485.2,695.259,0.10151,1462.47,2190.23,884.843,884.078,0.233662,0.238388
152|12,0.0014272,79697,1,12,96485.2,695.259,0.10151,87167.9,85792,84849.2,84731.9,-0.406348,-0.397645
152|12,0.007136,67002,2,12,96485.2,695.259,0.10151,90098.6,89005.9,82817.6,82503.7,-1.27787,-1.25726
152|12,0.03568,48627,3,12,96485.2,695.259,0.10151,90288.8,88638.7,60491.6,59585.1,-1.31105,-1.22923
152|12,0.1784,20494,4,12,96485.2,695.259,0.10151,83460.9,79970.3,22264.8,21546.9,-0.528059,-0.324325
152|12,0.892,5710,5,12,96485.2,695.259,0.10151,49645.9,48769.3,4936.11,4759.75,1.0034,1.27553
152|12,4.46,1250,6,12,96485.2,695.259,0.10151,11422.5,14390.5,1355.06,1324.73,-0.44209,-0.320552
152|12,22.3,570,7,12,96485.2,695.259,0.10151,2023.67,3103.09,754.196,749.09,-1.24362,-1.21539
152|12,111.5,678,8,12,96485.2,695.259,0.10151,783.76,1001.45,635.847,634.602,0.323067,0.333085
152|11,0.0014272,86935,1,11,96485.2,695.259,0.10151,90210.9,89272.6,88409.7,88339.6,-0.111636,-0.106411
152|11,0.007136,80844,2,11,96485.2,695.259,0.10151,93138.1,92476.5,86862.4,86707,-0.463691,-0.452531
152|11,0.03568,56954,3,11,96485.2,695.259,0.10151,93298,92047,65672.4,65195,-0.887665,-0.845182
152|11,0.1784,26467,4,11,96485.2,695.259,0.10151,86231.7,83031.4,25614.3,25183.3,0.221331,0.338848
152|11,0.892,6328,5,11,96485.2,695.259,0.10151,51294.1,50636.1,5762.51,5650.04,0.632249,0.772472
152|11,4.46,1324,6,11,96485.2,695.259,0.10151,11803.2,14943.9,1516.61,1497.06,-0.735925,-0.66867
152|11,22.3,672,7,11,96485.2,695.259,0.10151,2091.94,3224.09,800.778,797.508,-0.830535,-0.811999
152|11,111.5,632,8,11,96485.2,695.259,0.10151,811.121,1042.08,664.104,663.279,-0.238355,-0.232448
152|10,0.0004479999999999,91021,1,10,96485.2,695.259,0.10151,91340.9,90589,90373.7,90328,0.0479365,0.0513533
152|10,0.00224,88793,2,10,96485.2,695.259,0.10151,94353.6,93990.2,92362.1,92305.6,-0.258653,-0.254715
152|10,0.0111999999999999,78376,3,10,96485.2,695.259,0.10151,95249.8,94786.1,85253.8,85031.8,-0.539877,-0.523813
152|10,0.0559999999999999,50978,4,10,96485.2,695.259,0.10151,93880.2,92367.7,54883.4,54328.8,-0.475452,-0.412089
152|10,0.2799999999999999,18817,5,10,96485.2,695.259,0.10151,81220.3,77804,17175.1,16854.6,0.632703,0.770411
152|10,1.4,3464,6,10,96485.2,695.259,0.10151,37571.5,39000.5,3727.93,3658.82,-0.446413,-0.335351
152|10,7,1220,7,10,96485.2,695.259,0.10151,7105.77,9751.04,1165.99,1154.45,0.257831,0.315521
152|10,35,690,8,10,96485.2,695.259,0.10151,1423.51,2158.37,727.847,725.787,-0.262487,-0.248726
152|9,0.0004479999999999,92933,1,9,96485.2,695.259,0.10151,91751.8,91059.1,90889.5,90847,0.150488,0.153687
152|9,0.00224,84649,2,9,96485.2,695.259,0.10151,94764.4,94459.9,93140,93087.5,-0.610219,-0.60679
152|9,0.0111999999999999,78182,3,9,96485.2,695.259,0.10151,95659.6,95253.5,87395.4,87174.1,-0.705535,-0.690339
152|9,0.0559999999999999,55239,4,9,96485.2,695.259,0.10151,94282.7,92821.3,59899.4,59266.5,-0.520052,-0.454207
152|9,0.2799999999999999,20004,5,9,96485.2,695.259,0.10151,81568.5,78186,20279.2,19846.9,-0.0900139,0.052503
152|9,1.4,4986,6,9,96485.2,695.259,0.10151,37733.1,39192.8,4419.58,4320.42,0.81582,0.97949
152|9,7,1028,7,9,96485.2,695.259,0.10151,7136.71,9799.77,1283.53,1266.85,-1.12573,-1.06389
152|9,35,722,8,9,96485.2,695.259,0.10151,1429.91,2169.57,748.8,745.958,-0.181928,-0.16311
152|3,0.0010624,87858,1,3,96485.2,695.259,0.10151,91334.5,90571.5,90385.3,90341.4,-0.187149,-0.183988
152|3,0.005312,88455,2,3,96485.2,695.259,0.10151,94296.4,93869,92380.7,92335.3,-0.284441,-0.281286
152|3,0.02656,77137,3,3,96485.2,695.259,0.10151,94753.1,93978.8,85051.8,84883.8,-0.622748,-0.610731
152|3,0.1328,46188,4,3,96485.2,695.259,0.10151,89880.7,87501.1,53586.6,53174,-0.922427,-0.877719
152|3,0.664,17047,5,3,96485.2,695.259,0.10151,61002.1,59353.4,16001.2,15777.5,0.432142,0.531875
152|3,3.32,3062,6,3,96485.2,695.259,0.10151,16496.1,19416.5,3388.78,3343.09,-0.604373,-0.526491
152|3,16.6,1382,7,3,96485.2,695.259,0.10151,2798.88,4075.77,1096.16,1088.77,1.43589,1.4812
152|3,83,840,8,3,96485.2,695.259,0.10151,900.091,1169.56,715.027,713.646,0.878382,0.889374
152|4,0.0010624,92432,1,4,96485.2,695.259,0.10151,91745.4,91041.5,90875.6,90838.3,0.114636,0.117425
152|4,0.005312,90579,2,4,96485.2,695.259,0.10151,94706.9,94338.1,93000.9,92981.9,-0.174316,-0.172978
152|4,0.02656,76034,3,4,96485.2,695.259,0.10151,95160.9,94442.2,86358.7,86319.7,-0.800103,-0.797444
152|4,0.1328,50378,4,4,96485.2,695.259,0.10151,90266.1,87930.8,56201.5,56105.4,-0.692412,-0.682151
152|4,0.664,19217,5,4,96485.2,695.259,0.10151,61263.6,59644.9,17420.7,17364.1,0.682565,0.70634
152|4,3.32,3728,6,4,96485.2,695.259,0.10151,16567.1,19512.3,3683.33,3671.34,0.0764084,0.0972181
152|4,16.6,1054,7,4,96485.2,695.259,0.10151,2811.07,4096.14,1145.8,1143.76,-0.444612,-0.435368
152|4,83,902,8,4,96485.2,695.259,0.10151,904.14,1175.63,725.28,724.711,1.22889,1.23358
1056|8,0.0016767999999999,118740,1,8,122610,713.746,0.0353313,119606,119628,119606,119612,-0.0484994,-0.0488095
1056|8,0.0083839999999999,113636,2,8,122610,713.746,0.0353313,121406,121593,121219,121216,-0.419002,-0.418817
1056|8,0.04192,84503,3,8,122610,713.746,0.0353313,120613,122072,113978,113866,-1.73179,-1.72691
1056|8,0.2096,42717,4,8,122610,713.746,0.0353313,109198,117054,45705.4,45298.1,-0.436497,-0.380381
1056|8,1.048,4102,5,8,122610,713.746,0.0353313,59718.4,58844.7,3713.38,3671.59,0.659715,0.738465
1056|8,5.24,716,6,8,122610,713.746,0.0353313,12620.2,5315.42,844.271,842.389,-0.794077,-0.783787
1056|8,26.2,656,7,8,122610,713.746,0.0353313,2206.11,912.629,713.552,713.483,-0.405136,-0.404677
1056|8,131,828,8,8,122610,713.746,0.0353313,868.648,705.087,696.595,696.625,0.941771,0.941522
1056|7,0.0016767999999999,121659,1,7,122610,713.746,0.0353313,119637,119659,119637,119642,0.113187,0.1129
1056|7,0.0083839999999999,115654,2,7,122610,713.746,0.0353313,121437,121625,121241,121226,-0.308647,-0.307864
1056|7,0.04192,88699,3,7,122610,713.746,0.0353313,120644,122103,113811,113472,-1.47761,-1.46203
1056|7,0.2096,41994,4,7,122610,713.746,0.0353313,109225,117084,45010.9,43835.2,-0.447417,-0.280347
1056|7,1.048,3906,5,7,122610,713.746,0.0353313,59733.7,58859.8,3642.13,3524.62,0.45617,0.679897
1056|7,5.24,700,6,7,122610,713.746,0.0353313,12623.4,5316.78,841.231,835.941,-0.876763,-0.848076
1056|7,26.2,682,7,7,122610,713.746,0.0353313,2206.68,912.864,713.597,713.381,-0.222414,-0.220942
1056|7,131,978,8,7,122610,713.746,0.0353313,868.876,705.271,696.772,696.796,2.01516,2.01494
1056|6,0.0004351999999999,124775,1,6,122610,713.746,0.0353313,119656,119660,119653,119658,0.286721,0.286386
1056|6,0.0021759999999999,126207,2,6,122610,713.746,0.0353313,121603,121635,121605,121607,0.253478,0.253379
1056|6,0.0108799999999999,119281,3,6,122610,713.746,0.0353313,122068,122333,121683,121679,-0.132187,-0.13202
1056|6,0.0543999999999999,96692,4,6,122610,713.746,0.0353313,120172,122171,108752,108685,-0.742547,-0.738916
1056|6,0.2719999999999999,31741,5,6,122610,713.746,0.0353313,104470,113700,31418.1,31294.4,0.0684387,0.0950517
1056|6,1.36,2592,6,6,122610,713.746,0.0353313,49170.5,43796.5,2453.37,2444.15,0.345432,0.369695
1056|6,6.8,696,7,6,122610,713.746,0.0353313,9306.2,3501.71,783.731,783.336,-0.575233,-0.572866
1056|6,34,792,8,6,122610,713.746,0.0353313,1739.93,817.746,699.749,699.765,0.658939,0.65881
1056|5,0.0004351999999999,127222,1,5,122610,713.746,0.0353313,119625,119628,119621,119627,0.425566,0.425224
1056|5,0.0021759999999999,128464,2,5,122610,713.746,0.0353313,121571,121603,121571,121572,0.379732,0.379721
1056|5,0.0108799999999999,127679,3,5,122610,713.746,0.0353313,122036,122302,121606,121565,0.334506,0.336833
1056|5,0.0543999999999999,99273,4,5,122610,713.746,0.0353313,120141,122140,107886,107149,-0.534557,-0.492158
1056|5,0.2719999999999999,30808,5,5,122610,713.746,0.0353313,104443,113671,29905.4,28681.5,0.200929,0.49342
1056|5,1.36,2194,6,5,122610,713.746,0.0353313,49157.9,43785.2,2342.04,2254.47,-0.384798,-0.16271
1056|5,6.8,672,7,5,122610,713.746,0.0353313,9303.8,3500.81,778.655,774.818,-0.702798,-0.680077
1056|5,34,838,8,5,122610,713.746,0.0353313,1739.48,817.532,699.358,699.229,0.990714,0.991776
1056|12,0.0014272,103621,1,12,122610,713.746,0.0353313,116537,116554,116355,116362,-0.732914,-0.733292
1056|12,0.007136,90392,2,12,122610,713.746,0.0353313,118375,118522,114424,114339,-1.40652,-1.40257
1056|12,0.03568,45926,3,12,122610,713.746,0.0353313,117902,119052,66659.9,65982,-2.07987,-2.03247
1056|12,0.1784,8166,4,12,122610,713.746,0.0353313,108761,115319,7070.91,6932.37,1.00525,1.15429
1056|12,0.892,754,5,12,122610,713.746,0.0353313,64627.8,66590.1,999.284,992.366,-1.32849,-1.29827
1056|12,4.46,634,6,12,122610,713.746,0.0353313,14770.7,7015.99,707.868,707.591,-0.523107,-0.521298
1056|12,22.3,642,7,12,122610,713.746,0.0353313,2497.18,989.339,690.571,690.603,-0.350358,-0.350578
1056|12,111.5,824,8,12,122610,713.746,0.0353313,886.74,691.838,678.456,678.524,1.06371,1.06313
1056|11,0.0014272,105151,1,11,122610,713.746,0.0353313,118518,118535,118385,118393,-0.74869,-0.749061
1056|11,0.007136,95978,2,11,122610,713.746,0.0353313,120353,120503,117385,117377,-1.22135,-1.22098
1056|11,0.03568,58120,3,11,122610,713.746,0.0353313,119861,121029,76416.1,76307,-1.60174,-1.59446
1056|11,0.1784,10642,4,11,122610,713.746,0.0353313,110564,117230,9276.52,9245.42,0.962938,0.988094
1056|11,0.892,906,5,11,122610,713.746,0.0353313,65699.2,67694,1122.62,1121.02,-1.06703,-1.06038
1056|11,4.46,610,6,11,122610,713.746,0.0353313,15016,7132.53,724.493,724.435,-0.796824,-0.79647
1056|11,22.3,712,7,11,122610,713.746,0.0353313,2538.91,1005.87,702.352,702.372,0.0687274,0.0685796
1056|11,111.5,888,8,11,122610,713.746,0.0353313,901.809,703.594,690.019,690.065,1.42895,1.42855
1056|10,0.0004479999999999,119885,1,10,122610,713.746,0.0353313,119260,119264,119250,119257,0.0356383,0.0352733
1056|10,0.00224,122847,2,10,122610,713.746,0.0353313,121206,121239,121079,121080,0.0977878,0.0977158
1056|10,0.0111999999999999,100100,3,10,122610,713.746,0.0353313,121662,121934,118533,118505,-1.04151,-1.04018
1056|10,0.0559999999999999,61989,4,10,122610,713.746,0.0353313,119691,121714,74683.7,74431.3,-1.13706,-1.11822
1056|10,0.2799999999999999,9934,5,10,122610,713.746,0.0353313,103527,112529,8701.02,8636.12,0.925467,0.981304
1056|10,1.4,774,6,10,122610,713.746,0.0353313,47886.8,42368.4,1094.62,1091.29,-1.61245,-1.59971
1056|10,7,638,7,10,122610,713.746,0.0353313,8971.67,3492.23,723.097,722.962,-0.593098,-0.592241
1056|10,35,822,8,10,122610,713.746,0.0353313,1694.88,820.989,695.001,695.033,0.911742,0.911487
1056|9,0.0004479999999999,120198,1,9,122610,713.746,0.0353313,119528,119531,119519,119525,0.0380296,0.0376951
1056|9,0.00224,115424,2,9,122610,713.746,0.0353313,121473,121506,121369,121370,-0.328067,-0.328098
1056|9,0.0111999999999999,104040,3,9,122610,713.746,0.0353313,121929,122201,119263,119230,-0.854859,-0.853273
1056|9,0.0559999999999999,62803,4,9,122610,713.746,0.0353313,119953,121981,79149.2,78830.7,-1.38177,-1.3603
1056|9,0.2799999999999999,11416,5,9,122610,713.746,0.0353313,103754,112775,9927.41,9830.77,0.98255,1.05638
1056|9,1.4,788,6,9,122610,713.746,0.0353313,47991.8,42461.3,1159.68,1154.63,-1.78235,-1.76447
1056|9,7,614,7,9,122610,713.746,0.0353313,8991.46,3499.93,727.53,727.313,-0.787639,-0.786314
1056|9,35,832,8,9,122610,713.746,0.0353313,1698.68,822.83,696.689,696.714,0.969668,0.969465
1056|4,0.0010624,123910,1,4,122610,713.746,0.0353313,119519,119531,119516,119522,0.24622,0.245896
1056|4,0.005312,126950,2,4,122610,713.746,0.0353313,121400,121503,121291,121284,0.312467,0.312904
1056|4,0.02656,105914,3,4,122610,713.746,0.0353313,121292,122118,117490,117284,-0.659836,-0.649256
1056|4,0.1328,55539,4,4,122610,713.746,0.0353313,114835,120099,63911.6,62560.9,-0.875862,-0.750361
1056|4,0.664,6766,5,4,122610,713.746,0.0353313,77883.9,84611.4,6202.99,5974.78,0.586439,0.854413
1056|4,3.32,686,6,4,122610,713.746,0.0353313,20975.6,11454.7,962.013,951.155,-1.54128,-1.49415
1056|4,16.6,742,7,4,122610,713.746,0.0353313,3438.92,1217.71,718.231,717.77,0.166502,0.169817
1056|4,83,876,8,4,122610,713.746,0.0353313,1012.79,717.878,696.26,696.274,1.28865,1.28852
1056|3,0.0010624,130132,1,3,122610,713.746,0.0353313,119252,119264,119246,119252,0.61142,0.611041
1056|3,0.005312,127154,2,3,122610,713.746,0.0353313,121132,121235,120967,120961,0.342581,0.342892
1056|3,0.02656,111063,3,3,122610,713.746,0.0353313,121027,121851,116023,115857,-0.28628,-0.27709
1056|3,0.1328,53602,4,3,122610,713.746,0.0353313,114585,119836,56542.1,55660.6,-0.347479,-0.247139
1056|3,0.664,5384,5,3,122610,713.746,0.0353313,77713.8,84426.7,5068.89,4947.63,0.398344,0.564528
1056|3,3.32,738,6,3,122610,713.746,0.0353313,20929.7,11429.6,906.956,901.292,-0.988764,-0.960361
1056|3,16.6,690,7,3,122610,713.746,0.0353313,3431.35,1215.03,714.337,714.105,-0.171176,-0.169587
1056|3,83,842,8,3,122610,713.746,0.0353313,1010.52,716.273,694.599,694.627,1.05867,1.05844
462|6,0.0006144,102350,1,6,159668,643.492,0.736861,117021,112434,108196,108158,-0.361793,-0.359566
462|6,0.003072,113884,2,6,159668,643.492,0.736861,145521,132367,123771,123611,-0.535024,-0.527048
462|6,0.01536,121365,3,6,159668,643.492,0.736861,155349,130620,116625,116356,0.272178,0.288289
462|6,0.0768,98102,4,6,159668,643.492,0.736861,154347,116694,97529,97180.4,0.0393329,0.0634871
462|6,0.384,76259,5,6,159668,643.492,0.736861,124846,94619.2,72914.5,72551.2,0.306812,0.341833
462|6,1.92,51729,6,6,159668,643.492,0.736861,46333.2,68500.9,48592.2,48287.7,0.43109,0.475895
462|6,9.6,27657,7,6,159668,643.492,0.736861,7255.48,43157.3,28567.9,28363.2,-0.212201,-0.165685
462|6,48,13804,8,6,159668,643.492,0.736861,1117.58,21831,13787.1,13684.7,0.0081014,0.0575177
462|5,0.0006144,100518,1,5,159668,643.492,0.736861,116568,112021,108869,108800,-0.513641,-0.509689
462|5,0.003072,130424,2,5,159668,643.492,0.736861,145068,131972,125551,125323,0.259992,0.272627
462|5,0.01536,129379,3,5,159668,643.492,0.736861,154897,130255,119684,119301,0.542508,0.565781
462|5,0.0768,104544,4,5,159668,643.492,0.736861,153908,116374,101669,101158,0.189303,0.224089
462|5,0.384,71521,5,5,159668,643.492,0.736861,124491,94360.3,77398.1,76845.8,-0.508005,-0.463566
462|5,1.92,57664,6,5,159668,643.492,0.736861,46198.5,68309.6,52473.7,51993.9,0.660766,0.728484
462|5,9.6,30300,7,5,159668,643.492,0.736861,7232.88,43028.6,31259.1,30926,-0.204332,-0.134794
462|5,48,15085,8,5,159668,643.492,0.736861,1113.25,21750.8,15200.6,15028.3,-0.0502382,0.024901
462|4,0.000064,104240,1,4,159668,643.492,0.736861,115174,114268,112844,112721,-0.510582,-0.503867
462|4,0.00032,128947,2,4,159668,643.492,0.736861,143728,138396,135359,134991,-0.317337,-0.299932
462|4,0.0016,136467,3,4,159668,643.492,0.736861,154042,142780,137240,136550,-0.0377327,-0.0040658
462|4,0.008,138746,4,4,159668,643.492,0.736861,157177,136839,127775,126674,0.575111,0.638347
462|4,0.04,119405,5,4,159668,643.492,0.736861,155352,122763,109694,108181,0.592829,0.694735
462|4,0.2,86679,6,4,159668,643.492,0.736861,138169,100835,84959.4,83240.9,0.13545,0.276387
462|4,1,49742,7,4,159668,643.492,0.736861,72155,72463.1,57150.9,55616.6,-0.866345,-0.7058
462|4,5,30602,8,4,159668,643.492,0.736861,12350.1,40965.4,30389.5,29410.9,0.0465602,0.269594
462|3,0.000064,108562,1,3,159668,643.492,0.736861,111310,110635,109443,109341,-0.0538893,-0.0476791
462|3,0.00032,130392,2,3,159668,643.492,0.736861,139863,134833,132294,131960,-0.0963003,-0.0796114
462|3,0.0016,132645,3,3,159668,643.492,0.736861,150178,139341,134698,134062,-0.102118,-0.0708022
462|3,0.008,136907,4,3,159668,643.492,0.736861,153319,133611,125984,124956,0.580719,0.640619
462|3,0.04,113528,5,3,159668,643.492,0.736861,151538,119867,108806,107374,0.290603,0.38378
462|3,0.2,82203,6,3,159668,643.492,0.736861,134704,98406.2,84874.6,83221.8,-0.210647,-0.0819222
462|3,1,54160,7,3,159668,643.492,0.736861,70214.9,70597.7,57460.3,55962.3,-0.383845,-0.215207
462|3,5,30876,8,3,159668,643.492,0.736861,11935.7,39663.1,30577.9,29615,0.0649172,0.283452
462|9,0.0003648,110763,1,9,159668,643.492,0.736861,115172,116888,116808,116865,-0.346587,-0.349691
462|9,0.001824,99793,2,9,159668,643.492,0.736861,143700,144344,143531,143543,-2.04157,-2.04199
462|9,0.00912,104612,3,9,159668,643.492,0.736861,153787,154276,133063,132892,-1.43231,-1.42553
462|9,0.0456,29106,4,9,159668,643.492,0.736861,154961,157259,28530.9,28310.7,0.134147,0.186946
462|9,0.228,1898,5,9,159668,643.492,0.736861,138432,150671,1801.58,1790.48,0.316977,0.355385
462|9,1.14,602,6,9,159668,643.492,0.736861,70623.6,67002,661.652,661.3,-0.444097,-0.441647
462|9,5.7,556,7,9,159668,643.492,0.736861,13233.9,4272.55,582.945,583.016,-0.219792,-0.220348
462|9,28.5,492,8,9,159668,643.492,0.736861,1735.77,577.261,470.885,471.115,0.199398,0.197154
462|10,0.0003648,102838,1,10,159668,643.492,0.736861,111307,113172,113090,113151,-0.607089,-0.610375
462|10,0.001824,109527,2,10,159668,643.492,0.736861,139836,140628,139914,139894,-1.455,-1.45425
462|10,0.00912,75302,3,10,159668,643.492,0.736861,149930,150561,131833,130767,-2.87246,-2.84122
462|10,0.0456,30834,4,10,159668,643.492,0.736861,151157,153549,30544.8,29031.6,0.063046,0.413228
462|10,0.228,1866,5,10,159668,643.492,0.736861,135033,147116,1897.58,1818.89,-0.0991606,0.153573
462|10,1.14,542,6,10,159668,643.492,0.736861,68852.1,65388.3,650.467,647.805,-0.817657,-0.799981
462|10,5.7,526,7,10,159668,643.492,0.736861,12878.1,4162.56,568.071,568.086,-0.349489,-0.349608
462|10,28.5,550,8,10,159668,643.492,0.736861,1677.53,558.91,455.892,456.141,0.907834,0.905111
462|7,0.0000768,94296,1,7,159668,643.492,0.736861,117027,118669,118613,118668,-1.37304,-1.37551
462|7,0.000384,117953,2,7,159668,643.492,0.736861,145579,146126,146085,146102,-1.29021,-1.29086
462|7,0.00192,127709,3,7,159668,643.492,0.736861,155886,156066,155370,155356,-1.19292,-1.19241
462|7,0.0096,104166,4,7,159668,643.492,0.736861,158959,159277,141172,140726,-1.75617,-1.7405
462|7,0.048,34555,5,7,159668,643.492,0.736861,156611,159009,34250.1,33527.1,0.0593297,0.204283
462|7,0.24,2124,6,7,159668,643.492,0.736861,135948,148564,2063.07,2024.56,0.177555,0.294711
462|7,1.2,604,7,7,159668,643.492,0.736861,64268.6,59663,635.777,634.582,-0.243561,-0.234724
462|7,6,570,8,7,159668,643.492,0.736861,10147.3,3211.34,479.357,479.543,0.845876,0.843919
462|8,0.0000768,101781,1,8,159668,643.492,0.736861,116573,118233,118177,118232,-0.92918,-0.931891
462|8,0.000384,127577,2,8,159668,643.492,0.736861,145126,145690,145649,145668,-0.831309,-0.832061
462|8,0.00192,127445,3,8,159668,643.492,0.736861,155433,155630,154949,154952,-1.18938,-1.18947
462|8,0.0096,110699,4,8,159668,643.492,0.736861,158507,158841,141108,141043,-1.44376,-1.44133
462|8,0.048,35462,5,8,159668,643.492,0.736861,156165,158574,34696.7,34585.2,0.147008,0.168958
462|8,0.24,2200,6,8,159668,643.492,0.736861,135553,148149,2086.41,2080.45,0.327694,0.345787
462|8,1.2,518,7,8,159668,643.492,0.736861,64068.5,59485,634.839,634.721,-0.896501,-0.895719
462|8,6,538,8,8,159668,643.492,0.736861,10108,3199.54,477.62,477.839,0.564827,0.562608
462|11,0.0003712,100654,1,11,159668,643.492,0.736861,100780,103049,102973,103049,-0.150774,-0.155592
462|11,0.001856,107033,2,11,159668,643.492,0.736861,129310,130505,130453,130491,-1.20257,-1.20418
462|11,0.00928,111878,3,11,159668,643.492,0.736861,139415,140418,140137,140145,-1.35096,-1.35124
462|11,0.0464,96908,4,11,159668,643.492,0.736861,140741,143125,138455,138151,-2.01028,-1.99996
462|11,0.2319999999999999,62831,5,11,159668,643.492,0.736861,125419,134230,84833.2,82652.4,-1.73562,-1.60473
462|11,1.16,11954,6,11,159668,643.492,0.736861,63222.5,61146.5,10598,10028.8,0.839681,1.25815
462|11,5.8,712,7,11,159668,643.492,0.736861,11669,5670.15,1065.19,1032.7,-1.81631,-1.69134
462|11,29,526,8,11,159668,643.492,0.736861,1493.5,642.935,438.057,436.971,0.870689,0.882845
462|12,0.0003712,92444,1,12,159668,643.492,0.736861,72154.5,75525.7,75412.5,75525.3,1.51081,1.49857
462|12,0.001856,89758,2,12,159668,643.492,0.736861,100691,102981,102896,102971,-0.854844,-0.85914
462|12,0.00928,86511,3,12,159668,643.492,0.736861,110843,112900,112640,112697,-1.5534,-1.55601
462|12,0.0464,76016,4,12,159668,643.492,0.736861,112573,115705,112024,111983,-2.15249,-2.1508
462|12,0.2319999999999999,48569,5,12,159668,643.492,0.736861,100317,108515,69498.2,68843.8,-2.01402,-1.96952
462|12,1.16,9584,6,12,159668,643.492,0.736861,50265.4,49163.4,8774.1,8590.47,0.602979,0.755068
462|12,5.8,838,7,12,159668,643.492,0.736861,9086.35,4474.32,854.709,844.637,-0.102453,-0.0410747
462|12,29,604,8,12,159668,643.492,0.736861,1069.29,471.212,321.391,321.445,3.37968,3.37871
1159|8,0.0016767999999999,99593,1,8,155907,645.636,0.580691,122328,122351,122337,122344,-1.24517,-1.2455
1159|8,0.0083839999999999,116325,2,8,155907,645.636,0.580691,144350,144570,144401,144403,-1.30265,-1.30271
1159|8,0.04192,106706,3,8,155907,645.636,0.580691,150504,152271,148626,148607,-1.88975,-1.88913
1159|8,0.2096,68255,4,8,155907,645.636,0.580691,138301,147695,98681.9,98499.3,-2.06417,-2.05558
1159|8,1.048,14589,5,8,155907,645.636,0.580691,75515.6,74503,12281.1,12226.4,1.23698,1.27182
1159|8,5.24,848,6,8,155907,645.636,0.580691,15516.9,6893.79,1211.06,1208.13,-1.67933,-1.66918
1159|8,26.2,548,7,8,155907,645.636,0.580691,2383.14,888.725,624.599,624.478,-0.594703,-0.59385
1159|8,131,584,8,8,155907,645.636,0.580691,683.155,518.223,507.673,507.698,0.685297,0.685045
1159|7,0.0016767999999999,101433,1,7,155907,645.636,0.580691,122681,122704,122691,122698,-1.16048,-1.1608
1159|7,0.0083839999999999,119429,2,7,155907,645.636,0.580691,144703,144923,144786,144781,-1.17337,-1.17316
1159|7,0.04192,110627,3,7,155907,645.636,0.580691,150852,152623,149660,149492,-1.74748,-1.74192
1159|7,0.2096,72057,4,7,155907,645.636,0.580691,138615,148031,105652,103930,-2.12909,-2.05335
1159|7,1.048,16805,5,7,155907,645.636,0.580691,75687.3,74672.5,14570.2,13944.1,1.01264,1.35358
1159|7,5.24,794,6,7,155907,645.636,0.580691,15552.7,6909.73,1336.89,1302.45,-2.31074,-2.2125
1159|7,26.2,548,7,7,155907,645.636,0.580691,2388.96,890.895,631.642,630.107,-0.644141,-0.633435
1159|7,131,586,8,7,155907,645.636,0.580691,685.126,519.718,509.358,509.326,0.686581,0.686888
1159|5,0.0004351999999999,97161,1,5,155907,645.636,0.580691,122347,122351,122343,122351,-1.37862,-1.37894
1159|5,0.0021759999999999,125765,2,5,155907,645.636,0.580691,144548,144586,144572,144574,-0.871548,-0.87163
1159|5,0.0108799999999999,136220,3,5,155907,645.636,0.580691,152283,152609,152357,152347,-0.709657,-0.70928
1159|5,0.0543999999999999,114517,4,5,155907,645.636,0.580691,152187,154636,149409,149203,-1.56471,-1.5576
1159|5,0.2719999999999999,61943,5,5,155907,645.636,0.580691,132268,143233,84883.9,83493.6,-1.80859,-1.72719
1159|5,1.36,9970,6,5,155907,645.636,0.580691,61187.6,55041.5,8724.55,8451.6,0.932373,1.17241
1159|5,6.8,728,7,5,155907,645.636,0.580691,10836.5,4272.77,978.021,964.583,-1.37779,-1.31828
1159|5,34,602,8,5,155907,645.636,0.580691,1575.31,656.337,521.757,521.251,0.707136,0.712066
1159|6,0.0004351999999999,95565,1,6,155907,645.636,0.580691,122700,122704,122696,122704,-1.48106,-1.48137
1159|6,0.0021759999999999,128566,2,6,155907,645.636,0.580691,144901,144939,144925,144927,-0.756263,-0.756339
1159|6,0.0108799999999999,138726,3,6,155907,645.636,0.580691,152635,152962,152710,152698,-0.613561,-0.613076
1159|6,0.0543999999999999,118728,4,6,155907,645.636,0.580691,152533,154988,149764,149507,-1.38849,-1.37935
1159|6,0.2719999999999999,63450,5,6,155907,645.636,0.580691,132569,143558,85179.1,83451.6,-1.70713,-1.60385
1159|6,1.36,9870,6,6,155907,645.636,0.580691,61329.1,55168.8,8765.17,8426.56,0.823364,1.11775
1159|6,6.8,754,7,6,155907,645.636,0.580691,10863,4283.21,981.419,964.745,-1.24975,-1.17415
1159|6,34,622,8,6,155907,645.636,0.580691,1579.86,658.23,523.303,522.667,0.867995,0.874314
1159|11,0.0014272,100576,1,11,155907,645.636,0.580691,110038,110054,109952,109960,-0.570995,-0.571488
1159|11,0.007136,102398,2,11,155907,645.636,0.580691,132116,132280,129886,129860,-1.41763,-1.41656
1159|11,0.03568,72564,3,11,155907,645.636,0.580691,138757,140105,100086,99706.1,-1.84096,-1.82246
1159|11,0.1784,17511,4,11,155907,645.636,0.580691,130105,137891,15084.8,14912.8,1.0625,1.15069
1159|11,0.892,1002,5,11,155907,645.636,0.580691,77212.9,79529.5,1327.97,1318.32,-1.39534,-1.36243
1159|11,4.46,496,6,11,155907,645.636,0.580691,17175.8,8126.64,614.454,614.029,-0.930584,-0.927708
1159|11,22.3,576,7,11,155907,645.636,0.580691,2568.21,891.67,549.254,549.256,0.227483,0.227461
1159|11,111.5,544,8,11,155907,645.636,0.580691,652.716,468.903,455.768,455.809,0.851302,0.850855
1159|12,0.0014272,84673,1,12,155907,645.636,0.580691,87751.6,87764.7,87650.8,87664.9,-0.22737,-0.228408
1159|12,0.007136,82237,2,12,155907,645.636,0.580691,109856,109992,107341,107327,-1.56599,-1.5653
1159|12,0.03568,57156,3,12,155907,645.636,0.580691,116718,117853,76791.7,76547.9,-1.71064,-1.69476
1159|12,0.1784,11396,4,12,155907,645.636,0.580691,109818,116390,9893.28,9813.75,0.995215,1.05617
1159|12,0.892,752,5,12,155907,645.636,0.580691,65173.2,67128.6,965.065,960.838,-1.18676,-1.16731
1159|12,4.46,502,6,12,155907,645.636,0.580691,14447.8,6835.92,509.789,509.631,-0.0697355,-0.0683371
1159|12,22.3,554,7,12,155907,645.636,0.580691,2135.49,741.431,456.384,456.418,0.941011,0.940641
1159|12,111.5,626,8,12,155907,645.636,0.580691,520.519,373.934,363.42,363.482,2.92137,2.92038
1159|9,0.0004479999999999,95841,1,9,155907,645.636,0.580691,121258,121262,121250,121258,-1.40355,-1.40388
1159|9,0.00224,110983,2,9,155907,645.636,0.580691,143457,143496,143388,143392,-1.5141,-1.51424
1159|9,0.0111999999999999,117579,3,9,155907,645.636,0.580691,151182,151520,149135,149162,-1.4177,-1.41865
1159|9,0.0559999999999999,86107,4,9,155907,645.636,0.580691,151001,153544,114008,114330,-1.63888,-1.65314
1159|9,0.2799999999999999,21584,5,9,155907,645.636,0.580691,130574,141825,18236.3,18406.7,1.21594,1.14352
1159|9,1.4,1152,6,9,155907,645.636,0.580691,59350.9,52582,1518.22,1527.92,-1.39799,-1.42715
1159|9,7,622,7,9,155907,645.636,0.580691,10394.2,3953.16,633.12,633.558,-0.085493,-0.0888127
1159|9,35,558,8,9,155907,645.636,0.580691,1521.25,635.295,503.64,503.688,0.490718,0.490251
1159|10,0.0004479999999999,85632,1,10,155907,645.636,0.580691,118249,118252,118240,118248,-1.84698,-1.84731
1159|10,0.00224,112052,2,10,155907,645.636,0.580691,140449,140487,140383,140382,-1.35204,-1.35201
1159|10,0.0111999999999999,106618,3,10,155907,645.636,0.580691,148180,148511,146232,146142,-1.81499,-1.81197
1159|10,0.0559999999999999,72910,4,10,155907,645.636,0.580691,148054,150546,112525,111372,-2.35757,-2.31261
1159|10,0.2799999999999999,19961,5,10,155907,645.636,0.580691,128025,139056,18277.1,17666.8,0.61026,0.859817
1159|10,1.4,1398,6,10,155907,645.636,0.580691,58172.4,51537.9,1510.68,1475.97,-0.431979,-0.304954
1159|10,7,482,7,10,155907,645.636,0.580691,10176.2,3870.26,620.832,619.324,-1.08259,-1.07271
1159|10,35,578,8,10,155907,645.636,0.580691,1483.5,619.53,491.176,491.152,0.797137,0.797387
1159|4,0.0010624,112128,1,4,155907,645.636,0.580691,121249,121261,121251,121258,-0.503916,-0.504302
1159|4,0.005312,130767,2,4,155907,645.636,0.580691,143370,143487,143419,143420,-0.591047,-0.59108
1159|4,0.02656,137610,3,4,155907,645.636,0.580691,150392,151339,150090,150054,-0.557121,-0.555628
1159|4,0.1328,112132,4,4,155907,645.636,0.580691,144548,150315,130665,130152,-0.950121,-0.927421
1159|4,0.664,38749,5,4,155907,645.636,0.580691,97952,104666,35936.7,35245.4,0.521695,0.662595
1159|4,3.32,2926,6,4,155907,645.636,0.580691,25796.1,15996.6,3019.73,2960.2,-0.192986,-0.0717165
1159|4,16.6,542,7,4,155907,645.636,0.580691,3825.65,1462.91,718.273,715.153,-1.23475,-1.21686
1159|4,83,574,8,4,155907,645.636,0.580691,824.258,541.989,507.791,507.68,0.594358,0.595444
1159|3,0.0010624,108512,1,3,155907,645.636,0.580691,118240,118252,118240,118249,-0.551034,-0.551455
1159|3,0.005312,131884,2,3,155907,645.636,0.580691,140363,140478,140404,140403,-0.406522,-0.406486
1159|3,0.02656,133282,3,3,155907,645.636,0.580691,147405,148334,146966,146887,-0.623823,-0.620563
1159|3,0.1328,105629,4,3,155907,645.636,0.580691,141726,147381,126166,125098,-1.0903,-1.0424
1159|3,0.664,36126,5,3,155907,645.636,0.580691,96039.9,102622,32727.7,31471.9,0.691751,0.984903
1159|3,3.32,2310,6,3,155907,645.636,0.580691,25283.9,15678.9,2746.96,2643.52,-0.981811,-0.77627
1159|3,16.6,688,7,3,155907,645.636,0.580691,3745.42,1432.24,692.033,686.628,-0.0290464,0.00994205
1159|3,83,592,8,3,155907,645.636,0.580691,803.803,528.539,494.678,494.466,0.88926,0.891453
1197|7,0.0016767999999999,74837,1,7,122610,645.636,0.646954,93666.4,93683,93140.7,93133,-1.31541,-1.31497
1197|7,0.0083839999999999,71977,2,7,122610,645.636,0.646954,112871,113031,102953,102724,-2.01445,-2.00401
1197|7,0.04192,42847,3,7,122610,645.636,0.646954,118393,119622,45236.3,44545.1,-0.352581,-0.254451
1197|7,0.2096,5272,4,7,122610,645.636,0.646954,109003,115034,4766.28,4668.58,0.677941,0.825013
1197|7,1.048,660,5,7,122610,645.636,0.646954,59581,58983.1,894.657,888.531,-1.38815,-1.35925
1197|7,5.24,592,6,7,122610,645.636,0.646954,12327.8,6768.46,646.736,646.384,-0.414353,-0.41185
1197|7,26.2,544,7,7,122610,645.636,0.646954,1989,952.433,596.117,596.107,-0.418414,-0.418342
1197|7,131,580,8,7,122610,645.636,0.646954,628.296,510.777,493.328,493.357,0.793407,0.793106
1197|8,0.0016767999999999,74846,1,8,122610,645.636,0.646954,93358.9,93375.4,92837.9,92833.9,-1.29721,-1.29698
1197|8,0.0083839999999999,76735,2,8,122610,645.636,0.646954,112564,112723,102726,102559,-1.694,-1.68582
1197|8,0.04192,41404,3,8,122610,645.636,0.646954,118090,119315,45283.1,44770.2,-0.57185,-0.501897
1197|8,0.2096,5378,4,8,122610,645.636,0.646954,108729,114745,4777.54,4704.59,0.803143,0.914006
1197|8,1.048,706,5,8,122610,645.636,0.646954,59431.3,58834.8,893.866,889.29,-1.11213,-1.08943
1197|8,5.24,542,6,8,122610,645.636,0.646954,12296.2,6751.12,645.164,644.902,-0.782339,-0.780582
1197|8,26.2,550,7,8,122610,645.636,0.646954,1983.59,949.842,594.499,594.495,-0.357952,-0.357919
1197|8,131,550,8,8,122610,645.636,0.646954,626.234,509.1,491.708,491.738,0.534792,0.534495
1197|6,0.0004351999999999,82107,1,6,122610,645.636,0.646954,93681.2,93684.1,93620.6,93623.1,-0.823206,-0.82336
1197|6,0.0021759999999999,94216,2,6,122610,645.636,0.646954,113025,113053,111879,111815,-1.05724,-1.05398
1197|6,0.0108799999999999,78272,3,6,122610,645.636,0.646954,119791,120027,101900,101027,-1.55242,-1.50798
1197|6,0.0543999999999999,33061,4,6,122610,645.636,0.646954,119934,121622,30691.3,29451.2,0.514142,0.815892
1197|6,0.2719999999999999,2724,5,6,122610,645.636,0.646954,104254,111171,2946.55,2824.3,-0.46873,-0.219676
1197|6,1.36,578,6,6,122610,645.636,0.646954,48213.2,44571,767.565,760.259,-1.26288,-1.22308
1197|6,6.8,604,7,6,122610,645.636,0.646954,8591.42,4317.6,602.816,602.421,0.0094289,0.0125845
1197|6,34,546,8,6,122610,645.636,0.646954,1310.65,680.577,493.654,493.665,0.478964,0.478861
1197|5,0.0004351999999999,85902,1,5,122610,645.636,0.646954,93373.7,93376.5,93320.2,93323.3,-0.532093,-0.532296
1197|5,0.0021759999999999,97095,2,5,122610,645.636,0.646954,112718,112746,111716,111663,-0.876414,-0.873638
1197|5,0.0108799999999999,87358,3,5,122610,645.636,0.646954,119484,119720,103542,102790,-1.04651,-1.00518
1197|5,0.0543999999999999,36940,4,5,122610,645.636,0.646954,119633,121316,33634.7,32384.5,0.654818,0.937084
1197|5,0.2719999999999999,2878,5,5,122610,645.636,0.646954,103992,110891,3250.15,3119.08,-0.715615,-0.48167
1197|5,1.36,646,6,5,122610,645.636,0.646954,48089.7,44456.9,784.253,776.383,-0.90603,-0.861076
1197|5,6.8,580,7,5,122610,645.636,0.646954,8568.05,4305.86,602.211,601.785,-0.177031,-0.17372
1197|5,34,628,8,5,122610,645.636,0.646954,1306.34,678.343,492.084,492.093,1.24631,1.24621
1197|12,0.0014272,64032,1,12,122610,645.636,0.646954,63235.9,63245.5,63046.8,63059,0.104466,0.103162
1197|12,0.007136,55335,2,12,122610,645.636,0.646954,82508.2,82613.6,76514.1,76531.7,-1.85177,-1.85288
1197|12,0.03568,22894,3,12,122610,645.636,0.646954,88619.6,89532.5,28744.3,28781.3,-1.35455,-1.36139
1197|12,0.1784,2488,4,12,122610,645.636,0.646954,83654.3,89287.3,2036.47,2039.36,1.33123,1.321
1197|12,0.892,422,5,12,122610,645.636,0.646954,49688.2,51510.8,542.627,542.77,-1.03466,-1.03569
1197|12,4.46,484,6,12,122610,645.636,0.646954,11058.3,4474.27,474.069,474.108,0.0933622,0.0929946
1197|12,22.3,418,7,12,122610,645.636,0.646954,1695.37,578.492,435.073,435.115,-0.169779,-0.170187
1197|12,111.5,586,8,12,122610,645.636,0.646954,446.097,337.129,332.976,333.039,2.96467,2.96362
1197|10,0.0004479999999999,78110,1,10,122610,645.636,0.646954,89802.9,89805.8,89781.8,89787.5,-0.870104,-0.870473
1197|10,0.00224,84573,2,10,122610,645.636,0.646954,109147,109177,108606,108582,-1.48176,-1.48059
1197|10,0.0111999999999999,58621,3,10,122610,645.636,0.646954,115911,116179,101870,101276,-2.84242,-2.81979
1197|10,0.0559999999999999,24817,4,10,122610,645.636,0.646954,116042,118139,25168.5,24275.3,-0.092846,0.148278
1197|10,0.2799999999999999,1870,5,10,122610,645.636,0.646954,100362,110340,1766.02,1714.5,0.347882,0.533972
1197|10,1.4,510,6,10,122610,645.636,0.646954,45583.8,39267.9,653.898,651.99,-1.08058,-1.06853
1197|10,7,484,7,10,122610,645.636,0.646954,8022.56,2568.09,576.359,576.306,-0.759451,-0.759065
1197|10,111.5,602,8,10,122610,645.636,0.646954,633.438,478.708,472.867,472.901,1.21604,1.21566
1197|9,0.0004479999999999,78594,1,9,122610,645.636,0.646954,92424.5,92427.4,92403,92408.4,-1.0003,-1.00063
1197|9,0.00224,83899,2,9,122610,645.636,0.646954,111768,111798,111198,111182,-1.64399,-1.64326
1197|9,0.0111999999999999,69732,3,9,122610,645.636,0.646954,118526,118800,103809,103415,-2.19789,-2.18071
1197|9,0.0559999999999999,27611,4,9,122610,645.636,0.646954,118610,120754,25178.9,24600.9,0.642122,0.813192
1197|9,0.2799999999999999,1566,5,9,122610,645.636,0.646954,102583,112782,1773.46,1740.37,-0.691539,-0.590964
1197|9,1.4,560,6,9,122610,645.636,0.646954,46612.3,40153.9,667.478,666.252,-0.795008,-0.787005
1197|9,7,566,7,9,122610,645.636,0.646954,8215.2,2629.76,590.161,590.129,-0.195367,-0.195117
1197|9,35,568,8,9,122610,645.636,0.646954,1262.59,550.609,486.715,486.745,0.750864,0.750553
1197|3,0.0010624,83416,1,3,122610,645.636,0.646954,89796.6,89805.3,89544.7,89546.9,-0.458089,-0.458236
1197|3,0.005312,89383,2,3,122610,645.636,0.646954,109080,109167,104115,104034,-0.947372,-0.942903
1197|3,0.02656,58909,3,3,122610,645.636,0.646954,115305,115999,63575.1,63083.8,-0.4907,-0.442433
1197|3,0.1328,9266,4,3,122610,645.636,0.646954,111088,115209,8331.26,8208.67,0.731872,0.839875
1197|3,0.664,850,5,3,122610,645.636,0.646954,75321.1,79943.1,1104.12,1095.99,-1.26896,-1.23584
1197|3,3.32,606,6,3,122610,645.636,0.646954,19886.6,13034.3,639.482,639.019,-0.255551,-0.252148
1197|3,16.6,578,7,3,122610,645.636,0.646954,3030.68,1334.39,576.408,576.396,0.0130899,0.0131867
1197|3,83,552,8,3,122610,645.636,0.646954,711.168,509.674,472.936,472.969,0.744474,0.744127
1197|4,0.0010624,79953,1,4,122610,645.636,0.646954,92418,92426.9,92102.8,92108.7,-0.88297,-0.883341
1197|4,0.005312,90004,2,4,122610,645.636,0.646954,111700,111788,105554,105554,-0.986367,-0.986372
1197|4,0.02656,58715,3,4,122610,645.636,0.646954,117907,118616,59218.9,59209.6,-0.0568789,-0.0558288
1197|4,0.1328,7962,4,4,122610,645.636,0.646954,113546,117758,7186.8,7184.77,0.700495,0.702519
1197|4,0.664,770,5,4,122610,645.636,0.646954,76988,81712.3,1041.27,1041.14,-1.42109,-1.42055
1197|4,3.32,568,6,4,122610,645.636,0.646954,20335.3,13328.4,648.87,648.867,-0.610718,-0.610693
1197|4,16.6,564,7,4,122610,645.636,0.646954,3103.45,1366.43,589.974,589.985,-0.210078,-0.210164
1197|4,83,596,8,4,122610,645.636,0.646954,731.929,524.552,486.732,486.764,1.00933,1.009
1197|11,0.0014272,67698,1,11,122610,645.636,0.646954,82651.6,82664.1,82386.2,82397.9,-1.19297,-1.19376
1197|11,0.007136,59779,2,11,122610,645.636,0.646954,101901,102031,93772.2,93885,-2.42655,-2.43168
1197|11,0.03568,23906,3,11,122610,645.636,0.646954,107819,108930,32656.4,32984.7,-1.78509,-1.83377
1197|11,0.1784,2906,4,11,122610,645.636,0.646954,101330,108153,2289.76,2314.22,1.6349,1.55497
1197|11,0.892,526,5,11,122610,645.636,0.646954,60187.1,62394.8,650.513,651.462,-0.938566,-0.944714
1197|11,4.46,512,6,11,122610,645.636,0.646954,13454.2,5443.64,576.557,576.606,-0.530712,-0.531079
1197|11,22.3,520,7,11,122610,645.636,0.646954,2093.85,714.464,537.356,537.379,-0.149876,-0.150068
1197|11,35,602,8,11,122610,645.636,0.646954,1129.22,492.447,435.275,435.317,1.65747,1.65695
