id,f_SAEM,h_SAEM,L_gap_SAEM,eta_alpha_SAEM,f_mode,h_mode,L_gap_mode,eta_alpha_mode,mab_virus,run_id
411|4,0.680342,1.764,-25.82,0.0339469,0.651549,1.764,-25.82,0.0322175,70.0|274,411
411|3,0.373763,1.764,-25.82,0.0339469,0.367659,1.764,-25.82,0.0322175,70.0|274,411
411|5,0.728759,1.764,-25.82,0.0339469,0.721536,1.764,-25.82,0.0322175,70.0|274,411
411|6,0.854842,1.764,-25.82,0.0339469,0.808511,1.764,-25.82,0.0322175,70.0|274,411
411|8,0.522314,1.764,-25.82,0.0339469,0.5039,1.764,-25.82,0.0322175,70.0|274,411
411|7,0.475658,1.764,-25.82,0.0339469,0.464814,1.764,-25.82,0.0322175,70.0|274,411
411|9,0.686077,1.764,-25.82,0.0339469,0.678529,1.764,-25.82,0.0322175,70.0|274,411
411|10,0.799127,1.764,-25.82,0.0339469,0.766209,1.764,-25.82,0.0322175,70.0|274,411
411|12,0.478681,1.764,-25.82,0.0339469,0.468001,1.764,-25.82,0.0322175,70.0|274,411
411|11,0.526413,1.764,-25.82,0.0339469,0.522024,1.764,-25.82,0.0322175,70.0|274,411
411|1,0.688087,1.764,-25.82,0.0339469,0.163104,1.764,-25.82,0.0322175,69.0|274,411
411|2,0.755644,1.764,-25.82,0.0339469,0.163104,1.764,-25.82,0.0322175,69.0|274,411
152|8,0.432288,1.764,-25.82,0.00892557,0.416244,1.764,-25.82,0.00901673,65.0|322,152
152|7,0.472116,1.764,-25.82,0.00892557,0.469208,1.764,-25.82,0.00901673,65.0|322,152
152|6,0.619332,1.764,-25.82,0.00892557,0.596386,1.764,-25.82,0.00901673,65.0|322,152
152|5,0.522585,1.764,-25.82,0.00892557,0.52509,1.764,-25.82,0.00901673,65.0|322,152
152|12,0.173277,1.764,-25.82,0.00892557,0.163731,1.764,-25.82,0.00901673,28.0|322,152
152|11,0.179679,1.764,-25.82,0.00892557,0.174814,1.764,-25.82,0.00901673,28.0|322,152
152|10,0.171763,1.764,-25.82,0.00892557,0.169036,1.764,-25.82,0.00901673,28.0|322,152
152|9,0.221594,1.764,-25.82,0.00892557,0.214712,1.764,-25.82,0.00901673,28.0|322,152
152|3,0.408173,1.764,-25.82,0.00892557,0.373206,1.764,-25.82,0.00901673,22.0|322,152
152|4,0.418998,1.764,-25.82,0.00892557,0.408308,1.764,-25.82,0.00901673,22.0|322,152
152|1,0.539223,1.764,-25.82,0.00892557,0.161843,1.764,-25.82,0.00901673,69.0|322,152
152|2,0.491824,1.764,-25.82,0.00892557,0.161843,1.764,-25.82,0.00901673,69.0|322,152
1056|8,0.134285,1.764,-25.82,0.00892557,0.133319,1.764,-25.82,0.00901673,65.0|276,1056
1056|7,0.131941,1.764,-25.82,0.00892557,0.130172,1.764,-25.82,0.00901673,65.0|276,1056
1056|6,0.134389,1.764,-25.82,0.00892557,0.132708,1.764,-25.82,0.00901673,65.0|276,1056
1056|5,0.130788,1.764,-25.82,0.00892557,0.126385,1.764,-25.82,0.00901673,65.0|276,1056
1056|12,0.0343951,1.764,-25.82,0.00892557,0.0334956,1.764,-25.82,0.00901673,28.0|276,1056
1056|11,0.0409921,1.764,-25.82,0.00892557,0.0400782,1.764,-25.82,0.00901673,28.0|276,1056
1056|10,0.0625609,1.764,-25.82,0.00892557,0.0603854,1.764,-25.82,0.00901673,28.0|276,1056
1056|9,0.0666096,1.764,-25.82,0.00892557,0.0653444,1.764,-25.82,0.00901673,28.0|276,1056
1056|4,0.117722,1.764,-25.82,0.00892557,0.114279,1.764,-25.82,0.00901673,22.0|276,1056
1056|3,0.10505,1.764,-25.82,0.00892557,0.102807,1.764,-25.82,0.00901673,22.0|276,1056
1056|1,0.678076,1.764,-25.82,0.00892557,0.213805,1.764,-25.82,0.00901673,69.0|276,1056
1056|2,0.589341,1.764,-25.82,0.00892557,0.213805,1.764,-25.82,0.00901673,69.0|276,1056
462|6,13.5017,1.764,-25.82,-0.00974082,13.229,1.764,-25.82,-0.0105357,55.0|292,462
462|5,14.7907,1.764,-25.82,-0.00974082,14.0734,1.764,-25.82,-0.0105357,55.0|292,462
462|4,2.63526,1.764,-25.82,-0.00974082,2.47788,1.764,-25.82,-0.0105357,55.0|292,462
462|3,2.80642,1.764,-25.82,-0.00974082,2.55394,1.764,-25.82,-0.0105357,55.0|292,462
462|9,0.0173409,1.764,-25.82,-0.00974082,0.0170592,1.764,-25.82,-0.0105357,32.0|292,462
462|10,0.0182165,1.764,-25.82,-0.00974082,0.0175928,1.764,-25.82,-0.0105357,32.0|292,462
462|7,0.0201994,1.764,-25.82,-0.00974082,0.0198846,1.764,-25.82,-0.0105357,32.0|292,462
462|8,0.02101,1.764,-25.82,-0.00974082,0.0202771,1.764,-25.82,-0.0105357,32.0|292,462
462|11,0.265272,1.764,-25.82,-0.00974082,0.253556,1.764,-25.82,-0.0105357,22.0|292,462
462|12,0.276421,1.764,-25.82,-0.00974082,0.267334,1.764,-25.82,-0.0105357,22.0|292,462
462|1,0.667704,1.764,-25.82,-0.00974082,0.164244,1.764,-25.82,-0.0105357,69.0|292,462
462|2,0.454515,1.764,-25.82,-0.00974082,0.164244,1.764,-25.82,-0.0105357,69.0|292,462
1159|8,0.245039,1.764,-25.82,0.00892557,0.241805,1.764,-25.82,0.00901673,65.0|292,1159
1159|7,0.279627,1.764,-25.82,0.00892557,0.262991,1.764,-25.82,0.00901673,65.0|292,1159
1159|5,0.264538,1.764,-25.82,0.00892557,0.252366,1.764,-25.82,0.00901673,65.0|292,1159
1159|6,0.256703,1.764,-25.82,0.00892557,0.251891,1.764,-25.82,0.00901673,65.0|292,1159
1159|11,0.0505257,1.764,-25.82,0.00892557,0.0491879,1.764,-25.82,0.00901673,28.0|292,1159
1159|12,0.0429654,1.764,-25.82,0.00892557,0.0418423,1.764,-25.82,0.00901673,28.0|292,1159
1159|9,0.0873621,1.764,-25.82,0.00892557,0.0844653,1.764,-25.82,0.00901673,28.0|292,1159
1159|10,0.0838241,1.764,-25.82,0.00892557,0.0823438,1.764,-25.82,0.00901673,28.0|292,1159
1159|4,0.324721,1.764,-25.82,0.00892557,0.313828,1.764,-25.82,0.00901673,22.0|292,1159
1159|3,0.300467,1.764,-25.82,0.00892557,0.294477,1.764,-25.82,0.00901673,22.0|292,1159
1159|1,0.442965,1.764,-25.82,0.00892557,0.158851,1.764,-25.82,0.00901673,69.0|292,1159
1159|2,0.698679,1.764,-25.82,0.00892557,0.158852,1.764,-25.82,0.00901673,69.0|292,1159
1197|7,0.0308869,1.764,-25.82,-0.000311626,0.0303082,1.764,-25.82,-0.000552819,65.0|103,1197
1197|8,0.0313633,1.764,-25.82,-0.000311626,0.030542,1.764,-25.82,-0.000552819,65.0|103,1197
1197|6,0.0278537,1.764,-25.82,-0.000311626,0.0274481,1.764,-25.82,-0.000552819,65.0|103,1197
1197|5,0.0304284,1.764,-25.82,-0.000311626,0.0295416,1.764,-25.82,-0.000552819,65.0|103,1197
1197|12,0.0189985,1.764,-25.82,-0.000311626,0.0186668,1.764,-25.82,-0.000552819,28.0|103,1197
1197|10,0.023774,1.764,-25.82,-0.000311626,0.0227948,1.764,-25.82,-0.000552819,28.0|103,1197
1197|9,0.0236651,1.764,-25.82,-0.000311626,0.0233588,1.764,-25.82,-0.000552819,28.0|103,1197
1197|3,0.0299009,1.764,-25.82,-0.000311626,0.0284302,1.764,-25.82,-0.000552819,22.0|103,1197
1197|4,0.0266508,1.764,-25.82,-0.000311626,0.0256984,1.764,-25.82,-0.000552819,22.0|103,1197
1197|11,0.0178673,1.764,-25.82,-0.000311626,0.0176522,1.764,-25.82,-0.000552819,28.0|103,1197
1197|1,0.509875,1.764,-25.82,-0.000311626,0.160436,1.764,-25.82,-0.000552819,69.0|103,1197
1197|2,0.603439,1.764,-25.82,-0.000311626,0.160436,1.764,-25.82,-0.000552819,69.0|103,1197
