rep,id,eta_f,eta_h,eta_L_gap,eta_eta_alpha,goes_down,mab_virus,run_id
1,411|4,0,-7.42985e-06,-9.06296e-08,0,True,70.0|274,411
1,411|3,0,7.48895e-06,-1.82503e-08,0,True,70.0|274,411
1,411|5,0,-6.56888e-06,-6.68999e-09,0,True,70.0|274,411
1,411|6,0,-3.23836e-05,1.42209e-07,0,True,70.0|274,411
1,411|8,0,7.73985e-06,-4.46887e-08,0,True,70.0|274,411
1,411|7,0,1.39329e-05,-8.39472e-09,0,True,70.0|274,411
1,411|9,0,7.31882e-06,1.44089e-07,0,True,70.0|274,411
1,411|10,0,1.9788e-05,5.81203e-08,0,True,70.0|274,411
1,411|12,0,2.66299e-06,1.76367e-08,0,True,70.0|274,411
1,411|11,0,1.72582e-05,-7.04918e-08,0,True,70.0|274,411
1,411|1,0,1.50561e-05,-1.1425e-08,0,False,69.0|274,411
1,411|2,0,9.36937e-06,-1.60392e-08,0,False,69.0|274,411
1,783|3,0,-5.41004e-06,-5.54249e-08,0,True,6.0|71,783
1,783|4,0,-1.45536e-05,-9.40669e-08,0,True,6.0|71,783
1,783|5,0,-1.09269e-05,2.75257e-08,0,True,6.0|71,783
1,783|6,0,-5.83051e-07,5.07967e-08,0,True,6.0|71,783
1,783|7,0,1.62624e-05,2.41638e-08,0,True,6.0|71,783
1,783|8,0,1.25978e-05,-9.40906e-08,0,True,6.0|71,783
1,783|10,0,-2.69136e-06,2.75277e-08,0,True,6.0|71,783
1,783|9,0,7.22631e-06,-7.83275e-09,0,True,6.0|71,783
1,783|12,0,-3.20469e-06,7.09376e-08,0,True,6.0|71,783
1,783|11,0,-1.07678e-05,-1.78982e-08,0,True,6.0|71,783
1,783|1,0,1.7295e-05,-3.79337e-08,0,False,69.0|71,783
1,783|2,0,1.2264e-05,-2.07206e-08,0,False,69.0|71,783
1,491|10,0,-1.03422e-05,9.95784e-08,0,True,6.0|99,491
1,491|9,0,3.06635e-06,2.94284e-09,0,True,6.0|99,491
1,491|12,0,-9.48023e-06,-1.88885e-08,0,True,6.0|99,491
1,491|11,0,-2.31448e-05,6.53698e-08,0,True,6.0|99,491
1,491|4,0,-6.0897e-06,3.00709e-08,0,True,44.0|99,491
1,491|3,0,-8.69272e-06,8.52292e-09,0,True,44.0|99,491
1,491|6,0,-6.85004e-06,5.44729e-08,0,True,44.0|99,491
1,491|5,0,-1.14796e-05,-1.76503e-08,0,True,44.0|99,491
1,491|7,0,1.19152e-06,3.32393e-08,0,True,63.0|99,491
1,491|8,0,-8.88516e-06,7.84247e-08,0,True,63.0|99,491
1,491|1,0,-1.25927e-05,4.55172e-08,0,False,69.0|99,491
1,491|2,0,9.24742e-06,-1.06538e-07,0,False,69.0|99,491
1,433|4,0,-8.43622e-06,-2.93603e-08,0,True,6.0|99,433
1,433|3,0,-8.84035e-06,9.7273e-08,0,True,6.0|99,433
1,433|6,0,4.13467e-06,-1.23986e-07,0,True,6.0|99,433
1,433|5,0,-1.72629e-05,-7.83845e-08,0,True,6.0|99,433
1,433|8,0,8.96871e-06,-7.21808e-08,0,True,6.0|99,433
1,433|7,0,-1.49758e-05,8.4548e-09,0,True,6.0|99,433
1,433|10,0,2.67445e-05,-1.38536e-07,0,True,6.0|99,433
1,433|9,0,-4.08557e-06,-1.08937e-10,0,True,6.0|99,433
1,433|11,0,1.25755e-05,6.68677e-08,0,True,6.0|99,433
1,433|12,0,3.07286e-05,-2.9941e-08,0,True,6.0|99,433
1,433|1,0,2.46716e-05,8.91953e-08,0,False,69.0|99,433
1,433|2,0,-7.66675e-06,-2.36422e-08,0,False,69.0|99,433
1,297|3,0,-4.83553e-06,5.30099e-08,0,True,6.0|71,297
1,297|4,0,-6.95494e-07,3.61692e-08,0,True,6.0|71,297
1,297|5,0,6.97222e-06,5.99079e-08,0,True,6.0|71,297
1,297|6,0,1.69789e-05,-1.28936e-07,0,True,6.0|71,297
1,297|8,0,-1.1604e-06,-2.38147e-08,0,True,6.0|71,297
1,297|7,0,-1.4439e-05,-5.46863e-08,0,True,6.0|71,297
1,297|9,0,-1.32452e-05,6.97186e-08,0,True,6.0|71,297
1,297|10,0,-8.5062e-06,5.23256e-08,0,True,6.0|71,297
1,297|12,0,6.78635e-06,-3.40466e-08,0,True,6.0|71,297
1,297|11,0,-1.54468e-05,1.31254e-08,0,True,6.0|71,297
1,297|1,0,-1.10964e-05,-7.39673e-08,0,False,69.0|71,297
1,297|2,0,-7.74991e-06,9.56162e-09,0,False,69.0|71,297
1,183|4,0,-3.43667e-07,-5.34906e-08,0,True,6.0|233,183
1,183|3,0,-4.40777e-06,-3.05611e-08,0,True,6.0|233,183
1,183|6,0,-1.91385e-05,2.43997e-08,0,True,6.0|233,183
1,183|5,0,-4.97929e-06,1.90216e-08,0,True,6.0|233,183
1,183|7,0,5.77075e-06,9.46812e-08,0,True,6.0|233,183
1,183|8,0,-6.43054e-06,7.81171e-08,0,True,6.0|233,183
1,183|10,0,2.88412e-05,-3.47586e-09,0,True,6.0|233,183
1,183|9,0,-4.37058e-06,-2.52752e-08,0,True,6.0|233,183
1,183|12,0,2.75054e-05,-1.18786e-08,0,True,6.0|233,183
1,183|11,0,1.37828e-05,1.86812e-08,0,True,6.0|233,183
1,183|1,0,3.96381e-06,3.95934e-08,0,False,69.0|233,183
1,183|2,0,5.4253e-06,-1.44791e-07,0,False,69.0|233,183
1,705|3,0,-3.61304e-06,-3.51349e-08,0,False,6.0|233,705
1,705|4,0,-8.57556e-06,8.38521e-08,0,False,6.0|233,705
1,705|5,0,-1.37285e-05,-1.89269e-09,0,False,6.0|233,705
1,705|6,0,2.33685e-06,-6.49765e-08,0,False,6.0|233,705
1,705|7,0,-2.04305e-06,-1.13093e-08,0,False,6.0|233,705
1,705|8,0,2.95115e-06,-3.91287e-09,0,False,6.0|233,705
1,705|10,0,-7.28964e-06,2.50867e-08,0,True,6.0|233,705
1,705|9,0,-1.76364e-06,-9.10585e-09,0,True,6.0|233,705
1,705|12,0,-4.49887e-05,-5.21887e-08,0,True,6.0|233,705
1,705|11,0,5.7428e-07,-2.88985e-08,0,True,6.0|233,705
1,705|1,0,-6.8615e-06,-5.64739e-08,0,False,69.0|233,705
1,705|2,0,-1.04623e-05,-2.41609e-08,0,False,69.0|233,705
1,555|4,0,-2.44337e-06,3.4848e-08,0,True,6.0|233,555
1,555|3,0,-8.77795e-06,3.38499e-08,0,True,6.0|233,555
1,555|5,0,4.34772e-06,-6.25835e-08,0,True,6.0|233,555
1,555|6,0,-1.41634e-06,4.48311e-08,0,True,6.0|233,555
1,555|7,0,1.91253e-05,-3.8814e-09,0,True,6.0|233,555
1,555|8,0,-1.46759e-05,-1.56471e-08,0,True,6.0|233,555
1,555|9,0,7.47639e-06,5.81016e-08,0,True,6.0|233,555
1,555|10,0,-1.68885e-05,1.15296e-07,0,True,6.0|233,555
1,555|12,0,-1.45521e-05,-1.35149e-08,0,True,6.0|233,555
1,555|11,0,-6.62323e-06,-7.27098e-08,0,True,6.0|233,555
1,555|1,0,6.01608e-06,8.36937e-09,0,False,69.0|233,555
1,555|2,0,-1.18808e-05,-5.15146e-08,0,False,69.0|233,555
1,394|5,0,1.84373e-05,-1.71049e-08,0,True,6.0|42,394
1,394|6,0,-1.90022e-05,4.26117e-08,0,True,6.0|42,394
1,394|7,0,-1.41876e-05,-6.19561e-08,0,True,6.0|42,394
1,394|8,0,3.13661e-06,3.95539e-09,0,True,6.0|42,394
1,394|10,0,9.21088e-06,-7.52212e-08,0,True,6.0|42,394
1,394|9,0,5.66236e-06,-6.14685e-08,0,True,6.0|42,394
1,394|12,0,1.05263e-05,-4.37813e-08,0,True,6.0|42,394
1,394|11,0,7.8978e-06,-2.61412e-08,0,True,6.0|42,394
1,394|3,0,1.93244e-06,-2.73082e-08,0,True,63.0|42,394
1,394|4,0,2.04124e-05,4.03045e-08,0,True,63.0|42,394
1,394|1,0,-1.36299e-05,8.27898e-08,0,False,69.0|42,394
1,394|2,0,-6.77072e-06,4.97421e-08,0,False,69.0|42,394
1,1099|3,0,5.19879e-06,-5.29634e-09,0,True,6.0|73,1099
1,1099|4,0,-3.57265e-06,-6.4336e-09,0,True,6.0|73,1099
1,1099|5,0,-7.34629e-06,-1.22893e-08,0,True,6.0|73,1099
1,1099|6,0,-8.06363e-06,1.48847e-08,0,True,6.0|73,1099
1,1099|8,0,-2.03652e-05,-4.63499e-08,0,True,6.0|73,1099
1,1099|7,0,-8.5772e-06,-6.24101e-09,0,True,6.0|73,1099
1,1099|9,0,-1.96028e-05,3.13838e-08,0,True,6.0|73,1099
1,1099|10,0,2.38002e-06,2.84212e-08,0,True,6.0|73,1099
1,1099|11,0,1.97492e-05,3.66256e-08,0,True,6.0|73,1099
1,1099|12,0,1.76656e-05,-5.85821e-08,0,True,6.0|73,1099
1,1099|1,0,9.75503e-06,5.40949e-08,0,False,69.0|73,1099
1,1099|2,0,7.89178e-06,-9.30096e-08,0,False,69.0|73,1099
1,611|4,0,9.83603e-06,-1.259e-07,0,True,6.0|73,611
1,611|3,0,-1.60478e-05,-3.98374e-08,0,True,6.0|73,611
1,611|5,0,-1.58998e-05,1.24986e-07,0,True,6.0|73,611
1,611|6,0,1.64083e-05,-2.72735e-08,0,True,6.0|73,611
1,611|7,0,-5.44645e-06,3.77063e-08,0,True,6.0|73,611
1,611|8,0,-2.42569e-06,6.72321e-08,0,True,6.0|73,611
1,611|9,0,2.90781e-06,-5.53026e-08,0,True,6.0|73,611
1,611|10,0,-1.56073e-05,-2.86181e-08,0,True,6.0|73,611
1,611|12,0,2.23903e-05,-3.29164e-08,0,True,6.0|73,611
1,611|11,0,1.1772e-05,1.20399e-08,0,True,6.0|73,611
1,611|1,0,-7.90995e-06,-2.6142e-08,0,False,69.0|73,611
1,611|2,0,2.03249e-05,-1.85863e-08,0,False,69.0|73,611
1,84|5,0,-2.49931e-05,3.84293e-08,0,True,55.0|162,84
1,84|6,0,-6.46214e-06,-3.31125e-08,0,True,55.0|162,84
1,84|4,0,8.72635e-06,2.54219e-08,0,True,55.0|162,84
1,84|3,0,3.11339e-06,-4.42352e-08,0,True,55.0|162,84
1,84|9,0,9.55219e-06,-5.57954e-08,0,True,32.0|162,84
1,84|10,0,-2.19513e-05,2.74552e-08,0,True,32.0|162,84
1,84|7,0,-5.58432e-06,5.82378e-09,0,True,32.0|162,84
1,84|8,0,-1.01378e-05,-5.24263e-08,0,True,32.0|162,84
1,84|12,0,-4.08036e-06,1.05925e-08,0,True,22.0|162,84
1,84|11,0,-3.11692e-05,-2.42437e-08,0,True,22.0|162,84
1,84|1,0,6.4863e-07,8.83748e-08,0,False,69.0|162,84
1,84|2,0,-2.07962e-05,-3.42188e-08,0,False,69.0|162,84
1,1042|8,0,1.11777e-05,-2.31354e-08,0,True,65.0|162,1042
1,1042|7,0,-8.92643e-06,4.58964e-08,0,True,65.0|162,1042
1,1042|6,0,-3.36016e-05,-1.34558e-08,0,True,65.0|162,1042
1,1042|5,0,1.66278e-05,6.39365e-08,0,True,65.0|162,1042
1,1042|12,0,1.57537e-05,-1.30721e-08,0,True,28.0|162,1042
1,1042|11,0,2.9598e-06,6.58347e-09,0,True,28.0|162,1042
1,1042|9,0,3.01138e-05,-8.30579e-08,0,True,28.0|162,1042
1,1042|10,0,3.48548e-06,3.87335e-08,0,True,28.0|162,1042
1,1042|4,0,7.75963e-07,7.50171e-08,0,True,22.0|162,1042
1,1042|3,0,-7.31283e-06,1.90322e-08,0,True,22.0|162,1042
1,1042|1,0,-9.39224e-06,-3.93556e-08,0,False,69.0|162,1042
1,1042|2,0,-7.87777e-06,-6.11433e-08,0,False,69.0|162,1042
1,719|5,0,1.17408e-05,4.90774e-08,0,True,55.0|274,719
1,719|6,0,8.5757e-06,2.68038e-08,0,True,55.0|274,719
1,719|3,0,1.81987e-05,-1.01096e-07,0,True,55.0|274,719
1,719|4,0,3.37136e-05,2.1974e-08,0,True,55.0|274,719
1,719|10,0,3.00607e-05,-8.27089e-08,0,True,32.0|274,719
1,719|9,0,-2.47365e-06,-4.37961e-08,0,True,32.0|274,719
1,719|8,0,8.64772e-06,2.16803e-08,0,True,32.0|274,719
1,719|7,0,-1.0981e-05,3.72375e-08,0,True,32.0|274,719
1,719|12,0,-1.422e-05,4.76164e-08,0,True,22.0|274,719
1,719|11,0,6.2745e-06,-5.27359e-08,0,True,22.0|274,719
1,719|1,0,1.07323e-06,-2.08283e-08,0,False,69.0|274,719
1,719|2,0,-1.58221e-05,1.2528e-08,0,False,69.0|274,719
1,863|7,0,9.20839e-06,4.99701e-08,0,True,65.0|274,863
1,863|8,0,2.18763e-05,-5.51319e-08,0,True,65.0|274,863
1,863|6,0,4.05814e-06,-2.47005e-08,0,True,65.0|274,863
1,863|5,0,1.11526e-05,8.11647e-08,0,True,65.0|274,863
1,863|11,0,6.49126e-06,2.35012e-08,0,True,28.0|274,863
1,863|12,0,-7.45226e-06,7.53665e-08,0,True,28.0|274,863
1,863|9,0,-2.85017e-06,-5.95335e-08,0,True,28.0|274,863
1,863|10,0,2.29568e-06,-2.99985e-08,0,True,28.0|274,863
1,863|3,0,1.22095e-05,4.14954e-08,0,True,22.0|274,863
1,863|4,0,1.42964e-05,2.02621e-08,0,True,22.0|274,863
1,863|1,0,-3.9187e-06,1.62376e-08,0,False,69.0|274,863
1,863|2,0,1.8364e-05,4.85915e-08,0,False,69.0|274,863
1,488|6,0,6.94918e-06,7.30862e-08,0,True,55.0|322,488
1,488|5,0,5.79095e-06,2.19893e-08,0,True,55.0|322,488
1,488|4,0,-7.80611e-06,2.03854e-08,0,True,55.0|322,488
1,488|3,0,-1.02811e-06,-2.5255e-08,0,True,55.0|322,488
1,488|10,0,3.35011e-06,9.49409e-08,0,True,32.0|322,488
1,488|9,0,1.10944e-05,7.82309e-08,0,True,32.0|322,488
1,488|8,0,1.61335e-06,-1.55923e-08,0,True,32.0|322,488
1,488|7,0,-5.51525e-06,3.23932e-08,0,True,32.0|322,488
1,488|11,0,-1.11861e-05,-1.71981e-08,0,True,22.0|322,488
1,488|12,0,-5.00561e-06,5.27148e-08,0,True,22.0|322,488
1,488|1,0,-1.65681e-05,-3.98892e-08,0,False,69.0|322,488
1,488|2,0,2.15907e-05,7.3793e-08,0,False,69.0|322,488
1,152|8,0,-3.12855e-06,6.18433e-08,0,True,65.0|322,152
1,152|7,0,8.77098e-06,1.78973e-08,0,True,65.0|322,152
1,152|6,0,-3.07703e-06,-3.67182e-08,0,True,65.0|322,152
1,152|5,0,-1.45676e-05,8.31605e-09,0,True,65.0|322,152
1,152|12,0,1.19678e-05,-2.28214e-08,0,True,28.0|322,152
1,152|11,0,-4.36422e-06,-1.86547e-08,0,True,28.0|322,152
1,152|10,0,1.29738e-05,-4.84752e-10,0,True,28.0|322,152
1,152|9,0,-7.99695e-06,-7.87142e-08,0,True,28.0|322,152
1,152|3,0,3.25911e-06,-4.33561e-08,0,True,22.0|322,152
1,152|4,0,2.13511e-05,-1.81655e-08,0,True,22.0|322,152
1,152|1,0,1.74687e-05,-7.95174e-08,0,False,69.0|322,152
1,152|2,0,4.80458e-06,6.70928e-09,0,False,69.0|322,152
1,847|6,0,6.63524e-06,-1.85163e-08,0,True,55.0|69,847
1,847|3,0,-2.36597e-05,8.62688e-08,0,True,55.0|69,847
1,847|4,0,-7.1473e-07,-3.61811e-08,0,True,55.0|69,847
1,847|10,0,-1.90773e-06,1.01185e-08,0,True,32.0|69,847
1,847|9,0,-1.13291e-05,3.22446e-08,0,True,32.0|69,847
1,847|7,0,-5.73058e-06,3.92607e-08,0,True,32.0|69,847
1,847|8,0,1.98859e-06,-5.03092e-08,0,True,32.0|69,847
1,847|12,0,2.07011e-05,-5.89044e-09,0,True,22.0|69,847
1,847|11,0,-1.0673e-05,3.26932e-08,0,True,22.0|69,847
1,847|5,0,1.6743e-05,6.03348e-08,0,True,55.0|69,847
1,847|1,0,-5.32238e-06,-1.03431e-08,0,False,69.0|69,847
1,847|2,0,2.13075e-05,3.31903e-08,0,False,69.0|69,847
1,1241|8,0,6.06126e-06,-4.73952e-08,0,True,65.0|69,1241
1,1241|7,0,-5.10348e-06,-5.51601e-08,0,True,65.0|69,1241
1,1241|5,0,6.54556e-06,-4.95707e-09,0,True,65.0|69,1241
1,1241|6,0,-5.53422e-06,1.02685e-07,0,True,65.0|69,1241
1,1241|11,0,-4.83948e-06,1.27615e-08,0,True,28.0|69,1241
1,1241|12,0,-4.59216e-06,3.68841e-09,0,True,28.0|69,1241
1,1241|9,0,1.60715e-05,-9.90666e-08,0,True,28.0|69,1241
1,1241|10,0,3.61594e-06,-6.27032e-08,0,True,28.0|69,1241
1,1241|3,0,1.29767e-05,-1.30343e-07,0,True,22.0|69,1241
1,1241|4,0,-9.42267e-06,4.78369e-08,0,True,22.0|69,1241
1,1241|1,0,-3.46723e-06,4.11545e-08,0,False,69.0|69,1241
1,1241|2,0,-1.04038e-05,7.4868e-08,0,False,69.0|69,1241
1,474|5,0,1.74064e-05,4.36891e-08,0,True,55.0|276,474
1,474|6,0,1.13561e-05,-7.65584e-09,0,True,55.0|276,474
1,474|3,0,3.71467e-08,-6.69087e-09,0,True,55.0|276,474
1,474|4,0,1.7563e-05,6.15887e-08,0,True,55.0|276,474
1,474|9,0,9.90696e-07,-6.19693e-09,0,True,32.0|276,474
1,474|10,0,2.07034e-05,-7.0791e-08,0,True,32.0|276,474
1,474|8,0,1.40443e-05,5.76572e-08,0,True,32.0|276,474
1,474|7,0,1.16255e-05,3.5531e-08,0,True,32.0|276,474
1,474|12,0,1.24876e-05,-7.67195e-08,0,True,22.0|276,474
1,474|11,0,-4.22359e-06,-4.08581e-08,0,True,22.0|276,474
1,474|1,0,-3.02473e-05,1.91023e-08,0,False,69.0|276,474
1,474|2,0,-8.13168e-06,-7.56772e-10,0,False,69.0|276,474
1,1056|8,0,-1.12199e-05,-5.79304e-08,0,True,65.0|276,1056
1,1056|7,0,2.43774e-05,6.37107e-08,0,True,65.0|276,1056
1,1056|6,0,9.11506e-06,6.8351e-08,0,True,65.0|276,1056
1,1056|5,0,3.82723e-06,-7.25825e-08,0,True,65.0|276,1056
1,1056|12,0,1.63861e-05,-2.17466e-08,0,True,28.0|276,1056
1,1056|11,0,-7.61007e-06,-1.0555e-07,0,True,28.0|276,1056
1,1056|10,0,-4.27267e-06,-7.27372e-08,0,True,28.0|276,1056
1,1056|9,0,7.00445e-06,-1.13273e-07,0,True,28.0|276,1056
1,1056|4,0,4.02129e-06,1.01182e-07,0,True,22.0|276,1056
1,1056|3,0,-8.9806e-06,3.20372e-08,0,True,22.0|276,1056
1,1056|1,0,3.93027e-06,2.56937e-08,0,False,69.0|276,1056
1,1056|2,0,-1.53407e-05,-1.55239e-07,0,False,69.0|276,1056
1,462|6,0,-3.40979e-05,8.22338e-08,0,True,55.0|292,462
1,462|5,0,1.26436e-05,-1.08331e-08,0,True,55.0|292,462
1,462|4,0,-3.98472e-06,8.16151e-09,0,True,55.0|292,462
1,462|3,0,3.78761e-07,1.14398e-08,0,True,55.0|292,462
1,462|9,0,-1.52667e-05,-5.52195e-09,0,True,32.0|292,462
1,462|10,0,-9.69364e-06,-6.78896e-08,0,True,32.0|292,462
1,462|7,0,-6.20369e-06,4.84695e-08,0,True,32.0|292,462
1,462|8,0,-1.32406e-05,3.45784e-09,0,True,32.0|292,462
1,462|11,0,2.51472e-05,-1.82714e-08,0,True,22.0|292,462
1,462|12,0,7.64658e-06,-2.30388e-08,0,True,22.0|292,462
1,462|1,0,1.82547e-05,-1.16132e-08,0,False,69.0|292,462
1,462|2,0,4.79432e-06,4.46316e-08,0,False,69.0|292,462
1,1159|8,0,-4.51474e-06,-2.56733e-09,0,True,65.0|292,1159
1,1159|7,0,1.54275e-05,5.79518e-08,0,True,65.0|292,1159
1,1159|5,0,2.34998e-05,6.61112e-08,0,True,65.0|292,1159
1,1159|6,0,-4.65748e-06,1.19506e-08,0,True,65.0|292,1159
1,1159|11,0,-1.58759e-06,9.16183e-09,0,True,28.0|292,1159
1,1159|12,0,-1.22219e-05,8.24522e-09,0,True,28.0|292,1159
1,1159|9,0,1.305e-05,3.73569e-08,0,True,28.0|292,1159
1,1159|10,0,4.48338e-07,5.32835e-08,0,True,28.0|292,1159
1,1159|4,0,-2.1444e-05,-8.10255e-09,0,True,22.0|292,1159
1,1159|3,0,-4.41653e-06,-1.35851e-08,0,True,22.0|292,1159
1,1159|1,0,4.32898e-06,-1.74437e-08,0,False,69.0|292,1159
1,1159|2,0,-2.68466e-06,-9.84847e-08,0,False,69.0|292,1159
1,75|6,0,-1.98736e-05,-4.13647e-08,0,True,55.0|65,75
1,75|5,0,-2.48077e-05,-6.38524e-08,0,True,55.0|65,75
1,75|3,0,8.90972e-06,-3.72766e-08,0,True,55.0|65,75
1,75|4,0,7.69899e-06,2.51743e-08,0,True,55.0|65,75
1,75|9,0,1.1179e-06,-6.03371e-09,0,True,32.0|65,75
1,75|10,0,-8.34941e-06,7.27331e-09,0,True,32.0|65,75
1,75|7,0,3.16012e-06,7.97995e-08,0,True,32.0|65,75
1,75|8,0,-2.03028e-06,6.97146e-08,0,True,32.0|65,75
1,75|12,0,5.54709e-06,-4.10882e-08,0,True,22.0|65,75
1,75|11,0,1.37464e-05,-4.39458e-08,0,True,22.0|65,75
1,75|1,0,8.89569e-06,-1.11408e-07,0,False,69.0|65,75
1,75|2,0,-2.21136e-06,4.93872e-08,0,False,69.0|65,75
1,1017|7,0,-1.50856e-05,4.93893e-08,0,True,65.0|65,1017
1,1017|8,0,1.03874e-05,6.25953e-08,0,True,65.0|65,1017
1,1017|5,0,1.01528e-05,4.02689e-08,0,True,65.0|65,1017
1,1017|6,0,1.12838e-05,9.54927e-09,0,True,65.0|65,1017
1,1017|12,0,-1.64566e-06,7.29178e-08,0,True,28.0|65,1017
1,1017|11,0,-3.63017e-07,-5.09832e-08,0,True,28.0|65,1017
1,1017|10,0,-4.16378e-07,4.9401e-08,0,True,28.0|65,1017
1,1017|9,0,1.18416e-05,-6.52616e-08,0,True,28.0|65,1017
1,1017|4,0,-9.06235e-06,-4.54328e-09,0,True,22.0|65,1017
1,1017|3,0,7.81544e-06,-9.01562e-08,0,True,22.0|65,1017
1,1017|1,0,1.16006e-05,8.11291e-08,0,False,69.0|65,1017
1,1017|2,0,5.57988e-06,-3.29287e-08,0,False,69.0|65,1017
1,291|6,0,-1.09196e-05,-4.74439e-08,0,True,55.0|103,291
1,291|5,0,2.53469e-05,-1.70488e-08,0,True,55.0|103,291
1,291|4,0,-2.60566e-06,1.28296e-08,0,True,55.0|103,291
1,291|3,0,-1.10031e-05,-2.75771e-08,0,True,55.0|103,291
1,291|9,0,-7.24399e-06,-2.40793e-08,0,True,32.0|103,291
1,291|10,0,6.57916e-06,2.4052e-08,0,True,32.0|103,291
1,291|8,0,8.66429e-06,5.38371e-08,0,True,32.0|103,291
1,291|7,0,-1.27619e-05,-1.77383e-08,0,True,32.0|103,291
1,291|11,0,1.30977e-05,-6.46569e-08,0,True,22.0|103,291
1,291|12,0,-2.25989e-05,-1.37077e-08,0,True,22.0|103,291
1,291|1,0,-1.27638e-05,-9.07382e-08,0,False,69.0|103,291
1,291|2,0,9.47485e-06,-9.8729e-09,0,False,69.0|103,291
1,1197|7,0,-2.02792e-05,-2.51077e-08,0,True,65.0|103,1197
1,1197|8,0,-5.77061e-06,-1.18076e-07,0,True,65.0|103,1197
1,1197|6,0,4.91993e-06,-1.19983e-08,0,True,65.0|103,1197
1,1197|5,0,1.65513e-05,-4.82965e-09,0,True,65.0|103,1197
1,1197|12,0,-4.92371e-06,1.59625e-07,0,True,28.0|103,1197
1,1197|10,0,-1.38632e-05,-6.53311e-08,0,True,28.0|103,1197
1,1197|9,0,-1.80396e-05,9.10088e-08,0,True,28.0|103,1197
1,1197|3,0,2.44517e-05,8.86939e-08,0,True,22.0|103,1197
1,1197|4,0,1.20761e-05,-2.17981e-08,0,True,22.0|103,1197
1,1197|11,0,1.61605e-06,2.71136e-08,0,True,28.0|103,1197
1,1197|1,0,2.16637e-05,7.72998e-08,0,False,69.0|103,1197
1,1197|2,0,-9.1323e-06,-2.47332e-08,0,False,69.0|103,1197
1,77|6,0,1.29211e-05,-2.21702e-09,0,True,55.0|218,77
1,77|5,0,-1.64117e-05,5.91603e-08,0,True,55.0|218,77
1,77|3,0,-7.00974e-06,-1.98646e-08,0,True,55.0|218,77
1,77|4,0,-9.45439e-06,3.56955e-08,0,True,55.0|218,77
1,77|9,0,8.97238e-06,-6.46636e-08,0,True,32.0|218,77
1,77|10,0,-1.50163e-05,6.27446e-10,0,True,32.0|218,77
1,77|8,0,-2.85458e-05,8.66778e-09,0,True,32.0|218,77
1,77|7,0,1.24421e-05,-1.38939e-08,0,True,32.0|218,77
1,77|12,0,1.67866e-05,-4.33578e-08,0,True,22.0|218,77
1,77|11,0,5.36652e-06,-6.46753e-08,0,True,22.0|218,77
1,77|1,0,-1.82089e-05,-5.21645e-08,0,False,69.0|218,77
1,77|2,0,-7.30842e-06,-1.63809e-09,0,False,69.0|218,77
1,745|7,0,1.35595e-06,5.39542e-08,0,True,65.0|218,745
1,745|8,0,-1.34417e-05,-2.53531e-08,0,True,65.0|218,745
1,745|6,0,-1.513e-05,-1.40108e-08,0,True,65.0|218,745
1,745|5,0,6.53995e-07,8.18371e-08,0,True,65.0|218,745
1,745|3,0,3.1887e-07,4.59076e-08,0,True,22.0|218,745
1,745|11,0,-2.66972e-05,9.58918e-08,0,True,28.0|218,745
1,745|12,0,3.26018e-05,-4.08159e-08,0,True,28.0|218,745
1,745|10,0,4.30213e-06,9.05627e-08,0,True,28.0|218,745
1,745|9,0,-1.80508e-05,1.15027e-08,0,True,28.0|218,745
1,745|4,0,3.58299e-06,-5.44883e-08,0,True,22.0|218,745
1,745|1,0,-1.13464e-05,-3.03953e-08,0,False,69.0|218,745
1,745|2,0,1.73535e-05,-2.53721e-08,0,False,69.0|218,745
1,322|6,0,1.81277e-05,1.21986e-08,0,True,55.0|174,322
1,322|5,0,-6.78684e-07,-4.69561e-08,0,True,55.0|174,322
1,322|3,0,-1.31381e-05,-3.72732e-08,0,True,55.0|174,322
1,322|4,0,-4.96566e-06,5.72141e-08,0,True,55.0|174,322
1,322|10,0,-1.91517e-05,-4.30663e-08,0,True,32.0|174,322
1,322|9,0,-1.3613e-05,-1.25812e-07,0,True,32.0|174,322
1,322|7,0,-2.095e-05,3.43347e-08,0,True,32.0|174,322
1,322|8,0,-1.83314e-05,7.83429e-09,0,True,32.0|174,322
1,322|12,0,-8.0833e-06,2.98339e-08,0,True,22.0|174,322
1,322|11,0,2.6207e-05,-1.59489e-08,0,True,22.0|174,322
1,322|1,0,1.64646e-05,-8.40877e-09,0,False,69.0|174,322
1,322|2,0,1.39836e-06,2.79616e-09,0,False,69.0|174,322
1,1043|6,0,-1.80043e-05,-6.09286e-08,0,True,65.0|174,1043
1,1043|7,0,1.33833e-06,4.12067e-08,0,True,65.0|174,1043
1,1043|8,0,1.13924e-05,-3.60972e-08,0,True,65.0|174,1043
1,1043|5,0,-1.04701e-05,6.5882e-08,0,True,65.0|174,1043
1,1043|11,0,1.22615e-05,-1.12414e-07,0,True,28.0|174,1043
1,1043|12,0,2.71288e-06,7.23518e-09,0,True,28.0|174,1043
1,1043|10,0,8.46039e-07,-2.85838e-08,0,True,28.0|174,1043
1,1043|9,0,-1.27106e-05,1.32074e-07,0,True,28.0|174,1043
1,1043|4,0,5.21682e-06,-5.40191e-08,0,True,22.0|174,1043
1,1043|3,0,1.23511e-05,-5.70393e-08,0,True,22.0|174,1043
1,1043|1,0,-2.63542e-05,3.58893e-09,0,False,69.0|174,1043
1,1043|2,0,2.11955e-06,-1.04284e-07,0,False,69.0|174,1043
1,963|6,0,1.32754e-05,4.00334e-08,0,True,55.0|319,963
1,963|5,0,-4.80471e-06,4.08169e-08,0,True,55.0|319,963
1,963|4,0,-4.98194e-06,-2.25741e-08,0,True,55.0|319,963
1,963|3,0,7.11203e-06,2.97906e-08,0,True,55.0|319,963
1,963|10,0,-3.36609e-06,7.59621e-09,0,True,32.0|319,963
1,963|9,0,1.14498e-05,-3.2173e-08,0,True,32.0|319,963
1,963|7,0,1.57738e-05,4.34167e-08,0,True,32.0|319,963
1,963|8,0,2.53881e-06,-6.01935e-09,0,True,32.0|319,963
1,963|11,0,-1.76601e-06,-1.30204e-07,0,True,22.0|319,963
1,963|12,0,2.12818e-06,-1.58438e-08,0,True,22.0|319,963
1,963|1,0,-4.38544e-06,-3.11732e-08,0,False,69.0|319,963
1,963|2,0,6.40446e-06,-6.56836e-08,0,False,69.0|319,963
1,1260|8,0,-4.02896e-06,2.96236e-08,0,True,65.0|319,1260
1,1260|7,0,-1.64345e-05,1.74456e-08,0,True,65.0|319,1260
1,1260|6,0,8.76268e-06,-6.31547e-08,0,True,65.0|319,1260
1,1260|5,0,1.34323e-05,-9.495e-09,0,True,65.0|319,1260
1,1260|11,0,-1.26172e-05,-2.20245e-08,0,True,28.0|319,1260
1,1260|12,0,-1.01703e-05,-2.52269e-08,0,True,28.0|319,1260
1,1260|10,0,2.29116e-05,3.0472e-08,0,True,28.0|319,1260
1,1260|9,0,-2.4883e-06,5.80624e-09,0,True,28.0|319,1260
1,1260|4,0,-6.8332e-06,8.65932e-08,0,True,22.0|319,1260
1,1260|3,0,3.51774e-07,8.48319e-09,0,True,22.0|319,1260
1,1260|1,0,1.90774e-05,4.38733e-08,0,False,69.0|319,1260
1,1260|2,0,-4.8549e-07,-1.02698e-08,0,False,69.0|319,1260
