id,eta_L_SAEM,eta_m_SAEM,eta_e_SAEM,eta_s_SAEM,eta_alpha_SAEM,eta_k_SAEM,eta_L_mode,eta_m_mode,eta_e_mode,eta_s_mode,eta_alpha_mode,eta_k_mode,goes_down,mab_virus,run_id
8|84|cc|1|1|162,0,0.0116815,0.187904,0,0,0,0,-5.19842e-08,-4.47998e-08,0,0,0,False,69.0|162,84
8|84|cc|2|1|162,0,-0.0292719,-0.0424971,0,0,0,0,-3.89223e-09,1.80931e-07,0,0,0,False,69.0|162,84
8|84|cc|3|1|162,0,0.00744169,0.304502,0,0,0,0,1.6152e-08,6.34346e-07,0,0,0,False,69.0|162,84
8|84|cc|4|1|162,0,0.0254733,-0.104015,0,0,0,0,2.6437e-08,-3.15022e-07,0,0,0,False,69.0|162,84
8|84|cc|5|1|162,0,0.00792786,0.047952,0,0,0,0,-1.79114e-09,-3.15157e-07,0,0,0,False,69.0|162,84
8|84|cc|6|1|162,0,-0.00113369,-0.0268936,0,0,0,0,2.64174e-08,-1.81452e-07,0,0,0,False,69.0|162,84
8|84|cc|7|1|162,0,-0.00276618,-0.379548,0,0,0,0,-1.32026e-08,3.12861e-07,0,0,0,False,69.0|162,84
8|84|cc|8|1|162,0,-0.0151422,-0.0362448,0,0,0,0,-3.70327e-09,2.91995e-07,0,0,0,False,69.0|162,84
8|84|sample|10|162,0,-0.00479784,-0.962006,0,0,0,0,-0.0272125,-0.991187,0,0,0,True,32.0|162,84
8|84|sample|11|162,0,0.0289753,-1.22929,0,0,0,0,0.0224164,-1.25672,0,0,0,True,22.0|162,84
8|84|sample|12|162,0,-0.141805,-1.26289,0,0,0,0,-0.165971,-1.30965,0,0,0,True,22.0|162,84
8|84|sample|3|162,0,0.0020219,-2.38359,0,0,0,0,-0.0307195,-2.41342,0,0,0,True,55.0|162,84
8|84|sample|4|162,0,-0.0363294,-2.42824,0,0,0,0,-0.0709893,-2.41927,0,0,0,True,55.0|162,84
8|84|sample|5|162,0,-0.336538,-3.92252,0,0,0,0,-0.331308,-3.85835,0,0,0,True,55.0|162,84
8|84|sample|6|162,0,-0.286136,-3.81285,0,0,0,0,-0.300189,-3.85409,0,0,0,True,55.0|162,84
8|84|sample|7|162,0,0.0354161,-1.0557,0,0,0,0,0.00391945,-1.12039,0,0,0,True,32.0|162,84
8|84|sample|8|162,0,0.0281024,-1.03012,0,0,0,0,2.2228e-05,-1.05825,0,0,0,True,32.0|162,84
8|84|sample|9|162,0,0.0610692,-0.869055,0,0,0,0,0.0412518,-0.87747,0,0,0,True,32.0|162,84
8|84|vc|1|2|162,0,0.00549099,0.159139,0,0,0,0,9.6582e-10,-2.71447e-07,0,0,0,False,69.0|162,84
8|84|vc|2|2|162,0,0.0245074,0.0310631,0,0,0,0,5.59442e-09,2.92411e-07,0,0,0,False,69.0|162,84
8|84|vc|3|2|162,0,-0.00898713,0.109319,0,0,0,0,-3.0911e-08,-1.08002e-07,0,0,0,False,69.0|162,84
8|84|vc|4|2|162,0,0.00690831,-0.00458132,0,0,0,0,7.26619e-08,4.11807e-07,0,0,0,False,69.0|162,84
8|84|vc|5|2|162,0,-0.00096407,-0.305025,0,0,0,0,1.02604e-08,5.08779e-07,0,0,0,False,69.0|162,84
8|84|vc|6|2|162,0,-0.00439775,-0.0966812,0,0,0,0,-2.86572e-08,-8.24369e-07,0,0,0,False,69.0|162,84
8|84|vc|7|2|162,0,0.00258765,0.022054,0,0,0,0,-5.77217e-08,-1.7367e-07,0,0,0,False,69.0|162,84
8|84|vc|8|2|162,0,0.00614324,-0.0902484,0,0,0,0,3.61987e-08,3.63139e-07,0,0,0,False,69.0|162,84
8|719|cc|1|1|274,0,0.0125515,-0.225622,0,0,0,0,2.41599e-08,2.4966e-08,0,0,0,False,69.0|274,719
8|719|cc|2|1|274,0,-0.00388207,-0.0029402,0,0,0,0,2.65689e-08,-3.59038e-07,0,0,0,False,69.0|274,719
8|719|cc|3|1|274,0,0.0189423,-0.241331,0,0,0,0,-5.26829e-09,-3.23175e-07,0,0,0,False,69.0|274,719
8|719|cc|4|1|274,0,-0.0196488,-0.0318428,0,0,0,0,3.36061e-08,2.97771e-07,0,0,0,False,69.0|274,719
8|719|cc|5|1|274,0,0.0172357,-0.045748,0,0,0,0,3.32177e-08,1.47705e-07,0,0,0,False,69.0|274,719
8|719|cc|6|1|274,0,-0.000862262,-0.125663,0,0,0,0,1.46884e-08,-2.1335e-07,0,0,0,False,69.0|274,719
8|719|cc|7|1|274,0,0.0009776,-0.0540422,0,0,0,0,-6.43599e-09,1.84149e-07,0,0,0,False,69.0|274,719
8|719|cc|8|1|274,0,-0.0187299,0.0497335,0,0,0,0,-3.21489e-08,-3.93193e-07,0,0,0,False,69.0|274,719
8|719|sample|10|274,0,0.0841613,-0.00719218,0,0,0,0,0.0823223,0.016918,0,0,0,True,32.0|274,719
8|719|sample|11|274,0,0.100303,0.300396,0,0,0,0,0.116112,0.348431,0,0,0,True,22.0|274,719
8|719|sample|12|274,0,0.217856,0.600308,0,0,0,0,0.17077,0.549517,0,0,0,True,22.0|274,719
8|719|sample|3|274,0,0.173738,-1.8945,0,0,0,0,0.120648,-1.95727,0,0,0,True,55.0|274,719
8|719|sample|4|274,0,0.126012,-1.9837,0,0,0,0,0.0994776,-2.00908,0,0,0,True,55.0|274,719
8|719|sample|5|274,0,-0.0200147,-2.31415,0,0,0,0,-0.00550211,-2.22773,0,0,0,True,55.0|274,719
8|719|sample|6|274,0,0.0898142,-1.97815,0,0,0,0,0.0602761,-2.00509,0,0,0,True,55.0|274,719
8|719|sample|7|274,0,0.051726,-0.0197659,0,0,0,0,0.0384276,-0.0499163,0,0,0,True,32.0|274,719
8|719|sample|8|274,0,0.0229535,-0.0768885,0,0,0,0,0.0256192,-0.0501628,0,0,0,True,32.0|274,719
8|719|sample|9|274,0,0.0979554,0.0577236,0,0,0,0,0.0776034,0.0321985,0,0,0,True,32.0|274,719
8|719|vc|1|2|274,0,0.0221695,-0.279855,0,0,0,0,-2.89284e-08,3.01625e-07,0,0,0,False,69.0|274,719
8|719|vc|2|2|274,0,-0.00904824,0.133718,0,0,0,0,5.74071e-08,2.61409e-07,0,0,0,False,69.0|274,719
8|719|vc|3|2|274,0,0.00511084,-0.187781,0,0,0,0,1.84276e-08,1.97953e-07,0,0,0,False,69.0|274,719
8|719|vc|4|2|274,0,0.0180676,-0.216898,0,0,0,0,-2.35659e-08,-3.79216e-07,0,0,0,False,69.0|274,719
8|719|vc|5|2|274,0,0.00400041,-0.0168536,0,0,0,0,2.65563e-08,-2.41383e-08,0,0,0,False,69.0|274,719
8|719|vc|6|2|274,0,-0.00792585,0.175893,0,0,0,0,5.50769e-09,-4.39508e-07,0,0,0,False,69.0|274,719
8|719|vc|7|2|274,0,-0.00182615,0.35352,0,0,0,0,4.48083e-08,-1.11772e-07,0,0,0,False,69.0|274,719
8|719|vc|8|2|274,0,-0.0180966,-0.101407,0,0,0,0,4.07977e-08,2.99339e-07,0,0,0,False,69.0|274,719
8|488|cc|1|1|322,0,-0.00240663,-0.171946,0,0,0,0,-2.32043e-08,6.14002e-08,0,0,0,False,69.0|322,488
8|488|cc|2|1|322,0,-0.00880697,0.177187,0,0,0,0,1.7535e-08,1.11611e-07,0,0,0,False,69.0|322,488
8|488|cc|3|1|322,0,-0.00278528,-0.0131881,0,0,0,0,3.36106e-08,-3.70962e-08,0,0,0,False,69.0|322,488
8|488|cc|4|1|322,0,-0.0116651,-0.386502,0,0,0,0,1.04909e-08,-3.49578e-07,0,0,0,False,69.0|322,488
8|488|cc|5|1|322,0,-0.00746951,-0.229808,0,0,0,0,-1.7699e-08,2.56833e-07,0,0,0,False,69.0|322,488
8|488|cc|6|1|322,0,0.00657942,0.0840781,0,0,0,0,-1.91738e-08,3.45347e-08,0,0,0,False,69.0|322,488
8|488|cc|7|1|322,0,-0.00184949,0.168776,0,0,0,0,-2.46668e-08,3.25353e-07,0,0,0,False,69.0|322,488
8|488|cc|8|1|322,0,0.00688928,-0.149955,0,0,0,0,5.90823e-08,4.29036e-07,0,0,0,False,69.0|322,488
8|488|sample|10|322,0,-0.510284,-3.69735,0,0,0,0,-0.51507,-3.75456,0,0,0,True,32.0|322,488
8|488|sample|11|322,0,-0.223622,-0.743699,0,0,0,0,-0.2405,-0.824291,0,0,0,True,22.0|322,488
8|488|sample|12|322,0,-0.228587,-0.524504,0,0,0,0,-0.24798,-0.544486,0,0,0,True,22.0|322,488
8|488|sample|3|322,0,0.157128,-2.83205,0,0,0,0,0.130403,-2.83255,0,0,0,True,55.0|322,488
8|488|sample|4|322,0,0.1782,-2.90314,0,0,0,0,0.139949,-2.90681,0,0,0,True,55.0|322,488
8|488|sample|5|322,0,-0.0413286,-3.60035,0,0,0,0,-0.0719295,-3.71612,0,0,0,True,55.0|322,488
8|488|sample|6|322,0,-0.0934365,-3.81481,0,0,0,0,-0.084781,-3.78044,0,0,0,True,55.0|322,488
8|488|sample|7|322,0,-0.420174,-3.00299,0,0,0,0,-0.423981,-2.95133,0,0,0,True,32.0|322,488
8|488|sample|8|322,0,-0.424625,-2.99253,0,0,0,0,-0.424493,-2.91688,0,0,0,True,32.0|322,488
8|488|sample|9|322,0,-0.495403,-3.77617,0,0,0,0,-0.501094,-3.73623,0,0,0,True,32.0|322,488
8|488|vc|1|2|322,0,-0.000335837,-0.0791144,0,0,0,0,7.4312e-10,2.33971e-07,0,0,0,False,69.0|322,488
8|488|vc|2|2|322,0,0.028594,-0.00646922,0,0,0,0,4.05891e-09,-2.84097e-07,0,0,0,False,69.0|322,488
8|488|vc|3|2|322,0,-0.00283233,0.105872,0,0,0,0,1.39889e-08,-2.51318e-07,0,0,0,False,69.0|322,488
8|488|vc|4|2|322,0,-0.00540997,-0.139907,0,0,0,0,-4.33595e-08,5.99454e-08,0,0,0,False,69.0|322,488
8|488|vc|5|2|322,0,0.0165142,0.214377,0,0,0,0,1.21261e-08,8.50279e-08,0,0,0,False,69.0|322,488
8|488|vc|6|2|322,0,-0.0166151,-0.10032,0,0,0,0,-6.01072e-09,-1.91437e-07,0,0,0,False,69.0|322,488
8|488|vc|7|2|322,0,-0.00405167,-0.124424,0,0,0,0,2.71536e-08,-3.54712e-07,0,0,0,False,69.0|322,488
8|488|vc|8|2|322,0,-0.0364252,-0.0377116,0,0,0,0,-3.20857e-09,2.83416e-07,0,0,0,False,69.0|322,488
8|847|cc|1|1|69,0,0.00727875,-0.0579559,0,0,0,0,2.08791e-08,1.9328e-07,0,0,0,False,69.0|69,847
8|847|cc|2|1|69,0,-0.0211887,0.218008,0,0,0,0,2.05977e-08,-3.71134e-07,0,0,0,False,69.0|69,847
8|847|cc|3|1|69,0,0.00125881,-0.238767,0,0,0,0,4.28756e-09,-3.68189e-07,0,0,0,False,69.0|69,847
8|847|cc|4|1|69,0,-0.0100855,0.192242,0,0,0,0,-7.06765e-08,5.80929e-07,0,0,0,False,69.0|69,847
8|847|cc|5|1|69,0,-0.0177774,-0.0367909,0,0,0,0,-3.9715e-08,-2.14759e-07,0,0,0,False,69.0|69,847
8|847|cc|6|1|69,0,-0.00363144,-0.170538,0,0,0,0,-4.64105e-08,-1.49439e-07,0,0,0,False,69.0|69,847
8|847|cc|7|1|69,0,0.0277922,-0.0485957,0,0,0,0,1.83109e-08,1.7041e-07,0,0,0,False,69.0|69,847
8|847|cc|8|1|69,0,0.000419866,0.095329,0,0,0,0,-1.52507e-08,2.6272e-07,0,0,0,False,69.0|69,847
8|847|sample|10|69,0,-0.0266234,1.03549,0,0,0,0,-0.0370252,1.04545,0,0,0,True,32.0|69,847
8|847|sample|11|69,0,-0.0495976,-0.759231,0,0,0,0,-0.0740574,-0.805016,0,0,0,True,22.0|69,847
8|847|sample|12|69,0,-0.0352165,-0.76735,0,0,0,0,-0.0659171,-0.790552,0,0,0,True,22.0|69,847
8|847|sample|3|69,0,-0.263587,-2.64796,0,0,0,0,-0.301318,-2.77059,0,0,0,True,55.0|69,847
8|847|sample|4|69,0,-0.347587,-3.04584,0,0,0,0,-0.325971,-2.86293,0,0,0,True,55.0|69,847
8|847|sample|5|69,0,-0.457482,-4.56123,0,0,0,0,-0.466489,-4.65739,0,0,0,True,55.0|69,847
8|847|sample|6|69,0,-0.497159,-4.8708,0,0,0,0,-0.491392,-4.69872,0,0,0,True,55.0|69,847
8|847|sample|7|69,0,0.0930774,0.9003,0,0,0,0,0.0711904,0.906484,0,0,0,True,32.0|69,847
8|847|sample|8|69,0,0.039044,0.894853,0,0,0,0,0.0417226,0.926189,0,0,0,True,32.0|69,847
8|847|sample|9|69,0,-0.00385623,0.979043,0,0,0,0,-0.0243501,0.974642,0,0,0,True,32.0|69,847
8|847|vc|1|2|69,0,-0.0167206,-0.0691873,0,0,0,0,1.60579e-08,-1.51749e-07,0,0,0,False,69.0|69,847
8|847|vc|2|2|69,0,-0.00846126,0.0402088,0,0,0,0,1.07553e-07,-6.80672e-08,0,0,0,False,69.0|69,847
8|847|vc|3|2|69,0,-0.0102159,0.400411,0,0,0,0,1.56028e-08,-1.18194e-07,0,0,0,False,69.0|69,847
8|847|vc|4|2|69,0,0.00277561,0.0527963,0,0,0,0,-3.71181e-08,1.06054e-07,0,0,0,False,69.0|69,847
8|847|vc|5|2|69,0,0.0132645,-0.13444,0,0,0,0,-7.22397e-08,-1.13986e-09,0,0,0,False,69.0|69,847
8|847|vc|6|2|69,0,-0.00972877,-0.116066,0,0,0,0,9.95676e-09,3.57946e-07,0,0,0,False,69.0|69,847
8|847|vc|7|2|69,0,0.0162777,0.319216,0,0,0,0,-8.48547e-09,-2.90598e-07,0,0,0,False,69.0|69,847
8|847|vc|8|2|69,0,-0.00342524,0.286497,0,0,0,0,-3.62397e-08,-4.74113e-07,0,0,0,False,69.0|69,847
8|474|cc|1|1|276,0,-0.00729845,0.133896,0,0,0,0,-1.50565e-08,-4.08844e-07,0,0,0,False,69.0|276,474
8|474|cc|2|1|276,0,-0.0279142,0.261227,0,0,0,0,2.1823e-08,6.23779e-07,0,0,0,False,69.0|276,474
8|474|cc|3|1|276,0,-0.00794734,-0.122141,0,0,0,0,-2.78151e-08,-6.07158e-08,0,0,0,False,69.0|276,474
8|474|cc|4|1|276,0,0.0136832,-0.0329209,0,0,0,0,-5.645e-08,1.28647e-07,0,0,0,False,69.0|276,474
8|474|cc|5|1|276,0,-0.00658025,-0.20887,0,0,0,0,-8.68007e-09,3.78815e-07,0,0,0,False,69.0|276,474
8|474|cc|6|1|276,0,-0.0245676,-0.0762679,0,0,0,0,-5.78929e-09,4.35821e-07,0,0,0,False,69.0|276,474
8|474|cc|7|1|276,0,-0.00644136,-0.0160105,0,0,0,0,2.14309e-08,1.91341e-07,0,0,0,False,69.0|276,474
8|474|cc|8|1|276,0,-0.0179855,0.131782,0,0,0,0,1.37184e-08,-2.00054e-07,0,0,0,False,69.0|276,474
8|474|sample|10|276,0,0.0413111,2.16102,0,0,0,0,0.0673529,2.23637,0,0,0,True,32.0|276,474
8|474|sample|11|276,0,0.15661,0.610934,0,0,0,0,0.123387,0.576801,0,0,0,True,22.0|276,474
8|474|sample|12|276,0,0.07872,0.628901,0,0,0,0,0.0729911,0.602904,0,0,0,True,22.0|276,474
8|474|sample|3|276,0,0.0389172,-1.53534,0,0,0,0,0.0250109,-1.5165,0,0,0,True,55.0|276,474
8|474|sample|4|276,0,-0.0120344,-1.56251,0,0,0,0,-0.0353219,-1.58053,0,0,0,True,55.0|276,474
8|474|sample|5|276,0,-0.11847,-1.79582,0,0,0,0,-0.104608,-1.74082,0,0,0,True,55.0|276,474
8|474|sample|6|276,0,-0.0891894,-1.74593,0,0,0,0,-0.110308,-1.75704,0,0,0,True,55.0|276,474
8|474|sample|7|276,0,0.0564228,2.10134,0,0,0,0,0.0420402,2.0724,0,0,0,True,32.0|276,474
8|474|sample|8|276,0,0.0530722,2.01726,0,0,0,0,0.0469966,2.03076,0,0,0,True,32.0|276,474
8|474|sample|9|276,0,0.0877944,2.25,0,0,0,0,0.0918238,2.29457,0,0,0,True,32.0|276,474
8|474|vc|1|2|276,0,0.0190012,-0.0731508,0,0,0,0,7.30651e-08,-8.42985e-08,0,0,0,False,69.0|276,474
8|474|vc|2|2|276,0,-0.00968934,-0.0729337,0,0,0,0,-1.46439e-09,-2.37037e-07,0,0,0,False,69.0|276,474
8|474|vc|3|2|276,0,-0.00905061,0.185155,0,0,0,0,-3.1648e-08,5.97645e-08,0,0,0,False,69.0|276,474
8|474|vc|4|2|276,0,-0.0175658,0.110122,0,0,0,0,-1.9608e-08,2.58388e-08,0,0,0,False,69.0|276,474
8|474|vc|5|2|276,0,-0.0140063,0.0274224,0,0,0,0,-3.08502e-08,-4.06333e-07,0,0,0,False,69.0|276,474
8|474|vc|6|2|276,0,-0.0102878,-0.0454428,0,0,0,0,-5.34538e-08,-2.66009e-07,0,0,0,False,69.0|276,474
8|474|vc|7|2|276,0,-0.00943374,0.11667,0,0,0,0,1.36417e-08,-2.34325e-07,0,0,0,False,69.0|276,474
8|474|vc|8|2|276,0,0.0242794,-0.0486625,0,0,0,0,6.43105e-09,8.1052e-07,0,0,0,False,69.0|276,474
8|462|cc|1|1|292,0,0.00732423,0.295546,0,0,0,0,1.67139e-08,3.54264e-07,0,0,0,False,69.0|292,462
8|462|cc|2|1|292,0,0.00316065,-0.0448394,0,0,0,0,-5.8847e-08,-2.03802e-07,0,0,0,False,69.0|292,462
8|462|cc|3|1|292,0,0.0217752,0.204868,0,0,0,0,-2.76851e-09,3.00978e-07,0,0,0,False,69.0|292,462
8|462|cc|4|1|292,0,-0.00988133,0.0210142,0,0,0,0,7.53961e-09,2.08937e-07,0,0,0,False,69.0|292,462
8|462|cc|5|1|292,0,-0.00965931,0.0210972,0,0,0,0,5.04463e-08,-2.88487e-07,0,0,0,False,69.0|292,462
8|462|cc|6|1|292,0,-0.0157711,-0.0888319,0,0,0,0,-5.66984e-09,5.50051e-07,0,0,0,False,69.0|292,462
8|462|cc|7|1|292,0,0.0144728,0.0693112,0,0,0,0,-8.25835e-09,2.34805e-07,0,0,0,False,69.0|292,462
8|462|cc|8|1|292,0,0.00787498,-0.00974884,0,0,0,0,-3.77516e-08,-5.17354e-07,0,0,0,False,69.0|292,462
8|462|sample|10|292,0,0.024484,2.08988,0,0,0,0,0.00840115,2.0981,0,0,0,True,32.0|292,462
8|462|sample|11|292,0,0.00411405,-0.529025,0,0,0,0,-0.00383245,-0.491637,0,0,0,True,22.0|292,462
8|462|sample|12|292,0,-0.025172,-0.487512,0,0,0,0,-0.0556196,-0.547236,0,0,0,True,22.0|292,462
8|462|sample|3|292,0,-0.286657,-3.80505,0,0,0,0,-0.338608,-4.05356,0,0,0,True,55.0|292,462
8|462|sample|4|292,0,-0.29581,-3.81008,0,0,0,0,-0.319591,-3.90746,0,0,0,True,55.0|292,462
8|462|sample|5|292,0,-0.417657,-5.54474,0,0,0,0,-0.448693,-5.74226,0,0,0,True,55.0|292,462
8|462|sample|6|292,0,-0.477938,-6.04398,0,0,0,0,-0.466422,-5.71362,0,0,0,True,55.0|292,462
8|462|sample|7|292,0,0.172139,2.12279,0,0,0,0,0.149756,2.08764,0,0,0,True,32.0|292,462
8|462|sample|8|292,0,0.198799,2.10982,0,0,0,0,0.177455,2.0855,0,0,0,True,32.0|292,462
8|462|sample|9|292,0,0.147547,2.2313,0,0,0,0,0.132055,2.23777,0,0,0,True,32.0|292,462
8|462|vc|1|2|292,0,0.0164799,-0.394023,0,0,0,0,1.19455e-08,2.84047e-07,0,0,0,False,69.0|292,462
8|462|vc|2|2|292,0,-0.0208169,0.0861921,0,0,0,0,3.21316e-08,2.27029e-07,0,0,0,False,69.0|292,462
8|462|vc|3|2|292,0,-0.0192351,-0.208365,0,0,0,0,-6.31068e-08,-1.49577e-07,0,0,0,False,69.0|292,462
8|462|vc|4|2|292,0,0.00936532,0.143384,0,0,0,0,1.79988e-08,-2.26591e-07,0,0,0,False,69.0|292,462
8|462|vc|5|2|292,0,0.0168164,0.388738,0,0,0,0,-4.99953e-09,-3.67207e-07,0,0,0,False,69.0|292,462
8|462|vc|6|2|292,0,-0.0146312,-0.0167748,0,0,0,0,-6.58892e-09,1.7265e-07,0,0,0,False,69.0|292,462
8|462|vc|7|2|292,0,0.00550523,-0.0336639,0,0,0,0,6.3181e-09,2.19425e-07,0,0,0,False,69.0|292,462
8|462|vc|8|2|292,0,0.0261141,-0.164001,0,0,0,0,9.45424e-09,-3.67421e-07,0,0,0,False,69.0|292,462
8|75|cc|1|1|65,0,0.0184191,0.228863,0,0,0,0,-8.64399e-09,2.97899e-07,0,0,0,False,69.0|65,75
8|75|cc|2|1|65,0,-0.000377027,0.216183,0,0,0,0,-2.5005e-09,2.41341e-07,0,0,0,False,69.0|65,75
8|75|cc|3|1|65,0,0.00760275,0.201428,0,0,0,0,8.87825e-09,2.86716e-07,0,0,0,False,69.0|65,75
8|75|cc|4|1|65,0,-0.0273116,-0.258128,0,0,0,0,-2.27538e-08,2.94584e-07,0,0,0,False,69.0|65,75
8|75|cc|5|1|65,0,-0.00607391,-0.541107,0,0,0,0,2.19726e-08,2.9627e-07,0,0,0,False,69.0|65,75
8|75|cc|6|1|65,0,-0.0184513,0.288549,0,0,0,0,-9.17056e-09,3.1236e-07,0,0,0,False,69.0|65,75
8|75|cc|7|1|65,0,0.0226579,-0.174734,0,0,0,0,3.5763e-08,-1.18302e-07,0,0,0,False,69.0|65,75
8|75|cc|8|1|65,0,0.00700425,-0.134961,0,0,0,0,1.53761e-09,1.6619e-07,0,0,0,False,69.0|65,75
8|75|sample|10|65,0,-0.0183747,-3.24983,0,0,0,0,-0.0168545,-3.06426,0,0,0,True,32.0|65,75
8|75|sample|11|65,0,0.0654916,0.684464,0,0,0,0,0.0806906,0.781134,0,0,0,True,22.0|65,75
8|75|sample|12|65,0,-0.00892668,1.28617,0,0,0,0,-0.0275356,1.28433,0,0,0,True,22.0|65,75
8|75|sample|3|65,0,0.139927,1.35252,0,0,0,0,0.135264,1.37669,0,0,0,True,55.0|65,75
8|75|sample|4|65,0,0.092476,1.06008,0,0,0,0,0.0822857,1.15344,0,0,0,True,55.0|65,75
8|75|sample|5|65,0,-0.0797249,0.793512,0,0,0,0,-0.0936545,0.946749,0,0,0,True,55.0|65,75
8|75|sample|6|65,0,-0.00634542,1.142,0,0,0,0,-0.0189913,1.2213,0,0,0,True,55.0|65,75
8|75|sample|7|65,0,0.125156,-2.25456,0,0,0,0,0.102661,-2.30554,0,0,0,True,32.0|65,75
8|75|sample|8|65,0,0.0821606,-2.42747,0,0,0,0,0.121899,-2.23373,0,0,0,True,32.0|65,75
8|75|sample|9|65,0,0.0467221,-2.93478,0,0,0,0,0.0208597,-2.93596,0,0,0,True,32.0|65,75
8|75|vc|1|2|65,0,0.020081,0.178824,0,0,0,0,-1.88885e-08,3.06193e-07,0,0,0,False,69.0|65,75
8|75|vc|2|2|65,0,0.00631246,0.0655497,0,0,0,0,-2.23222e-08,-1.14356e-07,0,0,0,False,69.0|65,75
8|75|vc|3|2|65,0,0.000894869,-0.24493,0,0,0,0,1.26048e-08,1.16054e-07,0,0,0,False,69.0|65,75
8|75|vc|4|2|65,0,-0.0218952,0.235149,0,0,0,0,-1.56538e-08,-1.62718e-07,0,0,0,False,69.0|65,75
8|75|vc|5|2|65,0,-0.00814837,-0.255767,0,0,0,0,-4.03173e-08,2.0463e-07,0,0,0,False,69.0|65,75
8|75|vc|6|2|65,0,0.00791559,-0.189177,0,0,0,0,-3.10439e-08,-7.64486e-09,0,0,0,False,69.0|65,75
8|75|vc|7|2|65,0,-0.0260837,0.155183,0,0,0,0,-1.14008e-08,-3.02019e-07,0,0,0,False,69.0|65,75
8|75|vc|8|2|65,0,0.00246302,-0.0640986,0,0,0,0,3.14211e-09,1.79044e-07,0,0,0,False,69.0|65,75
8|291|cc|1|1|103,0,-0.0114351,-0.00387475,0,0,0,0,-6.32277e-09,-2.70954e-07,0,0,0,False,69.0|103,291
8|291|cc|2|1|103,0,-0.00967594,0.355061,0,0,0,0,-1.88174e-08,3.31359e-07,0,0,0,False,69.0|103,291
8|291|cc|3|1|103,0,-0.00150132,-0.122039,0,0,0,0,5.3571e-09,-3.51383e-07,0,0,0,False,69.0|103,291
8|291|cc|4|1|103,0,-0.00443435,0.0342996,0,0,0,0,-7.45733e-08,4.88379e-07,0,0,0,False,69.0|103,291
8|291|cc|5|1|103,0,0.00664218,-0.131381,0,0,0,0,-8.66087e-09,3.48745e-07,0,0,0,False,69.0|103,291
8|291|cc|6|1|103,0,0.0138954,0.00935792,0,0,0,0,8.00789e-09,-3.4755e-07,0,0,0,False,69.0|103,291
8|291|cc|7|1|103,0,-0.000119181,0.149584,0,0,0,0,2.27011e-08,-8.47646e-08,0,0,0,False,69.0|103,291
8|291|cc|8|1|103,0,-0.00535619,-0.242433,0,0,0,0,3.74255e-08,4.56641e-07,0,0,0,False,69.0|103,291
8|291|sample|10|103,0,0.0307505,1.9851,0,0,0,0,-0.0150405,1.91308,0,0,0,True,32.0|103,291
8|291|sample|11|103,0,-0.11552,2.00322,0,0,0,0,-0.11769,2.00519,0,0,0,True,22.0|103,291
8|291|sample|12|103,0,0.0505298,1.82982,0,0,0,0,-0.00494683,1.7594,0,0,0,True,22.0|103,291
8|291|sample|3|103,0,0.0927715,-1.0719,0,0,0,0,0.0788428,-1.08888,0,0,0,True,55.0|103,291
8|291|sample|4|103,0,0.0341039,-1.19125,0,0,0,0,0.0399084,-1.16185,0,0,0,True,55.0|103,291
8|291|sample|5|103,0,0.149231,-0.86625,0,0,0,0,0.151809,-0.830101,0,0,0,True,55.0|103,291
8|291|sample|6|103,0,0.0627674,-0.953929,0,0,0,0,0.064863,-0.941043,0,0,0,True,55.0|103,291
8|291|sample|7|103,0,0.070625,2.01408,0,0,0,0,0.0597035,1.98945,0,0,0,True,32.0|103,291
8|291|sample|8|103,0,0.123003,1.91593,0,0,0,0,0.0969606,1.87601,0,0,0,True,32.0|103,291
8|291|sample|9|103,0,0.0701993,1.95069,0,0,0,0,0.046215,1.92782,0,0,0,True,32.0|103,291
8|291|vc|1|2|103,0,-0.00816702,-0.135133,0,0,0,0,-4.76494e-08,3.72998e-07,0,0,0,False,69.0|103,291
8|291|vc|2|2|103,0,-0.0168795,-0.0312086,0,0,0,0,-1.3246e-08,-4.77351e-07,0,0,0,False,69.0|103,291
8|291|vc|3|2|103,0,0.0343444,-0.129692,0,0,0,0,2.32682e-08,-3.84115e-07,0,0,0,False,69.0|103,291
8|291|vc|4|2|103,0,0.0135557,-0.129188,0,0,0,0,1.26113e-08,-7.6143e-08,0,0,0,False,69.0|103,291
8|291|vc|5|2|103,0,-0.00426693,0.0344153,0,0,0,0,2.6817e-08,-1.13913e-07,0,0,0,False,69.0|103,291
8|291|vc|6|2|103,0,0.00533806,-0.277045,0,0,0,0,4.00067e-08,-2.17648e-07,0,0,0,False,69.0|103,291
8|291|vc|7|2|103,0,-0.00663526,-0.151142,0,0,0,0,1.68749e-08,-3.46363e-07,0,0,0,False,69.0|103,291
8|291|vc|8|2|103,0,0.024583,0.0403245,0,0,0,0,-3.53668e-08,-5.69042e-08,0,0,0,False,69.0|103,291
8|77|cc|1|1|218,0,0.00251847,-0.0194456,0,0,0,0,1.53408e-08,3.4344e-07,0,0,0,False,69.0|218,77
8|77|cc|2|1|218,0,-0.00507559,-0.322769,0,0,0,0,-1.80354e-09,2.65939e-07,0,0,0,False,69.0|218,77
8|77|cc|3|1|218,0,0.00857478,-0.181896,0,0,0,0,-6.63281e-08,1.7086e-07,0,0,0,False,69.0|218,77
8|77|cc|4|1|218,0,-0.00798368,-0.234376,0,0,0,0,-9.46186e-10,3.08916e-07,0,0,0,False,69.0|218,77
8|77|cc|5|1|218,0,0.00245105,0.265014,0,0,0,0,7.96596e-08,4.31581e-07,0,0,0,False,69.0|218,77
8|77|cc|6|1|218,0,0.0175935,0.0366118,0,0,0,0,4.14803e-08,2.78907e-08,0,0,0,False,69.0|218,77
8|77|cc|7|1|218,0,0.0175576,-0.02189,0,0,0,0,-6.40302e-08,6.93277e-07,0,0,0,False,69.0|218,77
8|77|cc|8|1|218,0,0.0184601,-0.314123,0,0,0,0,-4.92158e-08,-3.12945e-07,0,0,0,False,69.0|218,77
8|77|sample|10|218,0,-0.211837,0.464732,0,0,0,0,-0.224984,0.46612,0,0,0,True,32.0|218,77
8|77|sample|11|218,0,-0.0729652,1.16426,0,0,0,0,-0.061411,1.25302,0,0,0,True,22.0|218,77
8|77|sample|12|218,0,0.0357794,1.44804,0,0,0,0,-0.0146315,1.40134,0,0,0,True,22.0|218,77
8|77|sample|3|218,0,0.0164835,3.71031,0,0,0,0,-0.00957805,3.66943,0,0,0,True,55.0|218,77
8|77|sample|4|218,0,0.119321,3.82298,0,0,0,0,0.0613359,3.72173,0,0,0,True,55.0|218,77
8|77|sample|5|218,0,-0.0698901,3.65074,0,0,0,0,-0.0738092,3.71423,0,0,0,True,55.0|218,77
8|77|sample|6|218,0,-0.0959879,3.70768,0,0,0,0,-0.137217,3.63993,0,0,0,True,55.0|218,77
8|77|sample|7|218,0,-0.12065,0.425377,0,0,0,0,-0.117891,0.427416,0,0,0,True,32.0|218,77
8|77|sample|8|218,0,-0.101058,0.491263,0,0,0,0,-0.102048,0.58928,0,0,0,True,32.0|218,77
8|77|sample|9|218,0,-0.266475,0.259094,0,0,0,0,-0.261319,0.302922,0,0,0,True,32.0|218,77
8|77|vc|1|2|218,0,0.0144734,-0.068144,0,0,0,0,3.2566e-08,3.23795e-07,0,0,0,False,69.0|218,77
8|77|vc|2|2|218,0,0.0033023,0.136107,0,0,0,0,-3.76826e-08,1.03327e-07,0,0,0,False,69.0|218,77
8|77|vc|3|2|218,0,-0.0185876,-0.0868016,0,0,0,0,3.07247e-08,1.34805e-07,0,0,0,False,69.0|218,77
8|77|vc|4|2|218,0,0.00164702,0.100509,0,0,0,0,4.38284e-08,-2.84867e-07,0,0,0,False,69.0|218,77
8|77|vc|5|2|218,0,0.00597367,-0.00577338,0,0,0,0,-2.8643e-08,2.97547e-07,0,0,0,False,69.0|218,77
8|77|vc|6|2|218,0,0.000646353,0.222239,0,0,0,0,1.14652e-08,-2.52985e-07,0,0,0,False,69.0|218,77
8|77|vc|7|2|218,0,0.00422676,0.2883,0,0,0,0,2.66557e-08,2.82163e-07,0,0,0,False,69.0|218,77
8|77|vc|8|2|218,0,0.030577,-0.285015,0,0,0,0,5.93645e-09,-2.1658e-07,0,0,0,False,69.0|218,77
8|322|cc|1|1|174,0,0.00398399,0.0521154,0,0,0,0,3.38468e-08,-6.29334e-08,0,0,0,False,69.0|174,322
8|322|cc|2|1|174,0,-0.0116245,-0.110612,0,0,0,0,1.20171e-09,3.01427e-07,0,0,0,False,69.0|174,322
8|322|cc|3|1|174,0,0.00540651,0.057114,0,0,0,0,-1.81733e-08,-2.89676e-07,0,0,0,False,69.0|174,322
8|322|cc|4|1|174,0,0.00602349,0.103518,0,0,0,0,-1.71799e-08,-7.96084e-08,0,0,0,False,69.0|174,322
8|322|cc|5|1|174,0,0.0235752,0.0128238,0,0,0,0,-6.05239e-09,3.84871e-07,0,0,0,False,69.0|174,322
8|322|cc|6|1|174,0,-0.00852706,-0.162301,0,0,0,0,1.03964e-08,-2.7515e-07,0,0,0,False,69.0|174,322
8|322|cc|7|1|174,0,0.00712904,-0.106952,0,0,0,0,-1.9074e-07,-1.1771e-06,0,0,0,False,69.0|174,322
8|322|cc|8|1|174,0,0.0230095,0.209541,0,0,0,0,1.36713e-08,2.40485e-07,0,0,0,False,69.0|174,322
8|322|sample|10|174,0,0.129533,2.79649,0,0,0,0,0.193007,2.90134,0,0,0,True,32.0|174,322
8|322|sample|11|174,0,0.243534,2.40006,0,0,0,0,0.236486,2.41316,0,0,0,True,22.0|174,322
8|322|sample|12|174,0,-0.0750196,2.26602,0,0,0,0,-0.128604,2.1348,0,0,0,True,22.0|174,322
8|322|sample|3|174,0,0.0177617,2.82491,0,0,0,0,0.0242261,2.84851,0,0,0,True,55.0|174,322
8|322|sample|4|174,0,0.139453,2.87412,0,0,0,0,0.150323,2.87104,0,0,0,True,55.0|174,322
8|322|sample|5|174,0,0.0137571,2.89137,0,0,0,0,-0.0437138,2.71319,0,0,0,True,55.0|174,322
8|322|sample|6|174,0,-0.00429464,2.72545,0,0,0,0,-0.0240196,2.68043,0,0,0,True,55.0|174,322
8|322|sample|7|174,0,0.349157,2.75745,0,0,0,0,0.281605,2.6993,0,0,0,True,32.0|174,322
8|322|sample|8|174,0,0.287702,2.59763,0,0,0,0,0.293781,2.66202,0,0,0,True,32.0|174,322
8|322|sample|9|174,0,0.205627,2.63458,0,0,0,0,0.198971,2.65322,0,0,0,True,32.0|174,322
8|322|vc|1|2|174,0,0.0157857,-0.151279,0,0,0,0,-1.47815e-08,4.23361e-07,0,0,0,False,69.0|174,322
8|322|vc|2|2|174,0,0.0126955,-0.110371,0,0,0,0,3.30544e-08,-2.25237e-07,0,0,0,False,69.0|174,322
8|322|vc|3|2|174,0,-0.0158556,-0.196947,0,0,0,0,2.58211e-08,3.53112e-07,0,0,0,False,69.0|174,322
8|322|vc|4|2|174,0,0.0167079,-0.0340465,0,0,0,0,3.73454e-08,-1.73627e-07,0,0,0,False,69.0|174,322
8|322|vc|5|2|174,0,0.00702181,0.180012,0,0,0,0,2.31703e-08,-7.18498e-07,0,0,0,False,69.0|174,322
8|322|vc|6|2|174,0,-0.00754779,-0.122955,0,0,0,0,2.03881e-08,2.17528e-07,0,0,0,False,69.0|174,322
8|322|vc|7|2|174,0,-0.0174313,-0.017839,0,0,0,0,3.38752e-08,1.51638e-07,0,0,0,False,69.0|174,322
8|322|vc|8|2|174,0,0.0127264,-0.172237,0,0,0,0,1.28186e-08,3.00306e-07,0,0,0,False,69.0|174,322
8|963|cc|1|1|319,0,-0.0116224,-0.179498,0,0,0,0,2.35269e-08,-3.82865e-07,0,0,0,False,69.0|319,963
8|963|cc|2|1|319,0,0.0221979,0.0743112,0,0,0,0,-4.09013e-08,2.06164e-07,0,0,0,False,69.0|319,963
8|963|cc|3|1|319,0,0.00741187,-0.00462827,0,0,0,0,-1.17475e-08,4.66913e-07,0,0,0,False,69.0|319,963
8|963|cc|4|1|319,0,0.00396053,0.189028,0,0,0,0,-3.28533e-08,-5.81039e-08,0,0,0,False,69.0|319,963
8|963|cc|5|1|319,0,0.0219089,0.211413,0,0,0,0,3.95953e-09,-1.78149e-07,0,0,0,False,69.0|319,963
8|963|cc|6|1|319,0,-0.00610636,-0.3422,0,0,0,0,2.60497e-08,-1.45697e-07,0,0,0,False,69.0|319,963
8|963|cc|7|1|319,0,0.0102465,0.136395,0,0,0,0,-5.17103e-08,6.17019e-07,0,0,0,False,69.0|319,963
8|963|cc|8|1|319,0,0.0461862,-0.166228,0,0,0,0,1.04058e-08,-1.06063e-07,0,0,0,False,69.0|319,963
8|963|sample|10|319,0,0.105891,2.60665,0,0,0,0,0.153322,2.7223,0,0,0,True,32.0|319,963
8|963|sample|11|319,0,0.0324101,0.645279,0,0,0,0,0.043601,0.761509,0,0,0,True,22.0|319,963
8|963|sample|12|319,0,-0.1266,0.532783,0,0,0,0,-0.123129,0.573603,0,0,0,True,22.0|319,963
8|963|sample|3|319,0,0.033827,4.26192,0,0,0,0,0.0822168,4.41567,0,0,0,True,55.0|319,963
8|963|sample|4|319,0,0.119141,4.56558,0,0,0,0,0.119424,4.5949,0,0,0,True,55.0|319,963
8|963|sample|5|319,0,-0.223559,4.07322,0,0,0,0,-0.223647,4.08259,0,0,0,True,55.0|319,963
8|963|sample|6|319,0,-0.0702544,4.74062,0,0,0,0,-0.14999,4.56844,0,0,0,True,55.0|319,963
8|963|sample|7|319,0,-0.0115934,2.57905,0,0,0,0,-0.0186441,2.57983,0,0,0,True,32.0|319,963
8|963|sample|8|319,0,0.138084,2.47588,0,0,0,0,0.137628,2.521,0,0,0,True,32.0|319,963
8|963|sample|9|319,0,0.0930643,2.67876,0,0,0,0,0.124609,2.77543,0,0,0,True,32.0|319,963
8|963|vc|1|2|319,0,-0.00928079,0.0873513,0,0,0,0,-3.00805e-08,-5.34602e-07,0,0,0,False,69.0|319,963
8|963|vc|2|2|319,0,-0.0168304,-0.23914,0,0,0,0,2.02366e-09,-4.72349e-07,0,0,0,False,69.0|319,963
8|963|vc|3|2|319,0,-0.0119238,0.254865,0,0,0,0,-9.94897e-09,2.54261e-07,0,0,0,False,69.0|319,963
8|963|vc|4|2|319,0,0.00334548,-0.329051,0,0,0,0,-7.97657e-10,2.85536e-07,0,0,0,False,69.0|319,963
8|963|vc|5|2|319,0,-0.001614,0.0982977,0,0,0,0,3.18443e-08,7.7411e-08,0,0,0,False,69.0|319,963
8|963|vc|6|2|319,0,-0.00145614,-0.14098,0,0,0,0,-2.81102e-08,3.06211e-09,0,0,0,False,69.0|319,963
8|963|vc|7|2|319,0,0.0106078,-0.0336989,0,0,0,0,-1.269e-08,-2.23078e-07,0,0,0,False,69.0|319,963
8|963|vc|8|2|319,0,0.0171383,0.0834138,0,0,0,0,9.74127e-11,3.32939e-07,0,0,0,False,69.0|319,963
8|1241|cc|1|1|69,0,-0.0262591,0.036948,0,0,0,0,-1.63825e-08,-3.03421e-07,0,0,0,False,69.0|69,1241
8|1241|cc|2|1|69,0,0.0278603,-0.0420168,0,0,0,0,-2.05607e-08,4.60135e-07,0,0,0,False,69.0|69,1241
8|1241|cc|3|1|69,0,0.00184154,0.0486579,0,0,0,0,2.57764e-08,-5.2148e-07,0,0,0,False,69.0|69,1241
8|1241|cc|4|1|69,0,0.0237009,0.0696259,0,0,0,0,-4.25512e-08,-1.39342e-08,0,0,0,False,69.0|69,1241
8|1241|cc|5|1|69,0,-0.00226563,-0.0324531,0,0,0,0,-2.84036e-08,-2.51992e-07,0,0,0,False,69.0|69,1241
8|1241|cc|6|1|69,0,-0.0260426,0.0935304,0,0,0,0,1.84194e-08,-2.40656e-07,0,0,0,False,69.0|69,1241
8|1241|cc|7|1|69,0,-0.00716989,-0.0750861,0,0,0,0,-2.00051e-08,-3.02691e-07,0,0,0,False,69.0|69,1241
8|1241|cc|8|1|69,0,0.0076793,-0.112418,0,0,0,0,3.90859e-08,-2.93846e-07,0,0,0,False,69.0|69,1241
8|1241|sample|3|69,0,0.170522,-0.877262,0,0,0,0,0.205088,-0.827729,0,0,0,True,22.0|69,1241
8|1241|sample|4|69,0,0.228833,-0.782095,0,0,0,0,0.223077,-0.788223,0,0,0,True,22.0|69,1241
8|1241|sample|8|69,0,-0.00743927,0.843716,0,0,0,0,6.90846e-05,0.00339672,0,0,0,True,22.0|69,1241
8|1241|vc|1|2|69,0,0.00475654,-0.0937225,0,0,0,0,3.05685e-09,-3.43641e-07,0,0,0,False,69.0|69,1241
8|1241|vc|2|2|69,0,-0.00837038,0.216815,0,0,0,0,-4.93267e-08,2.99245e-07,0,0,0,False,69.0|69,1241
8|1241|vc|3|2|69,0,-0.0139846,0.336134,0,0,0,0,3.12851e-08,1.276e-07,0,0,0,False,69.0|69,1241
8|1241|vc|4|2|69,0,0.000503762,0.153393,0,0,0,0,-2.76888e-08,-1.5763e-07,0,0,0,False,69.0|69,1241
8|1241|vc|5|2|69,0,0.00928661,-0.0687603,0,0,0,0,5.63868e-08,-1.71558e-07,0,0,0,False,69.0|69,1241
8|1241|vc|6|2|69,0,-0.0144408,-0.0297969,0,0,0,0,-5.11696e-08,2.26367e-07,0,0,0,False,69.0|69,1241
8|1241|vc|7|2|69,0,-0.0103535,0.157483,0,0,0,0,4.8211e-08,8.45382e-08,0,0,0,False,69.0|69,1241
8|1241|vc|8|2|69,0,0.000556123,-0.132913,0,0,0,0,-3.21263e-08,-4.33506e-07,0,0,0,False,69.0|69,1241
8|1056|cc|1|1|276,0,0.0181707,0.166488,0,0,0,0,-3.4469e-08,6.96095e-08,0,0,0,False,69.0|276,1056
8|1056|cc|2|1|276,0,0.0155151,0.0448627,0,0,0,0,3.39849e-08,1.51489e-07,0,0,0,False,69.0|276,1056
8|1056|cc|3|1|276,0,-0.000216789,0.0271479,0,0,0,0,7.47934e-09,5.19554e-07,0,0,0,False,69.0|276,1056
8|1056|cc|4|1|276,0,-0.0271492,0.185818,0,0,0,0,-2.82341e-08,-6.02712e-07,0,0,0,False,69.0|276,1056
8|1056|cc|5|1|276,0,-0.0146377,0.111391,0,0,0,0,4.07225e-08,3.81815e-07,0,0,0,False,69.0|276,1056
8|1056|cc|6|1|276,0,-0.0219065,-0.177436,0,0,0,0,-1.39904e-08,-3.08063e-07,0,0,0,False,69.0|276,1056
8|1056|cc|7|1|276,0,-0.0132766,0.297076,0,0,0,0,1.4864e-08,-3.18048e-07,0,0,0,False,69.0|276,1056
8|1056|cc|8|1|276,0,0.0146264,0.14561,0,0,0,0,1.88585e-09,4.39837e-07,0,0,0,False,69.0|276,1056
8|1056|sample|3|276,0,0.154165,0.559181,0,0,0,0,0.177046,0.608388,0,0,0,True,22.0|276,1056
8|1056|sample|4|276,0,0.119742,0.426719,0,0,0,0,0.131279,0.479116,0,0,0,True,22.0|276,1056
8|1056|vc|1|2|276,0,-0.00124265,0.140618,0,0,0,0,-1.12256e-08,-3.38217e-07,0,0,0,False,69.0|276,1056
8|1056|vc|2|2|276,0,-0.00672436,0.0587835,0,0,0,0,-9.20014e-09,2.10659e-07,0,0,0,False,69.0|276,1056
8|1056|vc|3|2|276,0,0.00802074,-0.0848181,0,0,0,0,-2.37771e-08,-3.3261e-07,0,0,0,False,69.0|276,1056
8|1056|vc|4|2|276,0,-0.0284911,0.0414682,0,0,0,0,-3.9199e-08,-1.91009e-07,0,0,0,False,69.0|276,1056
8|1056|vc|5|2|276,0,0.0106557,0.0797005,0,0,0,0,1.43565e-08,-2.89029e-07,0,0,0,False,69.0|276,1056
8|1056|vc|6|2|276,0,0.0176324,0.205495,0,0,0,0,-3.41977e-08,1.19345e-07,0,0,0,False,69.0|276,1056
8|1056|vc|7|2|276,0,0.00617079,-0.00496314,0,0,0,0,1.556e-08,-3.57253e-07,0,0,0,False,69.0|276,1056
8|1056|vc|8|2|276,0,-0.000942988,-0.040269,0,0,0,0,2.56202e-08,2.29371e-07,0,0,0,False,69.0|276,1056
8|1159|cc|1|1|292,0,-0.000383602,0.235975,0,0,0,0,5.16057e-08,-1.97097e-07,0,0,0,False,69.0|292,1159
8|1159|cc|2|1|292,0,-0.00971933,-0.179482,0,0,0,0,1.86529e-08,-2.52746e-07,0,0,0,False,69.0|292,1159
8|1159|cc|3|1|292,0,-0.00975334,0.270297,0,0,0,0,-1.98576e-08,-3.13413e-07,0,0,0,False,69.0|292,1159
8|1159|cc|4|1|292,0,-0.0101091,-0.00179865,0,0,0,0,4.49617e-08,4.37145e-07,0,0,0,False,69.0|292,1159
8|1159|cc|5|1|292,0,0.00715875,0.0423851,0,0,0,0,1.76175e-09,-2.11565e-07,0,0,0,False,69.0|292,1159
8|1159|cc|6|1|292,0,-0.0090535,-0.305871,0,0,0,0,1.31061e-09,-2.34193e-07,0,0,0,False,69.0|292,1159
8|1159|cc|7|1|292,0,0.0112256,0.241459,0,0,0,0,6.32225e-08,1.03355e-06,0,0,0,False,69.0|292,1159
8|1159|cc|8|1|292,0,0.01892,0.12508,0,0,0,0,1.85684e-08,1.71633e-07,0,0,0,False,69.0|292,1159
8|1159|sample|3|292,0,0.119755,-0.600946,0,0,0,0,0.148308,-0.559101,0,0,0,True,22.0|292,1159
8|1159|sample|4|292,0,0.176011,-0.638964,0,0,0,0,0.147351,-0.657617,0,0,0,True,22.0|292,1159
8|1159|vc|1|2|292,0,-0.0100116,0.102869,0,0,0,0,-3.29409e-08,2.99159e-07,0,0,0,False,69.0|292,1159
8|1159|vc|2|2|292,0,0.025618,-0.0117961,0,0,0,0,-5.59793e-08,-1.1335e-07,0,0,0,False,69.0|292,1159
8|1159|vc|3|2|292,0,-0.00229449,-0.492494,0,0,0,0,6.89674e-09,3.75081e-07,0,0,0,False,69.0|292,1159
8|1159|vc|4|2|292,0,-0.000956179,0.0299415,0,0,0,0,-2.69089e-08,1.50377e-07,0,0,0,False,69.0|292,1159
8|1159|vc|5|2|292,0,-0.00340334,-0.204852,0,0,0,0,2.29786e-08,3.6238e-07,0,0,0,False,69.0|292,1159
8|1159|vc|6|2|292,0,-0.0086123,-0.236855,0,0,0,0,-4.58541e-08,1.12833e-07,0,0,0,False,69.0|292,1159
8|1159|vc|7|2|292,0,0.0114055,0.0255589,0,0,0,0,-1.22481e-08,1.45167e-07,0,0,0,False,69.0|292,1159
8|1159|vc|8|2|292,0,-0.00590515,-0.271523,0,0,0,0,-9.6317e-09,-3.4331e-07,0,0,0,False,69.0|292,1159
8|1017|cc|1|1|65,0,-0.014619,-0.152859,0,0,0,0,-1.93341e-08,4.63347e-07,0,0,0,False,69.0|65,1017
8|1017|cc|2|1|65,0,-0.0402303,-0.231783,0,0,0,0,7.73159e-09,-2.78629e-07,0,0,0,False,69.0|65,1017
8|1017|cc|3|1|65,0,-0.00525936,0.209441,0,0,0,0,3.73265e-08,-1.45118e-07,0,0,0,False,69.0|65,1017
8|1017|cc|4|1|65,0,-0.0128052,0.277847,0,0,0,0,-4.83013e-08,2.6785e-08,0,0,0,False,69.0|65,1017
8|1017|cc|5|1|65,0,0.00603064,0.0703124,0,0,0,0,-2.24396e-08,-5.11301e-07,0,0,0,False,69.0|65,1017
8|1017|cc|6|1|65,0,0.00935205,-0.0547182,0,0,0,0,1.43213e-08,2.53937e-07,0,0,0,False,69.0|65,1017
8|1017|cc|7|1|65,0,-0.00806562,-0.0150235,0,0,0,0,-6.90367e-08,-6.17041e-07,0,0,0,False,69.0|65,1017
8|1017|cc|8|1|65,0,-0.0037488,0.046536,0,0,0,0,-1.98836e-08,4.2526e-07,0,0,0,False,69.0|65,1017
8|1017|sample|3|65,0,0.05255,1.16687,0,0,0,0,0.0124416,1.17208,0,0,0,True,22.0|65,1017
8|1017|sample|4|65,0,0.13112,1.01498,0,0,0,0,0.0956674,1.01214,0,0,0,True,22.0|65,1017
8|1017|sample|8|65,0,0.0112366,0.686622,0,0,0,0,1.56864e-05,0.000769158,0,0,0,True,22.0|65,1017
8|1017|vc|1|2|65,0,-0.00381445,0.181439,0,0,0,0,2.27752e-08,3.03206e-07,0,0,0,False,69.0|65,1017
8|1017|vc|2|2|65,0,0.010284,-0.158105,0,0,0,0,6.35016e-08,-5.61685e-08,0,0,0,False,69.0|65,1017
8|1017|vc|3|2|65,0,0.0109761,-0.223021,0,0,0,0,3.31903e-08,-3.29186e-07,0,0,0,False,69.0|65,1017
8|1017|vc|4|2|65,0,-0.0158594,-0.263658,0,0,0,0,2.22235e-08,-2.69336e-07,0,0,0,False,69.0|65,1017
8|1017|vc|5|2|65,0,0.00625891,-0.0976385,0,0,0,0,-4.98402e-09,3.1299e-07,0,0,0,False,69.0|65,1017
8|1017|vc|6|2|65,0,-0.00816253,-0.139362,0,0,0,0,-5.9988e-08,-2.45278e-07,0,0,0,False,69.0|65,1017
8|1017|vc|7|2|65,0,0.00321571,-0.0653629,0,0,0,0,1.65469e-08,-3.7635e-07,0,0,0,False,69.0|65,1017
8|1017|vc|8|2|65,0,-0.00189091,-0.0460327,0,0,0,0,-2.36787e-08,3.50631e-07,0,0,0,False,69.0|65,1017
8|1197|cc|1|1|103,0,0.0109158,-0.344642,0,0,0,0,-4.92591e-08,-1.92853e-07,0,0,0,False,69.0|103,1197
8|1197|cc|2|1|103,0,0.0136313,-0.0512173,0,0,0,0,-4.60505e-08,2.16782e-07,0,0,0,False,69.0|103,1197
8|1197|cc|3|1|103,0,0.0128702,0.075426,0,0,0,0,-2.51583e-10,-3.5898e-07,0,0,0,False,69.0|103,1197
8|1197|cc|4|1|103,0,-0.00760526,-0.0842224,0,0,0,0,-4.7652e-08,-1.8698e-07,0,0,0,False,69.0|103,1197
8|1197|cc|5|1|103,0,-0.00820687,-0.102013,0,0,0,0,3.28258e-08,1.66145e-07,0,0,0,False,69.0|103,1197
8|1197|cc|6|1|103,0,-0.00462888,0.297774,0,0,0,0,1.73645e-08,-3.74159e-07,0,0,0,False,69.0|103,1197
8|1197|cc|7|1|103,0,0.0390262,-0.252952,0,0,0,0,-4.62394e-08,5.21154e-07,0,0,0,False,69.0|103,1197
8|1197|cc|8|1|103,0,-0.0113238,0.0990122,0,0,0,0,-9.55101e-09,1.48927e-07,0,0,0,False,69.0|103,1197
8|1197|sample|3|103,0,0.202978,1.86534,0,0,0,0,0.147217,1.81611,0,0,0,True,22.0|103,1197
8|1197|sample|4|103,0,0.160279,1.88411,0,0,0,0,0.182134,1.91905,0,0,0,True,22.0|103,1197
8|1197|vc|1|2|103,0,-0.0207752,-0.124928,0,0,0,0,5.17452e-08,-7.74825e-08,0,0,0,False,69.0|103,1197
8|1197|vc|2|2|103,0,-0.0152842,-0.151139,0,0,0,0,3.80926e-08,-1.36152e-07,0,0,0,False,69.0|103,1197
8|1197|vc|3|2|103,0,-0.00131189,-0.168613,0,0,0,0,4.38971e-08,-4.53923e-07,0,0,0,False,69.0|103,1197
8|1197|vc|4|2|103,0,-0.0180369,0.0138736,0,0,0,0,-3.244e-08,-2.91075e-07,0,0,0,False,69.0|103,1197
8|1197|vc|5|2|103,0,-0.00361009,-0.154987,0,0,0,0,-3.05401e-08,-2.76533e-07,0,0,0,False,69.0|103,1197
8|1197|vc|6|2|103,0,-0.00325089,-0.036893,0,0,0,0,-2.1394e-08,5.70541e-07,0,0,0,False,69.0|103,1197
8|1197|vc|7|2|103,0,-0.0243063,-0.152277,0,0,0,0,3.70101e-08,3.61226e-07,0,0,0,False,69.0|103,1197
8|1197|vc|8|2|103,0,-0.00158399,0.111618,0,0,0,0,-5.44325e-08,6.54444e-08,0,0,0,False,69.0|103,1197
8|745|cc|1|1|218,0,-0.00464404,-0.0569973,0,0,0,0,-1.81621e-08,1.87999e-07,0,0,0,False,69.0|218,745
8|745|cc|2|1|218,0,0.00884841,-0.0687916,0,0,0,0,5.07977e-08,1.64143e-07,0,0,0,False,69.0|218,745
8|745|cc|3|1|218,0,0.00255756,0.250488,0,0,0,0,3.26269e-08,8.32758e-08,0,0,0,False,69.0|218,745
8|745|cc|4|1|218,0,-0.00633937,-0.187221,0,0,0,0,-2.80066e-08,4.83887e-07,0,0,0,False,69.0|218,745
8|745|cc|5|1|218,0,-0.0174196,0.0498928,0,0,0,0,1.99145e-08,-1.83296e-07,0,0,0,False,69.0|218,745
8|745|cc|6|1|218,0,-0.00303852,0.0740181,0,0,0,0,2.83456e-08,1.78102e-07,0,0,0,False,69.0|218,745
8|745|cc|7|1|218,0,0.0110093,0.0916498,0,0,0,0,-8.04655e-09,2.91317e-07,0,0,0,False,69.0|218,745
8|745|cc|8|1|218,0,0.00221811,-0.205654,0,0,0,0,4.09246e-09,1.76784e-07,0,0,0,False,69.0|218,745
8|745|sample|3|218,0,0.119257,1.39646,0,0,0,0,0.0697005,1.37573,0,0,0,True,22.0|218,745
8|745|sample|4|218,0,0.0492872,1.22085,0,0,0,0,0.0180211,1.20363,0,0,0,True,22.0|218,745
8|745|sample|5|218,0,0.00475899,1.48042,0,0,0,0,0.00396979,0.414623,0,0,0,True,22.0|218,745
8|745|vc|1|2|218,0,-0.0226463,0.218535,0,0,0,0,-3.359e-08,3.88223e-07,0,0,0,False,69.0|218,745
8|745|vc|2|2|218,0,0.0118637,-0.10526,0,0,0,0,-2.66178e-08,-4.56078e-07,0,0,0,False,69.0|218,745
8|745|vc|3|2|218,0,0.0102197,-0.513554,0,0,0,0,-4.79572e-08,1.02352e-07,0,0,0,False,69.0|218,745
8|745|vc|4|2|218,0,-0.0136781,-0.207817,0,0,0,0,-2.93938e-08,7.85356e-08,0,0,0,False,69.0|218,745
8|745|vc|5|2|218,0,-0.0217686,0.220701,0,0,0,0,6.01696e-08,1.54153e-08,0,0,0,False,69.0|218,745
8|745|vc|6|2|218,0,-0.00141681,-0.0588687,0,0,0,0,-4.41475e-08,3.48913e-08,0,0,0,False,69.0|218,745
8|745|vc|7|2|218,0,-0.0180197,0.298191,0,0,0,0,7.86752e-09,-3.80854e-07,0,0,0,False,69.0|218,745
8|745|vc|8|2|218,0,0.0177226,0.0217838,0,0,0,0,4.7906e-08,-1.43544e-07,0,0,0,False,69.0|218,745
8|1043|cc|1|1|174,0,-0.00632191,0.172702,0,0,0,0,-1.14437e-08,3.68788e-07,0,0,0,False,69.0|174,1043
8|1043|cc|2|1|174,0,0.0192527,0.0812766,0,0,0,0,2.14934e-08,1.91263e-07,0,0,0,False,69.0|174,1043
8|1043|cc|3|1|174,0,0.0003272,0.0792775,0,0,0,0,-1.31798e-08,1.15127e-07,0,0,0,False,69.0|174,1043
8|1043|cc|4|1|174,0,-0.00741857,0.0273117,0,0,0,0,4.71139e-08,-9.30018e-08,0,0,0,False,69.0|174,1043
8|1043|cc|5|1|174,0,0.00966534,-0.0420709,0,0,0,0,-2.70644e-08,4.54092e-07,0,0,0,False,69.0|174,1043
8|1043|cc|6|1|174,0,0.00857727,0.21295,0,0,0,0,-6.55025e-09,-3.67818e-07,0,0,0,False,69.0|174,1043
8|1043|cc|7|1|174,0,0.00653122,0.112931,0,0,0,0,2.09726e-09,-2.4965e-07,0,0,0,False,69.0|174,1043
8|1043|cc|8|1|174,0,0.00108989,0.102915,0,0,0,0,-2.66594e-08,2.25857e-07,0,0,0,False,69.0|174,1043
8|1043|sample|3|174,0,0.163861,2.04607,0,0,0,0,0.137383,2.00808,0,0,0,True,22.0|174,1043
8|1043|sample|4|174,0,0.143832,2.05345,0,0,0,0,0.140398,2.08645,0,0,0,True,22.0|174,1043
8|1043|vc|1|2|174,0,-0.0203883,-0.000142711,0,0,0,0,-1.95774e-08,-1.78649e-07,0,0,0,False,69.0|174,1043
8|1043|vc|2|2|174,0,0.00794721,0.1787,0,0,0,0,2.77618e-08,-1.68608e-07,0,0,0,False,69.0|174,1043
8|1043|vc|3|2|174,0,-0.0207907,-0.182925,0,0,0,0,3.51366e-08,-4.61021e-07,0,0,0,False,69.0|174,1043
8|1043|vc|4|2|174,0,0.0125931,0.234526,0,0,0,0,5.29743e-08,-4.08258e-08,0,0,0,False,69.0|174,1043
8|1043|vc|5|2|174,0,-0.00920318,0.0186722,0,0,0,0,3.7158e-08,-2.31627e-07,0,0,0,False,69.0|174,1043
8|1043|vc|6|2|174,0,0.00983379,0.161818,0,0,0,0,-9.46244e-08,-3.07282e-07,0,0,0,False,69.0|174,1043
8|1043|vc|7|2|174,0,-0.0110843,0.0413702,0,0,0,0,-1.1416e-08,3.58236e-07,0,0,0,False,69.0|174,1043
8|1043|vc|8|2|174,0,0.0137013,0.0437337,0,0,0,0,-4.8017e-08,2.93573e-07,0,0,0,False,69.0|174,1043
8|1260|cc|1|1|319,0,-0.00475395,-0.0348868,0,0,0,0,5.32623e-08,3.41473e-07,0,0,0,False,69.0|319,1260
8|1260|cc|2|1|319,0,0.00144793,0.0744043,0,0,0,0,1.90662e-08,-2.01682e-08,0,0,0,False,69.0|319,1260
8|1260|cc|3|1|319,0,-0.0040676,-0.0191864,0,0,0,0,-5.33308e-09,2.87819e-07,0,0,0,False,69.0|319,1260
8|1260|cc|4|1|319,0,-0.0298073,0.0526064,0,0,0,0,8.02549e-09,3.66828e-07,0,0,0,False,69.0|319,1260
8|1260|cc|5|1|319,0,0.0139019,0.130514,0,0,0,0,-1.78665e-08,-2.84161e-07,0,0,0,False,69.0|319,1260
8|1260|cc|6|1|319,0,-0.0111328,0.314888,0,0,0,0,6.05581e-08,2.99858e-07,0,0,0,False,69.0|319,1260
8|1260|cc|7|1|319,0,0.0182063,-0.281451,0,0,0,0,8.41923e-08,-3.86697e-07,0,0,0,False,69.0|319,1260
8|1260|cc|8|1|319,0,-0.0137386,-0.224604,0,0,0,0,-6.56803e-10,-2.68599e-07,0,0,0,False,69.0|319,1260
8|1260|sample|3|319,0,0.0402904,0.608197,0,0,0,0,-0.00573548,0.59061,0,0,0,True,22.0|319,1260
8|1260|sample|4|319,0,0.0066043,0.682874,0,0,0,0,-0.00472857,0.700333,0,0,0,True,22.0|319,1260
8|1260|vc|1|2|319,0,-0.00273436,0.118213,0,0,0,0,1.32806e-08,-3.65543e-07,0,0,0,False,69.0|319,1260
8|1260|vc|2|2|319,0,-0.0122548,-0.0775413,0,0,0,0,3.00511e-08,5.39788e-08,0,0,0,False,69.0|319,1260
8|1260|vc|3|2|319,0,0.010216,-0.184612,0,0,0,0,-1.67922e-08,-3.7362e-07,0,0,0,False,69.0|319,1260
8|1260|vc|4|2|319,0,0.000223529,0.00291059,0,0,0,0,4.82164e-08,1.52612e-08,0,0,0,False,69.0|319,1260
8|1260|vc|5|2|319,0,0.00243395,-0.00247907,0,0,0,0,-4.42171e-08,-1.66042e-07,0,0,0,False,69.0|319,1260
8|1260|vc|6|2|319,0,0.0197478,0.0896986,0,0,0,0,-5.18776e-08,1.68869e-09,0,0,0,False,69.0|319,1260
8|1260|vc|7|2|319,0,-0.007846,-0.0393478,0,0,0,0,8.17889e-08,6.45971e-08,0,0,0,False,69.0|319,1260
8|1260|vc|8|2|319,0,-0.00686412,0.0461646,0,0,0,0,2.49603e-09,2.69761e-07,0,0,0,False,69.0|319,1260
8|1042|cc|1|1|162,0,-0.0048016,-0.0912625,0,0,0,0,2.61174e-08,-4.35298e-07,0,0,0,False,69.0|162,1042
8|1042|cc|2|1|162,0,0.0226486,-0.0671672,0,0,0,0,-1.1771e-08,1.95107e-07,0,0,0,False,69.0|162,1042
8|1042|cc|3|1|162,0,0.00887508,-0.228009,0,0,0,0,4.32431e-08,1.94831e-07,0,0,0,False,69.0|162,1042
8|1042|cc|4|1|162,0,-0.0164923,0.0808934,0,0,0,0,2.63864e-08,4.30003e-07,0,0,0,False,69.0|162,1042
8|1042|cc|5|1|162,0,0.0146585,0.128096,0,0,0,0,5.61298e-08,-3.20255e-09,0,0,0,False,69.0|162,1042
8|1042|cc|6|1|162,0,-0.00398866,-0.101596,0,0,0,0,-3.37824e-08,-1.80809e-07,0,0,0,False,69.0|162,1042
8|1042|cc|7|1|162,0,0.00452659,0.0668748,0,0,0,0,1.9864e-09,-2.95224e-07,0,0,0,False,69.0|162,1042
8|1042|cc|8|1|162,0,0.000291178,-0.129088,0,0,0,0,1.60657e-08,-2.89546e-07,0,0,0,False,69.0|162,1042
8|1042|sample|3|162,0,0.0838703,-1.31474,0,0,0,0,0.0975053,-1.2452,0,0,0,True,22.0|162,1042
8|1042|sample|4|162,0,0.107879,-1.31893,0,0,0,0,0.0981673,-1.29909,0,0,0,True,22.0|162,1042
8|1042|vc|1|2|162,0,-0.0075892,-0.117724,0,0,0,0,-9.72135e-09,2.46152e-07,0,0,0,False,69.0|162,1042
8|1042|vc|2|2|162,0,-0.00739703,0.135283,0,0,0,0,-2.40767e-08,-2.09171e-07,0,0,0,False,69.0|162,1042
8|1042|vc|3|2|162,0,-0.00692468,0.215827,0,0,0,0,-1.34708e-08,3.15084e-07,0,0,0,False,69.0|162,1042
8|1042|vc|4|2|162,0,-0.0235461,0.0724597,0,0,0,0,-5.3171e-08,1.19558e-08,0,0,0,False,69.0|162,1042
8|1042|vc|5|2|162,0,0.00146536,0.209928,0,0,0,0,1.43566e-08,2.30726e-07,0,0,0,False,69.0|162,1042
8|1042|vc|6|2|162,0,0.015745,0.194609,0,0,0,0,-8.37565e-09,-5.50506e-08,0,0,0,False,69.0|162,1042
8|1042|vc|7|2|162,0,-0.00601359,-0.0354954,0,0,0,0,3.88399e-08,1.32902e-07,0,0,0,False,69.0|162,1042
8|1042|vc|8|2|162,0,0.0171428,-0.220817,0,0,0,0,2.03065e-08,4.33578e-07,0,0,0,False,69.0|162,1042
8|863|cc|1|1|274,0,-0.0130571,-0.131317,0,0,0,0,2.3542e-08,-3.95177e-07,0,0,0,False,69.0|274,863
8|863|cc|2|1|274,0,-0.0151022,0.0272691,0,0,0,0,4.14642e-08,-3.31924e-08,0,0,0,False,69.0|274,863
8|863|cc|3|1|274,0,0.0293607,0.0973406,0,0,0,0,-2.02843e-08,-3.03046e-07,0,0,0,False,69.0|274,863
8|863|cc|4|1|274,0,0.00797388,0.049985,0,0,0,0,2.58191e-09,-2.10085e-07,0,0,0,False,69.0|274,863
8|863|cc|5|1|274,0,0.00786989,0.000402408,0,0,0,0,3.92751e-08,-9.27069e-08,0,0,0,False,69.0|274,863
8|863|cc|6|1|274,0,0.00854035,0.0697427,0,0,0,0,1.53347e-09,4.29501e-07,0,0,0,False,69.0|274,863
8|863|cc|7|1|274,0,-0.00512506,0.054138,0,0,0,0,1.37662e-08,2.5822e-07,0,0,0,False,69.0|274,863
8|863|cc|8|1|274,0,0.0257938,-0.0524395,0,0,0,0,-1.06846e-08,-4.50372e-07,0,0,0,False,69.0|274,863
8|863|sample|3|274,0,0.168417,0.435925,0,0,0,0,0.135065,0.396328,0,0,0,True,22.0|274,863
8|863|sample|4|274,0,0.140459,0.264765,0,0,0,0,0.116236,0.234672,0,0,0,True,22.0|274,863
8|863|vc|1|2|274,0,-0.00811537,0.19163,0,0,0,0,-2.76403e-08,5.07056e-07,0,0,0,False,69.0|274,863
8|863|vc|2|2|274,0,0.0190147,0.221479,0,0,0,0,7.87397e-09,3.31464e-07,0,0,0,False,69.0|274,863
8|863|vc|3|2|274,0,0.0422569,0.215528,0,0,0,0,-5.06152e-08,-4.24351e-07,0,0,0,False,69.0|274,863
8|863|vc|4|2|274,0,-0.000185117,-0.262711,0,0,0,0,4.84655e-08,2.79222e-07,0,0,0,False,69.0|274,863
8|863|vc|5|2|274,0,-0.0035799,0.265659,0,0,0,0,-6.13837e-08,-1.67411e-07,0,0,0,False,69.0|274,863
8|863|vc|6|2|274,0,-0.00493525,0.271429,0,0,0,0,6.20677e-09,2.28114e-07,0,0,0,False,69.0|274,863
8|863|vc|7|2|274,0,-0.011739,0.0046313,0,0,0,0,3.35226e-08,-3.88217e-07,0,0,0,False,69.0|274,863
8|863|vc|8|2|274,0,-0.0166191,0.153552,0,0,0,0,-1.21694e-08,6.26092e-07,0,0,0,False,69.0|274,863
8|152|cc|1|1|322,0,-0.00860429,0.254135,0,0,0,0,2.22792e-08,-1.21862e-07,0,0,0,False,69.0|322,152
8|152|cc|2|1|322,0,0.00328814,0.0888728,0,0,0,0,-6.60301e-09,2.41546e-07,0,0,0,False,69.0|322,152
8|152|cc|3|1|322,0,0.0156619,-0.158695,0,0,0,0,-2.51274e-08,-1.68827e-07,0,0,0,False,69.0|322,152
8|152|cc|4|1|322,0,-0.00175672,0.225873,0,0,0,0,-5.46488e-08,-2.01288e-07,0,0,0,False,69.0|322,152
8|152|cc|5|1|322,0,0.0226758,-0.00725034,0,0,0,0,1.64928e-08,-4.05218e-07,0,0,0,False,69.0|322,152
8|152|cc|6|1|322,0,0.00914068,-0.0716611,0,0,0,0,8.72555e-09,3.84339e-07,0,0,0,False,69.0|322,152
8|152|cc|7|1|322,0,0.0128265,0.010867,0,0,0,0,-3.52709e-08,3.97336e-07,0,0,0,False,69.0|322,152
8|152|cc|8|1|322,0,-0.00837054,-0.19345,0,0,0,0,1.655e-08,-2.04971e-07,0,0,0,False,69.0|322,152
8|152|sample|3|322,0,-0.183664,-0.848761,0,0,0,0,-0.182851,-0.846523,0,0,0,True,22.0|322,152
8|152|sample|4|322,0,-0.155746,-0.954938,0,0,0,0,-0.182208,-1.00137,0,0,0,True,22.0|322,152
8|152|vc|1|2|322,0,0.00241325,-0.139826,0,0,0,0,-8.03545e-08,7.38359e-09,0,0,0,False,69.0|322,152
8|152|vc|2|2|322,0,-0.000323314,-0.188007,0,0,0,0,2.30633e-08,-2.11168e-07,0,0,0,False,69.0|322,152
8|152|vc|3|2|322,0,0.00842305,0.351632,0,0,0,0,-1.67155e-08,-9.59532e-08,0,0,0,False,69.0|322,152
8|152|vc|4|2|322,0,0.005883,-0.0351775,0,0,0,0,-6.17555e-09,-3.25315e-07,0,0,0,False,69.0|322,152
8|152|vc|5|2|322,0,-0.00221523,-0.221554,0,0,0,0,-3.38344e-08,2.28441e-08,0,0,0,False,69.0|322,152
8|152|vc|6|2|322,0,-0.00197388,0.0948781,0,0,0,0,3.62717e-08,-1.51103e-07,0,0,0,False,69.0|322,152
8|152|vc|7|2|322,0,0.0148815,0.139989,0,0,0,0,-4.35395e-08,-8.8946e-08,0,0,0,False,69.0|322,152
8|152|vc|8|2|322,0,0.0116221,-0.201593,0,0,0,0,8.46218e-09,-6.35843e-07,0,0,0,False,69.0|322,152
9|411|cc|1|1|274,0,0.00627278,0.0784825,0,0,0,0,3.80435e-08,3.27722e-07,0,0,0,False,69.0|274,411
9|411|cc|2|1|274,0,0.0121737,0.0277261,0,0,0,0,8.90354e-09,2.40744e-07,0,0,0,False,69.0|274,411
9|411|cc|3|1|274,0,0.00750239,0.00170965,0,0,0,0,-5.28354e-08,-4.748e-08,0,0,0,False,69.0|274,411
9|411|cc|4|1|274,0,0.0128353,0.160085,0,0,0,0,1.71247e-08,-2.43154e-07,0,0,0,False,69.0|274,411
9|411|cc|5|1|274,0,-0.00708294,0.053583,0,0,0,0,-4.14791e-08,-2.61155e-07,0,0,0,False,69.0|274,411
9|411|cc|6|1|274,0,0.0157194,-0.00475447,0,0,0,0,9.12094e-09,2.58688e-07,0,0,0,False,69.0|274,411
9|411|cc|7|1|274,0,0.00428816,0.130984,0,0,0,0,-4.348e-08,-1.56327e-07,0,0,0,False,69.0|274,411
9|411|cc|8|1|274,0,-0.00834822,-0.00275951,0,0,0,0,-1.17339e-08,2.12059e-07,0,0,0,False,69.0|274,411
9|411|sample|10|274,0,0.0449097,-1.50058,0,0,0,0,0.0393727,-1.49113,0,0,0,True,70.0|274,411
9|411|sample|11|274,0,-0.0204713,-1.24821,0,0,0,0,-0.0115174,-1.18575,0,0,0,True,70.0|274,411
9|411|sample|12|274,0,-0.0399866,-1.01616,0,0,0,0,-0.0591815,-1.08872,0,0,0,True,70.0|274,411
9|411|sample|3|274,0,0.0778978,-0.75559,0,0,0,0,0.0570543,-0.772584,0,0,0,True,70.0|274,411
9|411|sample|4|274,0,0.068496,-1.30971,0,0,0,0,0.0188099,-1.40918,0,0,0,True,70.0|274,411
9|411|sample|5|274,0,0.029645,-1.49757,0,0,0,0,0.0176328,-1.47574,0,0,0,True,70.0|274,411
9|411|sample|6|274,0,0.0288773,-1.5455,0,0,0,0,0.0167614,-1.53142,0,0,0,True,70.0|274,411
9|411|sample|7|274,0,0.0606298,-1.02846,0,0,0,0,0.0338912,-1.05928,0,0,0,True,70.0|274,411
9|411|sample|8|274,0,0.00440273,-1.17489,0,0,0,0,0.00251564,-1.17869,0,0,0,True,70.0|274,411
9|411|sample|9|274,0,0.0233934,-1.40134,0,0,0,0,0.0424038,-1.35185,0,0,0,True,70.0|274,411
9|411|vc|1|2|274,0,0.0218037,-0.11741,0,0,0,0,-4.61629e-09,-2.83355e-07,0,0,0,False,69.0|274,411
9|411|vc|2|2|274,0,9.83596e-05,-0.246077,0,0,0,0,3.06866e-08,8.53237e-08,0,0,0,False,69.0|274,411
9|411|vc|3|2|274,0,-0.0148373,0.177989,0,0,0,0,5.85108e-08,1.7785e-07,0,0,0,False,69.0|274,411
9|411|vc|4|2|274,0,-0.0122706,-0.276036,0,0,0,0,4.8812e-08,1.18885e-07,0,0,0,False,69.0|274,411
9|411|vc|5|2|274,0,-0.00790954,-0.122543,0,0,0,0,-2.30181e-08,1.57124e-07,0,0,0,False,69.0|274,411
9|411|vc|6|2|274,0,-0.0211,0.353511,0,0,0,0,5.15803e-08,2.99199e-08,0,0,0,False,69.0|274,411
9|411|vc|7|2|274,0,6.02851e-05,0.323948,0,0,0,0,1.67645e-08,3.61102e-07,0,0,0,False,69.0|274,411
9|411|vc|8|2|274,0,-0.0294324,0.128584,0,0,0,0,4.83277e-08,-3.12943e-07,0,0,0,False,69.0|274,411
