id,importanceSampling
9|411|9|411|sample|4|274|4|274|70.0,135.297949
9|411|9|411|sample|3|274|3|274|70.0,131.478306
9|411|9|411|sample|5|274|5|274|70.0,156.983649
9|411|9|411|sample|6|274|6|274|70.0,155.893932
9|411|9|411|sample|8|274|8|274|70.0,134.473614
9|411|9|411|sample|7|274|7|274|70.0,133.471901
9|411|9|411|sample|9|274|9|274|70.0,153.684879
9|411|9|411|sample|10|274|10|274|70.0,156.284721
9|411|9|411|sample|12|274|12|274|70.0,131.712532
9|411|9|411|sample|11|274|11|274|70.0,133.058777
9|411|9|411|cc|1|1|274|1|274|69.0,12.472272
9|411|9|411|cc|2|1|274|1|274|69.0,12.542913
9|411|9|411|cc|3|1|274|1|274|69.0,12.382265
9|411|9|411|cc|4|1|274|1|274|69.0,12.445335
9|411|9|411|cc|5|1|274|1|274|69.0,12.722978
9|411|9|411|cc|6|1|274|1|274|69.0,12.419850
9|411|9|411|cc|7|1|274|1|274|69.0,12.566077
9|411|9|411|cc|8|1|274|1|274|69.0,13.357916
9|411|9|411|vc|1|2|274|2|274|69.0,19.926489
9|411|9|411|vc|2|2|274|2|274|69.0,19.949578
9|411|9|411|vc|3|2|274|2|274|69.0,20.113668
9|411|9|411|vc|4|2|274|2|274|69.0,19.972525
9|411|9|411|vc|5|2|274|2|274|69.0,20.047233
9|411|9|411|vc|6|2|274|2|274|69.0,19.974507
9|411|9|411|vc|7|2|274|2|274|69.0,20.151023
9|411|9|411|vc|8|2|274|2|274|69.0,19.856810
8|152|8|152|sample|8|322|8|322|65.0,146.771108
8|152|8|152|sample|7|322|7|322|65.0,146.761623
8|152|8|152|sample|6|322|6|322|65.0,150.790637
8|152|8|152|sample|5|322|5|322|65.0,149.540799
8|152|8|152|sample|12|322|12|322|28.0,143.450797
8|152|8|152|sample|11|322|11|322|28.0,140.310825
8|152|8|152|sample|10|322|10|322|28.0,145.226974
8|152|8|152|sample|9|322|9|322|28.0,147.185353
8|152|8|152|sample|3|322|3|322|22.0,145.438748
8|152|8|152|sample|4|322|4|322|22.0,145.822598
8|152|8|152|cc|1|1|322|1|322|69.0,12.221464
8|152|8|152|cc|2|1|322|1|322|69.0,12.175519
8|152|8|152|cc|3|1|322|1|322|69.0,12.121772
8|152|8|152|cc|4|1|322|1|322|69.0,12.183755
8|152|8|152|cc|5|1|322|1|322|69.0,12.103567
8|152|8|152|cc|6|1|322|1|322|69.0,12.105266
8|152|8|152|cc|7|1|322|1|322|69.0,12.217663
8|152|8|152|cc|8|1|322|1|322|69.0,12.231287
8|152|8|152|vc|1|2|322|2|322|69.0,20.869454
8|152|8|152|vc|2|2|322|2|322|69.0,20.893187
8|152|8|152|vc|3|2|322|2|322|69.0,20.994887
8|152|8|152|vc|4|2|322|2|322|69.0,20.908290
8|152|8|152|vc|5|2|322|2|322|69.0,20.929401
8|152|8|152|vc|6|2|322|2|322|69.0,20.938910
8|152|8|152|vc|7|2|322|2|322|69.0,20.910948
8|152|8|152|vc|8|2|322|2|322|69.0,20.843429
8|1056|8|1056|sample|8|276|8|276|65.0,143.813758
8|1056|8|1056|sample|7|276|7|276|65.0,144.647005
8|1056|8|1056|sample|6|276|6|276|65.0,148.635449
8|1056|8|1056|sample|5|276|5|276|65.0,149.844626
8|1056|8|1056|sample|12|276|12|276|28.0,143.100661
8|1056|8|1056|sample|11|276|11|276|28.0,142.527396
8|1056|8|1056|sample|10|276|10|276|28.0,148.726034
8|1056|8|1056|sample|9|276|9|276|28.0,150.381472
8|1056|8|1056|sample|4|276|4|276|22.0,145.442738
8|1056|8|1056|sample|3|276|3|276|22.0,142.318688
8|1056|8|1056|cc|1|1|276|1|276|69.0,12.154917
8|1056|8|1056|cc|2|1|276|1|276|69.0,12.170466
8|1056|8|1056|cc|3|1|276|1|276|69.0,12.157078
8|1056|8|1056|cc|4|1|276|1|276|69.0,12.152655
8|1056|8|1056|cc|5|1|276|1|276|69.0,12.185460
8|1056|8|1056|cc|6|1|276|1|276|69.0,12.165333
8|1056|8|1056|cc|7|1|276|1|276|69.0,12.208294
8|1056|8|1056|cc|8|1|276|1|276|69.0,12.273041
8|1056|8|1056|vc|1|2|276|2|276|69.0,21.464292
8|1056|8|1056|vc|2|2|276|2|276|69.0,21.526642
8|1056|8|1056|vc|3|2|276|2|276|69.0,21.452818
8|1056|8|1056|vc|4|2|276|2|276|69.0,21.585313
8|1056|8|1056|vc|5|2|276|2|276|69.0,21.422691
8|1056|8|1056|vc|6|2|276|2|276|69.0,21.408597
8|1056|8|1056|vc|7|2|276|2|276|69.0,21.393017
8|1056|8|1056|vc|8|2|276|2|276|69.0,21.896543
8|462|8|462|sample|6|292|6|292|55.0,204.112928
8|462|8|462|sample|5|292|5|292|55.0,200.496384
8|462|8|462|sample|4|292|4|292|55.0,182.994887
8|462|8|462|sample|3|292|3|292|55.0,182.597790
8|462|8|462|sample|9|292|9|292|32.0,150.907793
8|462|8|462|sample|10|292|10|292|32.0,155.918011
8|462|8|462|sample|7|292|7|292|32.0,162.022382
8|462|8|462|sample|8|292|8|292|32.0,159.446704
8|462|8|462|sample|11|292|11|292|22.0,171.308303
8|462|8|462|sample|12|292|12|292|22.0,169.802629
8|462|8|462|cc|1|1|292|1|292|69.0,16.301692
8|462|8|462|cc|2|1|292|1|292|69.0,12.819190
8|462|8|462|cc|3|1|292|1|292|69.0,12.550104
8|462|8|462|cc|4|1|292|1|292|69.0,13.494631
8|462|8|462|cc|5|1|292|1|292|69.0,14.339504
8|462|8|462|cc|6|1|292|1|292|69.0,14.960175
8|462|8|462|cc|7|1|292|1|292|69.0,15.221229
8|462|8|462|cc|8|1|292|1|292|69.0,23.301667
8|462|8|462|vc|1|2|292|2|292|69.0,21.244461
8|462|8|462|vc|2|2|292|2|292|69.0,21.605858
8|462|8|462|vc|3|2|292|2|292|69.0,21.750959
8|462|8|462|vc|4|2|292|2|292|69.0,21.746719
8|462|8|462|vc|5|2|292|2|292|69.0,21.900048
8|462|8|462|vc|6|2|292|2|292|69.0,21.688269
8|462|8|462|vc|7|2|292|2|292|69.0,21.525716
8|462|8|462|vc|8|2|292|2|292|69.0,21.354246
8|1159|8|1159|sample|8|292|8|292|65.0,159.683067
8|1159|8|1159|sample|7|292|7|292|65.0,162.313345
8|1159|8|1159|sample|5|292|5|292|65.0,162.771779
8|1159|8|1159|sample|6|292|6|292|65.0,161.705797
8|1159|8|1159|sample|11|292|11|292|28.0,146.869132
8|1159|8|1159|sample|12|292|12|292|28.0,148.002860
8|1159|8|1159|sample|9|292|9|292|28.0,158.607931
8|1159|8|1159|sample|10|292|10|292|28.0,163.246456
8|1159|8|1159|sample|4|292|4|292|22.0,154.219106
8|1159|8|1159|sample|3|292|3|292|22.0,154.148866
8|1159|8|1159|cc|1|1|292|1|292|69.0,15.729544
8|1159|8|1159|cc|2|1|292|1|292|69.0,12.870531
8|1159|8|1159|cc|3|1|292|1|292|69.0,13.554058
8|1159|8|1159|cc|4|1|292|1|292|69.0,12.326955
8|1159|8|1159|cc|5|1|292|1|292|69.0,12.412805
8|1159|8|1159|cc|6|1|292|1|292|69.0,12.956197
8|1159|8|1159|cc|7|1|292|1|292|69.0,15.330984
8|1159|8|1159|cc|8|1|292|1|292|69.0,16.760782
8|1159|8|1159|vc|1|2|292|2|292|69.0,21.261744
8|1159|8|1159|vc|2|2|292|2|292|69.0,21.595223
8|1159|8|1159|vc|3|2|292|2|292|69.0,21.859584
8|1159|8|1159|vc|4|2|292|2|292|69.0,21.736359
8|1159|8|1159|vc|5|2|292|2|292|69.0,21.836817
8|1159|8|1159|vc|6|2|292|2|292|69.0,21.700506
8|1159|8|1159|vc|7|2|292|2|292|69.0,21.748900
8|1159|8|1159|vc|8|2|292|2|292|69.0,21.243038
8|1197|8|1197|sample|7|103|7|103|65.0,137.235546
8|1197|8|1197|sample|8|103|8|103|65.0,135.575459
8|1197|8|1197|sample|6|103|6|103|65.0,143.197060
8|1197|8|1197|sample|5|103|5|103|65.0,142.578524
8|1197|8|1197|sample|12|103|12|103|28.0,130.941486
8|1197|8|1197|sample|10|103|10|103|28.0,148.086893
8|1197|8|1197|sample|9|103|9|103|28.0,149.541277
8|1197|8|1197|sample|3|103|3|103|22.0,134.518994
8|1197|8|1197|sample|4|103|4|103|22.0,135.709590
8|1197|8|1197|sample|11|103|11|103|28.0,134.083310
8|1197|8|1197|cc|1|1|103|1|103|69.0,15.842961
8|1197|8|1197|cc|2|1|103|1|103|69.0,14.261368
8|1197|8|1197|cc|3|1|103|1|103|69.0,13.634965
8|1197|8|1197|cc|4|1|103|1|103|69.0,12.619047
8|1197|8|1197|cc|5|1|103|1|103|69.0,12.030094
8|1197|8|1197|cc|6|1|103|1|103|69.0,12.732471
8|1197|8|1197|cc|7|1|103|1|103|69.0,14.863050
8|1197|8|1197|cc|8|1|103|1|103|69.0,17.147922
8|1197|8|1197|vc|1|2|103|2|103|69.0,20.746186
8|1197|8|1197|vc|2|2|103|2|103|69.0,21.151474
8|1197|8|1197|vc|3|2|103|2|103|69.0,21.337761
8|1197|8|1197|vc|4|2|103|2|103|69.0,21.468720
8|1197|8|1197|vc|5|2|103|2|103|69.0,21.257466
8|1197|8|1197|vc|6|2|103|2|103|69.0,21.333539
8|1197|8|1197|vc|7|2|103|2|103|69.0,21.198203
8|1197|8|1197|vc|8|2|103|2|103|69.0,20.720508
