rep,id,L,m,e,s,alpha,k,goes_down,mab_virus,run_id
1,8|84|cc|1|1|162,1754.32,1.55006,0.0478974,32.804,0.553808,2.30238,False,69.0|162,84
1,8|84|cc|2|1|162,1754.32,1.55006,0.0478974,32.8039,0.553808,2.30238,False,69.0|162,84
1,8|84|cc|3|1|162,1754.32,1.55007,0.0478974,32.8035,0.553808,2.30238,False,69.0|162,84
1,8|84|cc|4|1|162,1754.32,1.55007,0.0478974,32.8041,0.553808,2.30238,False,69.0|162,84
1,8|84|cc|5|1|162,1754.32,1.55008,0.0478974,32.804,0.553808,2.30238,False,69.0|162,84
1,8|84|cc|6|1|162,1754.32,1.55004,0.0478974,32.8042,0.553808,2.30238,False,69.0|162,84
1,8|84|cc|7|1|162,1754.32,1.55006,0.0478974,32.8039,0.553808,2.30238,False,69.0|162,84
1,8|84|cc|8|1|162,1754.32,1.55007,0.0478974,32.8039,0.553808,2.30238,False,69.0|162,84
1,8|84|sample|10|162,1754.32,1.50651,0.0478976,136.908,0.553808,2.30238,True,32.0|162,84
1,8|84|sample|11|162,1754.32,1.82994,0.0478976,379.798,0.553808,2.30238,True,22.0|162,84
1,8|84|sample|12|162,1754.32,1.82993,0.0478976,379.789,0.553808,2.30238,True,22.0|162,84
1,8|84|sample|3|162,1754.32,2.87586,0.0478976,22.75,0.553808,2.30238,True,55.0|162,84
1,8|84|sample|4|162,1754.32,2.87584,0.0478976,22.7496,0.553808,2.30238,True,55.0|162,84
1,8|84|sample|5|162,1754.32,2.87583,0.0478976,22.7498,0.553808,2.30238,True,55.0|162,84
1,8|84|sample|6|162,1754.32,2.87582,0.0478976,22.7499,0.553808,2.30238,True,55.0|162,84
1,8|84|sample|7|162,1754.32,1.50652,0.0478976,136.911,0.553808,2.30238,True,32.0|162,84
1,8|84|sample|8|162,1754.32,1.50649,0.0478976,136.911,0.553808,2.30238,True,32.0|162,84
1,8|84|sample|9|162,1754.32,1.50653,0.0478976,136.913,0.553808,2.30238,True,32.0|162,84
1,8|84|vc|1|2|162,1754.32,1.55005,0.0478974,32.8034,0.553808,2.30238,False,69.0|162,84
1,8|84|vc|2|2|162,1754.32,1.55008,0.0478974,32.804,0.553808,2.30238,False,69.0|162,84
1,8|84|vc|3|2|162,1754.32,1.55005,0.0478974,32.8038,0.553808,2.30238,False,69.0|162,84
1,8|84|vc|4|2|162,1754.32,1.55008,0.0478974,32.804,0.553808,2.30238,False,69.0|162,84
1,8|84|vc|5|2|162,1754.32,1.55008,0.0478974,32.8033,0.553808,2.30238,False,69.0|162,84
1,8|84|vc|6|2|162,1754.32,1.55009,0.0478974,32.8039,0.553808,2.30238,False,69.0|162,84
1,8|84|vc|7|2|162,1754.32,1.55009,0.0478974,32.8035,0.553808,2.30238,False,69.0|162,84
1,8|84|vc|8|2|162,1754.32,1.55006,0.0478974,32.8041,0.553808,2.30238,False,69.0|162,84
1,8|719|cc|1|1|274,1754.32,2.14089,0.0478974,12.7078,-0.349605,2.30238,False,69.0|274,719
1,8|719|cc|2|1|274,1754.32,2.14087,0.0478974,12.7078,-0.349605,2.30238,False,69.0|274,719
1,8|719|cc|3|1|274,1754.32,2.14089,0.0478974,12.7077,-0.349605,2.30238,False,69.0|274,719
1,8|719|cc|4|1|274,1754.32,2.14089,0.0478974,12.7078,-0.349605,2.30238,False,69.0|274,719
1,8|719|cc|5|1|274,1754.32,2.14088,0.0478974,12.7078,-0.349605,2.30238,False,69.0|274,719
1,8|719|cc|6|1|274,1754.32,2.14089,0.0478974,12.7077,-0.349605,2.30238,False,69.0|274,719
1,8|719|cc|7|1|274,1754.32,2.14087,0.0478974,12.7079,-0.349605,2.30238,False,69.0|274,719
1,8|719|cc|8|1|274,1754.32,2.14088,0.0478974,12.7076,-0.349605,2.30238,False,69.0|274,719
1,8|719|sample|10|274,1754.32,1.28596,0.0478976,337.803,-0.349605,2.30238,True,32.0|274,719
1,8|719|sample|11|274,1754.32,0.866492,0.0478976,68.4214,-0.349605,2.30238,True,22.0|274,719
1,8|719|sample|12|274,1754.32,0.866492,0.0478976,68.4217,-0.349605,2.30238,True,22.0|274,719
1,8|719|sample|3|274,1754.32,0.84571,0.0478976,8.73235,-0.349605,2.30238,True,55.0|274,719
1,8|719|sample|4|274,1754.32,0.845719,0.0478976,8.73239,-0.349605,2.30238,True,55.0|274,719
1,8|719|sample|5|274,1754.32,0.845715,0.0478976,8.73225,-0.349605,2.30238,True,55.0|274,719
1,8|719|sample|6|274,1754.32,0.845707,0.0478976,8.73244,-0.349605,2.30238,True,55.0|274,719
1,8|719|sample|7|274,1754.32,1.28592,0.0478976,337.809,-0.349605,2.30238,True,32.0|274,719
1,8|719|sample|8|274,1754.32,1.28593,0.0478976,337.808,-0.349605,2.30238,True,32.0|274,719
1,8|719|sample|9|274,1754.32,1.28592,0.0478976,337.814,-0.349605,2.30238,True,32.0|274,719
1,8|719|vc|1|2|274,1754.32,2.14089,0.0478974,12.7077,-0.349605,2.30238,False,69.0|274,719
1,8|719|vc|2|2|274,1754.32,2.14088,0.0478974,12.7077,-0.349605,2.30238,False,69.0|274,719
1,8|719|vc|3|2|274,1754.32,2.14088,0.0478974,12.7079,-0.349605,2.30238,False,69.0|274,719
1,8|719|vc|4|2|274,1754.32,2.14087,0.0478974,12.7077,-0.349605,2.30238,False,69.0|274,719
1,8|719|vc|5|2|274,1754.32,2.14088,0.0478974,12.7078,-0.349605,2.30238,False,69.0|274,719
1,8|719|vc|6|2|274,1754.32,2.14089,0.0478974,12.7078,-0.349605,2.30238,False,69.0|274,719
1,8|719|vc|7|2|274,1754.32,2.14087,0.0478974,12.708,-0.349605,2.30238,False,69.0|274,719
1,8|719|vc|8|2|274,1754.32,2.14088,0.0478974,12.7077,-0.349605,2.30238,False,69.0|274,719
1,8|488|cc|1|1|322,1754.32,1.52471,0.0478974,1.535,0.474753,2.30239,False,69.0|322,488
1,8|488|cc|2|1|322,1754.32,1.52468,0.0478974,1.535,0.474753,2.30239,False,69.0|322,488
1,8|488|cc|3|1|322,1754.32,1.5247,0.0478974,1.535,0.474753,2.30239,False,69.0|322,488
1,8|488|cc|4|1|322,1754.32,1.52471,0.0478974,1.53504,0.474753,2.30239,False,69.0|322,488
1,8|488|cc|5|1|322,1754.32,1.52468,0.0478974,1.53502,0.474753,2.30239,False,69.0|322,488
1,8|488|cc|6|1|322,1754.32,1.52471,0.0478974,1.53502,0.474753,2.30239,False,69.0|322,488
1,8|488|cc|7|1|322,1754.32,1.5247,0.0478974,1.535,0.474753,2.30239,False,69.0|322,488
1,8|488|cc|8|1|322,1754.32,1.5247,0.0478974,1.53499,0.474753,2.30239,False,69.0|322,488
1,8|488|sample|10|322,1754.32,0.359959,0.0478976,5.19561,0.474753,2.30239,True,32.0|322,488
1,8|488|sample|11|322,1754.32,1.86492,0.0478976,874.026,0.474753,2.30239,True,22.0|322,488
1,8|488|sample|12|322,1754.32,1.86492,0.0478976,874.018,0.474753,2.30239,True,22.0|322,488
1,8|488|sample|3|322,1754.32,4.02431,0.0478976,32.8072,0.474753,2.30239,True,55.0|322,488
1,8|488|sample|4|322,1754.32,4.0243,0.0478976,32.8072,0.474753,2.30239,True,55.0|322,488
1,8|488|sample|5|322,1754.32,4.02432,0.0478976,32.8079,0.474753,2.30239,True,55.0|322,488
1,8|488|sample|6|322,1754.32,4.02429,0.0478976,32.8081,0.474753,2.30239,True,55.0|322,488
1,8|488|sample|7|322,1754.32,0.359932,0.0478976,5.19559,0.474753,2.30239,True,32.0|322,488
1,8|488|sample|8|322,1754.32,0.359942,0.0478976,5.19561,0.474753,2.30239,True,32.0|322,488
1,8|488|sample|9|322,1754.32,0.359942,0.0478976,5.19554,0.474753,2.30239,True,32.0|322,488
1,8|488|vc|1|2|322,1754.32,1.52468,0.0478974,1.53501,0.474753,2.30239,False,69.0|322,488
1,8|488|vc|2|2|322,1754.32,1.52472,0.0478974,1.53501,0.474753,2.30239,False,69.0|322,488
1,8|488|vc|3|2|322,1754.32,1.52472,0.0478974,1.53504,0.474753,2.30239,False,69.0|322,488
1,8|488|vc|4|2|322,1754.32,1.52471,0.0478974,1.535,0.474753,2.30239,False,69.0|322,488
1,8|488|vc|5|2|322,1754.32,1.5247,0.0478974,1.53502,0.474753,2.30239,False,69.0|322,488
1,8|488|vc|6|2|322,1754.32,1.52469,0.0478974,1.535,0.474753,2.30239,False,69.0|322,488
1,8|488|vc|7|2|322,1754.32,1.52471,0.0478974,1.535,0.474753,2.30239,False,69.0|322,488
1,8|488|vc|8|2|322,1754.32,1.52468,0.0478974,1.53504,0.474753,2.30239,False,69.0|322,488
1,8|847|cc|1|1|69,1754.32,1.76312,0.0478974,9.40832,0.55381,2.30236,False,69.0|69,847
1,8|847|cc|2|1|69,1754.32,1.76313,0.0478974,9.40852,0.55381,2.30236,False,69.0|69,847
1,8|847|cc|3|1|69,1754.32,1.76311,0.0478974,9.40825,0.55381,2.30236,False,69.0|69,847
1,8|847|cc|4|1|69,1754.32,1.76311,0.0478974,9.40832,0.55381,2.30236,False,69.0|69,847
1,8|847|cc|5|1|69,1754.32,1.76312,0.0478974,9.40831,0.55381,2.30236,False,69.0|69,847
1,8|847|cc|6|1|69,1754.32,1.76311,0.0478974,9.40837,0.55381,2.30236,False,69.0|69,847
1,8|847|cc|7|1|69,1754.32,1.76312,0.0478974,9.40848,0.55381,2.30236,False,69.0|69,847
1,8|847|cc|8|1|69,1754.32,1.76311,0.0478974,9.40844,0.55381,2.30236,False,69.0|69,847
1,8|847|sample|10|69,1754.32,0.863869,0.0478976,111.302,0.55381,2.30236,True,32.0|69,847
1,8|847|sample|11|69,1754.32,1.499,0.0478976,167.101,0.55381,2.30236,True,22.0|69,847
1,8|847|sample|12|69,1754.32,1.49901,0.0478976,167.104,0.55381,2.30236,True,22.0|69,847
1,8|847|sample|3|69,1754.32,0.398571,0.0478976,4.13619,0.55381,2.30236,True,55.0|69,847
1,8|847|sample|4|69,1754.32,0.398558,0.0478976,4.1362,0.55381,2.30236,True,55.0|69,847
1,8|847|sample|5|69,1754.32,0.398557,0.0478976,4.13609,0.55381,2.30236,True,55.0|69,847
1,8|847|sample|6|69,1754.32,0.398563,0.0478976,4.13614,0.55381,2.30236,True,55.0|69,847
1,8|847|sample|7|69,1754.32,0.863878,0.0478976,111.301,0.55381,2.30236,True,32.0|69,847
1,8|847|sample|8|69,1754.32,0.863866,0.0478976,111.302,0.55381,2.30236,True,32.0|69,847
1,8|847|sample|9|69,1754.32,0.863881,0.0478976,111.303,0.55381,2.30236,True,32.0|69,847
1,8|847|vc|1|2|69,1754.32,1.76311,0.0478974,9.40845,0.55381,2.30236,False,69.0|69,847
1,8|847|vc|2|2|69,1754.32,1.76312,0.0478974,9.4084,0.55381,2.30236,False,69.0|69,847
1,8|847|vc|3|2|69,1754.32,1.76313,0.0478974,9.40824,0.55381,2.30236,False,69.0|69,847
1,8|847|vc|4|2|69,1754.32,1.76313,0.0478974,9.40841,0.55381,2.30236,False,69.0|69,847
1,8|847|vc|5|2|69,1754.32,1.76311,0.0478974,9.4084,0.55381,2.30236,False,69.0|69,847
1,8|847|vc|6|2|69,1754.32,1.76311,0.0478974,9.40836,0.55381,2.30236,False,69.0|69,847
1,8|847|vc|7|2|69,1754.32,1.76313,0.0478974,9.40838,0.55381,2.30236,False,69.0|69,847
1,8|847|vc|8|2|69,1754.32,1.76311,0.0478974,9.40834,0.55381,2.30236,False,69.0|69,847
1,8|474|cc|1|1|276,1754.32,1.54405,0.0478974,13.7375,0.553807,4.61099,False,69.0|276,474
1,8|474|cc|2|1|276,1754.32,1.54405,0.0478974,13.7377,0.553807,4.61099,False,69.0|276,474
1,8|474|cc|3|1|276,1754.32,1.54408,0.0478974,13.7379,0.553807,4.61099,False,69.0|276,474
1,8|474|cc|4|1|276,1754.32,1.54406,0.0478974,13.7376,0.553807,4.61099,False,69.0|276,474
1,8|474|cc|5|1|276,1754.32,1.54406,0.0478974,13.7376,0.553807,4.61099,False,69.0|276,474
1,8|474|cc|6|1|276,1754.32,1.54404,0.0478974,13.7377,0.553807,4.61099,False,69.0|276,474
1,8|474|cc|7|1|276,1754.32,1.54407,0.0478974,13.7378,0.553807,4.61099,False,69.0|276,474
1,8|474|cc|8|1|276,1754.32,1.54406,0.0478974,13.7378,0.553807,4.61099,False,69.0|276,474
1,8|474|sample|10|276,1754.32,1.05092,0.0478976,977.577,0.553807,4.61099,True,32.0|276,474
1,8|474|sample|11|276,1754.32,1.65609,0.0478976,2431.36,0.553807,4.61099,True,22.0|276,474
1,8|474|sample|12|276,1754.32,1.65606,0.0478976,2431.36,0.553807,4.61099,True,22.0|276,474
1,8|474|sample|3|276,1754.32,3.12604,0.0478976,282.159,0.553807,4.61099,True,55.0|276,474
1,8|474|sample|4|276,1754.32,3.12602,0.0478976,282.165,0.553807,4.61099,True,55.0|276,474
1,8|474|sample|5|276,1754.32,3.12603,0.0478976,282.162,0.553807,4.61099,True,55.0|276,474
1,8|474|sample|6|276,1754.32,3.12601,0.0478976,282.159,0.553807,4.61099,True,55.0|276,474
1,8|474|sample|7|276,1754.32,1.05091,0.0478976,977.583,0.553807,4.61099,True,32.0|276,474
1,8|474|sample|8|276,1754.32,1.05092,0.0478976,977.571,0.553807,4.61099,True,32.0|276,474
1,8|474|sample|9|276,1754.32,1.05091,0.0478976,977.56,0.553807,4.61099,True,32.0|276,474
1,8|474|vc|1|2|276,1754.32,1.54405,0.0478974,13.7378,0.553807,4.61099,False,69.0|276,474
1,8|474|vc|2|2|276,1754.32,1.54404,0.0478974,13.7378,0.553807,4.61099,False,69.0|276,474
1,8|474|vc|3|2|276,1754.32,1.54405,0.0478974,13.7377,0.553807,4.61099,False,69.0|276,474
1,8|474|vc|4|2|276,1754.32,1.54405,0.0478974,13.7378,0.553807,4.61099,False,69.0|276,474
1,8|474|vc|5|2|276,1754.32,1.54407,0.0478974,13.738,0.553807,4.61099,False,69.0|276,474
1,8|474|vc|6|2|276,1754.32,1.54405,0.0478974,13.7378,0.553807,4.61099,False,69.0|276,474
1,8|474|vc|7|2|276,1754.32,1.54405,0.0478974,13.7378,0.553807,4.61099,False,69.0|276,474
1,8|474|vc|8|2|276,1754.32,1.54405,0.0478974,13.7379,0.553807,4.61099,False,69.0|276,474
1,8|462|cc|1|1|292,1754.32,2.6825,0.0478974,62.6376,0.553807,1.46267,False,69.0|292,462
1,8|462|cc|2|1|292,1754.32,2.6825,0.0478974,62.6378,0.553807,1.46267,False,69.0|292,462
1,8|462|cc|3|1|292,1754.32,2.68247,0.0478974,62.6372,0.553807,1.46267,False,69.0|292,462
1,8|462|cc|4|1|292,1754.32,2.68249,0.0478974,62.6365,0.553807,1.46267,False,69.0|292,462
1,8|462|cc|5|1|292,1754.32,2.68247,0.0478974,62.6376,0.553807,1.46267,False,69.0|292,462
1,8|462|cc|6|1|292,1754.32,2.68249,0.0478974,62.6375,0.553807,1.46267,False,69.0|292,462
1,8|462|cc|7|1|292,1754.32,2.68247,0.0478974,62.638,0.553807,1.46267,False,69.0|292,462
1,8|462|cc|8|1|292,1754.32,2.68252,0.0478974,62.6363,0.553807,1.46267,False,69.0|292,462
1,8|462|sample|10|292,1754.32,1.0998,0.0478976,1159.14,0.553807,1.46267,True,32.0|292,462
1,8|462|sample|11|292,1754.32,2.66268,0.0478976,6940.21,0.553807,1.46267,True,22.0|292,462
1,8|462|sample|12|292,1754.32,2.66267,0.0478976,6940.47,0.553807,1.46267,True,22.0|292,462
1,8|462|sample|3|292,1754.32,0.402383,0.0478976,2.7139,0.553807,1.46267,True,55.0|292,462
1,8|462|sample|4|292,1754.32,0.402371,0.0478976,2.71399,0.553807,1.46267,True,55.0|292,462
1,8|462|sample|5|292,1754.32,0.402343,0.0478976,2.71395,0.553807,1.46267,True,55.0|292,462
1,8|462|sample|6|292,1754.32,0.402351,0.0478976,2.71397,0.553807,1.46267,True,55.0|292,462
1,8|462|sample|7|292,1754.32,1.09981,0.0478976,1159.13,0.553807,1.46267,True,32.0|292,462
1,8|462|sample|8|292,1754.32,1.09979,0.0478976,1159.12,0.553807,1.46267,True,32.0|292,462
1,8|462|sample|9|292,1754.32,1.09979,0.0478976,1159.15,0.553807,1.46267,True,32.0|292,462
1,8|462|vc|1|2|292,1754.32,2.68249,0.0478974,62.6367,0.553807,1.46267,False,69.0|292,462
1,8|462|vc|2|2|292,1754.32,2.68249,0.0478974,62.6368,0.553807,1.46267,False,69.0|292,462
1,8|462|vc|3|2|292,1754.32,2.68249,0.0478974,62.6379,0.553807,1.46267,False,69.0|292,462
1,8|462|vc|4|2|292,1754.32,2.68249,0.0478974,62.6369,0.553807,1.46267,False,69.0|292,462
1,8|462|vc|5|2|292,1754.32,2.68248,0.0478974,62.6373,0.553807,1.46267,False,69.0|292,462
1,8|462|vc|6|2|292,1754.32,2.6825,0.0478974,62.6369,0.553807,1.46267,False,69.0|292,462
1,8|462|vc|7|2|292,1754.32,2.68247,0.0478974,62.6364,0.553807,1.46267,False,69.0|292,462
1,8|462|vc|8|2|292,1754.32,2.68249,0.0478974,62.6366,0.553807,1.46267,False,69.0|292,462
1,8|75|cc|1|1|65,1754.32,0.59114,0.0478974,30.9145,0.553812,2.30238,False,69.0|65,75
1,8|75|cc|2|1|65,1754.32,0.591132,0.0478974,30.9144,0.553812,2.30238,False,69.0|65,75
1,8|75|cc|3|1|65,1754.32,0.591117,0.0478974,30.9142,0.553812,2.30238,False,69.0|65,75
1,8|75|cc|4|1|65,1754.32,0.591141,0.0478974,30.914,0.553812,2.30238,False,69.0|65,75
1,8|75|cc|5|1|65,1754.32,0.591124,0.0478974,30.9145,0.553812,2.30238,False,69.0|65,75
1,8|75|cc|6|1|65,1754.32,0.591137,0.0478974,30.9138,0.553812,2.30238,False,69.0|65,75
1,8|75|cc|7|1|65,1754.32,0.591132,0.0478974,30.9147,0.553812,2.30238,False,69.0|65,75
1,8|75|cc|8|1|65,1754.32,0.591141,0.0478974,30.9142,0.553812,2.30238,False,69.0|65,75
1,8|75|sample|10|65,1754.32,2.33221,0.0478976,573.253,0.553812,2.30238,True,32.0|65,75
1,8|75|sample|11|65,1754.32,-3.41338,0.0478976,477.051,0.553812,2.30238,True,22.0|65,75
1,8|75|sample|12|65,1754.32,-3.41335,0.0478976,477.042,0.553812,2.30238,True,22.0|65,75
1,8|75|sample|3|65,1754.32,1.17189,0.0478976,1123.03,0.553812,2.30238,True,55.0|65,75
1,8|75|sample|4|65,1754.32,1.1719,0.0478976,1123.04,0.553812,2.30238,True,55.0|65,75
1,8|75|sample|5|65,1754.32,1.17188,0.0478976,1123.06,0.553812,2.30238,True,55.0|65,75
1,8|75|sample|6|65,1754.32,1.17188,0.0478976,1123.02,0.553812,2.30238,True,55.0|65,75
1,8|75|sample|7|65,1754.32,2.33221,0.0478976,573.256,0.553812,2.30238,True,32.0|65,75
1,8|75|sample|8|65,1754.32,2.33221,0.0478976,573.26,0.553812,2.30238,True,32.0|65,75
1,8|75|sample|9|65,1754.32,2.3322,0.0478976,573.251,0.553812,2.30238,True,32.0|65,75
1,8|75|vc|1|2|65,1754.32,0.591155,0.0478974,30.9144,0.553812,2.30238,False,69.0|65,75
1,8|75|vc|2|2|65,1754.32,0.591142,0.0478974,30.9144,0.553812,2.30238,False,69.0|65,75
1,8|75|vc|3|2|65,1754.32,0.591119,0.0478974,30.9145,0.553812,2.30238,False,69.0|65,75
1,8|75|vc|4|2|65,1754.32,0.591132,0.0478974,30.9145,0.553812,2.30238,False,69.0|65,75
1,8|75|vc|5|2|65,1754.32,0.591155,0.0478974,30.9146,0.553812,2.30238,False,69.0|65,75
1,8|75|vc|6|2|65,1754.32,0.591145,0.0478974,30.9142,0.553812,2.30238,False,69.0|65,75
1,8|75|vc|7|2|65,1754.32,0.59113,0.0478974,30.9137,0.553812,2.30238,False,69.0|65,75
1,8|75|vc|8|2|65,1754.32,0.591127,0.0478974,30.9141,0.553812,2.30238,False,69.0|65,75
1,8|291|cc|1|1|103,1754.32,2.2931,0.0478974,9.76598,1.32384,2.30238,False,69.0|103,291
1,8|291|cc|2|1|103,1754.32,2.29312,0.0478974,9.76607,1.32384,2.30238,False,69.0|103,291
1,8|291|cc|3|1|103,1754.32,2.2931,0.0478974,9.76584,1.32384,2.30238,False,69.0|103,291
1,8|291|cc|4|1|103,1754.32,2.29309,0.0478974,9.76599,1.32384,2.30238,False,69.0|103,291
1,8|291|cc|5|1|103,1754.32,2.2931,0.0478974,9.76608,1.32384,2.30238,False,69.0|103,291
1,8|291|cc|6|1|103,1754.32,2.2931,0.0478974,9.76595,1.32384,2.30238,False,69.0|103,291
1,8|291|cc|7|1|103,1754.32,2.2931,0.0478974,9.76617,1.32384,2.30238,False,69.0|103,291
1,8|291|cc|8|1|103,1754.32,2.29311,0.0478974,9.76597,1.32384,2.30238,False,69.0|103,291
1,8|291|sample|10|103,1754.32,0.979199,0.0478976,559.146,1.32384,2.30238,True,32.0|103,291
1,8|291|sample|11|103,1754.32,0.942035,0.0478976,346.829,1.32384,2.30238,True,22.0|103,291
1,8|291|sample|12|103,1754.32,0.942039,0.0478976,346.827,1.32384,2.30238,True,22.0|103,291
1,8|291|sample|3|103,1754.32,0.964399,0.0478976,27.2025,1.32384,2.30238,True,55.0|103,291
1,8|291|sample|4|103,1754.32,0.964396,0.0478976,27.2019,1.32384,2.30238,True,55.0|103,291
1,8|291|sample|5|103,1754.32,0.964417,0.0478976,27.2021,1.32384,2.30238,True,55.0|103,291
1,8|291|sample|6|103,1754.32,0.964407,0.0478976,27.202,1.32384,2.30238,True,55.0|103,291
1,8|291|sample|7|103,1754.32,0.979196,0.0478976,559.151,1.32384,2.30238,True,32.0|103,291
1,8|291|sample|8|103,1754.32,0.979192,0.0478976,559.149,1.32384,2.30238,True,32.0|103,291
1,8|291|sample|9|103,1754.32,0.979192,0.0478976,559.148,1.32384,2.30238,True,32.0|103,291
1,8|291|vc|1|2|103,1754.32,2.2931,0.0478974,9.76604,1.32384,2.30238,False,69.0|103,291
1,8|291|vc|2|2|103,1754.32,2.29308,0.0478974,9.76584,1.32384,2.30238,False,69.0|103,291
1,8|291|vc|3|2|103,1754.32,2.29309,0.0478974,9.76599,1.32384,2.30238,False,69.0|103,291
1,8|291|vc|4|2|103,1754.32,2.2931,0.0478974,9.76586,1.32384,2.30238,False,69.0|103,291
1,8|291|vc|5|2|103,1754.32,2.29308,0.0478974,9.76589,1.32384,2.30238,False,69.0|103,291
1,8|291|vc|6|2|103,1754.32,2.29306,0.0478974,9.76596,1.32384,2.30238,False,69.0|103,291
1,8|291|vc|7|2|103,1754.32,2.2931,0.0478974,9.76587,1.32384,2.30238,False,69.0|103,291
1,8|291|vc|8|2|103,1754.32,2.29308,0.0478974,9.76601,1.32384,2.30238,False,69.0|103,291
1,8|77|cc|1|1|218,1754.32,1.5256,0.0478974,9.6606,0.553806,2.30239,False,69.0|218,77
1,8|77|cc|2|1|218,1754.32,1.52561,0.0478974,9.66046,0.553806,2.30239,False,69.0|218,77
1,8|77|cc|3|1|218,1754.32,1.52562,0.0478974,9.66032,0.553806,2.30239,False,69.0|218,77
1,8|77|cc|4|1|218,1754.32,1.52559,0.0478974,9.66025,0.553806,2.30239,False,69.0|218,77
1,8|77|cc|5|1|218,1754.32,1.52559,0.0478974,9.66033,0.553806,2.30239,False,69.0|218,77
1,8|77|cc|6|1|218,1754.32,1.52561,0.0478974,9.66029,0.553806,2.30239,False,69.0|218,77
1,8|77|cc|7|1|218,1754.32,1.52561,0.0478974,9.66051,0.553806,2.30239,False,69.0|218,77
1,8|77|cc|8|1|218,1754.32,1.52561,0.0478974,9.66049,0.553806,2.30239,False,69.0|218,77
1,8|77|sample|10|218,1754.32,1.1206,0.0478976,412.322,0.553806,2.30239,True,32.0|218,77
1,8|77|sample|11|218,1754.32,0.934078,0.0478976,275.508,0.553806,2.30239,True,22.0|218,77
1,8|77|sample|12|218,1754.32,0.934104,0.0478976,275.512,0.553806,2.30239,True,22.0|218,77
1,8|77|sample|3|218,1754.32,0.761374,0.0478976,572.959,0.553806,2.30239,True,55.0|218,77
1,8|77|sample|4|218,1754.32,0.761372,0.0478976,572.947,0.553806,2.30239,True,55.0|218,77
1,8|77|sample|5|218,1754.32,0.761346,0.0478976,572.944,0.553806,2.30239,True,55.0|218,77
1,8|77|sample|6|218,1754.32,0.761382,0.0478976,572.947,0.553806,2.30239,True,55.0|218,77
1,8|77|sample|7|218,1754.32,1.12061,0.0478976,412.32,0.553806,2.30239,True,32.0|218,77
1,8|77|sample|8|218,1754.32,1.12063,0.0478976,412.317,0.553806,2.30239,True,32.0|218,77
1,8|77|sample|9|218,1754.32,1.12061,0.0478976,412.311,0.553806,2.30239,True,32.0|218,77
1,8|77|vc|1|2|218,1754.32,1.52559,0.0478974,9.66037,0.553806,2.30239,False,69.0|218,77
1,8|77|vc|2|2|218,1754.32,1.52559,0.0478974,9.66037,0.553806,2.30239,False,69.0|218,77
1,8|77|vc|3|2|218,1754.32,1.52561,0.0478974,9.66031,0.553806,2.30239,False,69.0|218,77
1,8|77|vc|4|2|218,1754.32,1.5256,0.0478974,9.66042,0.553806,2.30239,False,69.0|218,77
1,8|77|vc|5|2|218,1754.32,1.5256,0.0478974,9.66044,0.553806,2.30239,False,69.0|218,77
1,8|77|vc|6|2|218,1754.32,1.52558,0.0478974,9.66027,0.553806,2.30239,False,69.0|218,77
1,8|77|vc|7|2|218,1754.32,1.52557,0.0478974,9.66046,0.553806,2.30239,False,69.0|218,77
1,8|77|vc|8|2|218,1754.32,1.52559,0.0478974,9.66037,0.553806,2.30239,False,69.0|218,77
1,8|322|cc|1|1|174,1754.32,1.97159,0.0478974,7.27003,0.00663353,2.30241,False,69.0|174,322
1,8|322|cc|2|1|174,1754.32,1.97161,0.0478974,7.26999,0.00663353,2.30241,False,69.0|174,322
1,8|322|cc|3|1|174,1754.32,1.97159,0.0478974,7.27004,0.00663353,2.30241,False,69.0|174,322
1,8|322|cc|4|1|174,1754.32,1.9716,0.0478974,7.27019,0.00663353,2.30241,False,69.0|174,322
1,8|322|cc|5|1|174,1754.32,1.9716,0.0478974,7.26992,0.00663353,2.30241,False,69.0|174,322
1,8|322|cc|6|1|174,1754.32,1.97162,0.0478974,7.27004,0.00663353,2.30241,False,69.0|174,322
1,8|322|cc|7|1|174,1754.32,1.9716,0.0478974,7.27003,0.00663353,2.30241,False,69.0|174,322
1,8|322|cc|8|1|174,1754.32,1.97161,0.0478974,7.26998,0.00663353,2.30241,False,69.0|174,322
1,8|322|sample|10|174,1754.32,1.29604,0.0478976,5721.19,0.00663353,2.30241,True,32.0|174,322
1,8|322|sample|11|174,1754.32,1.12027,0.0478976,1573.69,0.00663353,2.30241,True,22.0|174,322
1,8|322|sample|12|174,1754.32,1.12031,0.0478976,1573.71,0.00663353,2.30241,True,22.0|174,322
1,8|322|sample|3|174,1754.32,0.851989,0.0478976,641.556,0.00663353,2.30241,True,55.0|174,322
1,8|322|sample|4|174,1754.32,0.85199,0.0478976,641.547,0.00663353,2.30241,True,55.0|174,322
1,8|322|sample|5|174,1754.32,0.851992,0.0478976,641.554,0.00663353,2.30241,True,55.0|174,322
1,8|322|sample|6|174,1754.32,0.851971,0.0478976,641.56,0.00663353,2.30241,True,55.0|174,322
1,8|322|sample|7|174,1754.32,1.29604,0.0478976,5721.12,0.00663353,2.30241,True,32.0|174,322
1,8|322|sample|8|174,1754.32,1.29603,0.0478976,5721.12,0.00663353,2.30241,True,32.0|174,322
1,8|322|sample|9|174,1754.32,1.29606,0.0478976,5721.15,0.00663353,2.30241,True,32.0|174,322
1,8|322|vc|1|2|174,1754.32,1.97161,0.0478974,7.27005,0.00663353,2.30241,False,69.0|174,322
1,8|322|vc|2|2|174,1754.32,1.97161,0.0478974,7.2699,0.00663353,2.30241,False,69.0|174,322
1,8|322|vc|3|2|174,1754.32,1.97161,0.0478974,7.27009,0.00663353,2.30241,False,69.0|174,322
1,8|322|vc|4|2|174,1754.32,1.97159,0.0478974,7.27,0.00663353,2.30241,False,69.0|174,322
1,8|322|vc|5|2|174,1754.32,1.97161,0.0478974,7.27015,0.00663353,2.30241,False,69.0|174,322
1,8|322|vc|6|2|174,1754.32,1.9716,0.0478974,7.27006,0.00663353,2.30241,False,69.0|174,322
1,8|322|vc|7|2|174,1754.32,1.97159,0.0478974,7.27002,0.00663353,2.30241,False,69.0|174,322
1,8|322|vc|8|2|174,1754.32,1.97161,0.0478974,7.27005,0.00663353,2.30241,False,69.0|174,322
1,8|963|cc|1|1|319,1754.32,1.66769,0.0478974,34.9039,0.553807,1.60648,False,69.0|319,963
1,8|963|cc|2|1|319,1754.32,1.66766,0.0478974,34.9047,0.553807,1.60648,False,69.0|319,963
1,8|963|cc|3|1|319,1754.32,1.66769,0.0478974,34.9042,0.553807,1.60648,False,69.0|319,963
1,8|963|cc|4|1|319,1754.32,1.66767,0.0478974,34.9039,0.553807,1.60648,False,69.0|319,963
1,8|963|cc|5|1|319,1754.32,1.66766,0.0478974,34.904,0.553807,1.60648,False,69.0|319,963
1,8|963|cc|6|1|319,1754.32,1.66767,0.0478974,34.9033,0.553807,1.60648,False,69.0|319,963
1,8|963|cc|7|1|319,1754.32,1.66768,0.0478974,34.904,0.553807,1.60648,False,69.0|319,963
1,8|963|cc|8|1|319,1754.32,1.66767,0.0478974,34.9045,0.553807,1.60648,False,69.0|319,963
1,8|963|sample|10|319,1754.32,1.13528,0.0478976,2767.33,0.553807,1.60648,True,32.0|319,963
1,8|963|sample|11|319,1754.32,0.973169,0.0478976,168.09,0.553807,1.60648,True,22.0|319,963
1,8|963|sample|12|319,1754.32,0.973174,0.0478976,168.091,0.553807,1.60648,True,22.0|319,963
1,8|963|sample|3|319,1754.32,0.754735,0.0478976,1009.89,0.553807,1.60648,True,55.0|319,963
1,8|963|sample|4|319,1754.32,0.754733,0.0478976,1009.87,0.553807,1.60648,True,55.0|319,963
1,8|963|sample|5|319,1754.32,0.754714,0.0478976,1009.89,0.553807,1.60648,True,55.0|319,963
1,8|963|sample|6|319,1754.32,0.754733,0.0478976,1009.87,0.553807,1.60648,True,55.0|319,963
1,8|963|sample|7|319,1754.32,1.13526,0.0478976,2767.37,0.553807,1.60648,True,32.0|319,963
1,8|963|sample|8|319,1754.32,1.13528,0.0478976,2767.34,0.553807,1.60648,True,32.0|319,963
1,8|963|sample|9|319,1754.32,1.13526,0.0478976,2767.36,0.553807,1.60648,True,32.0|319,963
1,8|963|vc|1|2|319,1754.32,1.66767,0.0478974,34.9035,0.553807,1.60648,False,69.0|319,963
1,8|963|vc|2|2|319,1754.32,1.66767,0.0478974,34.9039,0.553807,1.60648,False,69.0|319,963
1,8|963|vc|3|2|319,1754.32,1.66766,0.0478974,34.9039,0.553807,1.60648,False,69.0|319,963
1,8|963|vc|4|2|319,1754.32,1.66769,0.0478974,34.9041,0.553807,1.60648,False,69.0|319,963
1,8|963|vc|5|2|319,1754.32,1.66768,0.0478974,34.904,0.553807,1.60648,False,69.0|319,963
1,8|963|vc|6|2|319,1754.32,1.66768,0.0478974,34.904,0.553807,1.60648,False,69.0|319,963
1,8|963|vc|7|2|319,1754.32,1.66769,0.0478974,34.9034,0.553807,1.60648,False,69.0|319,963
1,8|963|vc|8|2|319,1754.32,1.66768,0.0478974,34.9039,0.553807,1.60648,False,69.0|319,963
1,8|1241|cc|1|1|69,1754.32,1.76312,0.0478974,9.40828,0.553808,2.30238,False,69.0|69,1241
1,8|1241|cc|2|1|69,1754.32,1.76312,0.0478974,9.4084,0.553808,2.30238,False,69.0|69,1241
1,8|1241|cc|3|1|69,1754.32,1.76313,0.0478974,9.40832,0.553808,2.30238,False,69.0|69,1241
1,8|1241|cc|4|1|69,1754.32,1.76312,0.0478974,9.40838,0.553808,2.30238,False,69.0|69,1241
1,8|1241|cc|5|1|69,1754.32,1.7631,0.0478974,9.40837,0.553808,2.30238,False,69.0|69,1241
1,8|1241|cc|6|1|69,1754.32,1.76312,0.0478974,9.40837,0.553808,2.30238,False,69.0|69,1241
1,8|1241|cc|7|1|69,1754.32,1.76312,0.0478974,9.40844,0.553808,2.30238,False,69.0|69,1241
1,8|1241|cc|8|1|69,1754.32,1.7631,0.0478974,9.40829,0.553808,2.30238,False,69.0|69,1241
1,8|1241|sample|3|69,1754.32,1.49901,0.0478976,167.098,0.553808,2.30238,True,22.0|69,1241
1,8|1241|sample|4|69,1754.32,1.49903,0.0478976,167.102,0.553808,2.30238,True,22.0|69,1241
1,8|1241|sample|8|69,1754.32,1.49902,0.0478976,167.102,0.553808,2.30238,True,22.0|69,1241
1,8|1241|vc|1|2|69,1754.32,1.76312,0.0478974,9.40851,0.553808,2.30238,False,69.0|69,1241
1,8|1241|vc|2|2|69,1754.32,1.76312,0.0478974,9.4084,0.553808,2.30238,False,69.0|69,1241
1,8|1241|vc|3|2|69,1754.32,1.76313,0.0478974,9.40833,0.553808,2.30238,False,69.0|69,1241
1,8|1241|vc|4|2|69,1754.32,1.76313,0.0478974,9.40828,0.553808,2.30238,False,69.0|69,1241
1,8|1241|vc|5|2|69,1754.32,1.76311,0.0478974,9.40833,0.553808,2.30238,False,69.0|69,1241
1,8|1241|vc|6|2|69,1754.32,1.76311,0.0478974,9.40849,0.553808,2.30238,False,69.0|69,1241
1,8|1241|vc|7|2|69,1754.32,1.76313,0.0478974,9.40826,0.553808,2.30238,False,69.0|69,1241
1,8|1241|vc|8|2|69,1754.32,1.76312,0.0478974,9.40848,0.553808,2.30238,False,69.0|69,1241
1,8|1056|cc|1|1|276,1754.32,1.54403,0.0478974,13.7377,0.132165,2.30239,False,69.0|276,1056
1,8|1056|cc|2|1|276,1754.32,1.54405,0.0478974,13.7377,0.132165,2.30239,False,69.0|276,1056
1,8|1056|cc|3|1|276,1754.32,1.54405,0.0478974,13.7376,0.132165,2.30239,False,69.0|276,1056
1,8|1056|cc|4|1|276,1754.32,1.54406,0.0478974,13.7379,0.132165,2.30239,False,69.0|276,1056
1,8|1056|cc|5|1|276,1754.32,1.54405,0.0478974,13.7381,0.132165,2.30239,False,69.0|276,1056
1,8|1056|cc|6|1|276,1754.32,1.54406,0.0478974,13.7376,0.132165,2.30239,False,69.0|276,1056
1,8|1056|cc|7|1|276,1754.32,1.54406,0.0478974,13.7379,0.132165,2.30239,False,69.0|276,1056
1,8|1056|cc|8|1|276,1754.32,1.54405,0.0478974,13.7377,0.132165,2.30239,False,69.0|276,1056
1,8|1056|sample|3|276,1754.32,1.65605,0.0478976,2431.31,0.132165,2.30239,True,22.0|276,1056
1,8|1056|sample|4|276,1754.32,1.65607,0.0478976,2431.32,0.132165,2.30239,True,22.0|276,1056
1,8|1056|vc|1|2|276,1754.32,1.54405,0.0478974,13.738,0.132165,2.30239,False,69.0|276,1056
1,8|1056|vc|2|2|276,1754.32,1.54404,0.0478974,13.7378,0.132165,2.30239,False,69.0|276,1056
1,8|1056|vc|3|2|276,1754.32,1.54404,0.0478974,13.7379,0.132165,2.30239,False,69.0|276,1056
1,8|1056|vc|4|2|276,1754.32,1.54406,0.0478974,13.7378,0.132165,2.30239,False,69.0|276,1056
1,8|1056|vc|5|2|276,1754.32,1.54408,0.0478974,13.7378,0.132165,2.30239,False,69.0|276,1056
1,8|1056|vc|6|2|276,1754.32,1.54405,0.0478974,13.7379,0.132165,2.30239,False,69.0|276,1056
1,8|1056|vc|7|2|276,1754.32,1.54406,0.0478974,13.7379,0.132165,2.30239,False,69.0|276,1056
1,8|1056|vc|8|2|276,1754.32,1.54406,0.0478974,13.7376,0.132165,2.30239,False,69.0|276,1056
1,8|1159|cc|1|1|292,1754.32,2.68249,0.0478974,62.6385,0.553811,1.86977,False,69.0|292,1159
1,8|1159|cc|2|1|292,1754.32,2.68249,0.0478974,62.6365,0.553811,1.86977,False,69.0|292,1159
1,8|1159|cc|3|1|292,1754.32,2.68249,0.0478974,62.6381,0.553811,1.86977,False,69.0|292,1159
1,8|1159|cc|4|1|292,1754.32,2.68249,0.0478974,62.6373,0.553811,1.86977,False,69.0|292,1159
1,8|1159|cc|5|1|292,1754.32,2.68249,0.0478974,62.6376,0.553811,1.86977,False,69.0|292,1159
1,8|1159|cc|6|1|292,1754.32,2.68248,0.0478974,62.6378,0.553811,1.86977,False,69.0|292,1159
1,8|1159|cc|7|1|292,1754.32,2.68249,0.0478974,62.6364,0.553811,1.86977,False,69.0|292,1159
1,8|1159|cc|8|1|292,1754.32,2.6825,0.0478974,62.6364,0.553811,1.86977,False,69.0|292,1159
1,8|1159|sample|3|292,1754.32,2.66269,0.0478976,6940.34,0.553811,1.86977,True,22.0|292,1159
1,8|1159|sample|4|292,1754.32,2.66271,0.0478976,6940.45,0.553811,1.86977,True,22.0|292,1159
1,8|1159|vc|1|2|292,1754.32,2.68248,0.0478974,62.6384,0.553811,1.86977,False,69.0|292,1159
1,8|1159|vc|2|2|292,1754.32,2.68248,0.0478974,62.6367,0.553811,1.86977,False,69.0|292,1159
1,8|1159|vc|3|2|292,1754.32,2.68248,0.0478974,62.6377,0.553811,1.86977,False,69.0|292,1159
1,8|1159|vc|4|2|292,1754.32,2.68248,0.0478974,62.6363,0.553811,1.86977,False,69.0|292,1159
1,8|1159|vc|5|2|292,1754.32,2.68251,0.0478974,62.6378,0.553811,1.86977,False,69.0|292,1159
1,8|1159|vc|6|2|292,1754.32,2.6825,0.0478974,62.6382,0.553811,1.86977,False,69.0|292,1159
1,8|1159|vc|7|2|292,1754.32,2.68248,0.0478974,62.637,0.553811,1.86977,False,69.0|292,1159
1,8|1159|vc|8|2|292,1754.32,2.68249,0.0478974,62.6371,0.553811,1.86977,False,69.0|292,1159
1,8|1017|cc|1|1|65,1754.32,0.591139,0.0478974,30.9141,0.553807,2.30238,False,69.0|65,1017
1,8|1017|cc|2|1|65,1754.32,0.591132,0.0478974,30.9142,0.553807,2.30238,False,69.0|65,1017
1,8|1017|cc|3|1|65,1754.32,0.591153,0.0478974,30.9138,0.553807,2.30238,False,69.0|65,1017
1,8|1017|cc|4|1|65,1754.32,0.591127,0.0478974,30.9142,0.553807,2.30238,False,69.0|65,1017
1,8|1017|cc|5|1|65,1754.32,0.59113,0.0478974,30.9143,0.553807,2.30238,False,69.0|65,1017
1,8|1017|cc|6|1|65,1754.32,0.591159,0.0478974,30.9142,0.553807,2.30238,False,69.0|65,1017
1,8|1017|cc|7|1|65,1754.32,0.591144,0.0478974,30.9142,0.553807,2.30238,False,69.0|65,1017
1,8|1017|cc|8|1|65,1754.32,0.591145,0.0478974,30.9146,0.553807,2.30238,False,69.0|65,1017
1,8|1017|sample|3|65,1754.32,-3.41339,0.0478976,477.059,0.553807,2.30238,True,22.0|65,1017
1,8|1017|sample|4|65,1754.32,-3.41336,0.0478976,477.043,0.553807,2.30238,True,22.0|65,1017
1,8|1017|sample|8|65,1754.32,-3.41339,0.0478976,477.036,0.553807,2.30238,True,22.0|65,1017
1,8|1017|vc|1|2|65,1754.32,0.591143,0.0478974,30.914,0.553807,2.30238,False,69.0|65,1017
1,8|1017|vc|2|2|65,1754.32,0.591151,0.0478974,30.9141,0.553807,2.30238,False,69.0|65,1017
1,8|1017|vc|3|2|65,1754.32,0.591148,0.0478974,30.9141,0.553807,2.30238,False,69.0|65,1017
1,8|1017|vc|4|2|65,1754.32,0.591129,0.0478974,30.9147,0.553807,2.30238,False,69.0|65,1017
1,8|1017|vc|5|2|65,1754.32,0.591151,0.0478974,30.9139,0.553807,2.30238,False,69.0|65,1017
1,8|1017|vc|6|2|65,1754.32,0.591136,0.0478974,30.9139,0.553807,2.30238,False,69.0|65,1017
1,8|1017|vc|7|2|65,1754.32,0.591119,0.0478974,30.9139,0.553807,2.30238,False,69.0|65,1017
1,8|1017|vc|8|2|65,1754.32,0.591127,0.0478974,30.9142,0.553807,2.30238,False,69.0|65,1017
1,8|1197|cc|1|1|103,1754.32,2.29309,0.0478974,9.76623,0.553807,2.30237,False,69.0|103,1197
1,8|1197|cc|2|1|103,1754.32,2.29309,0.0478974,9.76611,0.553807,2.30237,False,69.0|103,1197
1,8|1197|cc|3|1|103,1754.32,2.29309,0.0478974,9.76609,0.553807,2.30237,False,69.0|103,1197
1,8|1197|cc|4|1|103,1754.32,2.29311,0.0478974,9.76605,0.553807,2.30237,False,69.0|103,1197
1,8|1197|cc|5|1|103,1754.32,2.29308,0.0478974,9.76602,0.553807,2.30237,False,69.0|103,1197
1,8|1197|cc|6|1|103,1754.32,2.2931,0.0478974,9.76598,0.553807,2.30237,False,69.0|103,1197
1,8|1197|cc|7|1|103,1754.32,2.29311,0.0478974,9.76582,0.553807,2.30237,False,69.0|103,1197
1,8|1197|cc|8|1|103,1754.32,2.29307,0.0478974,9.76607,0.553807,2.30237,False,69.0|103,1197
1,8|1197|sample|3|103,1754.32,0.942061,0.0478976,346.833,0.553807,2.30237,True,22.0|103,1197
1,8|1197|sample|4|103,1754.32,0.942046,0.0478976,346.824,0.553807,2.30237,True,22.0|103,1197
1,8|1197|vc|1|2|103,1754.32,2.29308,0.0478974,9.76604,0.553807,2.30237,False,69.0|103,1197
1,8|1197|vc|2|2|103,1754.32,2.2931,0.0478974,9.76591,0.553807,2.30237,False,69.0|103,1197
1,8|1197|vc|3|2|103,1754.32,2.29309,0.0478974,9.76595,0.553807,2.30237,False,69.0|103,1197
1,8|1197|vc|4|2|103,1754.32,2.2931,0.0478974,9.76608,0.553807,2.30237,False,69.0|103,1197
1,8|1197|vc|5|2|103,1754.32,2.29308,0.0478974,9.76586,0.553807,2.30237,False,69.0|103,1197
1,8|1197|vc|6|2|103,1754.32,2.29309,0.0478974,9.76591,0.553807,2.30237,False,69.0|103,1197
1,8|1197|vc|7|2|103,1754.32,2.29309,0.0478974,9.76598,0.553807,2.30237,False,69.0|103,1197
1,8|1197|vc|8|2|103,1754.32,2.29309,0.0478974,9.76599,0.553807,2.30237,False,69.0|103,1197
1,8|745|cc|1|1|218,1754.32,1.52559,0.0478974,9.66035,0.553813,2.30238,False,69.0|218,745
1,8|745|cc|2|1|218,1754.32,1.52561,0.0478974,9.66052,0.553813,2.30238,False,69.0|218,745
1,8|745|cc|3|1|218,1754.32,1.52559,0.0478974,9.66036,0.553813,2.30238,False,69.0|218,745
1,8|745|cc|4|1|218,1754.32,1.52563,0.0478974,9.66054,0.553813,2.30238,False,69.0|218,745
1,8|745|cc|5|1|218,1754.32,1.52561,0.0478974,9.66035,0.553813,2.30238,False,69.0|218,745
1,8|745|cc|6|1|218,1754.32,1.52559,0.0478974,9.66053,0.553813,2.30238,False,69.0|218,745
1,8|745|cc|7|1|218,1754.32,1.5256,0.0478974,9.66035,0.553813,2.30238,False,69.0|218,745
1,8|745|cc|8|1|218,1754.32,1.5256,0.0478974,9.66041,0.553813,2.30238,False,69.0|218,745
1,8|745|sample|3|218,1754.32,0.934105,0.0478976,275.507,0.553813,2.30238,True,22.0|218,745
1,8|745|sample|4|218,1754.32,0.934093,0.0478976,275.505,0.553813,2.30238,True,22.0|218,745
1,8|745|sample|5|218,1754.32,0.934093,0.0478976,275.508,0.553813,2.30238,True,22.0|218,745
1,8|745|vc|1|2|218,1754.32,1.52558,0.0478974,9.66022,0.553813,2.30238,False,69.0|218,745
1,8|745|vc|2|2|218,1754.32,1.52561,0.0478974,9.66059,0.553813,2.30238,False,69.0|218,745
1,8|745|vc|3|2|218,1754.32,1.5256,0.0478974,9.66029,0.553813,2.30238,False,69.0|218,745
1,8|745|vc|4|2|218,1754.32,1.52559,0.0478974,9.66049,0.553813,2.30238,False,69.0|218,745
1,8|745|vc|5|2|218,1754.32,1.52561,0.0478974,9.66036,0.553813,2.30238,False,69.0|218,745
1,8|745|vc|6|2|218,1754.32,1.52559,0.0478974,9.66036,0.553813,2.30238,False,69.0|218,745
1,8|745|vc|7|2|218,1754.32,1.52559,0.0478974,9.66036,0.553813,2.30238,False,69.0|218,745
1,8|745|vc|8|2|218,1754.32,1.52561,0.0478974,9.66024,0.553813,2.30238,False,69.0|218,745
1,8|1043|cc|1|1|174,1754.32,1.97159,0.0478974,7.26994,0.553811,2.30238,False,69.0|174,1043
1,8|1043|cc|2|1|174,1754.32,1.9716,0.0478974,7.27006,0.553811,2.30238,False,69.0|174,1043
1,8|1043|cc|3|1|174,1754.32,1.97161,0.0478974,7.27003,0.553811,2.30238,False,69.0|174,1043
1,8|1043|cc|4|1|174,1754.32,1.9716,0.0478974,7.26998,0.553811,2.30238,False,69.0|174,1043
1,8|1043|cc|5|1|174,1754.32,1.97159,0.0478974,7.27003,0.553811,2.30238,False,69.0|174,1043
1,8|1043|cc|6|1|174,1754.32,1.97159,0.0478974,7.27004,0.553811,2.30238,False,69.0|174,1043
1,8|1043|cc|7|1|174,1754.32,1.97161,0.0478974,7.27001,0.553811,2.30238,False,69.0|174,1043
1,8|1043|cc|8|1|174,1754.32,1.97158,0.0478974,7.26994,0.553811,2.30238,False,69.0|174,1043
1,8|1043|sample|3|174,1754.32,1.12028,0.0478976,1573.72,0.553811,2.30238,True,22.0|174,1043
1,8|1043|sample|4|174,1754.32,1.1203,0.0478976,1573.69,0.553811,2.30238,True,22.0|174,1043
1,8|1043|vc|1|2|174,1754.32,1.97161,0.0478974,7.27013,0.553811,2.30238,False,69.0|174,1043
1,8|1043|vc|2|2|174,1754.32,1.9716,0.0478974,7.26998,0.553811,2.30238,False,69.0|174,1043
1,8|1043|vc|3|2|174,1754.32,1.97161,0.0478974,7.27008,0.553811,2.30238,False,69.0|174,1043
1,8|1043|vc|4|2|174,1754.32,1.97159,0.0478974,7.26997,0.553811,2.30238,False,69.0|174,1043
1,8|1043|vc|5|2|174,1754.32,1.97162,0.0478974,7.27002,0.553811,2.30238,False,69.0|174,1043
1,8|1043|vc|6|2|174,1754.32,1.9716,0.0478974,7.27001,0.553811,2.30238,False,69.0|174,1043
1,8|1043|vc|7|2|174,1754.32,1.9716,0.0478974,7.26992,0.553811,2.30238,False,69.0|174,1043
1,8|1043|vc|8|2|174,1754.32,1.97159,0.0478974,7.26996,0.553811,2.30238,False,69.0|174,1043
1,8|1260|cc|1|1|319,1754.32,1.66766,0.0478974,34.9038,0.553808,2.30236,False,69.0|319,1260
1,8|1260|cc|2|1|319,1754.32,1.66769,0.0478974,34.9042,0.553808,2.30236,False,69.0|319,1260
1,8|1260|cc|3|1|319,1754.32,1.66767,0.0478974,34.9039,0.553808,2.30236,False,69.0|319,1260
1,8|1260|cc|4|1|319,1754.32,1.66767,0.0478974,34.904,0.553808,2.30236,False,69.0|319,1260
1,8|1260|cc|5|1|319,1754.32,1.66765,0.0478974,34.9043,0.553808,2.30236,False,69.0|319,1260
1,8|1260|cc|6|1|319,1754.32,1.66767,0.0478974,34.9041,0.553808,2.30236,False,69.0|319,1260
1,8|1260|cc|7|1|319,1754.32,1.6677,0.0478974,34.9043,0.553808,2.30236,False,69.0|319,1260
1,8|1260|cc|8|1|319,1754.32,1.66764,0.0478974,34.9041,0.553808,2.30236,False,69.0|319,1260
1,8|1260|sample|3|319,1754.32,0.973188,0.0478976,168.089,0.553808,2.30236,True,22.0|319,1260
1,8|1260|sample|4|319,1754.32,0.973198,0.0478976,168.091,0.553808,2.30236,True,22.0|319,1260
1,8|1260|vc|1|2|319,1754.32,1.66769,0.0478974,34.9037,0.553808,2.30236,False,69.0|319,1260
1,8|1260|vc|2|2|319,1754.32,1.66768,0.0478974,34.904,0.553808,2.30236,False,69.0|319,1260
1,8|1260|vc|3|2|319,1754.32,1.66768,0.0478974,34.9038,0.553808,2.30236,False,69.0|319,1260
1,8|1260|vc|4|2|319,1754.32,1.66767,0.0478974,34.9038,0.553808,2.30236,False,69.0|319,1260
1,8|1260|vc|5|2|319,1754.32,1.66769,0.0478974,34.9037,0.553808,2.30236,False,69.0|319,1260
1,8|1260|vc|6|2|319,1754.32,1.66769,0.0478974,34.904,0.553808,2.30236,False,69.0|319,1260
1,8|1260|vc|7|2|319,1754.32,1.66768,0.0478974,34.9042,0.553808,2.30236,False,69.0|319,1260
1,8|1260|vc|8|2|319,1754.32,1.66768,0.0478974,34.9035,0.553808,2.30236,False,69.0|319,1260
1,8|1042|cc|1|1|162,1754.32,1.55006,0.0478974,32.8038,0.553821,2.30238,False,69.0|162,1042
1,8|1042|cc|2|1|162,1754.32,1.55006,0.0478974,32.804,0.553821,2.30238,False,69.0|162,1042
1,8|1042|cc|3|1|162,1754.32,1.55007,0.0478974,32.8041,0.553821,2.30238,False,69.0|162,1042
1,8|1042|cc|4|1|162,1754.32,1.55005,0.0478974,32.8037,0.553821,2.30238,False,69.0|162,1042
1,8|1042|cc|5|1|162,1754.32,1.55005,0.0478974,32.8035,0.553821,2.30238,False,69.0|162,1042
1,8|1042|cc|6|1|162,1754.32,1.55005,0.0478974,32.8045,0.553821,2.30238,False,69.0|162,1042
1,8|1042|cc|7|1|162,1754.32,1.55008,0.0478974,32.8043,0.553821,2.30238,False,69.0|162,1042
1,8|1042|cc|8|1|162,1754.32,1.55008,0.0478974,32.8037,0.553821,2.30238,False,69.0|162,1042
1,8|1042|sample|3|162,1754.32,1.82993,0.0478976,379.8,0.553821,2.30238,True,22.0|162,1042
1,8|1042|sample|4|162,1754.32,1.82994,0.0478976,379.798,0.553821,2.30238,True,22.0|162,1042
1,8|1042|vc|1|2|162,1754.32,1.55007,0.0478974,32.804,0.553821,2.30238,False,69.0|162,1042
1,8|1042|vc|2|2|162,1754.32,1.55007,0.0478974,32.8042,0.553821,2.30238,False,69.0|162,1042
1,8|1042|vc|3|2|162,1754.32,1.55007,0.0478974,32.8043,0.553821,2.30238,False,69.0|162,1042
1,8|1042|vc|4|2|162,1754.32,1.55006,0.0478974,32.804,0.553821,2.30238,False,69.0|162,1042
1,8|1042|vc|5|2|162,1754.32,1.55007,0.0478974,32.8048,0.553821,2.30238,False,69.0|162,1042
1,8|1042|vc|6|2|162,1754.32,1.55007,0.0478974,32.8044,0.553821,2.30238,False,69.0|162,1042
1,8|1042|vc|7|2|162,1754.32,1.55006,0.0478974,32.8038,0.553821,2.30238,False,69.0|162,1042
1,8|1042|vc|8|2|162,1754.32,1.55006,0.0478974,32.8038,0.553821,2.30238,False,69.0|162,1042
1,8|863|cc|1|1|274,1754.32,2.1409,0.0478974,12.7077,0.553807,2.30257,False,69.0|274,863
1,8|863|cc|2|1|274,1754.32,2.14088,0.0478974,12.7075,0.553807,2.30257,False,69.0|274,863
1,8|863|cc|3|1|274,1754.32,2.14087,0.0478974,12.7077,0.553807,2.30257,False,69.0|274,863
1,8|863|cc|4|1|274,1754.32,2.14088,0.0478974,12.7076,0.553807,2.30257,False,69.0|274,863
1,8|863|cc|5|1|274,1754.32,2.14092,0.0478974,12.7076,0.553807,2.30257,False,69.0|274,863
1,8|863|cc|6|1|274,1754.32,2.1409,0.0478974,12.7076,0.553807,2.30257,False,69.0|274,863
1,8|863|cc|7|1|274,1754.32,2.1409,0.0478974,12.7078,0.553807,2.30257,False,69.0|274,863
1,8|863|cc|8|1|274,1754.32,2.14088,0.0478974,12.7076,0.553807,2.30257,False,69.0|274,863
1,8|863|sample|3|274,1754.32,0.866491,0.0478976,68.4202,0.553807,2.30257,True,22.0|274,863
1,8|863|sample|4|274,1754.32,0.866495,0.0478976,68.4212,0.553807,2.30257,True,22.0|274,863
1,8|863|vc|1|2|274,1754.32,2.14089,0.0478974,12.708,0.553807,2.30257,False,69.0|274,863
1,8|863|vc|2|2|274,1754.32,2.14088,0.0478974,12.708,0.553807,2.30257,False,69.0|274,863
1,8|863|vc|3|2|274,1754.32,2.1409,0.0478974,12.7077,0.553807,2.30257,False,69.0|274,863
1,8|863|vc|4|2|274,1754.32,2.14088,0.0478974,12.7077,0.553807,2.30257,False,69.0|274,863
1,8|863|vc|5|2|274,1754.32,2.14089,0.0478974,12.7077,0.553807,2.30257,False,69.0|274,863
1,8|863|vc|6|2|274,1754.32,2.14089,0.0478974,12.7075,0.553807,2.30257,False,69.0|274,863
1,8|863|vc|7|2|274,1754.32,2.1409,0.0478974,12.7076,0.553807,2.30257,False,69.0|274,863
1,8|863|vc|8|2|274,1754.32,2.14088,0.0478974,12.7077,0.553807,2.30257,False,69.0|274,863
1,8|152|cc|1|1|322,1754.32,1.5247,0.0478974,1.535,0.5538,2.3024,False,69.0|322,152
1,8|152|cc|2|1|322,1754.32,1.52471,0.0478974,1.53503,0.5538,2.3024,False,69.0|322,152
1,8|152|cc|3|1|322,1754.32,1.52469,0.0478974,1.535,0.5538,2.3024,False,69.0|322,152
1,8|152|cc|4|1|322,1754.32,1.52468,0.0478974,1.53501,0.5538,2.3024,False,69.0|322,152
1,8|152|cc|5|1|322,1754.32,1.52468,0.0478974,1.53503,0.5538,2.3024,False,69.0|322,152
1,8|152|cc|6|1|322,1754.32,1.52469,0.0478974,1.53501,0.5538,2.3024,False,69.0|322,152
1,8|152|cc|7|1|322,1754.32,1.5247,0.0478974,1.535,0.5538,2.3024,False,69.0|322,152
1,8|152|cc|8|1|322,1754.32,1.5247,0.0478974,1.53501,0.5538,2.3024,False,69.0|322,152
1,8|152|sample|3|322,1754.32,1.8649,0.0478976,874.016,0.5538,2.3024,True,22.0|322,152
1,8|152|sample|4|322,1754.32,1.86493,0.0478976,874.016,0.5538,2.3024,True,22.0|322,152
1,8|152|vc|1|2|322,1754.32,1.52469,0.0478974,1.53503,0.5538,2.3024,False,69.0|322,152
1,8|152|vc|2|2|322,1754.32,1.52471,0.0478974,1.53504,0.5538,2.3024,False,69.0|322,152
1,8|152|vc|3|2|322,1754.32,1.52471,0.0478974,1.53501,0.5538,2.3024,False,69.0|322,152
1,8|152|vc|4|2|322,1754.32,1.52471,0.0478974,1.53502,0.5538,2.3024,False,69.0|322,152
1,8|152|vc|5|2|322,1754.32,1.52469,0.0478974,1.53503,0.5538,2.3024,False,69.0|322,152
1,8|152|vc|6|2|322,1754.32,1.5247,0.0478974,1.53501,0.5538,2.3024,False,69.0|322,152
1,8|152|vc|7|2|322,1754.32,1.52471,0.0478974,1.53503,0.5538,2.3024,False,69.0|322,152
1,8|152|vc|8|2|322,1754.32,1.5247,0.0478974,1.53498,0.5538,2.3024,False,69.0|322,152
1,9|411|cc|1|1|274,1754.32,2.14087,0.0478974,12.7076,0.553807,2.30238,False,69.0|274,411
1,9|411|cc|2|1|274,1754.32,2.14088,0.0478974,12.7078,0.553807,2.30238,False,69.0|274,411
1,9|411|cc|3|1|274,1754.32,2.1409,0.0478974,12.7078,0.553807,2.30238,False,69.0|274,411
1,9|411|cc|4|1|274,1754.32,2.1409,0.0478974,12.7076,0.553807,2.30238,False,69.0|274,411
1,9|411|cc|5|1|274,1754.32,2.14088,0.0478974,12.7076,0.553807,2.30238,False,69.0|274,411
1,9|411|cc|6|1|274,1754.32,2.14088,0.0478974,12.7077,0.553807,2.30238,False,69.0|274,411
1,9|411|cc|7|1|274,1754.32,2.14088,0.0478974,12.7077,0.553807,2.30238,False,69.0|274,411
1,9|411|cc|8|1|274,1754.32,2.14089,0.0478974,12.7075,0.553807,2.30238,False,69.0|274,411
1,9|411|sample|10|274,1754.32,1.75956,0.0478976,206.065,0.553807,2.30238,True,70.0|274,411
1,9|411|sample|11|274,1754.32,1.75957,0.0478976,206.06,0.553807,2.30238,True,70.0|274,411
1,9|411|sample|12|274,1754.32,1.75956,0.0478976,206.06,0.553807,2.30238,True,70.0|274,411
1,9|411|sample|3|274,1754.32,1.75957,0.0478976,206.06,0.553807,2.30238,True,70.0|274,411
1,9|411|sample|4|274,1754.32,1.75956,0.0478976,206.061,0.553807,2.30238,True,70.0|274,411
1,9|411|sample|5|274,1754.32,1.75956,0.0478976,206.064,0.553807,2.30238,True,70.0|274,411
1,9|411|sample|6|274,1754.32,1.75955,0.0478976,206.061,0.553807,2.30238,True,70.0|274,411
1,9|411|sample|7|274,1754.32,1.75955,0.0478976,206.056,0.553807,2.30238,True,70.0|274,411
1,9|411|sample|8|274,1754.32,1.75956,0.0478976,206.062,0.553807,2.30238,True,70.0|274,411
1,9|411|sample|9|274,1754.32,1.75954,0.0478976,206.06,0.553807,2.30238,True,70.0|274,411
1,9|411|vc|1|2|274,1754.32,2.1409,0.0478974,12.7077,0.553807,2.30238,False,69.0|274,411
1,9|411|vc|2|2|274,1754.32,2.14088,0.0478974,12.7076,0.553807,2.30238,False,69.0|274,411
1,9|411|vc|3|2|274,1754.32,2.14087,0.0478974,12.7077,0.553807,2.30238,False,69.0|274,411
1,9|411|vc|4|2|274,1754.32,2.14087,0.0478974,12.7076,0.553807,2.30238,False,69.0|274,411
1,9|411|vc|5|2|274,1754.32,2.14088,0.0478974,12.7077,0.553807,2.30238,False,69.0|274,411
1,9|411|vc|6|2|274,1754.32,2.14089,0.0478974,12.7078,0.553807,2.30238,False,69.0|274,411
1,9|411|vc|7|2|274,1754.32,2.14089,0.0478974,12.7076,0.553807,2.30238,False,69.0|274,411
1,9|411|vc|8|2|274,1754.32,2.14088,0.0478974,12.7077,0.553807,2.30238,False,69.0|274,411
