rep,id,eta_f,eta_h,eta_L_gap,eta_eta_alpha,goes_down,mab_virus,run_id
1,411|4,-0.411276,3.83502e-08,-2.48663e-09,0,True,70.0|274,411
1,411|3,-1.28858,-4.05466e-08,3.61363e-08,0,True,70.0|274,411
1,411|5,-0.339388,-4.04658e-08,5.42363e-08,0,True,70.0|274,411
1,411|6,-0.451014,-1.92382e-08,4.78924e-08,0,True,70.0|274,411
1,411|8,-0.777051,7.25294e-09,-6.46127e-09,0,True,70.0|274,411
1,411|7,-1.01371,-3.33296e-08,9.23614e-08,0,True,70.0|274,411
1,411|9,-0.384902,-1.81089e-08,1.44499e-07,0,True,70.0|274,411
1,411|10,-0.388138,-2.33365e-08,-7.29469e-08,0,True,70.0|274,411
1,411|12,-1.08809,5.78536e-09,5.51524e-08,0,True,70.0|274,411
1,411|11,-0.53162,8.7548e-09,3.12634e-09,0,True,70.0|274,411
1,411|1,0.839771,-5.61944e-10,9.0414e-09,0,False,69.0|274,411
1,411|2,-8.93133,-3.68191e-09,-1.13398e-07,0,False,69.0|274,411
1,783|3,3.29054,-2.67453e-09,6.97082e-09,0,True,6.0|71,783
1,783|4,3.49023,3.10762e-08,3.59202e-08,0,True,6.0|71,783
1,783|5,3.26454,-2.14699e-10,-7.85558e-08,0,True,6.0|71,783
1,783|6,3.0322,-2.01556e-08,-1.1796e-08,0,True,6.0|71,783
1,783|7,-2.85033,-2.49417e-08,-1.45854e-08,0,True,6.0|71,783
1,783|8,-2.64155,4.92927e-08,-9.20394e-08,0,True,6.0|71,783
1,783|10,3.64105,-3.59462e-08,-9.06406e-08,0,True,6.0|71,783
1,783|9,3.37019,-1.93511e-08,-6.73515e-08,0,True,6.0|71,783
1,783|12,-3.99611,-1.5658e-08,6.20279e-08,0,True,6.0|71,783
1,783|11,-4.00689,1.1931e-08,-9.04713e-08,0,True,6.0|71,783
1,783|1,2.08238,-2.50821e-08,-6.21652e-08,0,False,69.0|71,783
1,783|2,-4.40251,3.90298e-08,1.00428e-08,0,False,69.0|71,783
1,491|10,-5.1082,-1.97917e-08,-5.69248e-08,0,True,6.0|99,491
1,491|9,-4.94288,4.45344e-08,-5.36586e-09,0,True,6.0|99,491
1,491|12,-3.03822,3.71322e-09,3.3822e-08,0,True,6.0|99,491
1,491|11,-2.34804,5.36965e-09,7.47188e-08,0,True,6.0|99,491
1,491|4,-2.66292,-9.18291e-09,2.12482e-08,0,True,44.0|99,491
1,491|3,-2.55739,3.80172e-08,-9.73894e-08,0,True,44.0|99,491
1,491|6,-1.21424,-2.08818e-09,-3.01897e-08,0,True,44.0|99,491
1,491|5,-1.11278,3.76894e-08,1.22809e-07,0,True,44.0|99,491
1,491|7,-5.90821,4.77114e-08,-1.94429e-09,0,True,63.0|99,491
1,491|8,-5.77958,-1.77377e-08,5.15762e-08,0,True,63.0|99,491
1,491|1,2.02597,-7.30007e-10,-9.39273e-09,0,False,69.0|99,491
1,491|2,1.90263,-2.42801e-08,-3.40688e-08,0,False,69.0|99,491
1,433|4,-2.69824,1.88034e-08,-6.24229e-08,0,True,6.0|99,433
1,433|3,-3.37592,3.90758e-08,-4.64703e-08,0,True,6.0|99,433
1,433|6,0.34505,-1.06294e-08,-6.88792e-09,0,True,6.0|99,433
1,433|5,-0.0614467,8.12888e-08,3.55577e-08,0,True,6.0|99,433
1,433|8,-4.68481,3.59048e-09,3.10939e-09,0,True,6.0|99,433
1,433|7,-4.94425,-4.69943e-08,-3.22687e-08,0,True,6.0|99,433
1,433|10,-2.09646,5.51779e-08,-3.48165e-08,0,True,6.0|99,433
1,433|9,-1.87734,-1.51206e-08,3.34554e-10,0,True,6.0|99,433
1,433|11,-0.438731,2.99893e-09,-7.12465e-08,0,True,6.0|99,433
1,433|12,-0.195158,-2.85117e-08,2.20501e-08,0,True,6.0|99,433
1,433|1,1.08734,-1.31936e-08,-7.57607e-08,0,False,69.0|99,433
1,433|2,-0.931852,-1.80071e-08,6.62022e-08,0,False,69.0|99,433
1,297|3,-0.0828403,-1.41215e-09,3.6824e-08,0,True,6.0|71,297
1,297|4,-0.203345,-2.6461e-09,4.37964e-09,0,True,6.0|71,297
1,297|5,-4.0014,-3.53189e-08,-1.33102e-07,0,True,6.0|71,297
1,297|6,-4.08627,3.15267e-08,3.28869e-08,0,True,6.0|71,297
1,297|8,-2.98183,-1.54225e-08,3.57549e-08,0,True,6.0|71,297
1,297|7,-3.01024,3.06436e-08,1.09049e-08,0,True,6.0|71,297
1,297|9,-3.67224,-5.82513e-08,-5.25625e-08,0,True,6.0|71,297
1,297|10,-3.53947,-5.12934e-08,3.30476e-08,0,True,6.0|71,297
1,297|12,1.49787,-1.1206e-08,1.14946e-07,0,True,6.0|71,297
1,297|11,1.18093,-2.50924e-08,4.43517e-08,0,True,6.0|71,297
1,297|1,3.87855,-2.27493e-08,1.6677e-08,0,False,69.0|71,297
1,297|2,-3.02739,-2.85797e-08,-8.48979e-08,0,False,69.0|71,297
1,183|4,-1.61427,2.58048e-08,-7.13782e-08,0,True,6.0|233,183
1,183|3,-1.49158,6.3114e-08,8.26959e-09,0,True,6.0|233,183
1,183|6,-2.27994,-5.04395e-09,1.48324e-08,0,True,6.0|233,183
1,183|5,-2.3221,1.57527e-08,1.21891e-07,0,True,6.0|233,183
1,183|7,-1.19718,-2.67821e-08,6.42857e-08,0,True,6.0|233,183
1,183|8,-1.17715,-3.28986e-09,-3.43487e-08,0,True,6.0|233,183
1,183|10,-2.23406,9.38472e-09,-2.37106e-08,0,True,6.0|233,183
1,183|9,-2.1237,-5.1864e-08,-1.91288e-08,0,True,6.0|233,183
1,183|12,-0.643032,4.36196e-08,-1.15121e-07,0,True,6.0|233,183
1,183|11,-0.141666,-2.91716e-09,-3.01751e-08,0,True,6.0|233,183
1,183|1,-3.67774,-1.09303e-08,1.65826e-08,0,False,69.0|233,183
1,183|2,-0.475062,1.98382e-09,8.49212e-09,0,False,69.0|233,183
1,705|3,4.19878,8.37844e-09,3.5687e-08,0,False,6.0|233,705
1,705|4,5.48193,-4.24616e-08,-5.05571e-08,0,False,6.0|233,705
1,705|5,7.20902,6.04654e-09,-1.81518e-07,0,False,6.0|233,705
1,705|6,4.02021,3.20034e-08,6.01266e-08,0,False,6.0|233,705
1,705|7,4.97987,-3.00776e-08,-4.81576e-08,0,False,6.0|233,705
1,705|8,7.84471,-2.06164e-08,5.20915e-08,0,False,6.0|233,705
1,705|10,-2.10663,-7.04687e-09,1.85259e-07,0,True,6.0|233,705
1,705|9,-1.78763,5.93075e-10,-1.65767e-07,0,True,6.0|233,705
1,705|12,-2.06244,1.67892e-08,4.1534e-08,0,True,6.0|233,705
1,705|11,-1.39449,-4.25343e-08,-3.00814e-08,0,True,6.0|233,705
1,705|1,-4.32404,4.34927e-09,3.6301e-08,0,False,69.0|233,705
1,705|2,0.0678675,-2.65339e-08,1.68066e-08,0,False,69.0|233,705
1,555|4,1.71344,1.15875e-08,-5.14178e-08,0,True,6.0|233,555
1,555|3,1.81301,-4.59031e-08,9.09358e-08,0,True,6.0|233,555
1,555|5,1.94574,7.05859e-10,1.64545e-07,0,True,6.0|233,555
1,555|6,2.26612,2.27126e-08,4.07155e-08,0,True,6.0|233,555
1,555|7,-1.80474,-2.02464e-08,-6.50908e-08,0,True,6.0|233,555
1,555|8,-1.59813,-1.13503e-08,3.85866e-08,0,True,6.0|233,555
1,555|9,1.93627,4.05279e-08,-3.02339e-08,0,True,6.0|233,555
1,555|10,2.50354,-3.68437e-09,5.80815e-08,0,True,6.0|233,555
1,555|12,-2.51854,3.88476e-08,3.01346e-08,0,True,6.0|233,555
1,555|11,-2.24787,-8.54675e-09,-5.77068e-08,0,True,6.0|233,555
1,555|1,0.897718,-4.16826e-09,7.70176e-08,0,False,69.0|233,555
1,555|2,1.43277,2.21499e-08,7.66758e-08,0,False,69.0|233,555
1,394|5,2.88684,1.64009e-08,-5.59153e-08,0,True,6.0|42,394
1,394|6,3.02544,4.5241e-08,1.38206e-07,0,True,6.0|42,394
1,394|7,3.56147,-1.61838e-09,-8.67731e-08,0,True,6.0|42,394
1,394|8,3.84607,-8.90255e-09,7.12581e-08,0,True,6.0|42,394
1,394|10,2.26437,-1.0941e-08,1.10047e-07,0,True,6.0|42,394
1,394|9,2.49618,9.62374e-10,8.65849e-08,0,True,6.0|42,394
1,394|12,3.35294,3.84665e-09,-5.86173e-08,0,True,6.0|42,394
1,394|11,3.13439,-1.81162e-08,8.99179e-09,0,True,6.0|42,394
1,394|3,0.708031,1.7739e-08,2.42898e-08,0,True,63.0|42,394
1,394|4,0.48887,1.05994e-08,-1.0798e-08,0,True,63.0|42,394
1,394|1,0.0253652,-1.59118e-08,9.8822e-08,0,False,69.0|42,394
1,394|2,0.739061,-1.71245e-08,5.42107e-08,0,False,69.0|42,394
1,1099|3,2.79973,4.70474e-08,-2.58711e-08,0,True,6.0|73,1099
1,1099|4,3.0987,-4.96756e-08,2.92191e-08,0,True,6.0|73,1099
1,1099|5,2.7509,3.16998e-09,5.40584e-08,0,True,6.0|73,1099
1,1099|6,3.33001,5.19451e-09,-7.24781e-08,0,True,6.0|73,1099
1,1099|8,4.00477,7.87539e-09,1.37631e-07,0,True,6.0|73,1099
1,1099|7,4.1735,3.6513e-08,-1.33818e-08,0,True,6.0|73,1099
1,1099|9,2.70558,-1.9322e-08,1.02006e-07,0,True,6.0|73,1099
1,1099|10,2.83235,-5.06246e-08,5.9445e-09,0,True,6.0|73,1099
1,1099|11,4.07241,6.67181e-09,-2.8495e-08,0,True,6.0|73,1099
1,1099|12,4.24439,1.83367e-09,1.36459e-07,0,True,6.0|73,1099
1,1099|1,1.20473,-3.68416e-08,4.30658e-08,0,False,69.0|73,1099
1,1099|2,-1.52337,-3.65439e-08,1.60864e-09,0,False,69.0|73,1099
1,611|4,5.65334,2.31081e-08,5.86871e-08,0,True,6.0|73,611
1,611|3,5.43187,3.11363e-08,4.28812e-08,0,True,6.0|73,611
1,611|5,3.76644,-3.38139e-08,-3.85418e-08,0,True,6.0|73,611
1,611|6,4.08261,-4.88358e-10,-4.13576e-08,0,True,6.0|73,611
1,611|7,4.67173,1.65727e-09,2.49939e-08,0,True,6.0|73,611
1,611|8,7.02556,3.81795e-08,-1.33002e-07,0,True,6.0|73,611
1,611|9,2.27507,8.41564e-09,6.82448e-08,0,True,6.0|73,611
1,611|10,2.43657,1.8307e-08,4.15973e-08,0,True,6.0|73,611
1,611|12,7.08362,-3.65196e-09,7.76692e-09,0,True,6.0|73,611
1,611|11,4.99869,1.14342e-08,-1.28389e-08,0,True,6.0|73,611
1,611|1,-0.528683,1.36563e-09,3.93749e-09,0,False,69.0|73,611
1,611|2,-2.33639,5.21198e-08,-1.1623e-07,0,False,69.0|73,611
1,84|5,1.8902,2.36922e-08,-9.02499e-08,0,True,55.0|162,84
1,84|6,1.85398,-4.82409e-08,6.13389e-09,0,True,55.0|162,84
1,84|4,0.179967,-3.4064e-08,-2.39032e-08,0,True,55.0|162,84
1,84|3,0.433698,-6.43917e-09,1.27482e-07,0,True,55.0|162,84
1,84|9,-1.18903,-4.06486e-09,-2.44745e-08,0,True,32.0|162,84
1,84|10,-0.972013,4.08944e-08,3.26036e-08,0,True,32.0|162,84
1,84|7,-0.966198,-1.97974e-08,-6.48648e-09,0,True,32.0|162,84
1,84|8,-1.11915,-1.0304e-08,5.00878e-08,0,True,32.0|162,84
1,84|12,-0.777449,-3.48627e-08,4.74673e-08,0,True,22.0|162,84
1,84|11,-0.781925,-2.811e-08,-2.45336e-08,0,True,22.0|162,84
1,84|1,0.304826,4.43551e-08,-9.11233e-09,0,False,69.0|162,84
1,84|2,-2.98514,-2.11871e-08,-2.89128e-08,0,False,69.0|162,84
1,1042|8,-0.701709,-1.15507e-08,-1.00889e-07,0,True,65.0|162,1042
1,1042|7,-0.762615,2.39366e-08,-3.54144e-09,0,True,65.0|162,1042
1,1042|6,-0.673579,-2.96901e-08,1.06551e-09,0,True,65.0|162,1042
1,1042|5,-0.682195,2.53856e-08,-9.22897e-08,0,True,65.0|162,1042
1,1042|12,-1.07438,2.23647e-09,-8.34067e-08,0,True,28.0|162,1042
1,1042|11,-1.12924,4.23377e-08,-3.21281e-08,0,True,28.0|162,1042
1,1042|9,-0.737399,-8.86141e-09,-5.82077e-08,0,True,28.0|162,1042
1,1042|10,-0.852588,-6.00341e-10,1.04616e-07,0,True,28.0|162,1042
1,1042|4,-0.608702,3.06531e-08,2.38255e-08,0,True,22.0|162,1042
1,1042|3,-0.823089,1.19763e-08,2.16798e-08,0,True,22.0|162,1042
1,1042|1,-2.9203,-2.28087e-08,-2.66152e-09,0,False,69.0|162,1042
1,1042|2,-1.82941,-2.69127e-08,7.62949e-09,0,False,69.0|162,1042
1,719|5,0.125453,-4.07512e-08,-8.4164e-09,0,True,55.0|274,719
1,719|6,0.193276,-1.07251e-08,2.01141e-08,0,True,55.0|274,719
1,719|3,0.299705,-1.67552e-08,-4.1399e-08,0,True,55.0|274,719
1,719|4,0.587289,-4.59854e-08,1.03062e-07,0,True,55.0|274,719
1,719|10,-2.0143,3.88061e-08,4.90434e-08,0,True,32.0|274,719
1,719|9,-2.03526,-3.1793e-08,5.24358e-09,0,True,32.0|274,719
1,719|8,-2.04403,1.55511e-08,3.88226e-08,0,True,32.0|274,719
1,719|7,-2.06569,-6.68846e-09,4.23616e-08,0,True,32.0|274,719
1,719|12,-2.46684,-2.99407e-08,-2.71227e-08,0,True,22.0|274,719
1,719|11,-2.05162,-2.35822e-08,-1.53911e-08,0,True,22.0|274,719
1,719|1,-6.24781,-1.3883e-08,-1.40035e-08,0,False,69.0|274,719
1,719|2,1.17177,-7.33883e-09,1.28949e-07,0,False,69.0|274,719
1,863|7,-2.01115,1.20499e-08,-4.20866e-08,0,True,65.0|274,863
1,863|8,-2.07006,2.18186e-08,-8.30349e-08,0,True,65.0|274,863
1,863|6,-2.08234,7.1597e-09,7.10377e-08,0,True,65.0|274,863
1,863|5,-2.14232,-1.81093e-08,-3.32693e-08,0,True,65.0|274,863
1,863|11,-2.49128,-1.09256e-08,-8.96257e-08,0,True,28.0|274,863
1,863|12,-2.36647,-4.37626e-08,4.74369e-08,0,True,28.0|274,863
1,863|9,-2.02659,3.22693e-08,3.30408e-08,0,True,28.0|274,863
1,863|10,-2.16879,-3.5134e-08,-2.51034e-08,0,True,28.0|274,863
1,863|3,-2.39844,1.53162e-08,4.11227e-08,0,True,22.0|274,863
1,863|4,-2.20007,-5.94995e-09,7.17741e-08,0,True,22.0|274,863
1,863|1,3.14429,-3.6719e-08,9.3496e-08,0,False,69.0|274,863
1,863|2,3.36654,-1.84343e-08,-1.1338e-07,0,False,69.0|274,863
1,488|6,1.91732,1.59531e-08,-1.1246e-07,0,True,55.0|322,488
1,488|5,1.74346,9.6957e-09,1.93086e-08,0,True,55.0|322,488
1,488|4,1.26207,-6.26335e-08,-5.93693e-08,0,True,55.0|322,488
1,488|3,1.23814,-4.9043e-09,1.56237e-08,0,True,55.0|322,488
1,488|10,1.28354,3.94263e-09,8.74909e-08,0,True,32.0|322,488
1,488|9,1.31557,-2.95734e-09,4.55203e-08,0,True,32.0|322,488
1,488|8,0.310889,3.0617e-08,-3.81162e-08,0,True,32.0|322,488
1,488|7,0.387465,-1.83941e-08,7.80741e-09,0,True,32.0|322,488
1,488|11,-1.24078,-1.32387e-08,-9.08705e-08,0,True,22.0|322,488
1,488|12,-1.3933,-5.80508e-08,-1.22912e-08,0,True,22.0|322,488
1,488|1,5.92039,-4.10307e-08,-4.12252e-08,0,False,69.0|322,488
1,488|2,2.45735,2.59442e-08,-4.20375e-08,0,False,69.0|322,488
1,152|8,-1.17982,-1.76189e-08,-6.96621e-08,0,True,65.0|322,152
1,152|7,-1.06501,-2.84071e-08,-9.15389e-08,0,True,65.0|322,152
1,152|6,-0.734626,-2.21707e-08,1.00459e-07,0,True,65.0|322,152
1,152|5,-1.20635,6.62533e-09,-1.25093e-07,0,True,65.0|322,152
1,152|12,-2.17159,-4.58687e-08,-5.51715e-08,0,True,28.0|322,152
1,152|11,-2.06633,-2.78099e-09,5.75345e-09,0,True,28.0|322,152
1,152|10,-2.09789,2.76716e-08,8.57505e-09,0,True,28.0|322,152
1,152|9,-1.81038,-5.82383e-08,-1.06159e-07,0,True,28.0|322,152
1,152|3,-1.38841,-2.28678e-08,-1.1348e-07,0,True,22.0|322,152
1,152|4,-1.0129,3.75836e-09,-9.20945e-08,0,True,22.0|322,152
1,152|1,4.69916,3.53042e-08,-1.02968e-07,0,False,69.0|322,152
1,152|2,-2.92233,8.43167e-09,-6.45753e-08,0,False,69.0|322,152
1,847|6,2.42953,9.22896e-10,1.82181e-07,0,True,55.0|69,847
1,847|3,0.346826,-9.17999e-08,5.68098e-08,0,True,55.0|69,847
1,847|4,0.726286,1.01485e-08,-6.62066e-08,0,True,55.0|69,847
1,847|10,-3.37012,7.55707e-08,3.06442e-08,0,True,32.0|69,847
1,847|9,-2.9183,6.408e-09,-7.29059e-09,0,True,32.0|69,847
1,847|7,-2.94651,3.54225e-08,5.73005e-08,0,True,32.0|69,847
1,847|8,-2.98908,2.49239e-08,2.22911e-08,0,True,32.0|69,847
1,847|12,-1.16346,-1.7472e-08,-7.02652e-08,0,True,22.0|69,847
1,847|11,-1.27546,-8.74566e-09,-8.10797e-08,0,True,22.0|69,847
1,847|5,2.0708,-3.25611e-09,-5.76165e-09,0,True,55.0|69,847
1,847|1,-2.38738,-2.08083e-08,2.09725e-08,0,False,69.0|69,847
1,847|2,3.85327,3.4754e-08,-1.16125e-07,0,False,69.0|69,847
1,1241|8,-1.77039,-4.71954e-08,-6.74759e-08,0,True,65.0|69,1241
1,1241|7,-1.65308,8.37211e-09,-7.76911e-08,0,True,65.0|69,1241
1,1241|5,-1.31997,9.34182e-09,4.01908e-08,0,True,65.0|69,1241
1,1241|6,-1.4643,2.21298e-08,6.36686e-08,0,True,65.0|69,1241
1,1241|11,-2.40371,8.1368e-08,3.6698e-08,0,True,28.0|69,1241
1,1241|12,-2.2911,5.29911e-09,-1.06998e-08,0,True,28.0|69,1241
1,1241|9,-1.88329,-5.37154e-09,4.84629e-08,0,True,28.0|69,1241
1,1241|10,-2.15576,1.61297e-08,-6.06651e-08,0,True,28.0|69,1241
1,1241|3,-0.806062,-2.09965e-09,5.19161e-08,0,True,22.0|69,1241
1,1241|4,-1.16065,8.3306e-09,8.19269e-10,0,True,22.0|69,1241
1,1241|1,-2.28102,-6.95334e-08,-1.5852e-08,0,False,69.0|69,1241
1,1241|2,1.40487,3.18586e-08,-1.34695e-07,0,False,69.0|69,1241
1,474|5,-0.576397,-6.85762e-09,-6.68382e-08,0,True,55.0|276,474
1,474|6,-0.206373,5.47726e-08,6.36418e-08,0,True,55.0|276,474
1,474|3,-0.637088,1.57695e-08,5.47523e-08,0,True,55.0|276,474
1,474|4,-0.388746,-1.07322e-08,-1.12459e-07,0,True,55.0|276,474
1,474|9,-4.09987,-3.45969e-08,-3.88677e-08,0,True,32.0|276,474
1,474|10,-4.19444,-1.05865e-08,3.02879e-08,0,True,32.0|276,474
1,474|8,-3.98474,3.4416e-09,2.58527e-08,0,True,32.0|276,474
1,474|7,-4.04517,1.86534e-08,-1.10654e-07,0,True,32.0|276,474
1,474|12,-2.52877,1.1245e-08,9.07147e-08,0,True,22.0|276,474
1,474|11,-2.52659,-4.59338e-08,-3.2656e-08,0,True,22.0|276,474
1,474|1,-0.682321,-2.83689e-09,3.37804e-08,0,False,69.0|276,474
1,474|2,-1.4625,-2.54585e-08,5.63247e-08,0,False,69.0|276,474
1,1056|8,-1.83474,-3.76074e-09,-5.25397e-08,0,True,65.0|276,1056
1,1056|7,-2.36195,3.16484e-08,1.41272e-09,0,True,65.0|276,1056
1,1056|6,-2.1889,-3.91097e-08,-4.94542e-08,0,True,65.0|276,1056
1,1056|5,-1.86378,1.76804e-08,4.68622e-08,0,True,65.0|276,1056
1,1056|12,-3.50031,-8.70966e-09,-3.73824e-09,0,True,28.0|276,1056
1,1056|11,-3.31169,9.72567e-09,-3.10296e-08,0,True,28.0|276,1056
1,1056|10,-2.81922,-9.10285e-09,1.63604e-07,0,True,28.0|276,1056
1,1056|9,-2.83693,-3.63094e-09,8.43212e-08,0,True,28.0|276,1056
1,1056|4,-2.46881,1.57532e-08,3.99406e-08,0,True,22.0|276,1056
1,1056|3,-2.31846,1.26111e-08,5.85226e-09,0,True,22.0|276,1056
1,1056|1,-0.493833,3.5876e-09,1.27669e-08,0,False,69.0|276,1056
1,1056|2,4.09257,1.62585e-08,1.16066e-07,0,False,69.0|276,1056
1,462|6,2.27217,-7.82864e-10,4.76893e-08,0,True,55.0|292,462
1,462|5,2.3838,-3.99673e-09,1.1974e-08,0,True,55.0|292,462
1,462|4,0.792394,3.76545e-08,-4.50758e-08,0,True,55.0|292,462
1,462|3,0.931472,-7.23277e-08,7.85555e-09,0,True,55.0|292,462
1,462|9,-4.36201,4.80776e-08,-4.44039e-08,0,True,32.0|292,462
1,462|10,-4.09564,-6.5072e-08,-6.89112e-08,0,True,32.0|292,462
1,462|7,-4.19121,-1.41668e-08,2.65184e-08,0,True,32.0|292,462
1,462|8,-4.11093,2.25997e-08,1.98562e-08,0,True,32.0|292,462
1,462|11,-1.77342,5.57795e-08,-2.08774e-08,0,True,22.0|292,462
1,462|12,-1.56279,2.37802e-08,3.80501e-08,0,True,22.0|292,462
1,462|1,-1.55552,-3.12068e-10,-3.81108e-09,0,False,69.0|292,462
1,462|2,2.49529,3.92367e-08,-1.58586e-08,0,False,69.0|292,462
1,1159|8,-1.70204,2.93455e-08,-9.61286e-08,0,True,65.0|292,1159
1,1159|7,-1.63444,5.58725e-09,6.03032e-08,0,True,65.0|292,1159
1,1159|5,-1.41796,-2.7624e-08,3.94799e-08,0,True,65.0|292,1159
1,1159|6,-1.44201,1.29215e-08,1.45483e-07,0,True,65.0|292,1159
1,1159|11,-3.09687,-3.7923e-08,2.77351e-09,0,True,28.0|292,1159
1,1159|12,-3.36514,2.76624e-08,-4.78941e-08,0,True,28.0|292,1159
1,1159|9,-2.66919,-1.01623e-09,4.76017e-09,0,True,28.0|292,1159
1,1159|10,-2.70991,-5.86579e-09,-4.37061e-08,0,True,28.0|292,1159
1,1159|4,-1.10653,2.11428e-08,3.70482e-08,0,True,22.0|292,1159
1,1159|3,-1.54423,1.09293e-08,4.88056e-08,0,True,22.0|292,1159
1,1159|1,-7.64469,-5.36392e-09,6.53805e-08,0,False,69.0|292,1159
1,1159|2,2.40391,6.21243e-09,-6.8406e-08,0,False,69.0|292,1159
1,75|6,-2.68878,1.78752e-08,7.62713e-08,0,True,55.0|65,75
1,75|5,-2.26731,-2.39138e-08,1.18992e-08,0,True,55.0|65,75
1,75|3,-3.18371,-7.3335e-09,2.88468e-10,0,True,55.0|65,75
1,75|4,-3.09956,-4.09839e-08,-6.34716e-09,0,True,55.0|65,75
1,75|9,2.64615,4.35091e-08,1.10502e-07,0,True,32.0|65,75
1,75|10,1.49308,-1.85597e-08,-3.37237e-08,0,True,32.0|65,75
1,75|7,0.647152,8.26589e-09,2.6084e-09,0,True,32.0|65,75
1,75|8,1.28452,1.94047e-08,5.17555e-08,0,True,32.0|65,75
1,75|12,-2.93843,2.46369e-08,-6.36717e-08,0,True,22.0|65,75
1,75|11,-2.49218,-4.53956e-08,6.52791e-08,0,True,22.0|65,75
1,75|1,6.96859,1.11585e-08,8.55405e-09,0,False,69.0|65,75
1,75|2,-2.36858,3.47041e-08,2.29753e-08,0,False,69.0|65,75
1,1017|7,-3.35854,-3.59518e-08,-6.76517e-09,0,True,65.0|65,1017
1,1017|8,-3.08524,1.30691e-08,1.9822e-08,0,True,65.0|65,1017
1,1017|5,-3.30829,-2.27129e-09,5.38083e-08,0,True,65.0|65,1017
1,1017|6,-3.58174,8.23673e-09,-4.77551e-08,0,True,65.0|65,1017
1,1017|12,-2.8028,4.37705e-08,8.44161e-08,0,True,28.0|65,1017
1,1017|11,-2.95114,2.3371e-08,-2.36257e-08,0,True,28.0|65,1017
1,1017|10,-2.15253,-1.08516e-08,2.47798e-08,0,True,28.0|65,1017
1,1017|9,-2.36939,2.06538e-08,9.59753e-08,0,True,28.0|65,1017
1,1017|4,-2.92947,-5.07948e-09,-3.52926e-09,0,True,22.0|65,1017
1,1017|3,-3.15166,4.14889e-08,5.52784e-08,0,True,22.0|65,1017
1,1017|1,2.79228,6.52339e-08,7.99409e-09,0,False,69.0|65,1017
1,1017|2,0.923691,1.65811e-08,-1.59082e-08,0,False,69.0|65,1017
1,291|6,-0.83254,-4.1452e-08,3.36125e-08,0,True,55.0|103,291
1,291|5,-1.01789,2.13431e-10,5.69462e-08,0,True,55.0|103,291
1,291|4,-0.691597,3.97638e-08,1.49661e-08,0,True,55.0|103,291
1,291|3,-0.801996,4.90863e-10,-9.80543e-09,0,True,55.0|103,291
1,291|9,-4.09153,9.02146e-09,6.00952e-09,0,True,32.0|103,291
1,291|10,-3.88254,1.82554e-08,1.03681e-07,0,True,32.0|103,291
1,291|8,-3.79784,-4.85894e-09,8.29481e-08,0,True,32.0|103,291
1,291|7,-3.91657,3.64282e-08,3.1949e-08,0,True,32.0|103,291
1,291|11,-4.26109,5.08701e-09,-5.89052e-08,0,True,22.0|103,291
1,291|12,-4.02552,-2.94979e-08,7.89937e-08,0,True,22.0|103,291
1,291|1,0.519973,-3.72586e-08,-3.81198e-08,0,False,69.0|103,291
1,291|2,4.037,5.29531e-08,-9.21641e-08,0,False,69.0|103,291
1,1197|7,-3.62008,-5.82732e-08,-5.99543e-08,0,True,65.0|103,1197
1,1197|8,-3.83801,-2.15781e-08,-2.41125e-08,0,True,65.0|103,1197
1,1197|6,-3.61299,-2.80327e-08,-7.55113e-08,0,True,65.0|103,1197
1,1197|5,-3.66655,2.1955e-08,-1.25045e-07,0,True,65.0|103,1197
1,1197|12,-4.17051,-3.41122e-08,-8.53533e-09,0,True,28.0|103,1197
1,1197|10,-3.91883,8.43055e-10,-1.21585e-07,0,True,28.0|103,1197
1,1197|9,-3.81176,-5.41849e-08,-2.79e-08,0,True,28.0|103,1197
1,1197|3,-3.5719,-1.04746e-08,3.32437e-10,0,True,22.0|103,1197
1,1197|4,-3.92518,-4.80686e-09,8.09297e-09,0,True,22.0|103,1197
1,1197|11,-4.41697,7.98111e-08,3.50438e-08,0,True,28.0|103,1197
1,1197|1,-2.04288,-8.89117e-08,-6.31108e-08,0,False,69.0|103,1197
1,1197|2,1.61073,1.67934e-08,-1.61367e-09,0,False,69.0|103,1197
1,77|6,-5.73054,-1.96413e-08,-3.275e-08,0,True,55.0|218,77
1,77|5,-5.58871,2.75812e-08,-3.03629e-08,0,True,55.0|218,77
1,77|3,-5.38496,4.08158e-08,5.7035e-08,0,True,55.0|218,77
1,77|4,-5.61761,1.3694e-08,-2.49639e-08,0,True,55.0|218,77
1,77|9,-2.26581,-2.76868e-08,-8.63912e-08,0,True,32.0|218,77
1,77|10,-2.79141,-1.24732e-10,2.80053e-08,0,True,32.0|218,77
1,77|8,-2.34421,-3.1064e-08,-3.52896e-08,0,True,32.0|218,77
1,77|7,-2.43399,4.96131e-08,2.24429e-10,0,True,32.0|218,77
1,77|12,-3.41374,-2.62837e-08,7.46195e-08,0,True,22.0|218,77
1,77|11,-3.05905,-5.29341e-08,-1.44563e-07,0,True,22.0|218,77
1,77|1,4.61421,-1.51176e-10,1.30399e-07,0,False,69.0|218,77
1,77|2,-0.441402,-6.89659e-08,8.71725e-08,0,False,69.0|218,77
1,745|7,-5.19585,4.78361e-08,5.67982e-08,0,True,65.0|218,745
1,745|8,-5.32568,-1.66231e-08,-5.3606e-08,0,True,65.0|218,745
1,745|6,-4.63891,8.52703e-09,-4.63743e-08,0,True,65.0|218,745
1,745|5,-4.373,-1.84246e-08,-1.49129e-08,0,True,65.0|218,745
1,745|3,-3.19056,1.71848e-08,-6.25228e-08,0,True,22.0|218,745
1,745|11,-3.72551,3.86635e-08,-3.0025e-08,0,True,28.0|218,745
1,745|12,-3.0744,2.49546e-08,7.33229e-08,0,True,28.0|218,745
1,745|10,-3.07358,2.27685e-08,4.38064e-08,0,True,28.0|218,745
1,745|9,-3.27394,4.82857e-08,7.42828e-08,0,True,28.0|218,745
1,745|4,-3.27997,-4.2283e-08,-4.99711e-08,0,True,22.0|218,745
1,745|1,-1.36602,-4.44698e-08,-5.48857e-08,0,False,69.0|218,745
1,745|2,0.958263,7.27074e-09,7.4989e-08,0,False,69.0|218,745
1,322|6,-3.91801,2.90016e-08,1.57622e-07,0,True,55.0|174,322
1,322|5,-4.02983,-2.95578e-08,1.97637e-08,0,True,55.0|174,322
1,322|3,-4.71196,4.07161e-08,1.05863e-07,0,True,55.0|174,322
1,322|4,-4.13713,-3.78701e-08,-1.01009e-07,0,True,55.0|174,322
1,322|10,-4.49108,-3.71716e-08,-3.64105e-08,0,True,32.0|174,322
1,322|9,-4.52594,-8.56859e-09,-3.82924e-08,0,True,32.0|174,322
1,322|7,-4.11688,-5.55439e-08,-2.51578e-08,0,True,32.0|174,322
1,322|8,-4.29943,1.58613e-09,4.77153e-08,0,True,32.0|174,322
1,322|12,-4.2904,6.37416e-08,1.81882e-08,0,True,22.0|174,322
1,322|11,-4.05071,2.37386e-09,3.90046e-08,0,True,22.0|174,322
1,322|1,1.47693,6.82703e-10,6.3605e-08,0,False,69.0|174,322
1,322|2,-1.83236,1.3888e-08,4.53131e-08,0,False,69.0|174,322
1,1043|6,-4.51276,-3.5293e-08,6.31791e-08,0,True,65.0|174,1043
1,1043|7,-5.04335,-7.02335e-09,-2.37384e-08,0,True,65.0|174,1043
1,1043|8,-4.87735,5.2812e-08,-2.69929e-08,0,True,65.0|174,1043
1,1043|5,-4.26137,-2.55846e-08,3.13116e-08,0,True,65.0|174,1043
1,1043|11,-4.7588,-1.55576e-08,4.68602e-08,0,True,28.0|174,1043
1,1043|12,-4.69541,5.92499e-08,8.94794e-08,0,True,28.0|174,1043
1,1043|10,-4.19932,-3.01458e-08,-7.33769e-08,0,True,28.0|174,1043
1,1043|9,-4.08416,4.26289e-08,-8.85343e-09,0,True,28.0|174,1043
1,1043|4,-3.92625,2.80295e-08,-1.00711e-07,0,True,22.0|174,1043
1,1043|3,-3.85745,-3.47454e-08,-1.81076e-08,0,True,22.0|174,1043
1,1043|1,6.31479,1.5054e-08,-4.07206e-08,0,False,69.0|174,1043
1,1043|2,1.14952,-3.6797e-08,-8.22187e-08,0,False,69.0|174,1043
1,963|6,-6.63896,-1.19644e-08,-1.02272e-07,0,True,55.0|319,963
1,963|5,-6.37987,5.44394e-09,-8.24617e-09,0,True,55.0|319,963
1,963|4,-6.36354,-6.71344e-08,-3.78717e-08,0,True,55.0|319,963
1,963|3,-6.60597,-2.67686e-08,1.63466e-08,0,True,55.0|319,963
1,963|10,-4.74435,5.52918e-08,3.27132e-08,0,True,32.0|319,963
1,963|9,-4.62458,-3.15566e-09,-5.48447e-09,0,True,32.0|319,963
1,963|7,-4.77512,4.2373e-08,4.30797e-08,0,True,32.0|319,963
1,963|8,-4.47704,1.07193e-08,8.18345e-08,0,True,32.0|319,963
1,963|11,-2.76539,-3.38892e-08,-5.13396e-08,0,True,22.0|319,963
1,963|12,-2.45584,4.123e-08,-3.04923e-08,0,True,22.0|319,963
1,963|1,-3.68625,-1.47771e-08,3.04528e-08,0,False,69.0|319,963
1,963|2,-2.87087,2.65219e-08,9.3226e-09,0,False,69.0|319,963
1,1260|8,-6.31431,1.82721e-08,-1.50183e-08,0,True,65.0|319,1260
1,1260|7,-6.67387,2.30542e-08,-4.89616e-08,0,True,65.0|319,1260
1,1260|6,-5.32344,-4.11201e-08,1.7099e-08,0,True,65.0|319,1260
1,1260|5,-4.85619,-4.94093e-08,8.31422e-09,0,True,65.0|319,1260
1,1260|11,-4.13803,2.68972e-08,1.25645e-08,0,True,28.0|319,1260
1,1260|12,-3.96118,1.64878e-08,-4.33526e-08,0,True,28.0|319,1260
1,1260|10,-3.60413,4.97105e-08,1.12525e-07,0,True,28.0|319,1260
1,1260|9,-3.23504,1.53187e-09,-8.53822e-09,0,True,28.0|319,1260
1,1260|4,-3.09813,3.84416e-08,-3.54311e-08,0,True,22.0|319,1260
1,1260|3,-2.77935,-1.65729e-08,1.15745e-07,0,True,22.0|319,1260
1,1260|1,1.75202,-3.14263e-08,-9.16188e-08,0,False,69.0|319,1260
1,1260|2,-0.0814852,-2.05844e-08,-8.46207e-08,0,False,69.0|319,1260
